"mrg","sse","sse_stack","sse_cps","ss","ss_stack","ss_cps","ar","ar_stack","ar_cps"
278.48108221076,5849.36365711852,229.619524127848,2154.93089626131,245.590256117177,325.817397883417,244.626068461599,NA,NA,NA
358.446203850532,320.72661419523,329.449061013567,378.002756871744,353.4297443685,360.828239426449,347.994836072985,NA,NA,NA
1027.02705403607,4268.19838134638,1043.50731048758,977.301933163237,1019.6019785305,1024.9108505771,1015.75333103971,NA,NA,NA
357.468589714864,1277.97514217761,492.729032334707,836.575552986119,358.903235758006,360.881199017218,366.634147503092,NA,NA,NA
295.572358311971,615.558509297338,455.91723271716,826.648367507366,304.248299015736,295.887333747305,300.724046221836,NA,NA,NA
414.465241657524,888.310717140792,477.116163774836,502.975887592632,413.443109540073,413.791545023753,413.324337661529,NA,NA,NA
358.244235442663,2401.45916980765,472.702283797086,947.451771367973,350.385063720455,358.099024487258,345.870275741484,NA,NA,NA
344.224198834375,2171.18070783633,381.512697851869,509.828110856011,344.382929076181,343.261412245512,342.913989690205,NA,NA,NA
300.152755687163,4092.53827157988,340.799056766864,503.73979712863,319.040680282103,311.675665204976,312.785864058434,NA,NA,NA
375.65130076305,1991.53316946203,430.394254586888,628.491641908854,374.350322285571,377.736449733721,371.714818792936,NA,NA,NA
300.856660687103,604.481794775267,416.088129747668,274.527796455078,302.903651868325,301.034769869222,308.841659003784,NA,NA,NA
324.586383330965,573.649019595017,362.96663693641,651.977021969171,327.025166932697,324.153072415725,322.929459860222,NA,NA,NA
318.14834785499,1565.32356154195,385.333400541549,527.826755859225,313.634268046486,315.257131590689,310.611978508324,NA,NA,NA
295.383067752285,422.550531634047,352.317988409501,239.016871646318,290.831320905797,279.514760592537,284.065563787305,NA,NA,NA
328.962719568331,2073.83305229418,393.965025465828,521.83061638342,332.403930910194,329.705851255988,331.132413178978,NA,NA,NA
