"mrg","sse","sse_stack","sse_cps","ss","ss_cps","ss_stack","ar","ar_stack","ar_cps"
358.781069056362,57.0327259244169,31.2138951812286,58.798663671168,55.4704515370494,31.213895181229,55.4328082094188,319.236538057008,355.988705791634,320.088718543241
43.9867782534734,47.2572897066924,43.0674545005153,37.6978592982633,231.667794347862,89.0386850128812,225.424935949747,11.8919591610385,51.9694049051608,12.7926998318247
252.497167809951,146.754675414944,161.874977688544,134.158566276562,269.698432536593,236.585591045504,262.727060277322,132.928923547679,169.332227627521,105.647694809259
62.6767279410542,18.7130697213801,111.47198974397,8.53743525787379,204.63549932173,186.085203934385,206.832041160189,240.214824699726,102.491017614853,241.57504906246
71.8564808619757,3.51214301217586,11.5019183323564,14.8423123471086,108.708384390711,57.854670949674,114.063906577735,62.1632148316868,148.827496833552,29.5702265803872
11.5388081334546,17.4331008349431,44.7901084989571,21.024218920433,17.2633752519148,38.7365901255623,18.3228123944658,9.78037759953655,51.8302574637756,6.63715376428849
101.692102405646,304.711557392411,88.4324673134922,282.309759246075,305.421072428063,88.4324673134913,286.775792493946,43.091986762463,365.371383527123,19.4048192722989
93.9517654476716,52.0736516161439,61.9837053972749,26.8374526256491,286.394299760755,22.2480513780043,292.252577777647,309.841484443841,27.8591345320065,337.099603193289
44.5539505604994,50.7189697711893,118.457578620339,34.8155521534625,51.0106183542807,46.8931085254324,53.8014378036252,45.7083071105176,40.0947446079056,66.0444291272398
210.705554316605,100.350717086219,69.8110570667334,88.5180569250543,172.247284253,149.564979924141,174.909103567435,154.471925558866,60.4222870409872,133.307303384836
19.3009467511577,85.9065574502038,34.7777484059722,84.982481188963,72.5687898156871,30.6093905465757,68.2803210704913,34.4890957487515,70.81041991517,30.7559257912898
71.7242573231266,105.457508059553,53.2948685343414,82.7549314264921,138.915169213706,111.934782888655,137.964868469289,196.618850306357,95.6547038062075,192.752278927101
176.037951848769,41.102622029484,7.50223434823178,10.4153126773375,175.235770490341,264.773944562002,143.897000584877,76.8392732868695,205.98480061762,87.4914266105009
223.285256371322,55.826612891679,20.5069737953377,78.6436779063495,379.617360532567,147.581276177213,387.232186055796,336.053639206885,161.15825041741,334.503993088681
339.000588148064,16.0687806424508,194.484806619615,88.9302893132344,24.0051959686681,194.484806619616,98.5661978184131,43.8970877633549,279.711586657257,56.2996509851996
146.090682391978,133.891820883326,103.062440544117,133.97700225965,113.597133022978,77.8355522936583,110.499946887877,106.515940003298,100.747502311934,95.4951825006538
131.824398929009,4.7918035051305,67.1631380336811,5.40557238888125,115.057719218327,98.6989924798484,114.708847738654,101.513025452473,132.528744959529,102.372630773275
141.66585474606,64.9471770256027,24.2255957231258,59.9201458115259,175.255222836071,254.130197794863,178.519802234756,162.855769427998,171.606297574863,149.394849087686
155.650145296245,12.8510079465279,86.3184305263681,8.25819280112048,152.004230797879,25.7865524418748,151.590157165466,152.965621430312,305.091962840906,145.884286302784
164.546907710794,91.7867140525823,393.371329717412,111.762903355933,89.3371060238508,393.371329717413,96.8438519273547,89.4566341785778,199.706892240489,106.959949498591
336.104298975589,171.784895304367,203.6540468015,170.083935104187,336.823157328308,329.56459404474,336.917778125523,342.697442736068,342.709524712827,342.798710174306
186.710867588146,152.743798569267,505.128209701563,211.407105234344,162.217867147755,505.128209701565,220.987159540034,370.476570647787,287.681350939235,383.033570475001
101.75487401236,79.5609880002658,127.481636722129,73.9714154972185,91.1077204610616,70.0797189050062,83.2106917131473,56.0596801251474,144.550962323977,52.4052127755966
35.9587771811803,7.99572307655759,20.3530031346782,14.3340001190602,29.8617801203689,32.7226091559464,15.2475066709041,33.405208628561,80.8161311717032,35.3504205742562
75.0939241636337,335.206559992939,145.931395557952,315.650262850351,354.359481710737,145.931395557953,335.923184367318,188.043803849078,83.228714224229,178.405130265606
20.0125860745562,57.7143365015313,23.8243911806362,50.7867646067492,292.566894827362,16.9636235381612,278.504380612242,23.0788742938875,17.3513830101684,16.7107332035913
606.234034822719,241.528680512971,214.672280407089,232.781723932774,214.894602030852,407.060188181759,225.696029226617,318.249465714406,608.190398730454,310.39030326099
408.92614850421,237.082573908233,251.147703623411,205.98951373116,319.805732681851,199.93755883677,303.822969125106,267.532505112206,175.896334237006,276.4165526682
548.872867126104,205.66565521143,325.299791888802,222.981344988782,545.870937902007,574.831511416994,545.876176879185,549.326806872427,576.928908794383,549.324968913713
202.558494592386,409.687762914288,264.084527989839,372.017107620085,263.339592807917,144.807110608049,255.84225700164,209.494750196385,51.3550928183597,209.6186484173
153.761083535818,97.2614231232259,46.2207998203909,102.009521394466,415.231501312529,175.263903498377,403.202285428473,208.439783650202,145.801028818172,217.66352889463
108.141339085354,12.8689429042396,69.3259776180135,17.4019564069839,35.0365989049943,126.031595137114,27.3978488305028,94.7002073351414,101.706079320071,93.3604851530304
252.929183218309,118.164866076703,315.864352365028,143.580982150121,196.157711463266,262.913565699257,184.980531410737,52.2995540030921,107.802880333993,35.6812582481777
10.4200166279479,78.3725943144775,17.5561455471599,97.9897813056033,76.3421307205201,17.5561455471606,94.3447586792498,141.620877123872,36.637064244564,134.061809527292
80.9578085898572,63.7843368562743,191.811983450761,35.3351062819115,64.1553409211269,191.811983450763,30.6830116148303,296.087756871331,279.958945268431,251.433218140456
280.294698452725,178.037793058057,243.628500881659,171.468089043863,178.117797848614,243.628500881659,171.290673221994,191.435762328957,210.052941355362,186.916164299743
51.1719859057906,184.020857706097,158.495013576313,194.102293420232,105.205601840083,17.8468760087463,107.193872015498,69.2413732535241,74.4397216583089,40.0493773332488
177.757222265408,304.487087141799,167.005235744495,324.914304745487,445.679236839854,37.5468603448521,432.309376671384,230.144574642535,71.565274168126,181.502173565738
293.334253074699,245.398960271956,86.3381951196455,242.720336583043,537.531171270208,36.5106629589923,524.769500210375,348.82003669458,184.400191377616,353.015350040448
444.491242925264,17.7182836088016,80.4406636159592,33.3876836802805,101.927500908197,212.544076906169,97.8307353753031,43.731779830739,46.5314218993618,94.9612068439054
565.144038331136,594.943181890624,265.991281567176,565.917385804909,564.697636673609,587.737358162381,564.950044670102,813.388130003285,698.107143171644,815.358651907255
162.275426676035,128.591450140319,36.1523139910076,124.781011675237,195.148076998527,126.625510320213,178.15881876138,42.7111776350372,21.2444358341466,17.9888515374399
119.246854751958,206.192807312465,186.547793290635,206.892842475303,230.146000903443,162.971895364494,229.046800740786,242.739274426494,224.605525454115,244.652634951604
135.22660036755,85.5496368328265,188.213884042138,37.3698728821717,47.9623905149121,30.2997839034914,37.3577758723371,59.4650799763742,194.769102623466,18.6522456474635
314.251039317407,22.7370660692393,32.5270942904195,32.3558009708531,312.545783866746,312.276592768257,312.735356042348,334.032510281522,203.830888753769,332.746885808243
29.043980679051,282.524347734555,69.493344661294,206.660749309538,201.031740083367,27.9773774081376,169.614843589662,237.562947539874,69.4933446612943,156.479710841328
199.93446985984,260.583243282831,240.102744869706,218.095564959605,309.766636427524,195.14588616375,298.434493821822,342.911833780646,326.322921167313,336.756683840641
888.005591147975,546.086757926383,383.491739495339,542.893049811029,889.307751243621,892.086746957023,889.332304768208,893.907088312874,897.862855558741,893.948115236714
233.926856169719,11.301585874524,65.7727570035676,2.86968531656282,146.790796803265,21.9954610080359,138.852497890632,114.69310782421,127.113842998343,126.259032404391
302.187742086494,146.864830778149,111.209359360176,117.571451075732,153.649171514644,111.209359360176,123.449248725573,156.123692939067,181.85918764146,144.167504639035
56.2139055341017,43.6376012514604,66.2977027486425,25.3380744142309,239.735542334449,49.8155141904748,239.936503634571,218.013592129975,152.854496272068,205.391363168553
58.0780857208687,5.6887314212865,60.5909371855062,5.09576327953434,232.261099907954,36.9918829796982,196.833927302962,4.87131447728823,65.8224661691594,4.72082462110945
136.969309889011,345.796040591343,153.688499957679,323.274046617098,337.616803083678,153.737847307024,318.847733827835,272.566419976403,126.578650130451,279.736212877019
16.8885571613211,112.654249000621,26.5334697059235,108.787754139111,47.9101049799913,144.435725826894,44.1520473067382,27.2322245395549,119.35666310301,25.6230873798044
228.558677479688,482.566189977499,161.544565450531,373.417510682065,496.509450855178,161.54456545053,380.842855272987,373.701702019801,145.890448065998,369.148720040558
16.6649937902927,55.1870717535492,100.355261618012,49.2887529597379,118.515891061394,168.934338836827,104.900510205422,98.3623825538176,74.7639302050198,70.2919517733732
254.396138446142,70.9351303013556,77.5799188275642,69.7628350127529,111.816761211186,66.5287374328856,100.769182356066,207.067480610631,89.0496869258167,209.604713344653
660.932088335872,519.333964505072,417.519799722999,507.529548886427,523.354590844999,417.519799722998,512.924152820974,435.644791512952,396.569160360858,424.387330975281
323.354055991186,115.933801292664,100.477530912636,114.618149539308,76.0262551825413,281.951249393876,89.9619253580795,32.2167972663739,306.02127059789,30.3483032045932
511.180121455224,181.348500898478,203.615254281959,196.048433066893,175.618536982682,490.165681787682,186.065441178827,207.15751616733,238.439313559215,202.675419728478
391.334937936413,660.620984343109,149.979804366879,653.268057634995,394.394916548313,389.236237479064,394.392899143686,529.522254281697,343.941650215718,509.465086887852
29.1781765605334,126.257100171763,190.704119000795,141.397179073355,141.851252459784,190.708367149937,152.035229508343,59.5083839644037,18.7956972060575,54.2262228025578
81.7488688363855,65.2788349429916,75.1564902350684,82.4801799550098,190.972650997509,84.4049368448254,214.310781625392,273.26100431302,184.243490955919,279.037441996297
197.66739306833,10.152004793712,136.299811308019,10.5367038554432,30.4907668981322,40.2589039760013,26.83639178113,78.6930068281985,116.675944271576,76.3478624567008
20.6484489347675,85.3174760232138,74.9940762259478,13.9522744450477,95.688655495299,99.5650339696867,72.5900996856576,27.6560100449135,202.415510214164,21.6004879212863
39.2331248182145,697.240009393093,414.980576232722,617.391003848497,586.575964937929,402.147135254142,573.762074438633,553.842994136472,325.252993541094,492.541102608266
443.419840727066,241.619652514573,319.47196461003,230.487913163318,454.695946764981,562.856306955999,459.082855598471,360.819207247981,553.863890263061,335.926692613139
31.813780879988,215.400714402509,55.5802012002272,201.768783267145,270.993147199976,96.3282215226618,259.723986143757,75.785609758473,40.4360763460419,29.9586328662597
193.192126908801,75.8955593161012,72.9686759256451,85.6465916754727,110.909756474945,11.8585125616929,102.266865054695,59.8066839547988,26.3970243955109,81.8278085748503
85.6845593052977,205.358434523421,135.97142119233,162.310139835588,195.994524992201,31.7872598576388,171.06238323222,98.585689763946,177.532821032542,99.7296252568539
134.922803682213,12.1477288742465,24.0142563202926,11.3932087002093,19.9931875168388,188.085462730104,24.6272741690362,79.2234246406439,228.288024357198,78.9835969189627
400.610183975132,317.447203548538,25.7092882301174,317.615884057224,456.219935157822,129.672323157239,443.654984895379,388.719346008523,361.475100354055,388.858883492303
168.617481060339,282.794923465621,122.163170728281,215.755188547456,282.297812170381,122.163170728282,212.715160146884,138.545705973062,62.9127322579707,62.1651568641384
61.8325508556673,17.3754836354065,12.8070128739619,22.5376222505649,36.4367056080373,45.258535713871,30.4475269113219,43.4859144520418,38.0642621429667,51.1762937666232
155.240841716627,25.5789313127937,44.1932131606042,30.7378853499104,214.603874003341,130.658909789233,215.565341084756,197.733962318956,155.318900622369,197.313580994792
176.240503437234,80.3245910136911,5.16068249605325,60.5561544779419,193.096233282026,112.933424146652,187.153726658223,241.474673245136,84.384757291056,253.523155401423
102.392806735292,56.7335437708724,38.5370260071971,49.77735393092,220.854707408565,64.9550282254622,225.573609957303,212.914904704512,146.814177674774,213.348395991294
216.96189149731,153.102324069337,154.421023278247,152.612384534521,206.066081245816,166.274798711084,197.480297751382,131.374683303792,141.208608826627,122.799041335547
242.216652175869,117.917565220479,102.662802847726,111.731069809758,180.260199685035,211.932644230118,179.841816812319,89.8306362230392,118.359698680399,60.4372445958563
28.2759267783092,95.9339825475427,114.408462088811,85.5533325751172,134.932040308994,20.9776108300689,114.097612473717,93.61780283723,120.768387525933,87.5699934299494
494.409352877612,334.451038494909,104.338067877224,329.20424161346,489.859497467482,527.148492101101,489.370894550526,622.207943678358,180.741143922831,637.668061009044
236.81223462901,195.460917002931,295.375317749861,196.267307528791,112.705545848069,188.431414340676,92.455640628328,67.3249747793441,348.47419190331,61.5579272749758
53.9445273996517,115.158227754844,38.5047767406792,116.169456734749,130.561509856127,38.5047767406804,129.037659376411,46.1626951570502,127.307146396086,30.8957766237247
236.311971731362,142.197207409754,255.908207353304,150.655469703525,18.6789187344984,800.81746425017,23.9952977374784,77.9079942018849,264.240352724333,83.7585668001045
115.977905901193,115.648868947239,11.5660407735853,100.618534548576,350.731278274689,50.0204265071536,350.388736682672,148.046260571172,115.527452140826,148.616646288359
83.1527828876669,143.002097936937,13.2576680172302,144.545945909495,189.240762243952,364.710585996862,188.120690446178,294.295462115502,331.165272088816,320.401547581177
379.482977655933,152.435686233902,143.325188919917,131.423158508946,174.229293467537,125.063675605594,154.105262287075,121.722313069882,110.556747563796,100.615981523694
355.198423529088,44.8685508963913,26.2838917263544,47.6695689546871,234.427334412483,151.378365803174,228.714050751437,217.11262975533,288.53070631,228.117899508982
163.059989660115,9.41965525675577,44.3605938303552,7.20794167014316,66.5141697065815,13.2181756814798,78.2541961016077,37.6448282917873,23.0121434046283,39.427594423225
279.524030141709,236.089922608094,98.4222619523404,199.523180775828,227.876736428393,98.422261952341,203.718421812666,161.777942883183,271.119356861779,100.926109587822
314.806160495525,313.37882116942,217.555751787779,292.156153236706,238.576013423313,424.965812134224,229.472255462212,253.884243621644,281.227812859977,235.119380888935
766.763009308951,107.933560445019,54.6249739844828,109.946556818818,198.649109588179,111.062953066315,177.110229538672,200.099110537027,487.538354993278,190.897911858892
262.884038817979,132.733826132597,101.65923733456,105.308359496109,188.194931617552,40.8057804620089,168.207521308348,235.434142613169,301.422926602413,225.295778372618
674.593050003775,68.261879584565,96.3434368732425,72.4083134313974,68.1118382138414,96.343436873243,70.2069464281545,84.8922777414575,74.6997303206504,88.040526875367
7.47245371330247,61.09912045269,53.3005889491976,51.5135205574549,86.1145739213914,56.8093820135217,77.1502378021782,170.270960616145,10.1602028998883,246.696060830874
43.0617174341038,129.302150806768,111.093613394276,139.615559954152,123.151201075541,111.093613394277,132.732534062055,135.960969019834,120.868765779564,131.704037185271
24.7656913764871,57.6345284540462,113.546161116732,40.8262217142907,203.143536438626,14.7519921858888,183.230475482323,308.976232345586,26.3793195205013,309.722497446548
394.571252578501,98.1583735731675,33.1168482664607,94.0706404328449,281.912850225221,323.600193479165,279.388972405194,306.602602067016,182.230738095349,316.100029267359
48.1528913937522,99.9075557025081,75.2529498483566,93.8040055357258,36.5076386720786,24.6244773241132,25.341304955804,35.7247027825432,71.8002318146742,15.0594554607719
199.760009035848,269.133567232948,256.680556915689,257.349953707172,263.588982414229,121.947704913403,259.592339032781,275.04106307512,236.853404453512,266.57296317293
