"mrg","sse","sse_stack","sse_cps","ss","ss_cps","ss_stack","ar","ar_stack","ar_cps"
1.38288351963933,1.32401104441646,1.36118068822808,1.18966007581937,1.3830634279801,1.37389955515584,1.3809810940444,1.37135107955386,1.37373213638983,1.35666388308604
1.40429478007374,1.31221048576024,1.33191435032516,1.12029500332375,1.36933124346005,1.33191435032515,1.12273449461231,1.11368452547727,1.31045712449065,1.034875485072
5.50858920262792,5.56914110270074,5.55339821698488,5.07793387739077,5.87648849644351,5.55339821698489,5.32512772362239,4.27753468478334,5.54705139466638,4.37319698086112
1.26923887936927,1.23940122009261,1.23084884053837,1.37885272138992,1.23332335263003,1.23084884053836,1.36704304088991,1.61006548761963,1.23103363003498,1.5859506150312
3.65619528973795,3.85244302625556,3.82361133820933,3.77825639168695,4.15577460713319,3.82361133820945,3.98002195747934,2.95117229924386,3.81938733744331,3.52394083914617
5.13763170689889,5.28870651693579,5.25760862475134,4.03249171195562,5.31476386842813,5.25760862475133,4.10000684867164,4.97601380305412,5.12616093661451,4.91833225353243
1.57056409031879,1.55526344243712,1.55336144160873,1.47601970130081,1.57165469135976,1.56772324861884,1.56753069287664,1.39027683696278,1.56459654581745,1.32541008436497
3.21308781405967,3.26387428307338,3.26412685902399,2.61919474464981,3.59168316740122,3.26412685902399,2.96260640820753,3.05269483046693,3.23925538717663,2.92919976718223
3.73619755636337,3.77588507769374,3.80147276981799,2.25300943129777,3.85568615489099,3.74574273945988,3.32088058118679,2.78509505948355,3.74823492454764,2.6261869145363
2.03435402864497,2.04772140642016,2.01835512772407,2.03895644936702,2.0216083326871,2.01835512772406,2.0742695987062,2.11691685427374,2.01401957875292,2.20663546286442
3.87962178122893,3.78265929174579,3.77951241212522,1.85151819588983,3.88903526017814,3.90230780858761,3.89227098333873,3.23270016641744,3.90230780858721,3.05981040778022
1.34944609007295,1.34003931664204,1.38684951873131,1.19076672127273,1.48424539870623,1.38684951873131,1.25789825271373,1.22780303896487,1.38956014898865,1.26239242844562
2.12000323789664,1.94227717146742,1.95151331862681,1.49714067783532,2.0382568374872,1.95151331862681,1.62550657019103,1.13646483183934,1.94880088125596,1.02554093170968
3.88210364873375,4.11829878463742,4.12843904622419,4.08458568268229,4.25028487376371,4.12843904622418,4.27652844363595,5.23763144035592,4.12791356762816,5.11320544901988
2.01501202758558,1.89261689665423,1.89309540353571,2.52647679944777,1.86321201972838,2.07842044081917,1.95390664416486,2.18930419616074,2.0784204408196,2.17788656324331
2.95934660497433,2.94953461722934,2.95977744113797,2.55294406534104,2.88794432582169,2.95977744113793,2.51112841960038,2.01701687905671,2.96217619636091,1.96227946299359
2.65446317987146,2.66633721297431,2.67581212938719,2.21291124491893,2.75085377504697,2.67581212938723,2.25625122544492,1.6791046991952,2.63133158058587,1.69000248189933
2.24090390739727,2.23394379271037,2.22154520772452,1.36475650438361,2.22976246382849,2.2355027258085,2.21801603881697,2.20472823925453,2.23550272580795,2.12674606569833
2.16340490777119,2.09009359214917,2.0561241562409,2.04523436795865,2.05900414646932,2.05612415624093,2.00332823285221,2.0985432318908,2.17149134495266,2.12358787207019
4.35712241767844,4.41497101751209,4.41286851891813,3.73417360346039,4.3711050530046,4.36383119941463,4.37155253117486,2.89020393465578,4.41419526963795,2.04397689413366
2.20843621610631,1.87882503566518,1.85564968361436,1.59817829445191,1.80871811262011,1.85564968361446,1.536507294126,1.07896375668819,1.84367003635825,1.04130210443406
2.27558550001284,2.20039264001412,2.20384673544394,1.60800117294489,2.30852531800643,2.31063897809403,2.31102192709678,2.2644507457727,2.28591404644386,2.25089671087907
1.32436656847163,1.37696180814301,1.32902485916594,1.25686054173728,1.31792639097618,1.32902485916593,1.21897504063123,1.14530740930065,1.33103463503283,1.10839593383359
9.27873581454311,9.39600479256876,9.35939849642093,7.13527144774523,9.23620607581195,9.26751243012454,8.59104377480837,6.27442250756192,9.26881807225836,5.58877432868999
2.31575216839331,2.33258444555869,2.31842336488338,2.18765610128519,2.3578944665342,2.31068592570132,2.33461217388671,2.13021823699291,2.31088067480376,2.10483847648908
2.68015298737508,2.62789801374028,2.64236543087881,1.93259538618264,2.60486814585677,2.64236543087883,1.90375089675249,1.23307964725726,2.70866111273875,1.07821008419857
1.72651487997461,1.95409016376954,1.94712257599538,1.55183918669625,1.9158463742555,1.94712257599537,1.50111917891759,1.73351124211379,1.95034893027495,1.20779339225973
3.27002131468315,3.42212509607262,3.39740959897181,2.81402314307645,3.41950111912729,3.3974095989718,2.82443861946392,2.10645258061183,3.40042384032755,1.75573198967557
4.61415859620372,4.78157459549625,4.74935901024872,5.30676401555706,4.58415062730247,4.59350840826032,4.58780146187234,4.58915275181425,4.59370449288033,4.60051934918988
2.84146808214829,2.84880247073787,2.84233838998978,2.75953533758484,2.88211483093247,2.84233838998971,2.76770495384912,2.84154431894436,2.85320595055511,2.84560737343969
2.96036414652488,2.83166229921315,2.94615659217081,3.42604693615645,2.76182001424115,2.9461565921708,3.37578693813615,2.43061615789109,2.93160456855564,2.32106717072182
4.13029182194461,4.14438117304089,4.16047772877183,2.95055586459455,3.96033483306099,4.16047772877183,2.82339978785359,1.9733910080785,4.15728969447541,1.24546770972397
3.66837792254059,3.82102433207714,3.78908904376174,3.72927018242585,3.6500126065403,3.64941450803567,3.65850179319137,3.33934676261759,3.64941450803501,3.08156754856022
3.20377739524842,3.29328064163952,3.27889052928537,2.29471260772966,3.24776504171013,3.27889052928531,2.25983355135929,2.14686936303257,3.28338721599393,1.31580174804362
2.3140938105994,2.52645901523715,2.45275133193981,1.81078271035302,2.56147913189019,2.4527513319398,1.8225888895753,1.96606019376502,2.28605842836155,1.91368984267658
4.8812350423616,4.94800064927269,4.94084684646284,5.02925008135697,4.91745992849893,4.88572425336081,5.07852340379553,4.82094639960175,4.88175521687024,4.74602180967895
3.15409979065808,3.27080764511423,3.26958699262304,2.16244772692542,3.30285265961308,3.26958699262305,2.29731311337152,3.19126968113234,3.14013807116166,3.1614591807519
2.34135625359902,1.90636756923375,1.96831229149562,1.56734052186091,2.30537993963998,2.38222363614871,2.30855958942074,2.2428392458805,2.36275411231007,2.21850244389425
2.60688617035274,2.7376651209505,2.69801986481708,2.37438702298316,2.86744370953455,2.69801986481708,2.53469952252819,2.18878667114782,2.59230375338107,1.79866236236267
2.0032369314422,2.03588828498934,2.02134330878047,1.90653588750293,2.00013330394161,1.99727496111903,1.99967356093016,2.21225070463246,1.99533060001718,2.09014323469233
2.54084624043456,2.55522014872217,2.54488295923888,1.86550127567294,2.5689996222636,2.54488295923891,1.89618339136105,1.80429386193996,2.53989839624132,1.39094451307085
5.02963860634371,5.13015359853783,5.06524104580805,3.85909858928193,4.99624457276544,4.94551183148141,4.99501213112222,4.454679224687,4.91728990969068,4.30748559986812
2.81734603612974,2.87917384958356,2.83514714091841,2.28878829489848,2.76355927108514,2.81671503553625,2.74255571002647,2.35981565248423,2.83477584048793,1.54355363181772
7.03029169617385,7.17351920352212,7.15902111783736,7.33309145615121,6.80525539921011,7.01652778034914,6.81710609923182,7.44209116300213,7.02374832330648,7.1488209735596
5.52864737668365,5.65279376133846,5.65619833637675,4.33021678848677,5.74493037180565,5.50530207667577,5.56655568895143,3.29927814879017,5.66995786965894,1.93383827142702
4.71088338209454,5.00457164857447,4.98772673693569,3.39949577093779,4.86715700665971,4.98772673693571,3.32488371880467,4.59341020487442,4.61515591168909,4.5031182194767
2.59626735183058,2.70641733879815,2.69007100672955,2.31365414020328,2.59857123396874,2.57890732180816,2.59830675916879,2.58320299541796,2.58118391566939,2.57743053419032
1.86581101314936,1.94079310108545,1.93253156761636,1.60003542659526,1.86493519218922,1.873552128291,1.85827210956369,1.86699210793022,1.8746565136092,1.86317342215159
5.62138116522758,5.79174171493436,5.76779131968409,4.55986136708051,5.61124493584127,5.76779131968412,4.27923964306793,2.1396192966002,5.74872115611278,1.90331854891567
5.819356721425,5.84404129827891,5.88772307705971,4.1748060673096,5.64895322767137,5.8877230770597,3.98087706569416,4.94511508882587,5.88443870048605,2.69672909245205
1.28554026782634,1.28146898273757,1.28835820910449,1.16248692472813,1.3038852298337,1.2883582091045,1.17600665604612,1.08466022618376,1.28838640986899,1.04457491185033
2.1300963848823,2.15729092247478,2.15908057931085,1.8948921044246,2.13134283534054,2.10075841725332,2.13231179987042,2.04839924621687,2.10152660741706,2.02715383315913
3.02636594151549,3.11503537143467,3.10129913617539,3.5257309103443,3.08847441578101,3.1012991361754,3.47490106724036,3.05636098281951,3.02292153194073,3.0527331660253
2.57982574378757,2.70894586945753,2.63510110710178,2.04363955526126,2.73929566098639,2.63510110710179,2.08958362681434,1.92933679522509,2.63061784821431,1.44966262950089
1.58797039487564,1.59809273496906,1.57762317448894,1.37457579256439,1.64486074830323,1.57762317448895,1.39232795283388,1.07778743069513,1.5418461736571,0.975130233581167
2.20639860007866,2.21540433214687,2.21468500867823,1.92350059302644,2.21645141949716,2.21468500867828,1.91519483329073,2.16350093360882,2.19032431972362,2.15528441995601
1.38364958809595,1.31241558680235,1.27447116407849,1.12179748206671,1.23401455044468,1.27447116407848,1.0911194885,1.32600332408642,1.27325686172442,1.04573454384903
1.98425674635879,1.85242904264174,1.89819963198212,1.24395934845502,2.02775545214503,1.99968473356596,1.957266768961,1.81413265244881,1.93933451553887,1.59201851356258
6.21053537781574,6.63480914983283,6.54645095980731,6.15627793445259,6.24150901742188,6.06919203694805,6.2089143453387,4.15427695595466,6.10606111614532,3.54355289014196
1.89015622555278,1.49516946549881,1.65168114226576,1.17055138367079,1.88874953893354,1.9006243554883,1.89281227694026,1.89516381963323,1.8960930274176,1.90182030602678
2.66185114714882,2.66301446771748,2.6673804596596,1.89917100913172,2.64621200710422,2.57385118836978,2.63737689694196,2.42515593679869,2.57385118836945,2.32716311480923
5.58759259601649,6.1018734223277,6.10764943599717,4.56096438294532,5.57869671713171,5.56152574950066,5.54966824851584,4.54492837053215,5.56121126796985,4.18736984415707
4.38176802817677,4.45478386374939,4.44567791141706,3.05728341161908,4.3524539060566,4.35880644537011,4.25246315380858,3.98501323714534,4.36016658550542,3.85624501982313
2.62832384491045,2.57782219120134,2.57877145794813,2.55979146262287,2.52983009766867,2.57877145794814,2.55659964862136,2.31436600224591,2.63016810034031,2.2345912689544
2.39012709226275,2.44200492792247,2.40345888823315,1.63265957511165,2.38878963711917,2.38449666129954,2.38846442444207,1.88926285024217,2.38450599304605,1.67425508562062
4.20222970214219,4.20159323950991,4.22853055440994,3.99418443553502,4.03557358460546,4.22853055440996,3.96458721462832,4.13711024856256,4.21007318585334,4.13708690828041
1.18678932821049,1.16539954400854,1.18431391166495,1.07789052518992,1.1522408551231,1.18431391166495,1.07492934698914,1.04436119847318,1.16140426984212,1.02160029167179
1.50400651699292,1.41644592559989,1.4444579305661,1.52516787986058,1.5144256285107,1.52094156055613,1.51467028419582,1.52855861746012,1.52072695353853,1.52458159271563
4.93424219148082,4.99749195586384,4.9152594064736,2.82424574057956,5.16762618785168,4.91525940647357,3.08909337412365,3.14225334301293,4.91406996190018,1.31473376050762
1.75077143904735,1.56297818347911,1.58931276299854,1.40092873258644,1.54076862241518,1.58931276299855,1.3582232654045,1.11790193555107,1.57444869197631,1.06166561355484
3.32023288072486,3.28031146752852,3.34591882490636,3.29919574659086,3.21735540280171,3.34591882490641,3.33617327681806,2.9202987968329,3.33666359932867,3.88532911337273
1.16578610527265,1.14080674735357,1.12273401258689,1.15253911667816,1.13061144356563,1.12273401258689,1.13445595909692,1.93636624885626,1.12582974407566,1.92155773411826
4.50474454405568,4.79519138026707,4.77177824865699,2.82282418133634,4.83054086550375,4.77177824865699,2.92650088356839,4.50195425574658,4.49875047288852,4.4564518922888
2.8473619596152,2.7202515985178,2.69424480800587,1.59706958289665,2.47496355069796,2.69424480800588,1.49494100378658,2.69562441971032,2.86140620843728,2.67347883794824
3.44801369549893,3.602619961111,3.59386133726696,3.72616575559019,3.60714229647813,3.59386133726694,3.81737901883772,3.41667725574343,3.37994243144746,3.41252345217186
1.22013889375359,1.13131585000714,1.14245785638982,1.3404340432683,1.12089691393208,1.14245785638976,1.3573739513121,1.20929203229533,1.23794632148872,1.22205107827254
2.36466297410135,2.17891438922807,2.16336462227132,1.94965489859571,2.44479474365304,2.49102322337203,2.50916775237959,2.56963127960601,2.45708775470523,2.46237594006082
3.39774726150057,3.27063527041617,3.28897596306626,4.81994473059987,3.38814299937472,3.4067246189621,3.4326252172249,3.69777835949865,3.40035990215381,3.74312658017393
3.91803063501272,4.09666674296168,4.03974287858999,3.65160056318896,3.91670409318768,3.91225510735959,3.92147380952484,3.75432547921509,3.90374762574711,3.6635353388534
1.11849166609321,1.07678869000713,1.07062729799156,1.06595768558189,1.08231303468151,1.07062729799156,1.05563654470365,1.06082928185237,1.07175042730927,1.0629078018972
4.69139778068491,4.73156613165533,4.71522610731224,3.37664189705764,4.65343251029926,4.71522610731222,3.3506092861253,3.12080109042409,4.6901848209844,2.48470471409498
6.88445566643023,7.58822564094279,7.53484057692314,4.19730398572525,7.46159464265451,7.53484057692312,4.05220368622218,4.2258137057341,6.82076902877818,3.22389888689528
2.88321183479347,2.77554634437183,2.76744084219619,2.9250913905579,2.87012679467452,2.91652033186305,2.86890174267305,3.1229075170435,2.90938615757819,3.18333003342729
2.3991044067047,2.15500984071296,2.13977074628361,1.82896558737907,2.12772883197192,2.13977074628365,1.81254422172512,1.93336600364219,2.14182280691406,2.13848305270068
1.1375324713219,1.12600449897312,1.15523088908975,1.06027469105912,1.12728083955623,1.15523088908974,1.06354085459579,1.31693845901571,1.12880395113676,1.07268745129306
1.63811576093697,1.6280487622534,1.62135105608808,2.09342661893721,1.51608363254019,1.62135105608806,2.08703115184384,1.92192767699213,1.62124888531927,1.65314769122191
3.12004173484976,3.10359693002497,3.11961960563801,3.17084430222136,3.04048223249395,3.119619605638,3.05046572192848,3.49434443185651,3.12522363722398,4.00975752578098
5.08060573435233,5.23389413737623,5.15891363649597,3.87566184345749,5.19824684974161,5.21348250220142,4.69551284898567,3.35634729965973,5.16091915815531,1.9769476239442
5.03329553925714,4.98005454602484,4.98944379583781,3.61291442895088,4.78449271771241,5.07200850805024,4.15112387847448,4.74545153650732,5.07009451160777,4.52276060792302
2.36585025777617,2.40150125572922,2.38225068570785,1.25248009124589,2.37814987869173,2.38231886763444,2.20946501798129,2.20823523974376,2.3661467702296,2.19561856663119
3.13081868988724,3.12380122942145,3.0523372663944,2.68338859670506,3.13223581561273,3.07279330868897,3.13539751262459,3.13785466155975,3.07271737238405,3.0800698413036
3.88836542152925,3.90902545707189,3.90903407377174,2.13688387123051,3.94333755679122,3.90903407377173,2.24649843599474,2.99901812090305,3.89517857165495,2.61282966785524
1.29196023776636,1.07104692570495,1.09120964096359,1.08687512389435,1.17840213382382,1.0912096409636,1.161913208086,1.06730034739247,1.07336881976493,1.05511341425913
4.01677238314472,4.2679977498717,4.28156174586855,3.26329098521215,4.03646463888218,3.98565199371949,4.01578515960056,3.64694567052549,3.99413984104254,3.41223986242329
3.51289921829845,3.50498806073085,3.49541421651215,2.74964384212704,3.65119899362079,3.49541421651217,2.90984525451487,1.69534021812397,3.49350156376899,1.28175296631885
2.88232351985321,2.89506281245217,2.87969842758368,2.44908667274475,3.0754926773957,2.87969842758384,2.58372536465127,2.13154875230968,2.88462694245346,1.50811899863807
1.11265209924677,1.14303805554382,1.09146173810574,1.12496540379489,1.12725186154646,1.13050101378691,1.12820643379249,1.15992830456209,1.13050101378689,1.17437077809531
1.10085870380781,1.09086172323114,1.09722356970573,1.10134031821664,1.09568928041957,1.09722356970573,1.10493715615949,1.30143954109961,1.09922540619629,1.38277052231976
5.37398400426303,5.72669574741354,5.6287684539655,2.45382220121056,5.60355523414689,5.34896408374634,3.83214075328142,4.98723006346331,5.34868095232448,4.90263131468245
4.22947410575877,4.3008542122194,4.31212269282218,3.87836723132858,4.11763594689243,4.3121226928222,3.66612846319674,3.5723835852305,4.31167613557144,3.56142124508659
