"mrg","sse","sse_stack","sse_cps","ss","ss_cps","ss_stack","ar","ar_stack","ar_cps"
3.13032310740316,1.65478904976338,3.40998671777139,1.60490356420407,4.23033535623184,3.83516217482008,4.21164493223891,6.74273402880677,3.41985223186172,6.6487886682028
9.26231862763279,4.8809350857945,3.56562179239314,4.14915169286902,24.6293807903898,8.19808317684995,24.1938023905583,18.944790314646,12.2623082995332,18.1904387621291
16.267615142441,10.1175244592485,9.65882427784664,9.45686508746032,18.2989828095289,18.4116751790562,18.1485582030424,17.3156399441573,12.362105754071,18.3691361462859
5.46811581613029,9.76675351791527,2.40476600297447,7.77806866934517,17.1262169327682,8.34919658254132,13.2149548211349,24.5849912522226,11.5048543355838,24.48162671111
1.4788936879974,1.5713240450978,1.13184774003598,1.93263919583386,9.57805433253774,1.30242309541898,9.23299702913817,11.662479609916,1.20009685413446,12.7212479093816
4.47485072950023,5.64980253489768,3.61022153010781,5.03816338554435,11.8300167385424,1.58820156186449,11.0260366216171,11.2619406225738,3.52013229686461,10.6823115356833
4.42230080641127,9.91404289595452,1.41157820918515,8.78405365689833,21.3908738768038,4.34635183741318,20.1265048428276,4.80417472283289,10.1216968669243,4.31395377202245
8.07947603819044,6.27871726621782,3.41300038962805,5.41270607110279,13.798972192299,7.72326578109074,14.1654832900819,8.19940003330773,5.2704696410128,8.35173532814719
3.19031649719922,4.4407569798769,4.45781978538128,3.33502256550892,2.41050266873495,5.34210051314282,2.47241693582282,2.59322455608243,4.96154244312577,2.58960164928613
6.61471059985601,8.25589029602449,7.18032870671414,6.84938542118513,11.2543324270647,2.99548992179797,11.6165194752236,12.4063459041124,12.0376312694061,10.8975071950741
2.01156372341844,4.89664033475259,4.28400404896278,4.15549938039815,3.01563253841074,3.91308523685122,2.80350138967493,2.13860159686605,2.28303248921816,2.15512481632005
7.05813131017058,4.31451800440422,2.33978552761177,1.97082455602198,3.94622488221563,6.51789736541958,4.11488715362366,2.09486998588913,9.63956637617107,3.17566367579227
7.78934953602226,2.49955561050426,5.09925844542169,3.11853286796475,4.13580843723987,6.77574276459127,3.10470378780297,15.7978220421522,1.64913035400624,20.6827967972977
11.8805687135382,15.3583169884461,8.94986252731685,14.6165598553114,14.9368245322252,8.94986252731691,14.2792114269579,14.4101889386293,10.759975133972,13.4711888208693
12.5225344105409,3.36662512883989,6.28762186071878,5.9841074749923,5.34916287891047,8.20275901461949,6.92528984267848,3.81108209557281,9.24194674259276,6.59097822608147
4.41259801855916,9.74350981476821,5.69425242803165,8.71332014135936,19.1427044487201,3.56735277499956,18.2758938134484,6.0401710505499,4.55002631119293,6.2591791071292
8.50852808312096,2.94799379117327,1.262163543533,2.48039591416775,11.5213327604147,1.61257356860272,12.4584257390782,21.0482807405439,3.9338221673598,22.4717309457398
11.7057113765759,6.39249083374761,3.70417143670371,7.00855592285904,22.001263641848,4.07545721730238,23.2584039217775,29.9365164790895,16.1015554462669,30.4460878169079
2.71937298034642,3.03820211047935,5.94329875570009,3.08076745409323,5.62601649666793,1.27041833137591,5.30608481930119,3.64458291684437,2.32536876153565,3.10306198282909
20.7872039685241,7.85981879916144,7.30990081063189,8.69771949834992,17.178543337903,12.6098850237957,17.6252073288544,14.4507943717097,8.92051880672542,13.6029391173982
10.5476015853702,6.66156156262332,3.51702274135134,4.95155033896276,20.8150703337204,2.44336445243056,20.2178048352843,19.6397002990958,2.0648337419203,20.6571496396093
13.1770561263517,7.73800299084081,7.82461117728745,7.068734050825,20.1647604455272,14.6148565238414,21.1687408904854,22.113548195312,17.9583388230621,22.7687075049723
6.56519525013027,9.35894714325097,11.2936923644415,9.10739873914185,3.15166508898247,9.41099819661924,3.37746420308861,3.65475076280813,7.83452811537684,3.74175942309671
7.70806180290828,1.69886790412108,2.19497951484193,1.60845313550266,3.14720385932584,3.6696557491867,3.39395762801828,9.05619101663423,15.673792724278,9.09255965283728
15.6071894182324,1.67866482065948,8.85994513113267,1.80433661468142,9.97777463332329,14.3578604292754,10.0207282000188,8.61401626642285,22.031034944281,8.24520572654032
2.01104785522877,2.4877292964659,5.50454788807757,2.87559739216702,2.18391664355539,5.50454788807751,2.57429971115399,3.15458154710748,5.76403931506959,3.78268035784971
14.463159954995,7.8190204152465,12.7608564999492,6.70765222123295,24.2490228851541,14.2409223584969,25.2006416100116,25.2870405230471,14.5277071626986,25.6118309369221
17.8708838068983,4.68821281935386,1.70610380706305,3.28771072928505,7.68891963349405,3.52048918196176,4.2801382747357,4.16518665787449,3.78073009732197,4.08086823542567
17.5971203889883,4.14834837280224,12.4936891695097,5.72337145113659,17.210213204265,19.9544513600587,17.2088392886385,17.279774790419,19.8561653433386,17.2782711884524
4.72621922373527,7.79713599902073,5.83246678801755,7.3900579946348,18.523292642838,8.05634005636656,18.1343143159128,5.40565926770569,2.50577986639819,5.4341574928242
4.37392952538931,2.86209313359312,1.49174618656766,2.88260813803105,9.72205731956729,4.45147917691643,9.42330847854517,5.5942553212176,5.49404021743303,4.85469398442429
6.46305375476295,2.08324013253635,1.47140316399066,2.11705740668503,4.16837260382701,3.54035168126379,4.5018809990263,5.09996150534656,6.39159140121995,4.97736108026469
2.22724184199161,1.99865212622332,7.30595440604087,1.83019983632377,22.7621013577638,6.86831103248661,22.7700218715641,11.2578154621569,4.18546118388119,11.1526080559423
4.82421754501317,20.3951766791993,3.25623451898299,16.9461205228174,35.0222466833809,2.49585494212219,35.7534313426374,49.3499041500467,19.1899563665035,50.8093198106721
7.59877063028196,9.83523684842688,8.30531131579683,7.44348642129654,24.5284316262011,1.97447193523104,24.0862840564128,19.1812813971091,7.13947729733869,15.6268635457506
11.7592170260012,9.54531377918188,12.1577073780601,9.58350468856193,11.5229909137322,10.1955270479406,11.0602144268433,8.57503594715069,12.6875748114012,7.02837187811512
7.80595894056868,4.25533591664782,6.7235829150771,5.34637572026962,4.01857079077675,1.66726782149058,3.89270148892862,6.11638483434356,4.04007585465406,6.22359901209003
8.01546441636346,2.99317383696183,3.96170848310315,1.71490279340613,3.75474957432507,1.70230869981869,3.93873869764742,5.58155920137385,6.75103364373308,7.30943250955351
5.06148730546674,3.39076565160697,1.71673989697327,3.56419871596287,4.16302447639501,3.69773508961119,3.44668717392306,4.49228230422624,5.30668591762744,4.38749970353175
15.2326206812585,6.0488431736173,1.74065672789842,4.5351528827314,10.4507715666282,12.2322860957237,10.1570237904335,12.1320384714186,1.40355673256961,11.716560197573
11.9878224285796,11.5071108836035,3.64438778261184,10.7029077102616,17.6212222202207,12.2146566946319,17.4550243697325,16.818878165567,12.8916433339036,16.7074633457211
4.67206712897394,9.39606239391293,3.33688512456522,8.30239985825937,11.4099172043616,5.07685295361735,11.0643245466676,6.63843236826692,6.26865225794198,5.84819844239657
4.58005969141088,7.37701961265841,7.30199599061677,7.65379457708684,8.89110596316672,5.49153073231119,8.70207722447542,8.09706348794804,5.88350375434771,8.01928013224777
18.219564367018,3.91773072274503,5.3331655648921,3.30219480069048,3.90057081019886,14.4611911713556,3.70718794323088,4.0044688333289,14.7185689837357,4.22326232878635
4.95057764732675,6.84611292080519,1.53012986131491,6.96537845021025,11.7542103923757,3.15277207558818,11.1339351369105,15.0246923840242,4.08671553407992,16.3810989128414
5.92656072064216,1.71032602693942,1.67769617495542,2.63574659325418,8.29516715015166,8.70785611445646,7.25626797467811,3.65392192409424,5.41640788379758,2.99395235219929
12.7267618933746,16.1313357872287,17.2369048146544,16.4435772738743,32.4248966836247,12.3740137366009,31.9819127002909,25.1070805378223,11.4233307657913,25.1564333593954
40.0067765274466,11.0334427069792,14.157134367393,10.2784702385467,39.3708919163754,35.528964266813,39.3693431602062,39.483160135633,37.0174739326146,39.4819785518796
1.88362122966628,1.90725595316973,2.80857337555611,2.78362655091296,18.5199972657411,1.37346593182487,18.3081178953085,13.0893764887531,3.0937795525854,13.3920595051092
11.2725912183,1.77715665712758,2.44596719218467,1.56927192616054,5.3916468732938,1.9147535017518,5.75240233316194,7.78532465119909,9.39424527351796,7.77193791224471
3.68392585656196,4.24306815468117,2.39665268387412,2.85867110718662,10.5674079266391,5.76316952520678,9.43378035409081,4.68187291886231,1.29546282831729,3.54243910461711
3.1709303421994,2.03484681977036,2.64581095347798,1.32310924530663,10.7507637419135,2.96291105850547,9.80930923083117,1.26556469909751,2.42902193527734,1.40060562723953
1.57366958253241,4.03308472951242,1.27589716234263,3.92943187239511,11.1827182882269,4.21527526823142,10.9335000871371,4.47640736547023,2.50152908348763,4.15497294533853
5.95465706699642,1.67418238961258,1.4033374800367,1.80726977814859,2.21460426258542,2.32773508969679,2.21482151237545,2.2855069697241,1.80499210065393,2.23311696298304
4.82631367763584,14.4786609185585,2.28212415110652,11.77885217612,17.3350025899741,6.39357542570793,16.827695228052,18.2974233291528,3.08710117166404,18.0722844250177
2.49722283074024,5.75775060718868,10.5855724427439,5.42683459599909,3.21976143653867,6.9219780041977,3.33832773979422,6.84959315535213,14.8158913554702,7.55176228221193
2.54117631049198,3.90448013069635,2.74167635316565,3.36054092298919,14.568820108167,2.67276502669088,14.5446262239725,39.2140363276927,4.20309071031713,44.4811962844204
32.6379501516323,10.4558214519715,11.4698841243253,10.3084182802819,31.855277113255,22.3744116287673,31.4883987339271,33.4887511337211,22.063111696243,33.5170165890871
15.0600954753787,7.96491614365856,8.74047034149258,8.00766695592316,1.61225495201884,5.707532748821,1.70351519281717,5.26947077552811,15.1824988402259,6.32757383902521
25.6963464992354,13.8487004863931,16.1002576512111,14.3555034186955,13.1543688959426,18.8773016909414,13.5304645140686,12.5478932360577,16.4937954757807,12.5683018573268
8.32795908683042,12.3429866972278,10.6760074509949,12.3494863329968,20.5236190676237,7.99165676939871,19.7736483598537,17.5971967856708,15.7234074944715,17.1357183753123
2.77112405234901,2.57419234611447,2.08942024875112,3.05354045435931,3.16553848032557,1.16241932569392,3.12047425094172,2.32846682766327,3.40293293577479,2.22079756626906
9.98605221774856,6.19784769486544,6.72260656531957,7.64230071982836,21.3087264988606,9.82588764835619,21.0817848281757,19.8243493002413,14.1174332141579,19.0629865239909
5.62399255805674,1.22660827176143,2.61615721491229,1.19566804169222,2.55270444305116,3.5879145629414,2.57439455190572,2.56322035298646,4.60990364063611,2.1696771594444
8.24766534115915,1.55711351514984,6.59384021792721,2.3151135224908,11.0615501171687,1.53307475930705,10.1364443784802,7.70157799713116,3.88265717402058,6.36483314095917
2.16592180011038,10.3268651166877,8.41352653680799,10.0135171956713,24.115467163108,10.8404135928666,23.6069446127655,25.1094953299326,10.9608880893355,26.0060657841863
6.44932965562321,8.18442306051317,9.49121057940919,8.81332036814536,10.7727770939148,20.5999708625053,6.21315174832722,58.2597540637922,9.25416237569848,65.797700764605
4.1834595176573,13.688141526863,5.80915906457787,13.836270940578,45.1729868789103,2.54803166629235,43.7462047672116,18.2007555594748,4.00145932890114,12.662377608605
7.13351249682532,3.4879919624848,2.13934929029746,2.35889790774945,12.3430038092007,2.51277952439257,10.7473417668112,11.0927584367565,2.82245829525034,6.25206756787038
2.41133334430842,3.76608481114147,3.30614000938611,4.29412268414958,2.9968091639033,1.51058457401552,2.86671076170203,1.56613825405292,1.67421265143189,1.70737929883645
2.07181042977165,1.4529091029585,2.98397249012472,1.55323684120085,2.35028048845382,3.08366570669355,1.87497132835744,3.64143045262815,7.35166803390539,3.38381828439139
17.8507836759803,9.0303175600646,1.8733093732766,8.97909118295063,23.8021354616786,3.45693639363596,23.2670514423247,15.8919122430691,2.42705857852836,13.6216792693671
12.1984458232823,8.65607975620813,6.6321653732209,5.45501284100919,27.9206709800911,1.67930560939324,23.2790613566423,18.0474372507256,1.91248084011631,15.9983594218899
2.02447197100591,2.01383843572049,2.67988818563515,2.00280585711413,2.89375217708115,1.32253856720197,2.56945736042634,1.85470866580236,2.2513117579703,1.87765272681309
13.5184554712741,2.86424148945528,2.38292275899019,2.57263554737343,10.2194982348689,5.84947266909552,10.376124806452,17.4107970152652,13.6003523392882,17.7519350678214
19.2753493353337,14.1929948521486,9.86123239159476,14.0396678766452,21.0403829897773,19.4391514293175,21.1278651679975,20.823531200989,13.5760821105509,21.3886757883091
2.35097263597779,1.61227807855223,1.11567206919373,1.78205279757637,12.6143356525528,1.65086144790204,11.8354361401099,7.76630165811106,3.88602289075658,6.8291169976194
13.0953082611054,9.09549565166396,9.49724320053294,9.48452624590461,9.31767303157564,7.4601102201171,9.25812774163621,9.68089789037917,9.67382261625885,9.29734586986567
9.24120660510061,10.8915496154145,6.71294248266296,9.88619219756744,11.6286724418927,5.2983310442957,11.712902652372,9.19726759992793,6.51926325517699,8.32344594231177
4.65496847958678,3.02807811936136,3.54738213607254,2.58003122387144,13.49572709162,3.6807737573219,12.9191944089196,4.42959316230703,5.32565352599445,3.81524099671437
7.37491921328001,33.5588388158507,5.96814290910252,31.3089408178586,21.1043431386849,6.06357872660719,20.7818794186109,16.3022947027997,8.55697995767717,16.6260615643565
9.80443028896638,5.4728121101483,12.988781268545,3.8536598020047,10.3032341616559,14.3636841987702,8.73963998708549,4.20917865788696,13.3428919946933,2.03939193020935
18.5349511243197,6.28062753627906,10.8264257376945,6.62599523180411,15.2521865868063,17.3519915153052,15.4275073984696,18.7795381810868,13.8174689088531,18.6580104079385
6.3737679715167,5.45212076487118,8.13925684156352,5.18001167981128,9.44727765404502,5.63037519321426,9.64654296724276,9.31247487594689,3.44701693133638,9.59851568977533
11.477472020988,11.4529217823899,1.53420390211271,10.6542008157059,22.7610976574882,6.02797442271546,20.7480419565523,13.1713949243952,1.92892978407044,12.6316762192353
14.2623848939286,14.5677725349687,6.38185158338876,14.6727029342103,21.4989806663848,18.5234090282348,21.0770531393127,28.365384452304,13.7221335756581,30.3875329639179
12.5637040502326,5.85040723108171,6.41926188886614,5.67693836778331,4.05760358721683,7.46772537466679,3.82466094693542,5.09828910081993,3.5119003664372,6.50121964271347
25.5805879264304,11.7997111198179,8.21721410162671,12.3010706078891,26.5174232010685,13.544766756754,24.7056872419462,20.1023991697349,12.3427556093933,19.7391921701725
2.41878912627803,4.05453471447107,3.66780538816169,3.55607044784592,2.86230320200895,3.14393039587185,2.8084252988149,2.28315468178116,3.25378040501881,2.28964872120711
14.3469071312479,12.9135669009268,3.91951851653907,12.1293593002252,21.4538596565069,7.31623584747549,14.7465734494047,4.02353886200294,8.63273079453053,3.4432444883428
2.53256225516596,8.85361365170587,2.69911322933642,8.51287774518682,25.4976623611604,2.4178949546094,25.2019271672117,8.98365080486383,3.21512119660674,8.69332905658611
10.7639706285373,5.18370850007096,3.44944667230556,5.32888663704252,2.96973743279061,8.29120514480572,2.83321637146186,2.96542294869001,9.45688993652829,3.20375270751598
6.27730055602734,3.97509064055221,4.58085423930402,4.01464334780069,3.20779482628351,2.68436757373553,4.21094447803809,11.4709976940543,5.11753293069722,12.7405687319991
27.040802168512,9.98993200177693,7.71089672968859,9.70739427574312,9.75047873507523,7.71089672968836,9.3527334921832,9.15024262205536,7.01879986655578,9.11167761387661
8.76272145532001,9.69339675840994,8.7105565613508,9.09632284135937,4.20259602451865,7.3647746104213,4.22414043130448,7.64245176033585,5.75835096653188,8.64172792502526
11.1063950219623,9.06615930314998,7.89025495301762,9.32321312272285,7.68195284895525,11.2910494549466,7.45046048109796,6.08080902689881,11.4339202420756,5.80897688103076
7.8485654984686,4.74294296623078,11.3374576117222,3.34912954409936,22.1908612158146,4.04617810919153,19.3337693152762,10.9321462641093,7.26002751114264,9.41096679653281
16.2602700359157,9.74062801329704,6.5292015314296,8.50851539544128,23.8815537011548,7.03362610289368,23.0986481722335,20.9834781514544,16.0378381496448,20.902531947091
5.46099209395244,9.98563256551388,3.3188512194699,9.57509001799435,11.9071386363988,1.39948230097058,11.1413377509614,5.84833559572264,4.56901499793048,5.69823422001407
3.18871428630233,4.62369156233677,4.5284361014611,4.16633120157855,12.645728168282,5.02462336007453,14.6480896630491,29.1260995248346,8.13617219754351,31.6547027786737
