"mrg","sse","sse_stack","sse_cps","ss","ss_cps","ss_stack","ar","ar_stack","ar_cps"
19.8484674952858,12.9621514377343,24.9860590799514,14.3127923980809,12.5835047707413,24.9860590799514,14.086897804176,23.2620767190786,22.0803358981836,23.4274347396954
13.2315646259582,16.9445635054192,16.5192503929299,14.6229157219397,44.3291921088131,11.6948885839467,42.9868049893613,18.7298881458757,11.3885680285889,18.7826650624773
46.1660951653296,32.672468081363,37.4076435496717,31.6814758992557,41.7814841174465,43.5332621064199,41.30051938321,32.637920507398,42.827411361855,30.3184055388242
9.99780986824421,7.44276837874043,11.3215267323849,4.59626738358231,17.0896270201227,19.5674010805886,12.633896377197,7.03733831036562,16.2577266258695,6.21911388814712
7.85921223608701,4.79092518257597,4.64224894758922,2.01253692566487,3.2990226712674,9.01572996244754,5.32819224785816,13.1333461523434,6.41705033054885,13.0812041039402
7.74311853767505,24.7918023435452,12.7653703876124,22.5338767672389,30.4010218886668,4.57417159500593,28.9445811033862,16.2669527576558,4.39523219182845,16.6256817847872
17.8212556355347,57.264867897515,26.0225510447101,52.3037641081003,57.5099211940645,26.0225510447102,53.0640363737152,9.40591449213508,20.1794242423233,9.39328112426667
8.04483520322236,25.6135839379584,15.379579384644,20.364913646661,26.3919981565719,8.26184993814561,25.2061639484384,12.8506729248512,10.6308211583741,12.3092342453031
9.09644091269769,21.0412697896768,23.6017250281725,16.7526272283054,15.1995650869729,26.9696622813391,15.053048444728,19.0797977771203,24.9386734800536,19.4641625286632
18.1816622885601,44.0629869871159,39.4259910244199,36.3444070362258,41.5003146559156,11.1710126568626,42.7857884847049,22.3922553661583,39.4259910244206,22.1269190844361
6.97857571644758,25.1079972024483,23.2868878329914,22.0627166654919,24.1170714907866,23.6140448170686,22.8465618034105,21.9592025772487,27.6381673612704,16.6842811672072
18.2164329694612,7.89425347801296,9.20605038264391,2.86569609631375,5.38881836461507,25.3604819044193,5.19064508911163,2.7440088008016,9.71585982428243,11.2333551767488
19.9543804855545,6.0079358057095,5.94150237435194,5.32533077649614,4.80123651902634,12.9509868934264,4.55145197310339,16.7174308986171,14.5203501363753,20.45038081435
22.7836368908205,30.7701374384811,24.4815501792514,35.7127105815208,23.7526356410069,23.3150545339817,23.841932581233,29.0285060593433,27.5104756508454,29.8824878868709
58.6807702047706,11.9929237877108,34.049944130317,24.7094877753548,14.3064844362514,61.8314456925972,14.8794579299536,60.4358749865492,37.3729776412068,67.803508023966
54.478257351893,28.3204120065113,28.8480138828287,28.2668049378735,53.4373534049779,55.9249946070954,53.4361069432321,40.048284880689,53.5983757961057,39.9332069038209
27.1958731660218,4.42314326636472,10.2379553753536,3.61855507480306,13.864178389038,5.01159835100665,13.8912585421645,12.2759151107345,4.65958915526953,12.434312101579
29.6501008617065,5.93479166733741,10.8579506132696,7.03738982347891,6.13764501676573,10.8579506132694,7.31383486695135,10.2303254694096,11.4088513969232,13.2878592830656
63.2709681928179,24.9185546873018,31.8443849836364,25.5035595052277,20.759366415987,30.2114785510631,21.6816939150297,36.8584540718488,28.284509300449,39.6325814140943
52.9739362143696,41.03031980894,93.3430330746422,45.4502046862102,39.9017427396273,93.3430330746423,41.7688857609889,51.7626796467586,45.9393694466127,52.8242851934619
56.025980432143,37.9154181472475,34.7777554644132,37.4773455794294,42.7397913273758,56.1763075745478,42.8408739778127,9.16429340222957,12.0854623263149,9.99722948668012
55.0759487983152,47.0938717298782,69.1896928994331,50.2153683814405,62.5611149381518,70.4117111064026,65.7170151594721,52.3055678354816,52.6727114475547,52.6060787250966
27.3454939685317,41.4616613156151,46.7385882084799,37.8772275928542,35.826681589664,29.3479873385087,36.1903365689756,35.7323450285781,44.0126142123888,33.240450519757
9.98468615682972,4.7268328692889,3.71047032385998,4.06601238899057,7.73074831741711,4.70807591316912,6.60679973465515,8.84666658031185,5.20472332966006,9.30153035239663
68.5649295981667,6.84661400840584,55.0891437998934,6.5636133961981,25.3622693655957,61.1467251468616,25.3243075684121,15.8622669150478,61.9794989162754,15.4974632261101
11.0903212425008,3.64718901094505,19.5250990312879,4.72475592383791,14.7439358378987,16.9479488514244,14.0583867822615,3.64954998747747,19.7152119459102,3.97517809449291
24.5923575146036,40.9364467193371,50.5989998506896,38.1254147701081,42.3412689298059,49.5457700626772,44.9832844314473,31.449377487922,50.5989998506893,27.7776468092901
42.1340488881926,23.9520988623553,24.0448311268907,22.8936309269134,26.1273470731413,37.5315978935516,22.974569184939,20.3705561973791,40.0856789333512,20.8878794199285
91.8276398222853,42.2547056284323,61.2672670298144,47.5022081607761,61.8081545192319,86.4850606539704,61.9701929292977,84.5582398968416,92.1883016669234,84.4720575865984
39.4136226019645,89.019823985897,62.2797103472509,83.6983004217544,57.6081719566445,38.3407787809919,56.2165476457427,46.7941413686401,51.97940766372,38.4904163000396
17.2792101296234,7.72574872394907,5.66818421060139,8.64374607444222,9.32615098854479,9.25066985668827,9.48754072687343,9.3733435445884,13.7318154386041,7.65399697033611
6.37511306912196,12.441359219638,4.15278911788446,13.0485753279573,11.6147234799667,7.49855752538645,9.7617371266399,11.5046022762863,8.23296837738685,11.9159597735925
47.7162998615011,27.2398366212538,56.394684119714,29.4689792564552,10.7010752325635,52.7724630266361,11.306278053439,23.0499255519064,42.7220779620293,22.7892489135657
24.4845496467113,69.3699816755211,9.11099564931653,54.3469327276106,39.8122962802532,43.4298776668048,40.9500944691962,54.9912144643621,8.77249001830177,44.4900839307884
14.4163656531029,4.13265483980513,44.2659500491149,3.60144739069666,3.58217275338565,15.6054397649739,3.48038345086193,18.5982431637828,43.0214837275741,28.112259012657
47.8670575975432,41.7382724806099,54.0436261968483,41.9483299356102,41.7952359322001,54.0436261968483,42.0697238719011,41.1134513785722,36.0752025603927,39.5266899669445
7.64547458757547,32.5879645523072,36.3936143918343,36.8581714212452,28.3540006518372,22.31557649608,29.284427390373,36.6236524017247,40.6547192239077,39.0125438749681
24.5759988343844,23.5872979264707,20.5570267320217,18.2799691606836,16.6709605633905,4.1445437202166,12.8336871410888,12.0522107485514,9.62420325539691,7.93681707348752
52.0679064666897,19.174019005835,38.5860241692623,18.9658022261804,51.2446611656676,24.9978375597398,48.0657421857104,33.8793719714828,9.12349671028613,35.3635642669613
71.9873723088748,7.91264502837973,3.83396494910321,5.44350287546656,16.7044347138228,37.8118749120455,16.59764099046,7.71683338397286,2.98213715621641,6.0732086372746
61.0836865647964,25.8816715029113,9.36462506426375,24.3358895509143,35.3748753533059,36.8389888643401,34.5941949926337,33.3715618896231,47.3660940746634,33.3327069606292
18.6694693093593,39.2122322673404,21.3892465622355,37.9926430516543,32.8195132029896,27.0606054234301,32.1157398831368,32.4900751153685,33.3216668695621,32.3122188450577
8.29436927332064,34.2128653541462,33.3084211580771,34.8625423810975,36.0338317690203,27.250918736031,35.3668191710571,25.7936653474303,10.4315564631784,25.7701873802246
76.59335188249,15.8813952513305,27.7399548215286,13.0533957408023,10.1562720657516,74.3185548842561,10.8171620797147,24.8890850031894,68.5579323364683,27.3665465407042
14.243560704611,14.0069734577857,7.10480884430304,14.1882572149282,15.6132515683176,4.31025631370153,15.0382269996366,25.9646810772011,9.89861297823479,25.7513513652202
17.669059732401,25.3162206899896,17.2590000660888,28.1011263155756,17.749431805685,19.3387519125734,17.7612893021408,18.293801074288,16.8319792991329,18.2981657185669
24.5350476178781,32.2967584502092,28.4982019668766,30.5472472990856,50.0911078826641,25.7200102704438,49.2327307136866,35.5834947607755,28.4982019668766,37.8608890013521
181.060695847828,116.129175756881,67.8878909205977,112.88690158608,184.208409717014,171.859419629076,184.348775034344,168.52177364418,188.364469203767,167.144497396501
48.3332119156114,12.8337258369466,15.3871869997296,9.22896363288245,12.3837493811854,15.3871869997299,8.75355092840262,4.09220678622978,4.91979159533705,5.8961610931381
43.2215756284062,3.73151218416718,7.06721098196889,3.67009128858148,3.63194300472099,5.78470255680927,3.77775771813238,5.33122957764558,5.60615805312781,5.77792250817156
19.3456945868501,12.5726734554178,2.89110081414723,8.16288272737055,9.70455916271333,15.903357555806,9.88573057954723,10.4967329868129,10.0824453338068,7.49088322216009
9.55493788205246,2.69674052744715,9.97064976099668,3.94900785100623,3.47667287847262,9.97064976099656,5.07251329482823,2.49070092583373,11.9815483108214,2.57798443660695
10.8429508422082,3.15671315931689,3.62622613145421,3.02830365523888,7.51011704051126,12.7413038340476,8.44700961576697,20.0215251612373,17.862276181083,22.0631631376342
8.59133670070694,28.0230886858606,8.19653983496644,28.5025657297504,27.4855144300061,8.19653983496643,29.0466818027516,23.7197287594748,8.19653983496541,26.7896157145647
38.1048211510571,20.5248056444824,3.5379773739333,18.8316070872119,31.0667466684552,40.1942481682236,30.5759700209528,35.2402256697832,38.3597162267685,35.1069147813472
18.3976427307886,15.5530322054279,40.5476036938581,14.7105760284565,9.82570693188132,35.7748417947871,9.62808632976776,11.2368913397862,27.5433389062429,11.5691219826383
7.54501827500267,21.2514564887362,15.8025783568263,20.1394469320295,10.8961069556803,15.6935740219853,9.99122831925622,14.9536530380758,14.3790165610049,16.5883810073384
109.648502094488,57.0324023623024,43.0017622565947,55.8185521133648,56.5657474604389,43.0017622565951,55.4911485148979,118.379169570696,107.240752136583,121.567086614509
70.9307961444955,17.3199196395336,26.5999025303501,17.8334439342524,31.2300541011905,36.914048287832,33.0160017727791,21.7514107800285,13.8573611753633,21.6940219949927
88.4152298997401,53.4766365909403,64.4196859621941,56.7078244882272,63.3518806501456,104.32011339007,66.4617847208476,81.6558194357533,83.7566277983329,88.4781469979495
54.8713948009218,113.94489350563,8.31210701155276,113.390160218176,113.404997485647,8.31210701155265,113.668976508039,79.9140519059986,82.8268846137098,67.8909701727684
12.2668992412372,10.9742917399159,10.2627150483318,13.0677013322323,7.12276868104499,3.11002070506039,6.8944641794388,2.53258145236835,7.18967658688201,2.5129830702753
31.708581254838,24.0107093879163,29.775993406644,26.509352965223,22.9619361497783,29.7759934066443,25.5236425279713,22.7473897175734,29.7000385013202,25.6063474563079
17.5428147949097,3.87022479283394,10.597302266869,4.08273684260567,9.53485759743542,15.6909831765104,9.39589077296472,4.35093955493953,13.0927657606965,4.33277578140893
12.4308318397928,17.1271614384072,23.3715485924175,19.7689844911154,7.34619665361852,5.0659315658095,8.31659557106215,18.4419459771093,24.0064805239366,21.9221640304122
19.3484227378265,61.4957612091813,48.2154674712787,57.7326479950525,86.6777071719448,30.6518073968438,82.3097116997891,20.0568206761475,19.5595994473838,20.0758130643577
124.913865331356,21.8276284880149,25.5310245716424,25.089554122176,41.7085089003974,155.293443896354,39.013716026626,25.3458671240876,25.5310245716437,27.1727673912444
16.1442926460532,15.4831571632855,17.2435214907963,13.297382475911,6.15834949912375,5.75958364945721,7.36674950691567,3.62306441984602,3.89069083429411,5.76995195573927
26.5590266340541,3.58290798474841,4.8269922583092,4.19286948220934,5.50334490246099,5.26095598541681,3.77282882253923,4.80975386672428,6.22600219765777,4.86577842515525
28.0818937315103,18.2013743581418,15.0779273049752,20.8436221740067,12.4729854591634,16.5782960112722,13.7177344909568,19.6882082350689,27.8148915017087,21.4587873604636
25.0151552563326,6.86100107281042,13.5411483938663,7.51528147058066,8.25149191968868,21.7381215693229,9.7378461247819,4.71136497918997,5.15141332080012,4.91072895801993
29.3467336850522,26.8091072200089,25.5768749109381,25.796160554418,29.9758062255231,17.2782024603586,29.8239894890186,24.723560455585,22.2799403395071,23.9439706844642
19.7467011225,12.6627374229546,31.3995943492706,18.3978942021904,8.05417444913835,20.9940131749587,11.5894612775637,16.3898656423979,32.8833601134037,17.9413134728224
3.75841770168749,14.4951390470652,13.3553813924777,13.1919621835106,3.1447192077836,4.17426417364437,3.16819417906496,3.61368639067103,3.30434384537449,3.5315420740981
97.3594243113601,76.4499335051115,37.4495599174358,73.5972105371119,74.8399281302588,37.4495599174358,71.7191292643234,90.6247761965175,50.1428669424367,88.2708789617417
64.5571276940384,54.3605233215193,47.0871612697942,53.6358320448396,62.4910022656945,57.3047919004893,62.4798396315831,66.0641976441031,64.0279082548152,66.0420432267844
7.17089384748924,11.6037863468409,7.87700698556121,13.0769424889924,43.8728035251999,6.69467134381401,47.4358710691659,14.2079701777701,20.7345031666071,21.350054411442
40.3277299049563,39.6026733605676,36.2529483914255,39.3582534426005,41.3691818853516,42.7871109284425,41.3792313584063,38.3717100355723,40.8861962891912,38.1854851986598
30.6033772509396,32.5761794498638,32.0420233817894,30.1070588935528,31.5018898696873,31.1392420464802,31.7556660195919,33.2528316788072,29.552542286962,33.4418336309788
16.6779071144303,17.0455796444583,14.5856133328389,14.3502659289468,19.1414081259036,26.1758686491261,16.9333932550993,9.6398278826748,25.6566800643324,9.35550628384592
91.8836187930367,37.3610738863425,23.6248858297616,38.8907454564656,54.7621235226643,28.7786349131679,53.6320341346437,41.5223352500841,55.5194444802734,40.4564763438791
60.4817882914638,23.5399231229821,57.2092324221052,24.797967169674,19.5324678976033,55.9854901630533,21.6016005979411,33.341310758843,59.6140472899993,32.6412105329024
70.7806932274488,18.4159019735981,60.5703445838008,19.3087424077784,34.127532080459,47.7035286898732,37.8907778225525,55.726845972224,51.6990376451006,62.4913180999119
17.8312126586534,9.5746454343157,30.5208516787526,10.3869009807693,18.4751168333471,28.8992444507998,18.8163391000821,13.1183939992779,5.48645223693312,14.0128695130935
61.0722304751737,31.8705406796377,16.8323349456811,30.9333025815479,46.8589881019291,27.9749350589702,44.3351380653981,40.1497545760294,60.7225400722717,39.6680646696761
42.0500815738562,23.7562549031547,4.02042910819825,24.1629044629344,30.1045972906667,25.1367626962505,29.0518472341166,41.2593325798482,26.6634547086759,42.3017110240583
68.188663017113,28.046210481932,34.3392055288107,26.6899769599592,30.533246347678,33.536976804132,27.4088842266878,27.812937765035,16.6608317698596,18.966300973371
64.8078260006446,37.9562241135927,35.7297564903756,41.0672131289012,56.2939166195325,61.0930428137033,57.0631759683308,67.0868615918715,64.8455770028456,67.1723904542957
15.5467028007987,18.9774223867874,11.2160792531584,17.8991589026782,16.6219279040285,16.8696063059967,16.4942211725389,15.543264245064,10.1939699788054,16.4850737846172
53.3073607591201,45.2041855554254,47.3758094353331,46.6598820924952,45.3794738548574,47.3758094353329,48.1051551039696,48.7010963011789,42.5567048764052,45.7570622779292
39.2730150145712,97.4079891525747,82.012546462226,92.6266658741474,86.0690588911205,37.3763986634634,84.292295809364,87.4280329424665,82.1598197225321,80.8395006938711
46.5260207840672,14.9573453543666,2.95144561345048,16.3160713120631,37.1680823260726,53.7510105125161,37.3941995679377,31.8057432576365,53.8835490540855,33.3466076754491
5.4483814031604,17.330282686507,16.7421325658385,18.2900114940534,15.3097515355135,13.0858963471989,17.1997888918337,14.1285597794841,8.61641372472329,14.1192960400742
101.519711804221,34.3702389009516,31.8722556229448,33.965878185682,67.5814102215333,72.3737668606562,68.6632575422158,36.9448898146838,32.8392221401616,36.7178420278976
14.5961084016934,15.2041015809009,13.8452189558281,12.615633644791,11.5626879809032,12.4038695848772,10.0961161239806,9.84219772379524,7.12419901181259,10.2138027381794
39.6322478696342,27.721589229329,32.5284003663045,30.414189750319,26.431022652356,32.5284003663044,28.809643575651,7.91289583033039,30.7887787305867,7.43981015730661
6.01420366839929,36.420405130405,44.9935209358078,35.2263749720968,29.2505877001481,21.1968652649284,29.6617067562829,30.9136152467502,38.2841364353843,29.940075516626
56.5661327691527,26.005120317298,16.8321895391888,24.7691631635808,33.1124539819156,43.3214687405817,32.9070310511555,33.9512161405783,44.3672173265116,34.3253208664492
6.18595685488107,40.7840600381419,20.0433355734736,38.9856078489895,33.9313137112934,12.8303610077785,32.3978687841715,33.9851785596762,16.8400160105349,34.3239614903106
4.56867331286319,11.0993867060938,4.61576011472819,9.17042246469946,15.1024519728511,5.64859156321433,14.8549742131996,6.73984402269403,4.60970723332238,6.69477115297439
