"mrg","sse","sse_stack","sse_cps","ss","ss_cps","ss_stack","ar","ar_stack","ar_cps"
11.7339079396434,11.6469119944527,11.7248846339411,11.8704254676525,11.7425135701352,11.7494448979425,12.1441425245387,13.5552996598752,11.7337730040622,14.1446962798067
6.85721400051745,6.84476158201118,6.89277067463236,5.64182127708696,6.84766555541911,6.7737240013911,6.85329271084638,4.96348561832127,6.47503078103669,4.29874358839656
6.75252191845138,6.75332249717968,6.73420435980406,6.01226189853336,6.97866061712316,6.73420435980403,6.14853804964022,3.59519744268589,6.74459513716762,2.66363401044846
5.23860514942088,5.29010095712175,5.24046795252355,5.20944924464418,5.10039418554653,5.16511854219728,5.0830832718328,6.48465036188584,5.24403339569548,5.99042907960495
3.45822318996398,3.41136028755967,3.51103986341269,1.479939794282,3.44857053499246,3.44510071228259,3.44589151510178,3.33780617801752,3.44863244456746,3.39565436258681
17.5782831378044,17.670241591601,17.6343409879776,15.6613072742274,17.3864984056897,17.5637358913851,17.247433090415,16.9718707707279,17.5597305303178,16.851586705905
5.66606899246452,5.6837034134814,5.69456402846101,5.38733212457149,5.32307202904241,5.69456402846101,4.81798567179451,4.36578059569821,5.59886273918547,4.07814364114846
11.862457958149,11.7412453230761,11.7240663664837,11.8414696433445,11.899506118057,11.811418711905,11.8069205421849,11.5503883777346,11.8195740728403,11.4366401246256
7.14799342339595,7.13678087170998,7.09320328724544,6.24886776681142,7.12953620909363,7.14371804677602,7.00549696068796,6.97929608237845,7.14371804677602,7.03433978571494
7.53414369932731,7.61026994722309,7.57109410214319,10.2681180819162,6.81124791500417,7.57109410214299,9.48531388523043,8.23504974639004,7.49878014401155,8.53572595561683
9.24289878988821,9.24548077102298,9.27357957970855,8.44805589565402,9.29712048076268,9.27357957970857,8.32026052144446,8.87802463046468,9.28033001613479,10.4891056747704
6.9006718993604,6.81937238307053,6.84867585641089,8.47141939054833,7.18460532835493,6.84867585641089,8.75363423254576,7.87911892311439,7.03427392795774,8.29717227778584
2.79142667070877,2.86817086398229,2.860735248155,2.10414762029669,2.75491772701557,2.75931550379108,2.75370850666007,2.81814780628523,2.74683796990893,2.73770086558797
17.3400464935727,17.4052851961583,17.3039899206162,17.7322699328059,17.0679324853957,17.3039899206162,17.2781242079983,17.2092466538643,17.239428882093,17.0971564750139
4.62654094514788,4.63085986928933,4.62824877813747,4.30309865981875,4.50293434480296,4.62824877813747,4.40338944671578,3.44037364163054,4.59917170917613,3.27245915356058
6.56595949948081,6.56884968199036,6.55335385473776,6.50583271111429,6.39633713567946,6.55335385473779,6.44121229912008,7.13548905967853,6.56299948396427,7.76321860100443
1.69973535839395,1.53816350403683,1.65969543711818,1.54651952388259,1.50867189034714,1.65969543711818,1.69110865391372,2.30156778851054,1.3514357946501,1.65155522876668
8.6612216376145,8.62591687306212,8.61454896026856,7.64059572029592,8.97263069662898,8.61454896026858,8.0181805168952,4.80826040957632,8.62367536564831,3.36064823950788
14.7703509204141,14.7697730454953,14.7592064548875,14.5078837415294,14.5036507283483,14.8197555600911,14.250986983647,15.1055397941798,14.7348049375827,16.2655793949089
14.5856312059125,14.5242829767436,14.4666652038605,14.158159857236,14.7907159568311,14.4864449814706,14.7130923911237,14.2700988998526,14.4865815550603,14.6709351834987
13.7798273039505,13.9839781054974,13.9293649616973,15.8425317890297,14.05519332843,13.7850920791461,14.2405323065934,14.6433813240666,13.7850920791459,14.0945159390538
11.1240996941582,11.0464819584789,11.0625359926324,12.1021437058878,11.3776773002379,11.1668374624187,11.7459884141162,13.9292328233203,11.0628448255465,16.7644156727491
19.6382299891023,19.6125934919454,19.736511978455,19.1189223492997,19.6404977408249,19.6518696567873,19.171183697707,20.1470522910453,19.7118962969014,19.2237460241745
4.41707817306085,4.34784108786244,4.31780365929122,4.09344772497849,4.71444768486552,4.31780365929106,4.48479473372577,3.64939243984803,4.42225600551512,2.77307464568124
19.3391028117088,19.227381637756,19.2732909440543,19.3087261983099,19.2282863129914,19.362117435406,19.3461728776858,15.3650780140695,19.3401226201959,14.7525380223503
11.0078085305364,10.9833422381636,10.984529867943,10.6461872251638,11.3871598154594,11.0554016810902,11.5773891878174,11.5316353858302,11.0544085397595,11.3547380265087
3.45683459454237,3.05947132518941,3.11887555382437,5.32585145213982,2.84391652777401,6.05812844006417,3.79203389316598,3.78052291423776,3.96505248443778,3.76651296978126
2.00880984585029,1.91072248368822,1.94121922506125,1.89509821674946,1.98156484333104,2.00969850021102,1.9720078820029,1.95719639888268,2.00969850021102,1.99643074434493
7.32829733767819,7.30182729108342,7.33510939228518,7.55753355575418,7.49556902537122,7.15480485967876,7.63126441180514,9.07323499132454,7.33819755165936,9.92844545964993
1.81393429195267,1.63763871954232,1.59175722862385,2.43166933369069,1.88166691246308,1.63852215154408,1.9399325707447,2.76155593215107,1.63463192619861,2.95240231966052
3.52884282042463,3.39225615637869,3.41198816040492,3.46650742563277,3.39732632268504,3.41198816040492,3.77935026290544,3.55203233446936,3.58634248239164,3.57883768598028
3.48871117780998,3.60238687435447,3.48762051108737,3.49327870900997,3.71161038977097,3.39124084081819,3.7749838953978,3.89160974516903,3.39121978453756,3.86929791417827
4.71611264470803,4.67992247640019,4.76921285157346,4.57412906180113,4.57220990301547,4.82356004230491,4.54469904479041,4.56375259987264,4.78060306308217,5.10573968986457
3.20327019113681,3.0090422659995,3.06325056300368,5.45560062094798,3.23555883469152,3.0632505630037,6.01247102051155,3.20482782842332,3.24536426078445,3.26981491961375
2.09519679081489,1.86599972902287,1.84206387553519,2.41298574023803,2.13873923038873,2.20833927720213,2.14962240062005,2.16849472211454,2.14223160129931,2.14760182002665
10.9804615748026,10.9437531768737,10.9665740357422,12.3993668462824,10.9700948649461,10.9941550931664,11.0849623954232,11.0999560662418,11.0124303628336,11.2243532398468
5.50968986053061,5.43354732303326,5.56887031603609,6.53383688001513,5.90591208270242,5.56887031603606,6.89006964711442,5.44299760365218,5.47925716599817,5.54079495069471
3.51723063557782,3.42168645437523,3.35187792966449,3.40792631650864,3.70165198227726,3.58569770780551,3.90625183101884,3.44162367726993,3.53715899199895,3.37951490359946
14.5979091788047,14.6238502704579,14.5908243462443,14.8899399902873,14.4981858186139,14.508448774318,14.2550556463074,14.5972134412603,14.5455143616095,15.3132487633481
9.29101922082691,9.30171355358158,9.1975580969776,8.8520679570654,9.06911726846408,9.19755809697761,8.91833093922302,9.43570034297322,9.27413208773678,9.50681461889716
4.06193237639776,3.97656109171196,3.88575245631949,4.57719306648797,4.20644044287833,4.12680882258225,4.48713999385917,4.61188806304575,4.00680097760491,5.04948685627133
13.8554690601455,13.8607775976417,13.7982119912478,14.8246957727005,13.9793623442432,13.8210991203214,13.7214900526127,13.021951016114,13.7968508121085,12.4984383396486
4.19038253413579,4.14126487441247,4.20670916076068,4.28713505438443,4.12125845591659,4.15946818240408,4.129879969075,4.28206965902052,4.15871846788086,4.17586984949732
2.75536936753632,2.54139792555882,2.82259180638842,2.29764733687854,2.8012798398581,2.90007063548099,2.77994240620096,2.6353918776803,2.90007063548073,2.76660685533584
7.73589874253865,7.65067342520699,7.66524721636772,9.13679760321116,7.73105587386894,7.74685904268073,7.72772530792547,8.36893743548984,7.74685904268055,9.20133382644397
19.5149549859738,19.5122978321437,19.5071912774092,20.7476564540297,19.8759124312687,19.5071912774092,20.5392978458799,19.5494785635244,19.7624322023848,19.5759527300806
6.63835345757242,6.68970759395249,6.69116967356123,6.20888967702935,6.60717049936726,6.53915866524062,6.7144122979107,5.25285203438545,6.69269587369843,4.10055134665525
17.9905034844641,17.2478879289449,17.3194919084466,17.2010928473298,17.4314604847594,18.0780373529396,17.2994579699629,15.8021702613425,17.2693167177941,17.2212184399617
7.88029445778062,7.94668575586111,8.00302277219822,9.33521580568479,7.78088713064805,8.00302277219822,9.28866759043189,8.25651476866455,7.93599423389346,8.39693092655252
4.33369977542492,4.29720308590644,4.29524517117931,4.82345800427124,4.12117223994074,4.29524517117929,4.40622222689221,5.09170823618691,4.34189310397743,4.98805672337727
1.83166725695498,1.71301276026361,1.73098170004503,1.7304720926246,1.60032985135841,1.73098170004504,1.65053541001568,2.19744958531256,1.71413207790612,1.96521260614821
1.96875779753249,1.93684553647233,1.92003736141915,1.91003154387171,2.22398736130854,1.92003736141916,2.4054557282976,2.19892780772883,2.04178374962925,2.34195190988063
5.99872293672095,5.72409273346465,5.85219625066873,7.25169131578351,5.82498183580233,5.85219625066871,7.6388677802754,11.4181524925417,6.09955120980311,12.7647407778177
4.70407730330639,4.54739591184687,4.51596473192511,3.83246006162251,4.59094286093617,4.51596473192517,3.93121430328398,4.63912596905051,4.76033838048936,4.68698450197394
1.96216456728462,1.93406998298873,2.08359477261521,2.86788637427337,2.0240075860201,2.18980462071307,2.28434912836402,1.94663080103152,2.14543592209855,1.97771167529821
10.3543773586945,10.4796700010342,10.3071457785414,9.58850887847021,10.3462293265,10.3396207655457,9.82937271888874,13.4987962334164,10.4295679180951,12.4663219951547
9.59940435795705,9.51565857342634,9.5139813101029,8.28063793657725,9.69601626906221,9.69943632694042,9.60938947715518,8.98970043247669,9.50095621708554,7.62788599868176
2.44899181424132,2.14225443414101,2.23654395620577,2.06953106717242,2.45004071825741,2.43803548048615,2.45715782266905,2.45268406719115,2.39544238963542,2.40047671654971
10.0689035842543,10.0089751059957,10.0461228150515,10.2091039558466,9.83296638783056,9.93899763044349,9.93337687165224,9.58767115985247,9.88948432769111,9.52459981788334
23.4256218527988,23.2118991605114,23.2603780547776,22.3488899208191,23.0122553146702,23.4277045153869,23.3980482810369,23.9483003047254,23.43550121183,25.3342101515779
2.95200811748933,2.77377471216908,2.76478010232377,3.0638372795451,3.0302589300482,3.23198749333841,3.01099259187526,2.94856676959542,3.28572351071056,2.97394529196815
3.60303797719868,3.65170512993309,3.60890870127506,1.41729843385908,3.76063648252535,3.60890870127505,1.46679315396339,1.52867769026086,3.66294488243813,1.52229465786345
8.99263047498423,8.91818396445676,8.90384501628623,9.89097373105465,9.1950589111571,9.05825368001131,9.27873371347509,9.06621068497288,9.02067955949067,8.99674136878355
2.14693934310923,2.22544736622751,2.11255327356687,1.90031807018948,2.16206939727861,2.15588971958976,2.13929652721075,2.05729549774957,2.1670756430397,2.15766736822597
1.95654069944094,1.8970731635083,1.98746614656492,2.3310317006215,1.96194355174149,2.00298999491587,1.9663985320799,2.10435913833691,2.01271361524997,2.06952757539934
4.51142169577921,4.5665279268201,4.48683759432745,4.13646299632356,4.44050689456204,4.3828466346239,4.1926651418925,4.49469597088831,4.39195424541992,4.36438489703665
2.70147894960866,1.73869764428475,2.03230110998181,1.87016445475379,2.16644255811159,2.03230110998183,2.21302838933687,2.95129861423051,3.69826296380738,3.03687164251494
2.16769858316138,1.83048543544901,2.10739096266414,2.15430604024734,2.14386526009766,2.57316532861144,2.10607403307977,2.18407439198492,2.48871865153265,2.16932072169458
7.25144483996219,7.29374975110549,7.30681807300087,6.56262184467081,7.21749271404433,7.18806280912822,6.97808756562544,7.0250925427487,7.24844846191695,7.38939114760343
11.3528175357727,11.3563767566674,11.3796154775837,11.8538248694771,11.3354702176423,11.3651035324834,11.3293698280896,11.6224146099848,11.3702307563471,11.6983019414675
6.78860140087015,6.73334075940917,6.76419465977173,6.08146509592319,6.35869155073028,6.76419465977176,5.70214384621296,6.75058836929236,6.71485554015593,6.51514116912172
5.64275176432433,5.53032364468173,5.59364761426955,5.45433330872308,5.45390916065715,5.59364761426956,5.4009223090139,5.76175827158813,5.65412690932576,5.67160381967001
9.61994622281965,9.5942101816638,9.59354671431283,11.0626141144987,9.87095444265717,9.59354671431289,11.1087677634616,12.6419256999208,9.67428746444578,13.0928589887919
10.7358994022817,10.915854182049,10.9151354323889,10.7236897021299,10.7811864887541,10.7241984790002,10.7389408210585,10.9553022574858,10.7249466103561,10.6187596240568
9.64154110613959,9.59104317400799,9.5706286997778,10.6537473611288,9.81841846884506,9.68161948181877,9.8507529198773,10.0458652892937,9.66951817636652,10.1098975516316
29.3601079076978,29.3012197422354,29.2439749406981,30.1638292221456,28.7980614910173,29.5020555483602,28.9583572418321,30.8756310562877,29.2272847317136,32.3573742699029
2.78814715194278,2.7648714561673,2.79711105545876,1.61482697991593,2.82357962751589,2.9533735092674,2.79180597345639,2.56859608957141,2.92582640812711,2.35106768063699
11.6415160376008,11.7422483457429,11.6727820595391,10.6979471191636,11.5917205714392,11.6727820595391,10.6048452459841,10.6176694420629,11.6770474291757,9.43193491444983
10.2125651062122,10.2279352917665,10.172307915416,10.1025562066804,10.0157384829827,10.2276148360613,10.1873473941029,10.774944590966,10.1690748243546,10.6210181021831
10.4363663235457,10.4590327608343,10.3606309062011,11.8021820371549,10.0789367278637,10.3606309062011,11.5212286658386,12.7761592707744,10.3689863121172,12.7144205949914
7.00813856895659,6.99798347018297,6.97040515274753,6.20790420531555,7.24869870841209,6.96318726899507,7.16350565638541,2.93224790413771,6.96060012188265,2.54160532981461
7.08668661722434,7.19023945559549,7.19359146437192,6.06000494797688,7.21625182809489,7.19359146437193,6.06885078427761,6.11544852248018,7.15802922402344,5.32455174743936
24.1000698686229,24.1294731368291,24.1157108162587,24.3962961470137,24.2457638390041,24.1380632020566,24.1470873864466,23.2986515082006,24.1385798289205,23.1118036152304
2.23630865045804,2.06641884547755,2.37081425926995,2.06659560292384,2.25843715620885,2.57471597047989,2.2532052212582,2.30631550961439,2.30806384978865,2.30307660051366
9.97268908977782,9.86433062035714,9.81631771225358,9.89385789735434,9.48788758028422,9.81631771225357,9.89039931921589,9.96127298943425,9.93100333011309,10.1513914174321
7.8889777997993,7.8101080080061,7.77880754884211,8.00082657521393,7.85852007003517,7.84257365534137,7.8416076818063,7.95080295961632,7.84430480140014,7.90820744292941
4.06176867546791,4.05340248944712,4.11291317937826,7.87251561818811,4.64784423908081,4.11291317937829,8.14347098723043,4.86206000160976,4.10802938062897,4.99111143852395
15.1139470454708,15.082912953833,15.0052254007079,18.1300763076626,15.3337855058032,15.381234127111,15.8952130295567,17.1528187809606,15.3777618931741,20.5550071934936
11.6198931295767,11.7008567798859,11.6628073899697,10.5043105155411,11.1278878120758,11.6628073899697,9.90085933511859,9.70227221390676,11.4714635536664,9.24377827259428
15.6703304185643,15.7107426588084,15.7059397337823,15.9777799278477,15.7117654412044,15.7059397337823,15.6254453051089,15.6881451324988,15.6351665364814,15.8634653032182
8.60424550383224,8.5662433164058,8.56749264300873,7.96786629804951,8.3407012808984,8.64740430652416,8.20227668388098,5.86722555915077,8.57150767177118,5.37586528523785
4.75308027414499,4.59250489526938,4.67858195931878,4.45786507325934,4.81930096807446,4.82068469460193,4.78657315873689,5.74853832121327,4.82068469460195,5.76611141786621
18.4607749120571,18.567036669778,18.5413334697696,15.6423690295689,18.4374690510582,18.4942568455709,17.8939371588112,15.3857834900194,18.5661902345899,14.0024443019158
7.00996987791325,6.80325128028794,6.82503823156173,7.51480846613648,6.9584363140774,7.07357459331066,6.9577548370044,8.07216200238876,7.08123064448804,8.7103180954188
3.83170423344047,3.98771158373051,3.88974174975991,2.96198192931596,3.80668687303075,3.76463478426465,3.8150672423919,3.88255314125051,3.7829709532472,3.84049545221614
11.2548799706951,11.1583232663896,11.2462657718089,11.7109233161154,10.7444794349645,11.2462657718089,11.3247310200686,14.8364852923902,11.3381849080489,16.0202999411034
17.7356078925623,17.7439417398793,17.731543106785,17.2928084519981,17.8371235891912,17.7973244529554,17.7836318536418,17.5860627945363,17.8081964540451,17.1529922221731
7.52968110607141,7.55693811212458,7.57288118097986,8.66972306120477,7.66714419265281,7.57745553653023,7.65146763046241,7.75828060122755,7.57745553652983,7.85489194943967
16.9107518093371,17.184018081308,17.071486528294,15.9367406079997,17.3482024747762,16.6365427036676,16.7103947988666,15.8558725377806,17.077067392203,14.3410429491181
8.6327759813271,8.53732024927853,8.57516449073469,8.65543163290659,8.68547054120519,8.64058551213684,8.73907238373124,8.51128895188248,8.63469811998995,8.62867431627371
