"V1","V2","V3","V4","V5","V6","V7","V8","V9","V10","V11","V12","V13","V14","V15","V16","V17","V18","V19","V20","V21","V22","V23"
321.792488613165,337.520155154742,331.072757548669,326.354669565765,325.276937537113,325.13525555369,324.853169708116,320.922734892031,322.067073095198,323.378193506019,320.35338270296,326.059891115383,322.728768439948,322.017612647328,323.067078011687,323.071102659665,323.388605483446,322.234319193558,323.008664398895,321.901015008959,321.184023999973,319.705930842949,319.385993847656
315.047972420456,304.659652291117,305.805760686622,303.653891250102,311.624807496933,312.570728457967,311.106239422657,312.688378957859,313.150005690103,313.70480417079,312.39932620978,314.925374282419,312.053612239055,310.663163651339,310.791094282891,310.967240681397,313.109402990417,312.919250457723,313.351759179823,313.610950646954,313.041381169051,313.921719846933,313.686802536267
169.289093795346,157.67290715507,163.287444921878,167.431283091803,167.254291396903,167.082296777678,169.173861421194,168.752273552992,173.369969692926,170.194780335056,169.643116589254,172.265952385783,172.177339373413,171.460690537469,173.933797309966,174.317493087985,174.687994781621,174.886424734383,175.17253766411,174.39667829365,175.744823368904,175.067154541376,175.620516925365
212.290918172082,190.301734035523,198.711472703335,192.173403360116,191.696500816581,195.07477471391,189.961253958549,196.634308289168,197.999898351674,202.762311459074,208.408041025961,205.612590105229,213.777163833969,215.042092422846,217.361026217971,218.324621910198,218.076099475962,217.119500058929,217.909548357782,217.602040004762,218.10792982566,218.020263099787,218.116034027666
172.410519784265,145.438791832381,137.838086816507,129.273701020817,120.231521845731,121.5637619125,124.964198251002,127.419337056937,128.197440176384,126.878419310516,132.758712514242,136.004566521053,151.515661129309,161.779677180456,164.967554371812,167.360013987724,167.311663751433,169.232792845665,168.069337600577,168.62268954664,169.417203859005,170.280428240277,170.277797547141
136.754190798654,119.664546077657,101.860874851465,108.6555117508,107.28432906364,109.780099686137,113.415192582753,117.78478087846,119.827196092007,128.469646398961,130.443778878594,131.980568688154,141.391499196704,145.096719880574,145.138605369872,145.586234007384,146.336639654326,146.441095310079,146.270684834409,146.659228293383,147.150648162731,147.441570355689,147.071971824636
280.367377123848,277.513093187237,259.277539331582,258.589844853141,252.764729956667,249.662804696772,248.88920080035,252.263860977648,254.663238371784,253.499187611982,253.888372401114,255.900295669066,259.936763181086,262.062001308985,264.127306483883,264.93842562619,264.58489421727,265.075604473772,266.349064284643,265.625425555572,265.721320352589,265.292559682095,264.603115273709
332.219416974948,329.901683737899,328.037651899435,321.281931762064,320.510083675813,324.579126382311,327.843660979227,325.747003369342,325.566109779136,326.672830000196,325.941418342626,327.82346286301,326.832950552793,327.365916633332,328.530327287835,329.079878267697,328.635888745199,327.963655155928,328.459929223301,328.917779997985,329.542161041087,329.434011832072,329.492066776043
123.394752171682,120.861487359703,117.653811576893,114.265250513365,116.007637934508,116.937668227524,118.336434999867,117.360366553698,117.435212457715,117.988723411271,118.957256759223,117.684346129608,118.738569177023,120.250328175217,121.148205587287,122.014824033436,122.552626399512,123.220784082496,123.032885181139,122.578947498086,123.110587683851,123.026300732376,123.319267113051
177.186226581254,179.672829044802,173.857429064258,173.383935815932,182.561075736629,183.396437714877,182.299588328085,183.421025242279,180.304042999172,185.605410733297,186.103417847922,186.806243500609,186.53229263698,187.178979708729,189.092034193627,188.698918739959,188.602337185461,188.06411670975,187.86695030727,188.001140572753,186.399821330713,185.671596002452,185.594699140665
130.240369428899,118.823373852548,118.310459739848,117.423982317355,116.413964074118,115.32924360331,114.500902243952,118.010680617068,115.226663539409,118.16965817363,118.263163310474,118.352112904648,120.474060797918,124.855735703548,126.465137645604,127.961353510515,127.499982051378,128.091178952679,128.035051970946,127.80210618628,128.41382501788,128.548514612543,128.370155109823
164.491367688014,166.317119824648,167.758112173917,159.17788560101,159.404961459268,160.744707842139,164.030594455198,167.040678010028,167.359951285196,165.074803393665,168.517018696616,169.489397334732,168.412315669785,169.883846054476,170.840503025955,170.882035258901,170.591991938816,170.249334863422,170.176988207675,170.028039856232,169.553433437444,168.878503354982,168.528895209583
163.781301134319,127.009314889727,123.714794876771,128.617803990712,133.480353581197,136.342890619981,146.757860056931,141.332182246265,150.187063628724,155.400435499861,165.118486682242,160.141590171506,172.00749723748,176.40475262436,183.548684691327,185.328575827101,186.203616991553,188.907970821417,188.028907978542,187.46542908523,188.459674120956,189.020969755153,188.985447703011
380.947425879813,386.429938849106,389.673098016854,383.563625339306,385.648216624538,383.966554642942,386.397954416961,387.493726151264,386.965672102121,387.633950502988,386.633608332456,386.588758214382,385.567202208641,385.315378616099,384.644641357079,383.040182350276,383.5263093759,383.105310113346,383.382242523903,383.049886055028,382.850614079589,383.049395236567,383.162577463547
149.622011958707,134.432172052862,133.866036437696,124.764850198635,123.982242439488,126.712055221216,126.192549006657,128.486571635198,132.273025394087,134.574587822713,132.675359108581,136.533076611412,140.116460590109,144.447267048785,146.389907513205,144.916637760168,146.373598910864,146.313925835093,145.967991590676,146.60700268115,146.25876328603,146.775953902531,146.825191061375
149.535450133652,145.216226420908,135.747185767293,141.721422221971,140.266988101444,141.390738432807,143.935601820904,141.91854033918,142.739755059203,142.747876432544,142.049918691087,140.266860446586,141.755007961184,141.753270820571,141.863389430545,142.976233058236,144.039595643289,144.068628272266,144.448202692764,144.042900112638,145.574310442728,145.80738607099,145.987912893747
195.289815150682,174.615625348593,166.349486518961,170.980296656549,161.111543104642,165.368396305242,167.290135528818,168.700989849584,169.905680624876,172.21637988371,174.890517687942,176.265195822213,182.861017380622,185.087060524145,185.525167800854,188.45401485816,188.201321502361,187.973967125207,189.335314489162,188.15837837055,187.969394798649,187.863198352192,188.006988816922
212.541829734194,203.707503380777,201.467050329238,197.553045412447,196.936172451546,197.111301740268,197.963844527951,202.843777622758,200.145435621776,203.320432651704,207.23263600616,206.072023036744,214.868209756195,216.072275877058,220.727770801713,220.314516819448,221.310852582421,223.048148771764,222.709731721972,223.559377431795,223.581278808388,223.712746301524,223.686983679958
163.802082467734,144.820677867029,138.965584429464,128.548385350162,121.332042840585,118.46533348937,126.190465233674,126.217350024111,126.40384060162,128.289681202701,139.846790927862,132.296817853782,147.162254687475,151.526098531504,152.076740379546,152.788162263657,153.470923119328,155.158353262084,155.126174863549,155.67175765186,155.490089852151,155.56404600685,155.50179763491
111.617715962858,96.1220436362475,87.7621633706733,86.1580190337503,81.8199880227895,85.2082050539384,84.0105170341743,84.7773012603063,91.7162475907118,94.5374778798832,97.3232277674182,100.294235311403,114.309818817502,119.513357105114,124.30701576254,125.047902887298,125.888591135419,125.141187030945,125.807562756953,126.774713899848,126.371162392527,126.261112054791,126.313874152479
252.577889679519,262.052693895917,249.686051697658,247.503418055491,243.880777836895,242.092894346943,241.530831636304,240.193846757186,240.626366920256,239.334443753549,239.873669542033,236.600381080874,236.610832955466,235.863227810927,238.413067793742,240.942519821592,239.788438073925,240.475107184698,240.351529739112,241.560216985885,242.863767327239,243.88408922827,243.761826633115
149.466312571929,143.342303646816,142.540643807481,134.242247840599,136.524484727326,131.122571980789,128.327945517585,131.278025770807,134.117959213227,134.790020848194,134.445852287757,134.67847004942,139.654726107931,142.978121729819,143.473705004044,143.655808557711,145.296574824906,145.516378048117,145.539984407863,145.188684060884,144.897306424799,144.584987565261,144.838642930722
147.141956745094,120.737754327781,99.2117297948163,104.595125901792,97.6953855564183,98.0267013371574,103.366933967404,109.254469471799,109.146486361474,108.384182672744,111.119786097792,117.783466345447,125.039612837599,129.778566178241,131.930111726515,135.630820199338,136.793407468862,136.47297919691,137.478773686517,137.248207476565,138.416636943383,138.457717755852,139.017193613633
164.016315869533,149.379553402667,144.230398007349,143.442261076583,133.964882400582,136.19050143171,135.362661663053,138.393864216436,138.570652273322,146.26814907286,147.12571679537,147.67866868608,158.704379919689,162.033198271378,163.596558517336,165.587130317175,165.759833626279,166.398907897653,166.289843290161,167.43651858483,167.66643237208,167.889891298946,168.033349755372
221.135630452156,214.569019626072,216.465615472012,211.494028697279,207.656536894053,208.82471468201,209.473846609941,207.836585397349,208.222933371296,208.798318573451,211.207488504964,210.455348586817,212.886951681881,215.028377500088,216.391730647864,216.701529132871,217.592787496379,218.921191948686,218.569164542307,218.673927347475,219.356217100393,219.137941872901,219.493577146037
259.306754705672,265.949829082477,265.884065320898,267.184532529468,269.272522890783,267.491250930145,267.548190386643,267.477451201011,269.451111727101,269.51017622938,273.173146672135,274.27429221618,269.486509983529,270.982004945583,270.401087735766,270.173814341773,269.181681145823,270.136502758704,269.123708028667,269.697763285782,269.552468159163,270.139492196311,269.840513996535
139.870286282698,119.032331182827,120.705399384109,123.007846281284,121.336377918703,125.64068445964,129.834707536378,129.186017083864,135.828623934874,134.395798919405,140.935752247236,139.73915644052,143.204401416631,141.121039459053,144.537035840752,145.873043634679,145.744340169704,146.473802824384,145.945017408618,146.039056073588,146.968273850839,147.356994975069,147.349160648165
185.737262668179,185.473357400712,172.358888543593,173.012106396729,181.543982497489,185.798557374472,178.311901920261,188.463902163073,185.560933614941,182.790733202463,186.753371513542,188.589894312102,196.545111475241,194.074510762956,194.397783162515,192.662764230138,195.439164785851,195.307399582312,195.100941400625,195.837414619619,196.111683301127,197.440205119813,197.650015527942
317.26931108736,312.330990300561,309.908600939574,306.866440247878,305.469969051979,305.457242441759,307.478387839157,305.582647572767,306.566978449073,310.390887572854,306.537182479786,303.273688108024,306.687669074125,303.340530849809,302.701970343554,300.169479564841,300.88388455813,299.964899724591,300.1728334978,298.700168958333,298.879560460853,299.321023603889,298.793109468987
225.090873620571,222.560646296293,232.649454258118,227.030531091644,227.681452619949,227.966672556535,227.511725418791,226.383174392209,224.554091638862,225.292870320757,224.970033995109,224.549743236159,224.429171798271,222.060274003204,224.878883367831,222.725988047116,222.994267048125,224.081366106188,223.695900400078,224.747801461734,224.385640265721,224.410990657396,224.703843657882
231.634972317717,223.572818095482,212.842990927727,213.769935716592,209.463831319643,212.187451865378,207.959851288966,207.807414997229,209.317390026085,206.296475122212,211.433174237089,209.851642048001,218.347955187094,225.739779327496,226.556063965807,229.235637545514,230.420125025904,231.151221398409,230.748419344523,231.191618674601,232.131958380453,232.530298072448,232.68723082454
132.223565516182,119.027926376537,115.478534287772,113.249147418192,109.921313356976,110.248731103602,111.286928401988,111.306820569981,111.196393871409,113.506465028894,114.396154274112,113.066942914571,116.515213743985,120.494182056987,120.997786996064,122.339492265079,122.309414099132,122.329285580389,122.923023475134,122.631573403569,122.700081361751,122.867209507242,122.96374629508
232.01641611815,224.604387906395,220.207489868088,217.998217821845,218.339697074295,215.888902437993,213.220014949586,214.616556897603,214.580071921183,214.754367282048,212.720992080249,217.27904992562,218.32577914641,218.072421943432,221.386056011884,220.531968117593,222.643833504191,224.072702597364,223.332388391514,222.475940655437,223.515449741691,223.24657875374,223.339172190059
172.241288217057,171.304567220659,165.954361557776,164.341895987203,164.580814117443,169.554951209004,171.136020563124,173.872591556385,175.679344906451,175.525595081457,176.446400503841,176.162960233124,176.913742081337,176.976365276753,177.894973536708,174.721032941689,175.030376456195,175.007946360239,175.25613096568,174.238446063505,174.194928715059,173.580603356434,173.573601935829
486.847079203345,477.313677586325,494.928563210292,500.634779184812,498.911885719395,500.374568335246,503.079634009274,502.563238815355,503.15659033618,500.102076374715,502.747224017816,502.838045447331,497.421476993852,493.882915010551,491.991138580212,492.316171058967,491.899383633101,491.796570044358,491.455109529499,491.95520360799,491.274357433809,491.499222249639,491.05447625562
73.5551455686957,71.2231257834272,72.341880374674,71.3051275479694,71.0937907749031,71.6127827438413,73.3830311328433,72.3548088912081,72.472191482554,72.3310384931716,73.33039623997,74.0095227793848,75.8674821646725,77.0272658809229,77.3047094583819,78.1838837387045,78.2185494542708,78.1972275000661,78.6738373778364,78.6341765797191,78.9768672113964,79.3440815020212,79.30724314913
146.844939907611,96.1685954317136,98.7208052948185,99.6450088491175,100.933434651838,106.806936511002,109.596498124436,113.155008719777,112.189832298145,118.875493714519,119.248401592811,118.791852370181,128.447997514851,133.453922335454,135.591910720442,137.538532307287,136.728641601402,137.385345594995,137.995380985256,137.87138808839,138.639733912545,139.228437794779,139.70754535303
197.310750127507,182.64317149649,182.583598968459,172.764216652232,171.740980119707,174.028123020323,182.600837532553,183.805799373601,194.816135323846,192.347612697703,193.030626465674,194.690174571189,190.82127690501,190.787285152144,188.019272698256,190.197059715039,190.685514299013,188.209976885652,189.824913372241,190.024358789052,189.04576183422,189.188920432949,189.273722698689
177.023042225848,158.191477674176,161.320558574874,162.304349944707,161.150607643395,165.097241245605,170.222981387863,170.579283544816,169.910622704407,174.876116459931,177.215326534973,174.676888326416,182.489512385513,186.294622269988,190.292190309952,188.543328332159,189.84239535893,190.64423508529,191.954970882891,192.167484511386,193.093087345229,192.550275893985,193.107883580649
297.913349318682,300.42873808178,286.185745497377,286.047281046483,286.455199945491,282.961384964263,288.692435896335,290.504735146814,293.182319511908,294.633483090536,294.584372091324,294.108958025249,296.717713976703,297.51554208088,297.389038220065,297.618717000043,297.870467883821,299.068186194378,298.552261581983,297.888145767859,297.900327200427,298.049513046037,297.881494871679
323.009492306804,320.134626457702,320.212304752056,322.676620994029,324.572605418254,324.372246989481,320.488445729868,319.003907554389,317.666824557374,320.415988738744,320.496939803904,315.640649786911,321.082573572694,318.733657024495,321.000662861818,321.302426561577,321.075295988408,320.764409248541,320.488487359905,320.715084625927,320.732723941554,321.125846283329,320.901048882943
172.699670824533,149.099930924335,137.811945783777,134.142343755814,134.258259067842,136.330398035296,137.856874340236,138.669428750508,135.217340991824,142.197693697205,143.736784510168,144.013085156212,149.48260340846,151.744962680235,152.781500751507,156.055731815331,155.995234840818,156.627021948239,156.357751111503,156.653016863672,156.789197477878,156.354630173559,155.872693788148
113.707762114143,110.36770297893,110.766977317668,105.563949236872,103.756732868868,102.728584056817,102.064166709673,103.367944350222,105.685619468274,109.453512966834,107.78115082616,108.295939183541,108.231117318331,110.323811474945,109.87433009904,109.294519315185,110.086320455585,110.422604680967,110.517537356815,110.196625411093,109.989843731044,109.97364552064,109.875864702847
217.997844269073,177.717127854334,169.912515541554,171.04150451931,165.598174613247,167.616045354318,166.880041803941,168.729760385684,170.321031617685,171.57795471597,174.096850346744,178.953849420269,193.6740265802,208.8060134358,212.880348450544,218.494943545289,219.636485661553,219.909006423892,220.920308280656,221.272005812313,222.614207814653,223.471881992006,223.919860516397
269.167562451962,250.127272548592,267.513211585232,276.835715937235,268.671210566251,261.508296564493,263.347741579761,261.12729739467,258.645633383506,262.667896792516,264.047749441577,263.04276830933,272.168230076255,276.054951233368,277.427195919335,279.080536059446,279.226748035718,280.260195124183,279.868057818033,280.939644142449,280.110581912158,280.270008295478,279.799404133843
146.79309437883,141.807905442145,133.711632958978,137.167599368133,141.415376941207,141.260887360728,143.701551817216,146.416879169344,142.002762444847,146.599063711364,142.450803866206,143.773212554942,145.294701373679,145.026230774202,144.769503791629,144.377269209719,144.312770678695,144.200351901989,144.584191473413,144.67729137145,144.302391956125,143.88329681605,143.811551440281
180.565109711669,187.850665004326,176.38165998583,165.985072218657,171.059457572902,165.677440211658,167.6749700588,172.824420137207,176.124749053043,171.59281451808,179.29749499127,180.909858581159,188.115720802336,188.890408261176,191.793331144826,191.657214681725,192.20103839197,193.311429870934,194.016999908005,193.215512321381,194.155197099117,194.097139480358,193.934136284814
305.950385284897,300.50474056838,300.871583508422,303.249880172374,301.513059458178,298.860177706702,303.786975471142,302.855531289126,301.800698373748,302.782276781018,301.921643223603,302.786820439608,301.270496905974,298.135993847536,297.130404871854,297.393848071562,296.251289779653,295.573316480633,296.537683301843,295.493504339209,294.841285712999,295.277812594746,294.185940422677
200.871324346816,191.11119125222,180.102577978664,173.99537979003,173.441090044268,171.851551304559,177.283194765001,181.155890382065,178.930617397294,180.227708327108,177.133511841665,180.828442836045,181.373090779032,180.518747755806,181.662132850602,182.506366360938,183.598814954134,184.020404615926,183.698941804491,184.290126787311,184.184063032676,184.439856480524,184.213937048594
128.018278843272,105.396923337846,105.533337089947,105.360710663698,102.617218224251,101.844708553177,107.110489934293,103.619304033409,105.179304001464,106.334760468215,107.034593196707,109.114215248621,114.560472441984,118.423799373146,119.192333534092,122.337798290431,122.866329975047,123.545998871968,123.514112119397,123.21442160063,123.801270029296,124.845518564886,124.82805447176
294.373977953632,277.940928878942,291.004250225432,291.521022122332,291.729464029027,295.972773316334,293.782867738605,293.23729829617,297.034202138605,295.481688185482,301.021434691908,301.363674793312,301.502122688789,305.782297089907,309.435500142984,307.871942228907,308.635702786746,309.01860560494,309.042734994557,309.485913434724,309.669610145503,309.433990013967,309.336194764282
205.651436361443,219.031809036589,215.011905414208,214.566566280449,216.485959793713,216.031059911547,215.576870462239,218.82537814321,219.925379755429,220.182556768255,220.146773120794,218.66469036727,221.086566495611,217.765679180318,218.955790655457,219.237776881108,218.505051184627,218.075849131009,218.430191408285,218.929824233881,218.671542101469,218.626219271321,218.642403972808
197.879278821854,188.204721565231,188.999958646299,186.771327217952,184.430936580201,186.166155886772,183.060571569785,183.531466460734,185.223713539535,181.364098367304,185.071338614999,183.887922992078,184.228835450967,184.867276305418,185.41478094517,188.282116171489,187.492627375255,187.636612336746,187.616947211402,188.666515772923,190.252628031018,190.239521409872,190.208140923493
130.374199906103,131.506689091402,122.458849130684,124.723223863815,126.800342614281,128.937936426289,127.728825771765,128.427029821731,131.961440196645,129.787131715743,132.404856652468,127.438583467984,136.812575448589,143.406685069409,146.628422908798,146.506680009395,148.874706105446,150.070566183702,152.648689709436,150.963605332441,153.353821100022,154.034830666608,154.275284173232
342.338797815445,328.991885495155,316.944498901574,324.055895589648,324.074096700765,327.316447014967,325.555726250442,328.649728335574,326.331005489172,330.652367426326,327.923193775124,328.564082577614,335.518467346565,338.401404460895,341.398100258837,343.453744112274,343.369736901738,343.806284182681,343.963824069028,343.659111186286,344.0566424351,343.823588331479,343.563092604078
184.908692801259,177.761736635274,180.681858482545,181.509241145157,183.428674945377,184.426133302195,185.889118668233,184.714998649912,184.76742075837,186.938377737264,186.465325251244,186.071374326442,186.303815963544,187.761318231361,183.899760306283,185.132310844706,185.906105575244,186.700971885481,184.75306801926,185.131832234092,185.216615437307,185.203115625717,185.602873757918
219.032944060479,206.306624412009,206.073036217035,207.927107109755,206.692498601711,210.522423821249,214.326053027041,216.977801230942,221.155004903022,213.971899408907,225.133323746777,221.118616442034,224.098082133738,220.180373592884,222.029502751632,221.471605586949,221.157659578992,222.179005017499,222.454650150545,221.856000103598,222.260805302409,222.947996473491,222.203226808027
265.501009786058,256.909794270033,265.520801089441,265.036275395087,261.608922424252,260.802298271442,258.409937744715,260.624680818737,259.497704932217,261.342504459053,260.507374830353,261.576585314641,265.391204041135,265.830010953854,270.965781089081,271.397146890465,273.029044654454,273.561836032294,273.304628441674,274.985320477081,275.203773470004,275.405353367697,275.318550703492
91.7981350733209,82.3396981786706,83.8465596153655,84.527479787699,85.1473166806984,85.1415999548122,85.7559305555986,83.6868280677906,85.1522425447723,84.9195910625693,83.4824789437644,82.2334737252627,82.2370355453246,82.0026532575583,82.0374151033838,82.6449414441187,82.1373800515855,82.1079099004287,81.8990892150665,81.8804778966753,81.6466181042365,81.3494001629307,81.4122071317958
83.9857477372765,76.9276571030424,76.0668280840512,76.7707474886728,76.8989069399759,76.4359808436904,76.9812606918332,77.0459174405391,76.6198030595708,77.8406347769162,79.6936203011496,79.427195823141,80.6185617425574,79.3294166904326,79.8456475847903,80.4137905968667,78.6401949282236,78.202743748373,78.3339033657757,79.3905815372634,78.7590578582148,78.404297481324,79.0541597533536
323.898112485056,333.254005229312,324.497104644236,326.77566278317,324.745387158387,319.865963661715,321.568782412621,320.998803020582,317.138592488783,319.611666032146,322.340639564071,325.41470141902,329.144064918913,333.196570647745,336.4164258905,337.291718576939,338.491140978868,339.499840118107,338.261223797306,339.562160182564,340.83021150149,340.994565303794,341.464802438408
80.3445766890834,75.0028369984136,72.5437937911428,65.6667350246082,65.3218000825717,67.4337448860479,65.3216965470499,65.1122802375192,66.253770177495,63.42961276219,67.5677391681076,66.4818829440985,74.2793887708246,73.8149549281065,74.9559853038566,75.867958094951,76.4850083397853,76.1932361632762,76.1677064022036,76.1085980817032,76.7400029620214,77.1194524234596,77.3030882435566
161.387538820605,160.777392030786,152.311852517773,145.963137638673,140.187972668187,138.810013386528,139.785102248755,139.431369487374,140.901297626672,139.878231240901,141.726243300973,140.01357838641,145.445981813783,150.515367157598,155.830640895167,158.524849594997,158.460313748789,158.94805213478,161.711263757554,160.827387927339,162.441782205547,162.964698340414,163.351810449988
128.857152703673,134.265974036655,137.941332495179,138.114213423411,132.984090753601,132.491557498923,133.203635863129,131.786461125182,132.460069093893,129.939927249435,129.296128554687,131.327423684695,130.943470684716,132.175057071675,133.715008559117,132.893650414454,132.623885517899,133.420983376542,133.078487842667,132.54630522913,133.334948151353,133.718020826709,133.495866344332
175.604599546932,169.307137312059,159.697222654469,155.377768156644,157.216154837064,152.0858054324,157.164059718181,157.326426767176,161.033268337312,158.695514197385,163.537828549315,163.978950867861,170.536661613945,171.046117661699,171.108375441906,170.657331097666,171.543205068363,170.363318709696,170.65917052707,170.101763740844,168.630789669121,168.20109051072,167.537390052401
312.572880814839,314.502152744543,316.38001024914,314.56714835662,319.392055410374,321.202570510089,320.174376706656,320.137952085658,316.698383893527,317.983784560361,320.78183267603,320.329770976536,319.130904396312,319.949324081948,317.345833837607,316.23908818265,315.30851705819,314.48188634526,314.027079625129,313.483832698155,313.060755504913,312.059819369619,311.519321865249
233.093552282421,212.270503156526,209.724912546201,202.526976941361,210.618109924759,197.979734051326,205.928599620012,209.763425239855,208.09251430261,209.393871199119,210.456107279525,207.282130948417,214.432989249735,220.626480682871,229.372569586286,232.100796462328,232.819223526823,235.137872905752,236.213455500985,236.83170345158,238.181544340929,238.737947007415,238.327340684396
247.418913170107,230.777521381904,229.685187191477,221.355204556548,222.731660269477,230.048442907788,220.688867751026,221.587639290334,224.69676867809,234.757720907821,225.018794172459,234.859348469124,244.723743017289,250.734327007634,253.441902049951,253.446505718578,254.933443471171,256.010761616994,255.038027302232,256.380891304805,255.792435746874,255.403586906331,255.367066627802
130.633669007846,123.781161873017,110.848814774764,102.930985798022,99.0933065788168,97.1561483967361,104.845181779878,108.283094618353,108.576020527901,118.691024420126,120.340776193481,122.863005878843,133.86823338252,135.357508887854,138.165361553738,139.678519756715,141.944114323108,142.223106054529,142.439541666832,142.173384857004,142.251679636529,141.24535316182,141.601075931258
168.416649776205,157.442601183595,162.59334768283,160.326818085213,162.639436729267,162.218589527894,164.032557214612,165.397164473651,165.290677677098,164.340527269135,165.994462297602,166.295825442821,167.85621226454,166.422649119709,167.450142310146,166.657409541449,165.941252917852,166.404193045073,166.700259903313,166.041961965411,165.825355852776,165.353858027254,165.454271602337
103.405372264212,86.5764123981558,90.5493742079225,90.2024132716067,89.5059528638462,88.9590737363318,91.6605744111533,90.9999645842462,92.8045708409476,93.4251739252149,94.5265268256997,94.9072537910917,98.9636362177219,99.9907031543086,101.781917988082,101.655235132599,101.992094595781,101.615491575389,101.238558874597,101.99531180659,101.865712841201,101.67220143605,101.478030376867
233.091793560571,243.024040891225,247.417512221334,244.759138010712,238.179836922326,233.311168330648,238.201665048404,236.54983727678,233.980895171886,234.764060566187,237.342251159992,240.062954530751,243.637085374103,246.562139894637,247.817314996326,247.59954795457,248.800529256871,248.611514094089,249.117379482619,249.0751234561,249.912046993673,249.718403593353,250.105712189824
301.529580469257,300.753188065849,292.245896197448,293.07881137913,290.920778585797,294.184568813839,298.983036829485,299.989063514372,295.770121261005,298.559429017465,296.869164146908,304.386937853016,298.939391092435,302.326694888974,302.362902222941,300.556098618488,300.317910638077,300.064761974824,299.521330906518,300.243792061578,299.895214557558,300.595479145101,300.758148403833
102.390329410379,97.0841137551567,96.8139391346059,97.203848762826,94.4365670577521,93.3159210692466,94.7243155493184,94.5528829348588,93.2653922229822,94.4721704241085,94.7894847349204,95.2799665231018,96.1942305876107,97.3615851549159,98.2128702542722,98.3658497470281,99.0117174712918,98.9740131193109,99.2090178584185,99.5282539036451,99.5719082979012,99.5969787818282,99.7320698554932
233.193097464436,239.303649917614,230.432033668645,230.168360570745,227.761951256634,231.272074261863,228.849765547778,228.802373876507,228.362007799211,227.241124348271,228.904332140776,228.770992226946,230.682944134355,231.464758043541,231.741620395641,231.937261490508,233.020571418248,232.95908484812,232.821921898337,232.87219778676,232.939611691787,233.237406640204,233.484611927145
156.642523488094,145.066240738492,143.118423811313,146.664290988221,144.659260421016,146.374204174353,148.735380051017,148.003994275283,147.079518316571,151.140575828203,150.142506637025,150.343302790248,153.021809685675,153.517492482535,154.960652316852,155.665435421796,155.828478656358,156.553407730291,156.651534784749,157.043424270541,157.491462645597,157.645564108955,157.84069706214
165.0897543312,144.361650018818,141.340141842325,140.368364862318,138.505969072711,143.205352675065,141.757044264482,145.543338079119,149.583388859018,151.4959436565,152.441140799185,155.88016983465,160.677481786453,164.171705056579,165.547456249272,164.869845730619,166.337842721011,166.060339951362,167.65206166895,167.5228718265,167.990235768626,167.66628039157,167.920309706126
217.804106939039,219.054680457299,211.777073224758,208.731400553445,208.061215178224,203.949320835349,202.486139042712,203.924256128123,202.443684065377,202.987234267612,203.085642551885,205.416501405259,204.269164700481,207.448490372166,206.375213977553,207.969052259384,208.515326724793,208.98785476517,208.765615918813,209.496622117203,209.318471955083,209.180006296645,209.094546241813
157.176944564663,142.729700716821,135.876795050922,132.73840305291,130.859758911579,128.136900680755,129.787716856134,128.21022474606,127.555811600845,130.238628086129,131.947498616023,130.352163067913,137.76091162533,138.997790259556,140.886735714721,142.416238885444,142.036399725371,143.427627821429,143.06601222115,144.036605546815,144.404046136894,144.851930819447,144.740785340029
160.490515569368,140.176441024535,147.342391185421,129.596646138414,129.637577109201,132.281043101358,128.592848980604,131.945970455699,127.587950776843,132.630459072053,132.193249658879,135.170580697589,140.924004279763,141.478996739001,142.68196744784,143.99721845122,144.300740856154,145.40237529584,145.674931826136,145.922476242122,146.963222352363,147.158070521864,146.853952414185
492.99682221058,511.519368516677,512.282954936047,501.985602910041,490.277804141753,483.713064334897,483.27405752951,476.263115047019,478.279221265412,477.79640786456,474.066182716457,484.98187954115,481.489316744086,487.615875762716,485.661996083075,480.479380505291,482.642569734358,482.658990661175,482.075566178942,482.138251920759,483.399961046839,483.172180437989,483.737212377084
463.342269454813,476.600532349784,475.28014484753,480.317833627589,472.753988227091,465.965808212237,461.49535296914,462.893116560377,463.189746946808,452.144314151281,454.780929079112,454.774085933652,460.527238010951,463.60780820128,461.952103530927,461.110564431315,460.423340261367,459.971323976118,459.768290281818,459.636324598617,459.341651197652,459.655693161688,459.561840093197
149.419642252183,127.204577319602,130.27626187704,127.928158671448,124.195239857992,120.428555913821,121.331949907441,120.637373601369,122.062540963363,122.595913445769,122.555812865473,126.452459533713,132.696451214331,135.699088446928,136.307470926387,137.381011553737,137.958821773775,138.509319369707,138.461047463158,139.305775352578,139.532422124272,139.785346543536,139.896608177768
201.331015572633,183.042075120164,186.851422908868,185.882844600122,183.853496195239,185.056841124393,187.491861536633,186.248968120939,185.545575239894,184.943468403389,185.639775916667,189.330032262257,191.147423758316,192.298640810321,191.512016881017,191.484873732229,191.342779573687,190.601643656972,191.382274121224,190.150121982467,189.93162715562,189.95060053763,189.941361558652
287.165379652377,291.99853634595,285.037296015992,296.352681651313,292.243873581167,293.707629325687,290.613433136972,291.055207823163,289.133986119926,290.934570817909,296.026802038797,291.796923975714,293.503998038416,292.226481151489,292.688896791773,293.02643464906,291.436025738025,292.702371346313,292.660339855558,292.22198734743,292.414798775629,292.437022944718,292.459293612294
212.191764022216,191.684212224061,187.374163584965,187.610923935459,181.802797027945,184.803367736337,185.619329228776,187.001869916849,191.840095346901,193.742718289927,194.431766820018,196.430208189943,207.321856798599,210.05412568964,212.319904949913,212.183502668108,216.924595080756,216.336098529801,215.80300539609,217.34793722986,217.829434742389,218.716431988134,218.687843430396
153.518116512447,118.225134455265,118.927999008209,120.452977206033,122.357115431817,124.280196562446,129.322556004148,128.194093971827,130.010657424244,136.718868756209,138.279264481438,140.383491411751,144.417410014091,145.842588478214,148.233049891796,148.626081826719,149.696683903607,149.539731320329,150.407630893084,149.036109047999,149.492309292456,149.510115190933,149.143639635691
277.451832756908,279.195983414363,262.654501284318,255.61401796535,253.502380182585,254.431372718014,254.827197312512,253.534430097929,254.612656939604,254.046076790472,257.043868475889,260.018290136356,262.037187563996,266.825666626118,269.626618809652,270.845387307637,270.79120749511,273.039988501084,272.028181750569,273.669742659064,274.512286460078,274.784597164628,274.576941573029
161.481038811497,131.582912100919,131.277948903556,128.310547473883,134.905121775818,133.445629519559,132.595023710047,132.585425392017,132.830418739949,132.977727281263,132.551316391769,135.720313049735,135.758579926011,138.704165207649,136.03431696445,137.026711254728,138.218891932615,137.212288590412,139.393028681893,138.195394925519,137.914778901256,138.159632400085,138.232444169967
206.866895438257,202.696771348904,193.161593134409,189.864551638907,178.73270145764,178.739985427797,183.394340115496,181.746935266538,180.607412040968,185.238210308173,187.389437661222,191.436472683208,204.614605059217,213.363159041287,216.472189093942,218.118120534913,219.303625565458,220.468148934927,219.956964645513,220.956510880722,222.098659277808,221.777827604901,221.933412742959
196.796587432855,200.521901897008,203.12130343632,202.651530127186,202.580944879596,204.154076495754,203.60260908959,203.962234164881,203.752021667982,204.349963029427,204.143270459299,204.532006126787,204.705557572887,202.138207022873,204.394789454088,206.092075542971,206.205543298186,206.166439966383,206.851577773606,206.635898218036,206.655686601704,207.279115576834,207.175580737888
169.707556458455,156.059512348704,147.641992042482,144.370757955488,137.756901371454,136.059551133384,132.906862026295,130.792687605954,133.807771052462,135.504270564055,133.733050864543,135.465127963999,137.958279447153,148.976159560802,152.817468634914,152.323704272632,153.770094959847,155.872579738448,156.919511633562,156.556160793746,157.199673298055,157.408524606055,157.491119175782
172.603122253335,161.848031418428,164.189935373214,162.352680977668,166.070084103972,169.859699939044,167.434862017892,169.351949897061,169.740255609565,171.594297079074,171.514342861684,172.991868895246,174.867534377186,175.537845518629,179.328492169136,180.290115713249,180.169032060748,180.621408883419,180.807338120748,181.566227739018,180.898214985844,181.648095143244,182.072946476983
270.611699459594,279.613645119131,290.192926725887,287.873238512105,288.142927567023,291.240997717362,289.733222715229,286.163094725488,288.717502364634,283.640720500385,284.811513916401,286.736072368352,283.66910596232,283.154789839726,282.25787338076,283.148818964367,283.586658495712,283.025869918975,282.503268973824,282.720178214434,282.523441545178,281.842364780263,281.381714717771
204.735398116966,180.721336672649,180.1124687822,174.53617087274,174.6733763255,176.829989413294,177.327653068166,177.197058596774,184.923101880573,185.310112185804,185.732963005248,190.433400117464,197.123247985039,201.922400158287,205.625062570958,211.740538722335,213.376177518959,213.820506133402,217.694186430944,217.782809041887,220.640603244325,221.737938823824,221.765551194627
180.730483361434,180.720819705903,183.112235261078,181.92825040555,180.278492559462,179.592222551555,179.262573883288,179.844956784268,181.013239939543,179.7606309039,180.376547023445,181.994544622132,183.63394632317,185.232705634563,186.977631393877,187.879444433067,187.890477170637,188.378099435344,188.676162647059,188.735823210728,188.576854558562,188.573610516981,188.817214409871
324.220972461084,319.630537582166,315.34692999114,324.617849830228,310.378014144499,316.246912727701,309.72069816993,308.184774838645,312.415251265618,311.375279064193,313.89354855862,315.616191702713,317.703301175084,324.157449486558,325.716847903482,325.781789562497,326.725378296889,326.187994583271,326.71031990451,326.319496198879,326.865099497735,326.522872914002,326.228649356063
219.122772304506,217.614601257429,212.198123147096,209.541659606504,208.207498200802,209.597534438094,205.668024216646,206.411342583385,206.378730514188,208.595608656937,210.646487230896,208.725458666237,212.238224499274,213.242644233388,212.944785543785,216.293939659519,215.986388317398,214.352357724945,216.240160689981,216.832527672779,215.862827366058,215.8875505318,215.364433738615
155.721955715497,137.025480775205,142.54661351697,137.385884611211,137.689052354504,138.228079298047,141.002454465085,145.079922515717,148.364055590959,145.801788859166,148.102300263192,148.379982151951,150.843506641969,149.891059026681,150.846283450658,149.848982825904,151.125601063913,150.923697006323,151.544392797937,150.825204085838,150.851179534719,151.301554969744,151.478730350369
146.947382296211,129.556663927476,125.068041735922,122.477806250405,122.95490413427,125.765120278655,125.786239302702,125.426103281178,124.281986816531,125.911184747773,127.412721850168,129.72607353388,133.349161182152,136.737888999089,136.556153782222,138.810645310641,140.066033905031,139.445976661254,139.078788717303,139.521317329972,139.869246637341,140.155246471591,139.949497811441
