"V1","V2","V3","V4","V5","V6","V7","V8","V9","V10","V11","V12","V13","V14","V15","V16","V17","V18","V19","V20","V21","V22","V23"
31.6035668177626,31.5532752618561,31.5532078060315,31.558082702334,31.5574878669283,31.5550308020359,31.5547696209906,31.5563848631596,31.5535960778606,31.5542199972332,31.5569592242857,31.5564214314987,31.5551236075455,31.5547467770592,31.5540720249538,31.5536901385234,31.5537734048558,31.5558303330015,31.5567831796586,31.5575145324738,31.5545306171637,31.5562030135919,31.5540230190315
23.110628069505,23.0533165598404,23.0604664224817,23.0828135865779,23.0768476437704,23.0717246141705,23.0810527222984,23.0853268895,23.0802226567484,23.0776205024571,23.0892499665512,23.0817339456555,23.0831492900768,23.0920821287119,23.0809067150713,23.0877848076925,23.0896944080531,23.0821583181753,23.0837511187365,23.0927772311233,23.0831667160044,23.0877726096908,23.0872030009003
26.0158975426863,26.044191122034,26.0466481603671,26.0464181022646,26.0468750189979,26.0436729579571,26.0471201052306,26.0429605309532,26.0452276492315,26.0462917465026,26.040880126582,26.0434204830179,26.0452302987292,26.0441463661602,26.0455165055866,26.0421845997536,26.0463874051636,26.0428569738789,26.0420193076001,26.0455310984096,26.0365648599522,26.0392103748256,26.0391007915348
24.2012431912623,24.194916088325,24.1940913767323,24.1895163054903,24.1981136850985,24.1905485422864,24.1936276680324,24.1928366480315,24.1863634697807,24.1944692873932,24.1903754456385,24.1941588679383,24.1921395751355,24.1957657685739,24.1931242757886,24.1914225236008,24.194118388075,24.1884833218852,24.197352151623,24.1831632270522,24.1952027768241,24.1950063361502,24.1947995763724
18.7692025128045,18.7662343440899,18.7666486352981,18.760978281182,18.7643589636297,18.7646876169961,18.7646030982951,18.7673924747855,18.7640394527277,18.7638559305339,18.7645027472865,18.7639042322805,18.7640621090255,18.763570263857,18.7633842678196,18.7650137609048,18.7636239042496,18.7640952362734,18.7642667398531,18.7644901555858,18.7619028815421,18.7644021980221,18.7645881354491
20.2287388405057,20.4086757570637,20.3911190784519,20.3861849002771,20.4042126080131,20.3586647615698,20.3892824416654,20.3582333589918,20.3888103225985,20.3850817082034,20.3598186400366,20.3858390838131,20.3846339522562,20.3762296945973,20.3301539260657,20.369659992232,20.3436918346249,20.378306715888,20.3216503473055,20.3524228417534,20.3312461035563,20.3235591542007,20.3071416670201
18.167704344353,18.163760573568,18.1657247569938,18.1610330991018,18.1645168935337,18.1639674360611,18.1646958617325,18.16404730093,18.1646127851571,18.1628201707107,18.1623232681884,18.1628065749199,18.1653003861043,18.1639378880525,18.1636057065158,18.164118004819,18.1641963424361,18.1626155384216,18.1627113604604,18.1630433294919,18.1649953398993,18.1638157788034,18.1620342071319
26.9621665314174,26.9643293012702,26.964771319548,26.965031193594,26.9644362616666,26.9662464813397,26.9636251544268,26.965357048966,26.9639338221437,26.9659535445,26.9655893284526,26.9644351849157,26.9637490886496,26.9648103319552,26.9650831729918,26.9647262456416,26.9629830810126,26.9631964805758,26.9644728588569,26.9627997616607,26.9656493288566,26.9650382601135,26.9645247228796
17.3586219762393,17.3655999951911,17.3603896428397,17.3622375649212,17.3603073613322,17.3602296364389,17.361453976269,17.3603232122807,17.3611095371371,17.3606424704611,17.3605324958335,17.3591347833052,17.3596038181133,17.3597821279468,17.3617514413607,17.3600604811187,17.360346703241,17.3616722762544,17.3614651940793,17.3606383778729,17.3596728745804,17.3600581195684,17.3606144284949
21.9287248025791,21.8851807375945,21.8573362296314,21.8564065279392,21.854187416278,21.8541789815148,21.8550516319661,21.8554214589372,21.8555758381869,21.8569088350455,21.8609553883588,21.8559597371083,21.8587432948235,21.8517664262512,21.8561259869805,21.8557368092186,21.8539251465544,21.8549444271035,21.8599373658815,21.8581583763291,21.8626810321555,21.8562020086448,21.8610798621052
23.3788240528795,23.3988554302345,23.3873761081006,23.3912595792283,23.392798805619,23.3892574473668,23.3866764011493,23.3801739256799,23.3893908011549,23.3887854407749,23.3884729352276,23.3849440243837,23.390496855947,23.3938298135354,23.3896998078035,23.3828415028838,23.380219927985,23.3834702545609,23.3710853381589,23.3713864802759,23.3732930738039,23.3771031341568,23.3754268095283
16.9238065865363,16.9428227781892,16.9472096274738,16.9347128120893,16.9447339408309,16.94504930154,16.9462653330604,16.9378256278912,16.9445603232489,16.9426945139769,16.9448689899322,16.9421533944599,16.9429293737871,16.9438596559028,16.9396414836198,16.9448525827887,16.9426735293735,16.9437962300324,16.9432219844468,16.94497405387,16.9382615821143,16.933850062479,16.941703825238
18.2555990804708,18.3666233661257,18.3982427962516,18.3883607696291,18.3947599603705,18.3927065239957,18.3860183203667,18.3982979415149,18.3928576347779,18.4015248200929,18.3953550973408,18.4003668140719,18.3899388979722,18.3814646207314,18.3744635273693,18.377909615793,18.3728838733208,18.3647324609765,18.3601559549121,18.3671279347718,18.3539928384263,18.3556541046698,18.3260030088733
28.3206253237972,28.3543441171731,28.3602193610581,28.3559103019579,28.3590071130102,28.3536446106082,28.3521109295666,28.3684897534074,28.3540209080273,28.3561621289427,28.3545312274216,28.3573530868798,28.3537998313046,28.3514186133124,28.3521561705556,28.3562399926194,28.3535004062098,28.3578293529337,28.3554808490714,28.3573662268627,28.3576870014259,28.3557840684539,28.354474929333
25.8365883708728,26.0628052714883,26.0565607452239,26.0522053417766,26.0188402493228,26.0295333580298,26.0409995359382,26.0076314336893,26.0284603080122,26.0467414002569,26.0531768247186,26.0192843813646,26.0040763978446,26.0135523818361,25.9898618028046,26.0040226153163,26.0165789749661,26.0095862912214,26.0315889821133,25.9885678561756,25.989795508897,25.981552763222,25.9788422733172
23.1830487576132,23.2171388452433,23.2079040104615,23.2184012737524,23.1962755965988,23.2160891582633,23.2104692949351,23.2208492660877,23.2140561011417,23.2085822185226,23.2150404313633,23.2130703643116,23.2165183970439,23.2161493527372,23.2182608883317,23.2222527780553,23.2124241524772,23.2177064369987,23.2206389775716,23.2166101568993,23.2182521388071,23.2201512604433,23.2163346392439
32.8480536745229,32.8526534798728,32.8494661634511,32.8511949702388,32.8488941626878,32.8510804417811,32.8522059175637,32.8509729009651,32.849129889309,32.8526369075616,32.8512257005173,32.8485156638329,32.849011271736,32.8467541277598,32.8497255654541,32.8487288352892,32.8484421916697,32.8498915113922,32.8507426599439,32.8479466736519,32.848185582998,32.8491782012522,32.8496944980317
31.112512590256,31.0932963230955,31.1201886059392,31.1117480819401,31.1219640704459,31.1238181862223,31.1305505120319,31.1398297178636,31.1338063339986,31.1241463063152,31.1397291945523,31.1409118790341,31.1376351462696,31.1374563337405,31.1281635607139,31.1371508264768,31.1270858102874,31.1368228975109,31.1358017694597,31.1362686709829,31.1358336028935,31.1342036857928,31.138394716941
21.0474255063971,21.0570730695844,21.0735459042195,21.0592299698099,21.061316006601,21.0616713181942,21.0597194604291,21.0683536533578,21.0655984827414,21.0599362834855,21.0624974189674,21.0635739262118,21.0612542133298,21.0648410681934,21.0604247744448,21.0610643906543,21.0635159834686,21.061123464324,21.0619722637186,21.0626279487627,21.0620895232421,21.0626099122359,21.062275164515
17.6688626860916,17.6696858007554,17.6671598188648,17.676273642479,17.6759045216361,17.6694642144389,17.6710459231061,17.6741860104367,17.6711570930373,17.6758029061829,17.6667552140569,17.6714341821756,17.6706570450768,17.6761711824852,17.66562101837,17.6721494992787,17.6692286972619,17.6693530790384,17.6724962374248,17.6717653735741,17.6670955730277,17.6759582351097,17.6731029146424
23.8500242169988,23.9188057681839,23.9222082044872,23.9232832714827,23.92095418523,23.9208871110816,23.9208315021608,23.9148809908837,23.9151794383333,23.9212314798754,23.9214872765238,23.917442151175,23.921521883542,23.9209900868386,23.9152918781115,23.9230033794767,23.9178723421167,23.9227206384186,23.9168960009541,23.9293429252887,23.9176444300409,23.9209723637906,23.9137014313205
17.7612532232179,17.7619094371267,17.760150050797,17.7625892603837,17.7608880930908,17.7619749270023,17.7612992378918,17.7611067680464,17.7609510826267,17.7602001658774,17.761910954153,17.7615423277414,17.7614135809311,17.7618648217253,17.7615079681519,17.7611734156064,17.7614573354641,17.7607620074362,17.7610732261658,17.761458484889,17.7612406639888,17.7611524658654,17.7615213595995
27.7650107146379,27.7571703384186,27.7626748977434,27.7636880309151,27.7614549192325,27.7605069019796,27.7625376305409,27.7633569196016,27.7621132057141,27.7636612425938,27.7625292791008,27.7592972376642,27.765065078804,27.7655985052849,27.7594474199591,27.7631884573841,27.7617058974837,27.7603109450143,27.7611919554317,27.7615208376389,27.7622934857384,27.7616320101358,27.7643210714489
20.6408764402727,20.6807960914908,20.6800619146829,20.6827426343627,20.6771198309745,20.6867589946638,20.6718346841175,20.6743297467882,20.6705147886701,20.669345626104,20.6790945040612,20.6760960832331,20.6736417912175,20.679599043985,20.6720403133717,20.6754132436579,20.6748664760177,20.6724511000149,20.675570469425,20.6748898436736,20.6750634371789,20.6774047904233,20.6761492686119
23.9728806096165,23.9817793753322,23.9802378695179,23.9850756678102,23.9819944779706,23.9797923276898,23.9791663572364,23.9790817772092,23.983712446177,23.9809711571171,23.9818699244027,23.9818212223269,23.9815403041058,23.9847258180041,23.9818899850259,23.9845754670062,23.983856693608,23.9810102855569,23.980828388858,23.9823714040749,23.9831173828242,23.9842653172846,23.9843803666081
26.5134645674067,26.4889685912696,26.4962385676932,26.4875405774788,26.4883768103087,26.4879918425663,26.4947591114734,26.4925739936368,26.4937447962824,26.4852077225025,26.4882140056307,26.4949783577598,26.4917681460929,26.4904186908133,26.4997329005464,26.4951671382404,26.4925697615419,26.4931489462432,26.4925171293275,26.4858571635133,26.4919948274395,26.4891056127761,26.4891481593453
22.3597298742302,22.4085732055205,22.4082791820537,22.4103225103279,22.4155378822264,22.4018354664063,22.3994883003054,22.3981409362861,22.4139013730538,22.4067918863877,22.4164692917855,22.4035368247048,22.4078274094747,22.4067569175594,22.4074292490121,22.4149818563208,22.4065265378698,22.394904674098,22.4012936293076,22.4154215128771,22.3997694457493,22.4065623780246,22.4020911438879
21.247946181162,21.2252069192685,21.2252868391652,21.2267921636408,21.2239008616403,21.2255697404131,21.2251332848107,21.2232756378941,21.2254207783954,21.2235958528686,21.224890683698,21.2242084753004,21.2260236871289,21.2248891180147,21.224612365423,21.2244569741852,21.2243727050676,21.2251371281982,21.2233921932399,21.2236579511382,21.224385150941,21.2248151087259,21.2244376862128
22.758814824777,22.7727965495262,22.7576085777637,22.7824112885052,22.7669297814711,22.7754463411699,22.7704065982113,22.7779273650464,22.7684378674009,22.7780238144535,22.7601018864795,22.7711279683331,22.7674331686797,22.7568275716791,22.7621568045623,22.7612240879953,22.7640097795452,22.7554677469728,22.7551943680898,22.7691431063594,22.7547158639132,22.7489232865785,22.7530394937984
32.5890833938502,32.5208388178812,32.5092484563928,32.523418575925,32.4980377181859,32.4993684228821,32.5158238954774,32.5035455810324,32.5107059232311,32.5015920924619,32.5106691122658,32.5060078867864,32.50141182553,32.5081003396354,32.5061061882128,32.509032659975,32.5025689345045,32.5090078543697,32.4994700340559,32.5022730100933,32.5105127038217,32.5006532450293,32.5041263323262
19.6312708727929,19.7232024068526,19.7191885334355,19.7150831133655,19.7171860950337,19.7238553970861,19.7246200866584,19.719249989441,19.7194085757264,19.7182714774348,19.7224417742272,19.7194073456425,19.7239172440447,19.7210243692318,19.7223412962523,19.7207164616574,19.7222168895906,19.7212037414666,19.7246197656244,19.7222184915617,19.7196598472513,19.7200744514976,19.7256241979067
27.6283136958938,27.6199009217142,27.6213735615284,27.6226710835326,27.6218939986247,27.6215598222787,27.6210718089536,27.6211868382259,27.622156458559,27.6213018452033,27.6221242676616,27.6228505800364,27.6216489909294,27.6206851933457,27.6213840594557,27.6200869324397,27.6246636751293,27.6207483324242,27.6199734939922,27.6213920691929,27.6204369158653,27.6196847869449,27.6206628567168
28.0913184147259,28.0936891361222,28.0948282334934,28.0932657692819,28.0911377428595,28.091751773431,28.0939606652131,28.0926961727402,28.093071743817,28.0932417569957,28.0918531918313,28.0936834369738,28.0936227772676,28.0942298804337,28.09206375824,28.0930871965978,28.0926937939782,28.0917222351081,28.0920084107881,28.0945174710987,28.0932259934837,28.0932142964481,28.0927534695865
19.4044057832748,19.4012619509419,19.3988787122183,19.3889513408964,19.3930785603134,19.3896470402097,19.3887094707519,19.3877886630034,19.3915275090073,19.3894297806215,19.3890536015434,19.3868718241087,19.3887368809542,19.3899707363742,19.3885056691986,19.3879887797625,19.389097602724,19.3891286315007,19.389551668645,19.3897189631982,19.3875390278807,19.3883092899164,19.3881228529102
28.8289855019504,28.835767515055,28.8233357931382,28.8331784002758,28.8322548171676,28.8326549317932,28.8318073898228,28.8366859089285,28.8275192469435,28.8330196504118,28.8322583000818,28.8312242024911,28.8328110434743,28.8267473983337,28.835620245119,28.8282367911011,28.8360865929653,28.8270553154192,28.8348011176465,28.8329456106115,28.8277346452873,28.8297139787372,28.8354121148438
25.6837472778397,25.6944490022636,25.6859278063517,25.6810022099333,25.7004284091848,25.7024416587504,25.6925381750386,25.7036142862825,25.6960493765162,25.6934837691665,25.7009014719363,25.7000778137695,25.7001252511932,25.6964733698802,25.698423312371,25.691098255281,25.6995138551373,25.6961441122025,25.6940128113633,25.7005175330706,25.7004724570944,25.6975223281936,25.6906052893118
21.6910998098788,21.6617490145335,21.6784796957688,21.6790876510988,21.6786743398052,21.6812251649135,21.6804588739884,21.680583714753,21.6809935604455,21.6821746207906,21.6775583865708,21.6792757342091,21.6840270615247,21.6820096700218,21.6828548475229,21.6816525402875,21.681407149081,21.6843429674509,21.6870381282927,21.6870642765808,21.6802833853809,21.6840450185855,21.6827000615994
17.9005733505271,17.9022181788186,17.9045715280048,17.9030528952168,17.8995424392148,17.9127749416394,17.9131560186076,17.9123948539888,17.9080141662034,17.9030427706672,17.9109212503498,17.9102610800895,17.9128240704304,17.9122994842406,17.9057938554339,17.9134088586303,17.911229039059,17.9139248351606,17.9104345788783,17.9106285487474,17.9089800247319,17.9152300360337,17.913812391278
24.5171792883641,24.5203522867577,24.5220626544138,24.5203585894306,24.5191310555331,24.5201670344418,24.5215436174005,24.5212507731255,24.5201019115566,24.5176714301255,24.5221636533117,24.5194713515169,24.5187334592136,24.5202527358486,24.5195154842505,24.5215823904146,24.5206918135058,24.5193519624269,24.5204195894265,24.5208948502873,24.5209096877611,24.5195734301101,24.5202904066137
33.0253894684692,33.0341872300894,33.0324127594755,33.0329810435538,33.0277293817813,33.0280008666583,33.0307287151194,33.0321569554877,33.0322516269757,33.0293661637541,33.0305704880622,33.029619176714,33.0277508284293,33.0287452521261,33.0291044165044,33.0311859190016,33.0282565855511,33.0288695216553,33.0285169890418,33.0287802450368,33.0296019210581,33.0302535039313,33.0288178157423
24.7748863793147,24.7527302440947,24.7534207352929,24.7561990133827,24.755194398982,24.7485607064163,24.7521332966051,24.7623613233186,24.7547987169019,24.7543030273267,24.7536008545946,24.7505285594864,24.7498042836019,24.7520381389654,24.7486866996283,24.7526661505555,24.7522318383948,24.7538866097321,24.7544692726587,24.7512151822694,24.7509460413345,24.7501732290501,24.7519056053763
24.5729137117845,24.5761196569517,24.6037176730415,24.6072228399848,24.6105712778021,24.6080154529014,24.606092351331,24.6040113047466,24.6089681314558,24.6101909916331,24.6020535159032,24.6065945063626,24.6036482458453,24.6041995880855,24.599433170984,24.6066636947382,24.6053546443737,24.6094937450118,24.605148247867,24.6041373783286,24.6122972614868,24.6018676525301,24.6063485417712
23.1277902320188,23.1310707102309,23.1378589992422,23.134733684868,23.12870199652,23.1287994166721,23.1275718509864,23.1264516693473,23.1280947589796,23.1287924405682,23.1243401449288,23.126636589696,23.1273606553778,23.1276280349819,23.1278103076034,23.126855805235,23.1272145088187,23.126217874663,23.1288119483261,23.1264427083447,23.1241450565348,23.1301386761375,23.1259638795078
17.4876104883442,17.4938038720104,17.4976913943871,17.4950831290919,17.5011264036338,17.4979347999378,17.4948444010412,17.4998255562945,17.5031306747861,17.4963430669719,17.5017196914769,17.5013753833126,17.5019637997962,17.4979579759731,17.4974659309642,17.4973164258856,17.5003452435844,17.4966223644703,17.498742014745,17.4993735012833,17.5005099666903,17.4973567902678,17.4970308994875
23.189517450195,23.2434702747932,23.255177331042,23.2620008034301,23.2683516607117,23.2639030318887,23.2737202289059,23.2611440240699,23.2694756766815,23.2698860542738,23.2694655959361,23.2703819643159,23.2719897825446,23.2720300280743,23.2720059131121,23.2699560284464,23.2715742085038,23.2753583656503,23.2750381977505,23.2710818254858,23.2753246826971,23.2734843931936,23.2737215064998
19.1340395385758,19.1670654314461,19.2056632786667,19.1537681755472,19.1391208371404,19.1930446999581,19.1817870350311,19.1954004003478,19.1875374766335,19.1876585127408,19.1886491889208,19.1799708881501,19.1896509841892,19.1717033307315,19.2038812533753,19.1796453073782,19.1906685157344,19.1902434303903,19.2055794784121,19.1882210807581,19.1980733555904,19.1988551784021,19.184854158946
21.3492992265224,21.4428669841447,21.4152935207212,21.3996012932244,21.4064400336436,21.4079955604645,21.4162999214235,21.4050251766388,21.4104309556011,21.4050707843532,21.4065785908445,21.4108779571182,21.4075312632865,21.4068517484098,21.4047853430423,21.4067464336911,21.4058505439663,21.407618110696,21.4065946880065,21.4056266647259,21.408740546281,21.4080815239224,21.4060090765342
24.5330344391571,24.5280261780155,24.5216083724498,24.5304054946221,24.525421481673,24.5300591835799,24.5247823301242,24.5240873417124,24.5244509121093,24.5265982551974,24.5237575522925,24.5266807462835,24.5257386234328,24.526908025197,24.5214139150894,24.5262316931626,24.5243255951597,24.5249123418467,24.5226325882363,24.5253603806481,24.524153779859,24.5197229296547,24.5233984924069
25.9136250082091,25.9429297022219,25.9557725172874,25.9536831814922,25.9606974069585,25.9467457691564,25.9574755973749,25.9579005208321,25.9638671330672,25.9592512481501,25.9540110698835,25.9593187040051,25.9606357480085,25.9595902996106,25.9636483347704,25.9596209290606,25.96294070676,25.9635122682413,25.9654315697518,25.9630147198404,25.9602139591292,25.9648173614246,25.9626341178067
26.7379805568039,26.7173934049382,26.7513843090041,26.7484506524115,26.7616936370436,26.7579542127732,26.7655566298029,26.7592454842379,26.7591758035601,26.7648882679834,26.7706677182309,26.7707270072382,26.7725988124263,26.7645676444945,26.7633361992178,26.773137870951,26.7718257517372,26.7588706886331,26.7671070987622,26.7621227218836,26.7692311432284,26.7681049199792,26.7693488102573
21.8114064283406,21.8508338577938,21.8477076991346,21.8494115482669,21.8490985588646,21.8490996974783,21.8397616213185,21.8500811144448,21.8447973109201,21.8458010714938,21.8478095958671,21.8449391905462,21.8470475990224,21.8451304136391,21.8407059977123,21.8450442405497,21.8451151602621,21.8431538153013,21.8502887859792,21.8461632883096,21.8464445948962,21.8424813520046,21.8466680038811
26.6193022266893,26.6297207077373,26.6322410684068,26.6380409545375,26.6306658733621,26.6347897647967,26.6358698410736,26.6338592059837,26.6323978749506,26.6341059438424,26.6369926837402,26.6327566387278,26.6334915994988,26.6352077534159,26.6328060145477,26.6339414699878,26.6336780274926,26.6342870205487,26.6324365135029,26.6332620524295,26.6326542780506,26.6314480017809,26.6340302499739
18.7690530469107,18.7701730521601,18.7708629773661,18.7692797963331,18.7684729578845,18.7679690818365,18.7692991807824,18.7677816757037,18.7692323773353,18.7674662380312,18.7700920107605,18.7695861973383,18.7693562142827,18.7687803531926,18.7689001017122,18.7701255682802,18.7689652842962,18.7681162363887,18.7689724995831,18.768318171766,18.7690404351754,18.768427833029,18.7685847474669
25.2080796784748,25.2101613486781,25.2143414906242,25.2163623415168,25.216412530018,25.2126276145074,25.2151218131577,25.2133351815877,25.2130546634761,25.215307315115,25.2157614057229,25.2135681795835,25.214982992205,25.2126812500685,25.2138451534365,25.2146399033222,25.2141332119637,25.2147918197072,25.2145311066611,25.2143067072263,25.2160252439078,25.2139741013068,25.2162660373956
21.0738745126114,21.0765175244119,21.0781179226778,21.0751380648218,21.0765487596077,21.0769576162987,21.0756460884645,21.0765885001547,21.077308281537,21.0805549918476,21.0790120822758,21.0763995520657,21.0781209038154,21.0796612421867,21.076860497612,21.0784640906946,21.0773640758651,21.0799289882287,21.0781061726923,21.0778802188643,21.0773966252674,21.0786487480926,21.0768578541805
22.2308437456517,22.2968664234644,22.2982344185992,22.2982508753416,22.2996015388565,22.3004621354085,22.2986934048758,22.2986847278481,22.2976745048287,22.3001958281312,22.3005968110831,22.2974010592146,22.2987854912929,22.2950348060993,22.2965191032801,22.2967066043822,22.2972672580146,22.297464229594,22.2976731223996,22.2970407851911,22.2941318554658,22.2918297625838,22.29387141671
28.8006939016313,28.8416671178155,28.8416383372055,28.8349897340928,28.833409202227,28.8279183048353,28.8306178640958,28.8294701039433,28.8226203397648,28.8276913621742,28.8248596087284,28.8293161732445,28.8237408792554,28.8230828635748,28.8281697556969,28.829877309615,28.8211982777187,28.8220311629791,28.8255271000906,28.8217984469624,28.824548661371,28.8274603846144,28.8311437218549
18.1628588971806,18.1782667377834,18.1828024070234,18.1941148559173,18.1903872868642,18.1883635567381,18.192463024108,18.194614637279,18.1970929251124,18.1870947233146,18.2001645879586,18.1967853273107,18.192135532891,18.1955017050146,18.196434375731,18.2003702300484,18.1987003027738,18.2041120533384,18.2024677897997,18.2038903055797,18.199817841037,18.2034052039699,18.1846403748785
22.2226018140672,22.6097182698018,22.6023453186057,22.611667550401,22.5986914898144,22.6014808514978,22.613969476311,22.6061294507773,22.6020404086903,22.6027769093672,22.5996769454828,22.6049318962985,22.6055276427602,22.6016838879045,22.6059026331363,22.5972919042154,22.5925837728065,22.5988670038386,22.5957957785326,22.5934200109335,22.5770937531124,22.5765025164271,22.5792191819401
19.2289791930059,19.1909304034373,19.2002772960722,19.1919078108714,19.1890787398964,19.1939015905853,19.1926550802285,19.2007087353339,19.196067185549,19.1923544052347,19.1915077274317,19.1974472389333,19.1936763355032,19.2008475346947,19.2023334908046,19.1958038060318,19.193988661194,19.1988253989466,19.1926931791245,19.1957946591355,19.2004239815944,19.1943039751992,19.1963177633369
32.8265062581194,32.8255399571459,32.8304637017924,32.831964373205,32.8246198347581,32.8292236016582,32.8264415305271,32.82808719774,32.82536240725,32.8262522122792,32.8234767559932,32.8312631242612,32.8250813381944,32.8281369436757,32.8276781272106,32.833471772314,32.8221162733079,32.8235745661805,32.8269279649489,32.8280620266795,32.8277717955221,32.828214131521,32.8281322151594
23.7746270922396,23.7915556734985,23.7789652629637,23.7915613217371,23.7886381313392,23.7844192436448,23.8008488383265,23.790791977562,23.7927651252538,23.7946902917334,23.7970805458173,23.8003709417236,23.8013108005899,23.803239407031,23.7941573515879,23.7959822313713,23.7881437259089,23.7881754535922,23.8029599832488,23.7972700312819,23.8028573047961,23.7997557691659,23.8014690372364
23.2250130251679,23.2439184326127,23.2465227678551,23.2448689174506,23.2459759368275,23.2437186437864,23.2468915752739,23.2473741505603,23.2434817770674,23.2476315772349,23.24717590406,23.2453603707249,23.2470607552069,23.2470165318327,23.2463710230878,23.2471954925687,23.2448199088807,23.2459701513977,23.244508212976,23.2450014021424,23.2471337516113,23.2443962780592,23.2441827897513
21.1779662844956,21.1613482465213,21.1564873363614,21.1610913272388,21.1571665279139,21.1566901309231,21.1567070808827,21.1562248523048,21.1568741052121,21.1559134494116,21.1569215792644,21.1562220927235,21.1563634125357,21.1548919237842,21.1563110351137,21.1573716775717,21.1562765294566,21.1560317163973,21.1560274483188,21.1559114325982,21.1567493083553,21.1565979269367,21.1553298595275
21.9709215267091,22.0080530243851,22.0057814579714,22.0118390397883,22.0136323962367,22.0130100649758,22.0125976297844,22.0166971362479,22.0134678967319,22.0155151989457,22.0190597049587,22.0182439723698,22.0192571459696,22.0178498490324,22.018878869133,22.0140990516043,22.017469109823,22.0138500047881,22.0149109443387,22.0142407720449,22.0133003502323,22.0167511838,22.0178768469295
21.8371423474065,21.8530124543858,21.8543816887403,21.8536970600256,21.853757626942,21.8554841567353,21.8559000293306,21.8574945643699,21.8590663067975,21.8562977226025,21.854026131487,21.855004843736,21.8560135541594,21.8553671703264,21.8543750107747,21.8558429265098,21.8552426470108,21.8566503321674,21.8569133858021,21.8565829603555,21.8528489327602,21.8566975331558,21.8544213352032
17.0089166996086,17.0105740394744,17.009527292429,17.0077017631796,17.0080068120062,17.0089595174993,17.0088045841561,17.0075929436338,17.0091334851094,17.0091924046542,17.0080722445158,17.0087087258431,17.0094809318936,17.0085148310512,17.0077342293915,17.0091752338524,17.0092332755342,17.0077704671661,17.008801242377,17.0079447768198,17.0089607410955,17.0094095569439,17.0094499484064
34.6267996561378,34.6415845362752,34.6378278517948,34.6553732033436,34.6355821792354,34.63997376346,34.6405322834872,34.6330070825446,34.6367350707935,34.6361457937174,34.644633562003,34.6339425405758,34.6348842498718,34.6348674684143,34.6342329601913,34.6417283855875,34.6362801305106,34.636182937453,34.6369180766805,34.6352175824864,34.6397238452338,34.6368944494788,34.6354829758882
19.852727983274,19.8468700859132,19.8548990042426,19.863972092863,19.8551322164525,19.8602248117866,19.8609467477776,19.8596884046292,19.8554224893201,19.8614235213263,19.8590865543314,19.8621285107127,19.8616017802953,19.8548507563652,19.8582153676353,19.8656558929131,19.8529441735807,19.862054459208,19.8621708149402,19.8609480904497,19.8569448187933,19.8633773389485,19.8609160291028
20.4881773794149,20.5274345129635,20.4832946661251,20.482817514753,20.4885519836145,20.4861900481595,20.4788892967428,20.486665010491,20.4843568228751,20.4869419680822,20.4810767675661,20.4794607716193,20.4817739950105,20.4833184576482,20.4798348800713,20.4797232458186,20.4820232754518,20.4768460552464,20.4789694846366,20.4790480843436,20.4798507612099,20.480964211561,20.4790675802796
17.8137389581433,17.8553121523961,17.8533587647378,17.8565728265793,17.857499357185,17.8661558516504,17.8663147438029,17.8658064758776,17.8692890248628,17.8680234637437,17.8626169128407,17.8703488135557,17.8702879348262,17.8692073359358,17.868398174404,17.863041773472,17.8725040273038,17.8689988973127,17.8664333941276,17.8691823758846,17.870779525009,17.8730438251014,17.8683907155577
24.3288600403935,24.2455003653804,24.2538411256635,24.2554660064145,24.262533901886,24.2485065268807,24.2515938084338,24.2516658320417,24.2492624918993,24.2513047022752,24.2533324641128,24.2545252758597,24.254274787844,24.2527577513696,24.2491679371351,24.2517028220752,24.2498900801439,24.2512866187421,24.2511362489036,24.249527019565,24.2518789510028,24.2503272192626,24.2519286191023
22.3123929955602,22.3223649108782,22.3213975288447,22.3025657779501,22.3191443804413,22.3120043396074,22.3156107186872,22.3164005632768,22.3127706532623,22.3103993199769,22.3106480160297,22.3155194722208,22.3209668746996,22.3253994713899,22.3158542036864,22.3195370290292,22.317554597537,22.3197692714802,22.3089737651435,22.315215949532,22.3147905469894,22.3115842175309,22.3213172634882
19.8222809927139,19.8198328080894,19.8220150606361,19.8201099146987,19.8240055997242,19.8220828387092,19.8219244052258,19.8219717833371,19.8235928227718,19.8228913895869,19.8249708962599,19.8212085314812,19.8218645671377,19.8202975565684,19.8226504008732,19.8203257506931,19.821909103365,19.8230261608288,19.8206632286353,19.8206048121219,19.8210118934137,19.8206197651428,19.8201671594582
25.6314985044166,25.6330967259569,25.6401816987991,25.6383187555534,25.6377570129182,25.6383055002755,25.6407033646783,25.6383553247899,25.6398234476077,25.6401248163989,25.6331573927883,25.6397524878967,25.6367006187479,25.635323868254,25.6378487680257,25.6348130207054,25.6399235031181,25.6363677886515,25.6397901318284,25.6352597246651,25.6316864670861,25.6314248915314,25.6363759322223
27.6105832042517,27.612188885195,27.5940013248668,27.5967833943331,27.6049793853173,27.6025396905705,27.6008924548401,27.6079137312142,27.6042011167902,27.5945387512256,27.6168563785532,27.5987848265267,27.6116118180733,27.6124335149067,27.6035654063823,27.6034454041486,27.6087142327841,27.5987862494802,27.6055577237567,27.6039086857072,27.6081214421411,27.609548896788,27.6057210098893
25.2675570928854,25.2719207748085,25.2728270510638,25.2783300981442,25.27863300428,25.2736860237683,25.2735418916143,25.2755848201359,25.2762176308438,25.27555006593,25.2769329278999,25.2747636339195,25.2732673174322,25.2756627306248,25.2750631720388,25.2768939636702,25.2770531624477,25.2731611569287,25.2754738868133,25.274468562605,25.2744028704696,25.2725452353073,25.2739500118411
20.6921671097671,20.7644026837517,20.752972762894,20.7566140531279,20.7601274844959,20.7609358506284,20.7569822350668,20.758236331797,20.7615063215466,20.7565428615043,20.7505649055522,20.7595496437201,20.7596447644834,20.7612287525591,20.7505762289299,20.7630335355509,20.758352689447,20.7626140421809,20.7558935424636,20.7579581793315,20.7544795581823,20.7579933593729,20.7458422069794
21.5520836057283,21.5550811651347,21.5663209892643,21.5685989236816,21.5601699196469,21.5665746409321,21.5611650082352,21.5683336745389,21.5702670752897,21.5579439109249,21.5603510412315,21.5610660746389,21.5606636923028,21.5572997224237,21.5573572171287,21.5606524212093,21.5599517155421,21.558646721069,21.5553289219199,21.5598159418698,21.5598135089102,21.5614326192559,21.557073388732
19.2929096820118,19.2908190696226,19.2896890556529,19.3008612232424,19.3146360261373,19.3011496230008,19.3089723787924,19.3117655147306,19.3107462362909,19.3090343140456,19.3140684754963,19.3062003286279,19.3080584945501,19.3078704789764,19.306473881116,19.3170828888467,19.3155591377547,19.3113163819804,19.3125185160338,19.3117114990174,19.3130350543899,19.3165000867599,19.3136159825511
18.4551017177066,18.6292852936604,18.6190803934294,18.610575847132,18.6193945137308,18.616813913637,18.6331693852429,18.6145397119968,18.6114488344742,18.6186785206135,18.6185658032222,18.6166048918253,18.6116555050205,18.6178162399981,18.622004469608,18.6255494585609,18.6150919293046,18.6199690363304,18.618566618072,18.6184883751806,18.610877312043,18.6175130329699,18.6111677225698
20.7070035603106,20.7143038680341,20.7112190377507,20.7113749263395,20.7127816380229,20.7135291846744,20.7114975350624,20.7112241562553,20.7136192489975,20.7090840072013,20.7177996514458,20.7149565856447,20.7112239279154,20.7147174554815,20.7113999973993,20.7091748830861,20.7154029207165,20.7091788746347,20.7133115465711,20.7131879201809,20.7100684402702,20.7090751348025,20.710730013989
23.6449978112632,23.6198140749993,23.6495723729854,23.664849126834,23.6299256094324,23.6419623236072,23.6303476129685,23.6371062029617,23.629775865691,23.6329008086749,23.618978859896,23.6330840649685,23.6356374021662,23.6450945896805,23.6293752432646,23.6328392107228,23.6448125829062,23.6217272431552,23.6505129069386,23.6278503921279,23.632718857879,23.6209962501253,23.6496191968306
22.2879362706734,22.1632336640475,22.1659007237566,22.1629622899643,22.1608238783423,22.1631418748999,22.1654376926869,22.1763474988702,22.1642614672054,22.164887754807,22.1635160730134,22.1643760636439,22.1657877654927,22.1642447450564,22.1630663507912,22.1646218471246,22.164888546008,22.1635806042689,22.1637673392352,22.1670256464012,22.1674169460484,22.1649847873745,22.1655818811508
24.4957639943934,24.4958434476326,24.503286102011,24.5012996938596,24.501984239121,24.5023170431657,24.5028919539482,24.5014005937363,24.5041089028246,24.5029244010385,24.5067657038799,24.5032550451391,24.5040987422786,24.5046007214064,24.5035149326513,24.5036283626544,24.5035269402273,24.507308274883,24.5018869154969,24.502946516516,24.498995118344,24.5007947566759,24.4976517005167
22.0646368684831,22.051680148475,22.0617700294569,22.0587755548922,22.0579868428615,22.0605675308498,22.0541592424959,22.0619147665851,22.0601232648877,22.0598457904275,22.0618020868275,22.0575621045312,22.0545746323273,22.0577549260437,22.0568941135544,22.0597178090821,22.0585918645155,22.0562663358126,22.0583937885687,22.0602192899031,22.0582284658551,22.0579880465894,22.0515717609128
24.0005903051424,24.0037740450351,24.0078831664803,24.004014861189,24.00446195778,24.0072716938832,24.0086942692444,24.0082622237923,24.003749990288,24.0073054338942,24.0074356052518,24.0108716338426,24.0049814391704,24.0040558431738,24.0127754054259,24.0049331731763,24.0024829144221,24.0047710226423,24.0077241093452,24.0071467363039,24.0005531787556,23.998987163628,23.9992536390509
16.0004201348917,16.1360567985644,16.1438904360856,16.0912010568936,16.1394715460183,16.147521263745,16.1063223124294,16.0898904614481,16.1116899181683,16.121935677976,16.1370249754798,16.1319868813621,16.1225837569711,16.1099170133226,16.1060922370152,16.1324625309882,16.1592648772419,16.1496438098903,16.1074448653613,16.1197264626764,16.1363518923739,16.126622639454,16.1252573682835
21.9997282664111,21.9970933471956,22.0108632846385,22.0306843746702,22.022155726481,22.0257043161199,22.0275987005247,22.0269467878074,22.0290114165302,22.0295178457265,22.0277433809641,22.02853267346,22.0316190190865,22.0311776893471,22.0339490253482,22.0345290736068,22.0365756132097,22.0265402031406,22.0304233074848,22.0358444614005,22.0305792489693,22.0227099049246,22.0253586627685
14.5352802161427,14.5278106578241,14.5277824101173,14.5312668808041,14.5249132694753,14.5251574303748,14.5259527186759,14.5256752269417,14.5238754512093,14.5245420578764,14.5240543615129,14.5264893045927,14.5250363966919,14.5245113613236,14.5244057088737,14.5241175220001,14.5261805224645,14.5244221687211,14.5226678666115,14.5240080585919,14.5234729153804,14.5242576809513,14.5236710897568
22.6147472490599,22.6553219833252,22.6654681020274,22.6683472292651,22.6726085104358,22.6628649738555,22.6647284896463,22.6727754416839,22.6749909240109,22.6658571719645,22.672096267746,22.6701971262779,22.6657183720171,22.6723832730795,22.6658186156133,22.6663660010235,22.670119531029,22.6677225403221,22.6704413627437,22.6737435835384,22.6659326883088,22.673647506937,22.6726446787197
19.8613963159404,19.8629233126475,19.8641847787977,19.8641152151549,19.8644535639596,19.8651726612379,19.8646695289718,19.86535155928,19.8655846412403,19.8666244019551,19.8644365142386,19.8652939932668,19.8647594009683,19.8657526954616,19.8633649321239,19.8661837207642,19.8649404724252,19.865259618876,19.865222822784,19.8658576363127,19.8644367657238,19.865174121352,19.8659845254228
22.0406296768174,22.1052925017773,22.1058502162408,22.1094005922623,22.1133331566742,22.1137416170422,22.1188032835071,22.1110217471834,22.1165027805433,22.1214702335787,22.11268745564,22.1176863998279,22.1156792449001,22.1187162346003,22.1150822212907,22.1164957155687,22.1173459448451,22.1169079742551,22.117595084139,22.1251919070776,22.1190647592557,22.1124217583002,22.1204840150428
17.5263022373589,17.5163290100279,17.5238421376685,17.5228791677105,17.5253769181577,17.5220238373431,17.519846107975,17.5195100004131,17.5188994142731,17.5212453878014,17.5189282165602,17.5222864512259,17.5213848698056,17.5229680216515,17.5218949249107,17.522279639932,17.5216554306104,17.5209727450436,17.5212299730016,17.5218503077519,17.5194688699373,17.5207859135791,17.5217428172846
16.2369864747653,16.1110872852937,16.103180013109,16.0982242575621,16.1091165041746,16.1026701170694,16.1024442768048,16.108583988371,16.1065874913768,16.1029715107423,16.1068462269571,16.1040003490667,16.1019424801769,16.1066363803859,16.1023401843742,16.1045684529917,16.1077715269583,16.105969257722,16.1053245550555,16.1010573197278,16.1068164961928,16.1096726703178,16.1038532910159
27.0503688689414,27.0400348104369,27.0399353653385,27.0360929024484,27.0356661846795,27.03608098628,27.0377254590006,27.0378317414073,27.0362981550483,27.0367928219862,27.0352938763388,27.0358275139089,27.0363628527776,27.0355521387479,27.0353052749128,27.0364853672262,27.0358616372732,27.0371935838608,27.0350828672373,27.0352860914822,27.0351442963163,27.0362034942102,27.0368324048858
25.8602259669695,25.8729000585742,25.8620845457396,25.8700629605759,25.8717530763715,25.8712541591241,25.8707202893453,25.8756942611911,25.8749656684431,25.8750061559517,25.8744908057839,25.8729473722932,25.8755958020732,25.8723028906721,25.8751278059667,25.8725025284829,25.868841790314,25.8665819439805,25.8691016207325,25.8721402648398,25.8706835852442,25.8710417384159,25.8653299472795
21.7009552322683,21.683307320177,21.6839789053453,21.6816027700093,21.6808300796657,21.6789400058073,21.68369864241,21.6825426545142,21.6795484409181,21.6843310167986,21.683733542166,21.6836090531807,21.6832848228886,21.6805747519748,21.683206728242,21.6839665156445,21.6812521318688,21.6803853694327,21.6814932570607,21.6797298162931,21.6797187541143,21.6808065785687,21.6787672697714
19.0628944177401,19.059549693608,19.0882500622725,19.088926501523,19.0869693040575,19.0852084310204,19.0921746830539,19.0801094704272,19.0882068344477,19.0838479531963,19.0861181408024,19.083888607464,19.0891204044544,19.0874996921505,19.0880395128284,19.0907997991577,19.0931412826617,19.0933363280222,19.0910210029198,19.0921845294692,19.0938065602353,19.0908559197973,19.0868071205961
14.4371394045135,14.4395120795817,14.4386526859701,14.4326946572897,14.4374122707848,14.4361252422051,14.4373733211457,14.435212670761,14.4385142396149,14.4367728728649,14.4387921828657,14.4382685921186,14.440177293622,14.4397456260652,14.4338006899454,14.4373001013552,14.4366011899557,14.4398195403933,14.4368984413975,14.438485493165,14.4375250825357,14.4390435467669,14.4408694122584
