"V1","V2","V3","V4","V5","V6","V7","V8","V9","V10","V11","V12","V13","V14","V15","V16","V17","V18","V19","V20","V21","V22","V23"
642.485508296389,676.818852309066,691.297731750387,689.393595269177,687.12028065019,690.90571042974,681.691112579483,674.686224294289,671.188079832282,670.69743724338,675.10472072176,673.714112887896,660.832979469005,665.577918377977,661.381840492866,662.348344125937,660.570303249847,661.199391611577,661.54895586438,660.529813857524,660.095783199405,659.228862638392,659.549857092705
630.303542425989,585.641303501714,597.399920805831,601.116866808342,604.035198318274,606.067710682986,612.516742385506,612.432693544173,613.695187671942,610.776609172961,613.781267644995,617.274454689819,617.823108399723,618.73610327677,619.114466923719,622.71699739738,622.064202801184,624.757889729357,623.581206416438,626.958886426771,626.438814032617,626.80812473678,627.917538039312
343.286994783485,329.613215583451,338.41222099609,335.666790299213,323.497747522889,323.97824211172,327.306041247016,322.610027695859,327.37705360824,327.634083873533,327.949730366428,329.891452621291,341.182129552068,347.623254899985,351.537941489171,354.480125516761,355.886738709308,357.61525893161,359.041709114567,358.931800702151,359.596913778277,360.090073908592,360.916268090246
398.451437078822,406.540707590401,393.037586843671,388.722745120973,390.962766570593,362.595621216361,374.441189051979,365.27377062829,377.158431803521,378.924409562951,387.286489343932,392.355309603308,412.632131447607,420.636337925479,423.823864071103,424.867382700091,424.00262317621,424.979531792838,425.326157977029,425.303548822542,426.260898307686,427.141133764146,427.277769652561
283.589284119061,187.94997797766,124.230423881597,131.00575337645,131.915201969104,150.785428806737,185.420638561013,194.628062773248,207.095622331393,212.397542571236,235.287084792027,250.136056681821,288.447675134597,296.197445074916,304.915831758482,307.804928045129,307.934568380785,309.503551655551,310.555625075669,310.510790633903,311.332280178836,311.45460175614,312.323513736977
197.444451429429,113.994243477235,85.4362956746716,87.3545065101309,110.807209673425,130.241529085043,162.873590457451,182.50147066878,196.292683375329,218.0159295326,228.103511285974,239.43450853146,263.295542855073,271.941376230507,274.755763715041,275.799171521097,276.747362438512,276.737135839663,276.439849829553,276.910646953088,277.731099406627,277.619043964907,277.597832869518
506.912393518096,528.572651771815,528.1388815183,536.033198711757,541.756716620302,545.281329896634,533.342540869679,536.390028029238,534.769094988163,522.8016348291,529.877980967852,520.022350933608,516.872779043414,513.029955468928,518.90347115505,520.715910037162,519.004334250546,520.023421734528,522.006115353005,521.148805194326,520.384239839813,519.258824926469,519.000684962975
659.42417712746,640.254753709532,636.061911622559,627.823016222016,624.034137792726,636.64965344145,638.8350527147,642.543813173038,635.255133660197,636.404483642407,639.303250417139,635.175618009723,646.270744905826,654.288675770731,658.707846053356,662.582145444066,663.108296654605,664.726005480365,663.357604446603,665.012931459216,668.351742725145,669.737724910033,669.41371522546
236.572783319532,207.763114065039,214.179702098926,210.550725262268,207.164166213545,205.737152168437,202.832833118752,205.023612710278,207.689650311805,208.321695703907,208.564689465092,210.175314017446,210.990407159974,216.580797257953,219.226184482917,221.809746255801,223.698139615473,223.23040156306,224.06092581909,223.69356159436,224.302773271875,224.511902422338,224.746332724255
349.302549223179,309.782331361373,315.277152844558,306.303978363955,304.086420658222,299.340297068988,304.588251088577,312.383968230501,318.30739017308,317.289968786707,326.442161788991,328.908754708296,339.249474949251,346.97539652732,351.073280760381,354.280563605729,354.547679306296,355.141590174907,355.199114115387,355.358407163684,356.127210417651,356.087744265281,356.149644078283
236.400559991384,132.291845966307,105.379259147603,106.802476666021,115.153334741265,137.568086991452,155.395171675698,163.20668845952,178.409892306601,185.786675649137,194.490442920126,201.248784765393,214.902726042507,221.847663480068,226.113178485632,227.839769675211,227.741559513579,228.5974845989,229.751022266189,229.444508234524,230.161753491201,230.757396810533,230.764447065677
327.612914639591,321.798532696462,307.513643550968,301.656953244689,288.507001232316,295.96303690595,293.092184277478,301.41727646994,305.898469464589,309.7247173738,311.139834136185,319.155252061967,329.881506004165,337.557024726651,342.661712981278,341.963248016218,343.368820108265,343.727999128934,343.932820087356,343.783053862746,343.915075578041,344.619693687599,344.41799264833
207.029887710626,213.838239489651,201.772802741792,224.080267639655,231.89362093949,263.360819906289,277.019354581004,314.027387007197,322.847761429522,318.395261670675,334.437042148821,336.95308597077,365.73881822856,373.65546398392,380.990669447014,381.988488652,381.152302538235,383.442209867744,382.402844014388,383.263203678293,383.787373672169,383.241792005115,382.914835486314
742.682031799003,740.810810325939,743.802965224396,754.496785880864,762.641070903325,759.46884047677,748.947285939816,749.901710518089,750.605141028469,751.979184119708,751.630797344114,750.781190666854,753.248212248935,749.734405575715,751.987109990335,750.793945908163,752.684322516765,753.377238026075,753.358065996605,751.701797589704,753.006863727766,753.531448060331,753.674260198954
266.003877283321,148.461564206828,130.144579897138,145.766469144458,168.075277152188,196.443445432878,219.461711577202,233.547273882005,245.260016228529,250.201759820996,254.108533884279,260.470681197281,274.83408884836,283.387857670314,288.128807532833,289.959362104889,291.371163056082,291.268972758112,291.101067831138,292.977283732629,292.61262523721,292.539017312033,292.785215289837
248.050483335436,248.896465276382,246.15903974353,237.539677233093,245.79215288537,261.350724336513,271.925617096078,276.389785390344,279.151937113262,283.353340584589,282.674857513143,286.40042617728,287.076244404998,286.423776032938,286.584693864729,287.135440792477,286.253300611652,285.969615204628,286.394384707262,286.974054249767,286.172460960467,285.621206938672,285.512534818585
360.583549852224,278.733778310673,277.488902751034,282.096744607654,279.265882560342,277.509389218402,285.914930066684,287.967159912364,296.233580743368,300.066781240963,311.095972727932,312.68105970335,341.107582116167,353.657068059711,357.140865203503,361.790616041052,361.412823480591,361.596958989531,363.107980028255,363.334310063752,362.327206627084,362.594269439532,362.792372980002
389.848542868828,328.034773039256,329.340892116884,333.253257446294,342.024219070234,363.389869489621,373.698921329412,382.788595712983,394.30064157702,403.26481166562,411.237228637412,413.361945999236,422.761612122315,432.411812535559,434.657915633258,436.700189153367,441.090313884107,442.319132137032,443.211322290676,443.929511245405,445.918046388372,447.697932523383,447.831954117927
305.183544723307,232.553141859583,217.017809218406,204.26243603914,226.67669756273,231.157899849991,240.291418909421,251.452817965458,259.024721432727,258.887626012946,259.613096081648,266.847822155078,287.142214073657,291.697265954259,300.751288574412,301.832387811642,303.572131257204,303.526863818979,303.867761783187,305.004116012783,305.757171753181,306.0664879503,306.159543166684
157.835197411865,114.677885710092,95.5098717370335,85.0334209387147,103.841563634957,122.721927959929,128.785189182486,139.493917867041,146.553226463627,166.223121821925,176.061394502125,177.55209085407,196.240728810061,211.876519087568,221.045431936275,229.439517119859,231.437785251141,234.74790281666,235.057093277714,237.477590642041,239.996666353122,243.593368472002,245.353441407157
500.492074096468,523.179892589381,522.675575269786,517.779082046772,516.48963293609,508.314506099634,508.638619575091,501.559402935515,502.347709094575,506.023611656596,501.66256998492,499.683337580437,491.91133352826,493.62313067158,492.462065944499,493.450945760425,493.147278504141,492.71928297673,492.361893584432,492.126372118156,490.327747338592,489.632816187906,489.501557673343
232.222537358065,155.262791315324,135.379189277953,141.646149431336,167.173349320333,183.462749155955,205.328688718452,216.683200363597,228.876353453752,245.720003833737,251.307927168014,253.273473118488,269.813876554254,274.344628922813,276.449734107049,276.880635871485,275.680261997639,275.637323497264,275.492543485522,275.842565581305,275.477349920314,276.227867649548,276.497877342537
275.37385578839,172.631874666285,146.445319307889,135.090924184698,139.382107287284,153.330553188218,156.077502552554,183.884052354248,184.496734397874,189.475425467783,197.237033319429,198.754133186681,208.904967474469,219.213383425673,228.248849763656,232.847105577778,234.751536273694,234.710791008076,236.957835674116,236.887110705935,237.655703988744,237.58295701436,237.892837564698
323.664853450745,140.497323858298,98.0966187359743,115.672526260608,130.783130608431,183.67015117952,206.889629425518,228.780585374787,249.19260714373,268.044668853747,280.950775257841,292.219661521386,318.928361651157,324.336090047768,327.916331725887,330.62242383138,331.586905009423,331.425411673313,332.263140404203,332.184332526718,333.26257599691,333.127539343812,333.772441852776
453.061753490614,485.813271974029,478.333594399986,481.125400332006,473.840662204594,466.204916970466,470.90992189136,457.608964459384,458.217407754397,460.616444795197,452.944151699679,455.126469350747,454.277702203507,455.355628056569,454.202650931095,455.686778249277,455.019126868107,455.939610420161,454.798356537455,454.695605237853,454.848406201397,455.029458754802,454.852158714859
536.067735286727,534.015251158029,539.177126210074,524.956585687532,530.823116575469,532.538300976295,534.955451371648,532.433970235003,536.717854765647,540.819400186427,542.972743542726,540.527431353714,543.652467622862,548.71322273172,549.994293722667,552.109300775455,553.19762221631,554.546681634444,553.938544036602,554.066358293061,554.760293122676,554.789513283179,554.972824519993
226.782336069258,119.627215030792,108.219739818454,119.287953792476,134.229198870413,158.081099165285,176.063361974015,185.718094996755,198.624105068852,209.930836780367,227.951976713973,222.247458729555,248.620954246188,254.512816207276,263.445074586781,263.704891150537,264.595390087464,265.816902478209,265.125532427236,265.095935950154,266.345474586877,266.564446239465,266.326289981359
282.919767455577,250.399313578246,235.125085243242,241.288901913021,273.370563433565,308.595727711345,322.4380827007,327.887750940991,350.367701302381,346.350115906423,360.741414803033,354.259439264327,377.051130833469,387.890425478044,389.74104739531,395.684345488063,394.529250404884,395.912894915942,395.933380837529,395.627681848017,395.677837144646,396.32175621334,396.947424746261
639.521690911102,626.984446630164,623.481695402747,622.09226732424,617.772453912059,615.126236749406,611.58080772808,610.54514361223,606.135255197641,605.76075137165,605.847808687329,606.019521502657,596.244759226892,592.419717116877,588.105802743551,585.005634807312,588.122614515702,584.855761103485,585.152522488495,586.480653844174,586.916121264616,587.58569016679,587.642602667333
448.26704192265,450.266096190922,446.174914203633,449.686400333855,438.894090664778,434.3404513907,436.611404958368,436.007911834683,432.074399164539,436.369498817951,443.693829238786,437.781055445254,445.180238349266,450.834505363372,450.756653612998,452.634450893351,451.052039565304,454.150468482232,453.010894542031,454.406325557984,453.893167088209,454.359288384051,453.568934556051
442.670398270756,429.4808730407,425.546940145214,425.425262545461,436.357223812229,441.497634661731,437.920952472697,433.354328835416,435.798000606931,437.754937813807,431.248415645501,431.796963541653,423.124534567957,428.806123949658,434.335756462858,438.984051040422,440.113912803813,443.249428885108,442.179965426452,444.046740180971,446.928150992845,447.432634273355,448.388051571212
179.574112965653,168.156688697243,164.37396984796,170.930487913468,176.913841804705,174.214939702083,173.804436301423,169.602367620237,173.233899843604,180.755842589455,179.258412605687,180.60964163771,189.72201185749,196.821478277575,201.726934471497,204.398797122069,204.744795594499,205.893794127052,205.94151129457,207.516452867966,208.401152618003,208.728780452617,208.91742167695
441.540465818987,400.034531560416,383.516376644118,389.610070313236,397.272979306804,400.373496931582,408.575535147068,409.922244128925,415.395357924825,423.213609511435,425.399424541085,428.348299389427,444.285541788071,450.304446782818,452.055898645183,454.27980103847,454.52382399833,455.479160565193,455.091219410146,456.311143869449,457.828855111681,457.526044983624,457.99038717646
340.809255936816,341.627229137662,353.72669343414,342.470908810477,335.957705283133,330.789267118772,332.198914438957,336.781015209887,338.824023433355,338.584106108069,343.127813336876,345.891842468412,348.067668038849,349.245086211562,351.120120449363,352.751299298575,352.982375190429,353.550998800038,353.002475054419,353.806100294756,355.718957897727,357.127259499571,357.022170241667
989.507286127445,960.559156537223,979.92109342521,995.035044264524,1007.70370460192,999.69454609939,1000.0028124986,1004.38956597397,992.337414243895,1003.62973838985,996.698254001504,996.33833607792,1004.79589490662,1002.79224552308,1005.95496411068,1000.15169968379,1002.03555495821,1002.52150978993,1003.76283907474,1005.01907524503,1002.93063094023,1004.83274211123,1005.85273794937
138.780029954041,111.853179688056,108.878917128199,112.336920885237,110.595339611423,118.805639245463,114.549667052702,116.699163908161,121.935178300968,126.11550150761,128.59254450979,131.610929725073,141.234675513473,147.751067088118,148.622886538729,149.796379271537,150.672454224472,151.412475003547,150.95584403302,151.448682076807,152.83087644371,152.994583456946,153.336382607682
276.285732688836,138.444356640059,110.586872272433,118.767260697751,146.144847631558,173.34504429246,190.256922425971,198.513201776658,209.92966430883,218.681115720537,227.397927324573,223.889987333454,243.960709376444,250.864095821819,254.081451476849,254.530834846936,255.981936223356,257.008424987787,257.13015467679,256.381309677933,257.050394108654,257.652725531932,257.100809573446
403.736512097155,356.924715708197,352.177720334176,351.13009425328,372.666652439717,367.971958588617,381.887805429079,375.442365876316,375.702946748017,373.252358970374,383.925408125854,381.890499964391,376.05949099597,376.274804075231,369.953597145209,372.278151416015,371.111198759461,370.985731430194,370.119339425875,370.231655722202,369.615213166227,370.577683277774,370.650190446172
298.710006563413,277.581794865466,288.443902926987,278.41728781152,279.0434823714,284.655299798925,297.592068125678,303.036136345578,308.730127789133,321.626727873223,329.495412137251,332.937778870621,355.234271003774,358.407857846467,356.951751323179,357.587823595793,357.372837539909,355.644127281342,355.980353423786,354.174091556604,353.763696125765,351.90804184987,350.823837697193
574.393973057891,605.773974781903,601.110414768109,588.071589144081,591.827046517591,585.835597984996,576.347282038483,572.513724078868,578.25126923528,585.369305853582,576.163014370154,579.595297410704,579.830786541852,582.358064252179,581.599773803747,582.044987425026,579.4701151357,578.871792484062,579.985258772456,579.592490524971,577.515642480688,576.604758135734,576.10139699754
640.845868682894,640.127518867131,654.467017731425,655.672343339421,651.654604574534,663.592372047402,662.107929174842,653.525935119765,652.95854632675,651.150866913439,641.842399209202,640.708528917712,627.799414919927,618.466089575059,610.662725899731,611.119563356681,610.675755567305,608.630679091751,607.540829433635,608.426027192605,607.927696539473,606.769994370141,606.513293856118
314.921042057952,281.481341045456,265.687075936031,269.134805068354,272.678645240995,277.396388098294,283.333731827841,282.694920956127,276.462074134329,274.672537005253,279.417292677212,269.551820749731,278.659438194766,279.755723577087,288.039449145957,295.630183543077,295.28735916943,298.885009498132,298.832326805842,298.951042935128,301.283483553975,302.538591864478,303.02523562073
204.651422793246,177.69162095103,177.609968137102,179.802517439919,194.349762747304,187.256159226539,190.473930740543,193.193459304878,196.185395858729,196.467763772733,193.886549851539,199.714811923641,207.444887098723,217.022756426388,217.972403650121,216.899711911028,218.931907168181,218.003668139847,218.20856330447,217.652543948978,217.939972142145,218.379020319125,217.857725773366
280.494209975678,196.913622994901,138.70454829837,120.035256010956,132.858862284186,165.126078733638,188.937009943664,217.23418331772,264.685387377475,263.119103399316,295.895204986096,301.780481443225,357.48442453534,390.70081147025,406.320316500001,410.39388923928,412.098158673878,415.177046470403,416.289793213978,416.9973154545,420.62139690879,421.21304774444,421.433709716267
535.723344764585,540.488724579174,529.994882779086,542.794827698359,520.43357944957,510.850435044608,513.536809046343,512.381129881406,515.787936809134,516.301054975034,509.587502940371,518.906296449614,530.094326949897,531.287307827558,534.020435867188,534.204313045286,534.688168148144,535.051952947649,533.396591026394,534.265617320489,534.478154178888,533.223903089873,533.000750414136
293.800699580262,272.358350843359,270.715688436758,279.149718652009,281.984123833445,285.421129232709,286.761639938111,294.073383629383,293.117084942212,295.982976700028,297.062515690128,305.409436234654,305.762801978803,306.041971502449,307.116321620326,306.693936531791,306.347260546848,305.942122762372,306.036306816176,304.864410458685,304.15716875261,304.02540813123,304.051687086621
326.770360626709,324.215179264808,317.865248269843,312.278978533796,310.593234290574,320.381543539649,316.930654984149,322.283508538366,323.948069061584,334.162478802619,344.141863460833,355.089059661412,377.92392141246,386.197055899314,389.544255870508,392.478234363251,396.203572571358,397.274074764867,396.577718667197,396.565619501702,398.839155553366,399.304266582764,399.87773986557
583.317802664742,593.825784751783,602.482128600407,602.137478254011,598.988539565578,592.972384485261,594.583050097526,582.830098245024,588.44128201584,584.548377461047,579.219422132563,580.232570467848,575.793511216856,579.26126408261,577.09794974793,578.39519436022,578.378807317393,578.673355009816,577.378503774723,576.71728367841,576.693592692251,574.359118154405,573.574334051844
355.990969805423,336.140602913354,340.359146390027,332.122421863522,343.582248277732,340.864882588936,338.324360403988,349.72508889023,345.565395975357,346.940048027,343.275507861748,337.929061380165,346.683240717111,348.564410849833,358.070152937512,359.738060478726,361.728327499035,361.980255238012,364.572740681015,363.850515046229,365.903458697386,366.404528138167,366.7187023609
233.78093281973,187.311388398337,184.900375808646,191.181487212685,186.915541505839,187.369164333017,181.664687010552,184.069805935198,184.595427957416,186.772049607265,193.301889628216,194.849510872754,222.971928144469,236.835665287478,241.406594654507,244.553785163714,247.900353771749,247.481810850024,247.597521079562,250.278662985625,251.228861969784,252.849142481201,253.0324977233
593.500861605368,605.106636676672,607.919414897598,597.226854891911,600.930838689665,599.713163914255,596.734556539329,595.736265304794,596.883912964716,595.854897242242,600.546207855526,604.007233674914,612.321585716731,616.504970910895,616.802506293779,621.694344913116,620.717378584762,620.022767167669,620.547368607316,620.960664520481,621.740741073018,621.621415272828,621.629996795286
411.284476044626,386.993679355087,385.993717019728,390.409615924958,385.960627439161,388.524347891364,388.277412918331,403.109808058574,408.679313777194,410.086142238073,406.582728414082,418.585511881518,422.972791746698,423.864462929038,427.066199099572,429.601297133189,429.142546949924,430.066354950263,431.077811869601,429.953348446659,431.387026634299,432.560189368227,432.788750781084
377.033726566471,397.973880433546,391.226861109036,376.067197545905,393.388408060346,387.928732201478,395.710426383036,392.676519332619,392.282549121321,391.110159560983,387.002701027675,382.811166552274,375.488470632521,376.970698157773,370.105162543179,370.990238408736,369.426963350619,366.617445778496,367.082518900448,365.891224839286,367.148321218082,367.083864642967,366.766685383159
86.2790075368906,114.744304146699,96.2562212451247,97.2625057604325,103.654498978989,125.420313065854,142.965649904905,167.730326753956,180.113652996725,188.657755733905,201.662349002421,208.687076054903,235.750319408064,250.676016608488,259.208542938815,266.123618167292,268.800298795322,271.158934683634,272.966322583852,274.279234222609,279.618485310435,281.915738108026,282.31644669616
664.256636027756,698.972604578534,689.893015461034,686.868343695233,694.352148900338,688.559986188293,685.097446218571,685.887848229886,681.835562063066,667.971232858984,672.468427995713,666.726159545961,675.424987462312,677.595089431314,678.743817408315,678.998922138329,680.298605955299,680.654012415572,681.037021311486,680.860888284333,680.832766419277,681.057470431979,680.832323628576
367.505851140468,328.858754740888,336.833100028795,341.403082864953,345.481534846332,347.687227537379,349.881171459273,358.386764995122,355.58118717499,360.140829000583,359.543229680781,357.345774349282,368.340424474255,365.490830380134,365.108274681259,365.99008150298,366.707552995461,365.700742135909,364.626348719923,365.342055926734,364.789441739653,364.418557007204,364.102735975175
418.521816811399,369.219000139171,366.250937675193,351.603636209871,357.537669336529,384.274299988721,387.824635579942,404.886791854627,416.207787124126,424.86949182722,430.549762305211,431.272862744062,445.012387234937,438.935367973885,440.53620760098,439.178343050896,438.810652472542,437.337435198725,439.108758021525,439.8745791529,441.706972839334,441.383088428961,442.854804113772
507.116672132963,517.511020780264,533.336921726842,539.816207449581,539.687419326576,527.494980822264,532.337499656905,517.568324319255,519.074803494293,518.612502151167,519.006426832943,519.809647470916,514.524122938626,519.419572843705,524.03742965014,526.057838205567,527.127444654455,528.363674998051,529.038462760598,528.408481535267,529.634982829712,529.631179263357,530.117502543721
176.231758111778,133.275563445834,136.841230112216,126.031621660216,124.421958111882,135.806531780093,133.816025905798,137.897729510666,139.631395913275,142.737026377671,144.832026842213,144.822005296779,147.419692225687,152.939231995447,153.395353872197,154.780775273906,154.102481859002,154.384710452472,154.662169248996,154.879032088928,155.621484943464,155.042659314063,155.252543942732
165.663023784065,92.3348974264291,68.7654747151473,61.60706723836,81.0123819182768,90.1899732427402,99.3466128765314,111.195955101157,115.788492101934,123.005146660161,123.697119682739,126.206009861375,137.752008405812,144.059039371818,144.688944045552,146.92624028336,146.336982305122,146.927048901404,145.877065983479,147.207093749771,146.809343952501,146.740662214085,146.718369575022
636.124946411116,639.039238887688,645.957292075465,646.684777618754,672.66015883417,673.417203104874,669.842336690019,667.388078599369,662.736181372432,651.434063291036,658.60285585886,657.877601999116,663.72323285313,670.546770893993,670.811657430595,674.039689245049,673.078606815824,672.516243030366,673.801609497037,674.071627757961,673.719271645118,674.753863430493,673.27114191386
120.316878689941,93.6978170593042,94.9209406938759,88.7550473652679,89.3255892054808,90.3205933295978,93.9641385665542,95.0079493621857,85.513530066737,100.584257736014,104.489835955189,106.026437842883,128.471811800893,135.645920380001,141.275416598065,144.205037859463,145.480623241591,146.723453432733,147.51705460264,147.322641520456,149.411720706668,149.670788387801,149.683076607417
305.658426270136,234.737338070604,219.123935482137,231.600335889698,227.344077615387,254.269686930502,247.467995102538,257.513350060214,265.176214278589,265.608119452807,270.012030655201,272.183487846201,292.461966645524,301.4194752278,312.855892148915,316.099724119058,317.981306232826,320.658852669843,321.423150038302,323.500665433929,325.425178670611,327.325080033325,328.011062172837
247.237262362196,234.004936841263,223.518101845382,225.191392297057,220.667616011882,226.530133866605,233.090294860278,232.364473056408,234.268400583712,238.126789448129,235.93788644118,237.939264669473,237.960620092054,239.49740900507,238.866166379338,237.540170838224,238.160539224996,237.480383222066,236.952387096717,237.169933988011,236.562984979232,236.462327280109,236.408322694511
296.825661887265,240.050821379351,246.184183670843,241.104172871664,243.517908033594,241.208911252983,246.772018374069,247.059997844367,254.251574845407,276.768521227842,271.567522884252,284.166398791969,310.889809313371,322.0480618656,328.239729253586,332.047192337242,334.563055858379,334.738028301869,335.623171207405,334.583136190014,336.650310389781,336.775499136626,336.515627552965
614.066580476734,601.390704931655,597.242809564258,601.600135780279,595.972603306829,596.940975991464,606.250588128477,604.661258099183,607.631140626059,615.202036280602,620.618845594009,614.943854781695,620.737093046019,617.523275024365,613.288490348386,609.457289360808,608.058714077474,608.257163639084,607.385321236815,606.733695690478,605.56502668583,604.655976523292,604.052926519169
406.605445718984,429.207566791796,423.036327487634,429.129126726174,409.470727452953,406.163044802385,403.566809402185,401.117786531929,406.916670951258,413.335678430038,411.276554709635,412.096847856071,434.227326107108,445.819146408433,452.799849348114,458.16601465684,460.122802822167,460.958471070382,461.667001508361,461.667974648381,462.074878532524,462.034295091444,462.610039985092
416.133912203323,422.492019179643,432.632356291943,404.690136233313,402.20191151937,404.259168347087,404.97242356182,401.958520866632,406.060158081686,411.157969208836,408.96838804716,422.512380767093,468.250626450634,490.518642095838,494.459455412271,499.088440565704,500.743309964858,503.084870139398,501.078797618045,503.8810064348,505.138679659666,506.413258115155,506.779335806567
204.016053977838,128.458480580244,110.747903633156,105.440695932646,124.885485405441,141.726338411764,157.726057465615,170.693581258242,173.941891265906,192.044513974846,198.242251015416,218.6999060583,240.30427594973,256.357958906103,259.579624135807,261.921832354939,263.756592676655,263.349782897493,263.947417332477,262.10133175682,263.073367888104,263.007570284379,262.938016389825
344.347921945394,305.885876253058,313.823820537,313.741521582794,314.378276459112,322.309779464422,330.155091372679,333.568708740025,332.832791164431,333.090306560224,333.526992626115,331.899956793028,338.400661405241,337.077784826497,338.144577734916,340.21830236079,339.973748229304,340.438963121045,341.07051284188,339.63564288436,340.307355738046,340.141168605356,339.718484152803
184.287782136939,108.556447355144,99.3789007032026,102.665837743673,110.853141276822,115.62406187565,121.902681798138,132.484902617643,132.753716792097,139.861168554064,148.016012753361,144.502898191336,159.441372626304,174.662886793038,178.33410611482,182.186422328249,183.267451893572,184.950967290815,186.022465549381,185.038712397845,186.783754066192,186.994773129611,187.091931413255
467.853046117209,476.408574510467,470.914727163506,474.596558402547,473.161612599696,461.912679404532,466.679730887742,466.156719422651,463.575242060501,463.619697068981,467.995947128324,466.660017139847,472.154904297979,477.950813296005,480.394814095981,480.415097253438,480.409957241577,480.644881714046,480.544674056005,481.018897678768,481.134418475134,481.068534659732,480.840253598639
607.889480680753,611.095239937533,591.137910536252,602.040060298402,605.445833051925,585.012747944978,586.771871688767,603.080103290441,601.91789987752,608.729738894141,602.347805751201,612.07503419204,617.579091517405,629.75941086487,632.555707850864,634.592459843867,636.331266214609,641.321515950657,641.398419376943,642.610537724921,646.023662225541,647.488069355609,647.821999923474
191.026264244446,101.607637012241,82.5240300972912,75.834462673645,77.8607882499356,89.6262417286604,99.6546117813443,116.316127026543,124.274718823361,132.961904556468,143.089425855421,148.892685214109,167.265939321444,173.93761376731,178.347947696995,179.983419511087,180.686341308465,181.371554757682,181.574564824257,181.836127037092,181.941067317708,181.767243619515,182.061664253463
456.548271104309,455.958687696598,460.60393040531,452.526237956019,453.031863533507,455.462206739984,454.334334687673,455.181555982306,452.667881258442,449.493402905416,444.964481599089,448.72949304453,446.548606332157,446.701289791215,447.024488770369,446.147234878143,446.662325078203,445.988982727659,445.450096400397,445.852984729436,445.277636161087,445.059208456623,445.105617889113
283.320187888397,256.835892059132,253.799556194581,249.659575154596,252.965896510352,254.633390748351,260.845630735953,264.726995877455,276.432748601599,280.410059464459,278.74829431061,287.730530448919,293.3357509983,297.487653752997,299.475995292198,305.529277587579,307.027120466007,307.555390445325,308.384938992853,308.361832254407,309.942218319157,310.247246900697,310.428354704383
307.329306580507,180.913177378652,154.916052712816,156.229439745563,168.722747673449,176.911482663721,188.683432767563,206.672024984905,221.837256495075,230.503976640443,234.259678955909,249.49066943927,288.436414509324,299.581779924129,307.664665305011,309.696221294133,313.280323442001,313.417256063946,314.061095788444,313.872686735473,317.048386074532,319.218665995184,319.628551777663
425.011838294635,361.670625828513,347.93973139198,344.701421703022,361.630434868879,370.230680604408,373.336142646258,377.715229139402,389.430493668843,388.354759773116,390.129603626702,397.312965258744,402.676398151287,408.52355293013,412.865410927346,415.209888096394,415.382647638583,418.178372927462,417.728642518496,419.168823655843,420.645547064748,422.323422742865,423.148715938924
300.140745778826,210.753243236171,206.914665307016,205.477721740809,221.73487291129,238.745817406092,241.238664790761,246.64898190182,247.780134758833,249.10444248766,246.845790608268,243.015082397504,259.960667725033,269.089028107966,277.088018118876,281.158018771725,280.310056667634,284.520584262768,284.216508844796,284.006639982613,283.978240897531,283.981165612213,283.977442725941
312.62868806349,182.53610608006,151.243619961898,151.223866736373,154.753376478759,169.230252494659,185.251077896665,186.236675412194,204.179528019782,209.751619441778,219.634289411006,219.045508277902,237.814191000574,245.231271014622,248.361794648146,250.289022796959,247.570617187389,249.663848422339,250.293457105301,248.941079263479,247.706612818258,247.772662924994,247.731488509582
989.476799747773,995.455085972033,1006.74818909286,1020.17893662607,1007.90822806742,1018.2800501093,1005.21710348687,995.818984484964,988.944720112981,988.17783632972,992.880963392453,987.350353093908,992.397718211096,996.247029804173,998.817320954735,1000.87832055468,998.793085381591,1000.85743577029,999.340946137958,1000.60786502847,998.687440775643,998.785744429165,999.898835120129
916.970737505785,926.081765422298,899.376829116037,901.340623853599,900.881641007653,894.351583185343,889.640574646136,906.940492451883,922.196633103943,916.19576157416,919.273198635743,925.804675823992,926.206181831726,917.633796984871,917.284622587248,911.505460019193,909.963459898995,909.055768447518,906.747516785456,910.2671568739,908.65880511234,907.333645324018,907.697122142185
212.914391259799,127.643908198984,103.078198251101,79.5098144124444,95.9581357158321,117.828945898812,143.69844623118,164.385146186944,182.172975030476,197.177429958107,209.647343625776,217.767454418195,239.007436355791,250.921654738677,253.988553875031,256.928193398663,258.426157380564,258.0918755624,258.690369609981,259.648888979611,260.209580252435,260.994844840281,261.013783045668
351.946608831529,305.34748190149,277.357988978627,288.362421312656,280.53247951382,286.433255014202,284.686464756895,303.56764717443,324.221932988356,332.712341587992,339.290452539761,344.891893641337,375.791132713073,379.372576411341,382.632942591123,383.742288852464,383.11548566041,384.001171556259,384.440205411942,384.421803151294,383.614700476085,384.024859422991,384.631256145855
559.838579401102,547.478566129254,544.827270519738,536.121461850273,544.354476303653,560.382420006523,559.939642236316,565.235686057426,565.906781054618,566.931815697685,571.055653886123,566.882055597873,565.143969266585,564.889033356524,567.826961864477,567.60909089128,567.851748483499,566.639761829455,567.848487037086,568.799254989943,568.530063600179,568.149904555711,568.273108022485
243.133258439611,268.65134468835,240.444745868975,246.266024284289,256.161559268473,265.944374032637,286.611551228779,307.158267516886,325.186214358864,342.995873506894,351.093592732531,358.708570884721,391.017038219162,392.912044843465,397.85484763733,402.399627082071,402.785661387079,404.15511583571,403.797879461289,404.767076139217,405.815587264705,403.902787633849,403.26621889078
286.65688782488,168.057215856902,136.162287239949,132.958601101484,149.524476330246,171.228840300659,179.39711487131,190.83871455359,210.013025136774,218.682520539553,229.894385939005,236.355926538585,243.691225791965,250.867334185342,252.146952129619,255.372833988446,255.206037572063,257.382699987885,255.995231343867,257.508716018123,257.386533559227,256.678953447906,256.485739978498
511.124194246531,433.98751989159,421.833350133707,435.0877832193,433.763877843504,440.115405553494,439.200080346836,440.931309259783,446.618556339198,461.521163403264,472.533044578256,476.686026285053,518.00486884424,528.546187608034,537.029265492343,539.770651541085,544.365412929594,541.285444299154,544.803629037414,545.127820569311,545.52638635048,545.39542091502,545.862036389802
235.260231885904,216.882655685818,171.648990799753,150.991276991691,153.364332331536,169.609801941268,188.430688356911,191.966355562189,197.27315386577,215.607254087912,216.729072659744,230.461355852746,241.265615678214,252.858017853593,253.844737137422,251.003515662913,253.029120627987,251.766001485597,251.91227037597,251.280103106376,250.137876968449,248.891939554643,248.52590176182
364.722946512714,397.52790751942,380.987267371789,359.143937522859,361.758250103146,359.734960616219,368.229953469042,369.418230232395,365.498155852055,370.601318917334,380.106252506147,383.241063106077,411.424076019569,418.778615272133,425.308841434831,426.724907903797,428.190296153201,429.818972159069,429.50104915317,429.869799470603,430.454424911968,431.22526941262,431.414386734658
392.266442742072,387.848716430326,382.160985298357,390.152505704928,385.574710775133,384.990086662049,390.485836672165,386.909677633484,390.362164768581,392.514350060572,398.170587741171,390.359238423628,393.362465316176,397.705258290256,398.799735213813,399.607616105814,400.876818921009,403.331826375735,402.961751005209,403.460372739881,405.960612011222,407.104335188226,407.605644159661
313.754238263613,177.020547714817,166.856151644787,164.935058087386,167.42047822019,166.234073842804,180.079583511072,192.892658084627,198.993884090079,200.657563467274,214.473979814965,215.985763272746,227.779085134321,231.960837067185,236.25206384502,240.382011137515,241.781988017162,242.071335651673,242.783582869082,242.446938470159,243.205070697099,242.208219495249,242.386536378148
360.990294243956,352.515547995974,362.965908602112,361.653351205493,355.601605547479,360.420010968758,355.875109622531,356.352403849407,357.817946379972,361.810725669136,364.211201113939,365.427079406443,367.515672618991,368.022859262113,366.780191219982,364.482198610596,364.179696697805,362.574253756535,363.216805937572,362.759254374749,361.575764401368,361.179703067299,360.812508927908
530.0973994652,534.276854627873,559.590394726014,553.139757317394,551.802752333775,549.954999965559,549.912820614272,560.853354988364,558.555009411229,553.799983688882,559.059447972157,561.114685984375,574.05801400842,575.139003350471,578.420303173177,578.045382285523,578.175130141667,578.047257266113,579.358635933068,580.403866424118,579.864614948021,580.829138718755,582.160182223636
136.332337519709,192.288433206552,159.182397172218,153.955808019559,207.396606792363,246.841117147713,283.6209893559,305.611911963671,315.882315556533,341.250965451831,356.068278191195,365.869816815279,386.191178117883,400.46138696805,405.784836359543,406.488180943539,408.981250223768,409.381846910014,409.199750319024,411.446735924462,412.412086348102,412.022867949589,412.196626048933
362.889680672951,366.535847128759,366.021048374061,372.372738683597,365.876395081559,368.793164104076,370.262642405534,370.327110796324,368.586091108787,371.258877738672,374.518498932077,373.349947033634,377.902935955912,383.122377318454,383.282152470259,383.437372360869,383.970126098701,384.347921685169,383.800410835774,383.636072562872,384.515924956385,384.509259954553,383.856264418868
618.983904882081,575.552779950231,556.655908501718,554.511271516137,567.617016668961,586.208317297279,580.767012299628,582.903740392868,590.6062758932,589.909024931886,608.090525287646,614.428654398179,635.042192457523,650.734419649136,656.754906374327,658.958695128936,661.155467654294,660.971862062298,660.020607656993,662.166617191887,662.462513351505,662.266907176884,662.320539003737
420.846678867484,343.38579136218,334.319524545396,340.878400800924,342.596706652958,351.876790241436,363.791778525537,368.476872433231,378.276686453308,385.813625846185,386.769714879775,393.81488193661,400.171760321651,397.641202471532,396.247302349735,394.23739649602,393.496622919614,392.640774017337,391.887511511796,391.814932054771,391.300132569411,390.807736210354,390.5751329033
306.764257232507,231.798148406455,217.108012755459,221.703658902628,216.561471709575,233.347572414677,238.952713495133,253.090943588017,262.944120322082,276.475058619586,272.591865002504,277.557887673871,286.349926340874,290.537284497604,292.064799724084,294.982965213524,295.111196689957,295.507883637445,295.447670407482,296.567019247691,296.438612988457,296.161691833435,296.45211210661
259.834689592271,205.990619876288,203.707497894961,206.11255744043,213.372582909028,216.974356869436,217.578129035673,221.769694126757,228.86726176782,228.052936627176,229.598028646861,236.122708025414,248.563757476942,261.402025379207,264.397781956919,268.816800462874,271.387652356267,271.814166575931,272.850000292652,273.95314277997,275.000481121676,275.9327254378,277.106186274409
