"V1","V2","V3","V4","V5","V6","V7","V8","V9","V10","V11","V12","V13","V14","V15","V16","V17","V18","V19","V20","V21","V22","V23"
300.418014231164,320.00355737856,328.996185461071,330.049407862393,333.593120192682,330.518739299612,326.945907647854,324.196191319357,322.179943733317,320.836648963709,320.285516873138,317.986056068521,313.530836392612,313.851942065141,315.287565642441,315.970506506546,315.841651218442,316.293070925942,316.680818419284,316.53809580069,317.062589706966,316.942502140738,317.169555683581
316.731618591534,299.568246673852,300.923842470187,301.758360467607,299.926731341153,304.627162495666,307.33011483501,309.241759887848,310.619759776186,309.570091093914,309.897086149153,312.933335746344,310.415809162802,304.035503856607,300.564179575404,299.947874384188,299.345929530339,298.307077407549,298.3829121465,298.341774225341,298.170774249182,297.489502550913,298.375777046566
234.217530312972,221.456465552765,220.457219985819,217.412242989425,214.349673340401,214.254400941685,214.380206748251,214.44944075053,214.612948047292,215.339389853713,215.152396665312,214.562651690559,215.335109668896,215.510747006194,215.435198514889,215.794527958356,215.507530078805,215.485860189073,215.333244060463,215.600828866684,215.35225225819,215.419205530084,215.838656486249
207.970903514916,206.890260186951,200.017557968358,196.538854968043,196.065725159392,185.441658390473,189.178678131804,185.573140309021,190.326397827972,189.923225672166,194.950042799024,196.393672459943,205.478058257981,208.824289887981,211.072429220177,211.995179971991,211.540982065554,211.639319468964,212.29718189437,212.414313564658,213.304162339859,213.76935405792,213.984461426778
173.978440163449,149.162173093322,141.586680463902,142.284073658025,150.228863261162,153.080438958562,158.403089608184,165.249758458267,171.598589823116,173.093376196954,176.74345490979,179.815173204561,187.256286847152,191.055500168695,192.401369338947,193.270057061748,194.330865177416,194.615325799887,195.009429793769,195.11120499404,195.520193885905,195.667746260425,196.00794601222
151.309650485887,121.956184682217,121.740253908646,122.766741802109,130.96056597542,139.29190797322,143.673105569148,147.477565570991,151.985098110634,154.4647671267,156.918651373819,158.352303940645,164.161437881806,163.91320970469,164.596305217827,165.401864442651,165.694293732469,165.476466510965,165.003931590746,165.542896887156,165.302138265056,165.524551583507,165.571225061387
292.020794166032,271.766151712803,264.706216538698,268.672780371782,266.666423288753,265.799034244589,262.147877884893,263.985294221707,260.286790580526,261.879215349806,259.619063726885,258.599861854504,258.846449090602,262.899285869536,263.81639879199,266.192509625578,265.778096844889,265.839651218348,266.752857548011,266.251082399041,267.468773011829,267.181672089742,267.485592018471
355.516291777587,337.428433786095,334.902682221536,334.119555385411,331.682690141258,332.358389462506,335.774788691757,336.574368177144,333.597024330678,336.203818763404,335.774043134686,336.038419959359,336.981785100629,337.338209122297,337.024122828733,338.064510859633,337.497417367642,338.141347670345,337.462132511863,337.60988982378,337.307684698254,337.903829904081,337.083614560782
107.496680342435,103.945480681267,104.235669036185,106.0085568734,108.711888126639,111.456096959373,112.90855728608,111.82284372,112.527579475791,116.400853779361,116.087661760442,116.597988281891,120.243833559054,123.062393848428,125.74188638767,126.904270771738,127.117693758175,126.89489848663,127.662526714389,127.150736585064,127.509953993222,127.235644104134,127.69338770056
215.504220635539,191.798131143217,186.45255854709,183.989059616583,184.391390127743,182.33889004329,183.609946412964,189.421742322936,190.003952361301,185.84792783847,195.946259661497,198.103605836608,199.654668141022,205.070922850808,204.661557836576,205.151138542401,205.47628508187,205.376070435207,204.000727920278,205.311355121109,204.756585715856,204.3370265318,204.286576140076
127.10868291409,117.268714862891,117.519188465594,117.764847043479,120.110010114414,121.202513816338,124.938133937949,128.652646161339,129.847528585349,132.109779624449,134.984935933591,135.072846035844,140.290231548713,141.10806277626,143.467286432055,145.476925208643,145.268390030627,145.946500402348,146.090078935687,145.496671761584,145.724511708095,146.006189197446,146.410656313468
176.013311354743,176.152604234858,174.170190345833,174.885718910887,174.46170041692,176.575236092965,177.134743050016,176.821642722148,181.246134029019,181.836341252503,181.21403873707,183.602554007219,184.780977616239,188.669989168607,191.348471986164,191.085804323049,191.475833194187,191.759650930544,191.968042921737,192.272801743504,192.47500530741,192.349754074265,192.1843976514
188.910605123851,140.212221157064,143.280797258568,146.9781395697,157.370714129322,165.20335394293,174.912202507537,185.88680996064,183.3394027498,188.184528105863,190.545170548303,195.605024726474,203.433266491138,205.914267025893,207.298613164863,207.591368038444,207.934825152209,208.130178642862,207.464327259629,207.941554246209,208.18654891412,208.32434761751,208.592045874977
409.040192085511,407.24809904658,406.927014183154,406.210741081695,404.980243140138,403.616474745618,404.316596535297,403.105315759262,401.735514855678,402.134093856563,402.040861901358,401.701174715888,400.455886139771,400.507476644663,400.11235494733,400.002561599216,399.907101629923,399.992747842419,399.940791020884,400.149190519491,400.156378604952,400.246668741515,400.197715260996
55.9554381097822,65.9431201628581,68.8083655965271,76.746967130583,86.8955244246421,102.038261799876,110.439677872159,118.89310040099,126.253075026448,125.635614897116,131.6782047749,133.219698234738,140.708620437187,146.219236872492,147.639857220719,149.47644970513,151.296371077715,150.955691910458,151.21498441002,151.870571121583,153.467129408884,153.154284934951,153.270811368526
186.36775558139,167.368528000717,165.167877656864,163.575659500374,161.479281309308,161.939192252084,161.411515283183,161.302287453422,159.687552748456,159.271588229884,158.343044985193,158.083203511154,155.650532538301,154.763142551154,153.69629597499,154.345439680556,154.350741279531,153.71968026197,154.095101383665,154.079214222455,153.479816307803,153.981036680402,153.722337271232
198.107578753828,171.456607231319,169.734047028093,166.743529686887,168.084860009999,167.591869065143,169.531621839522,166.976166223574,167.640703325004,169.673397199852,170.751206215617,171.000747584007,171.154038226865,171.725795240843,172.240635633356,172.624646872227,171.777506379726,171.136785729538,172.351896689668,172.367112371721,171.958385980663,172.742401159672,172.233416929197
203.959832004258,198.931825101937,201.606324314571,202.678599856516,205.748656710102,207.681038237222,209.029770307867,208.269780433358,208.936451331777,210.985352058518,212.204383017688,212.904661514964,216.273428127852,219.841554766778,220.838313425929,221.727290852975,222.087822220306,222.445500526234,222.401189324513,222.729236496136,223.303021065016,223.328404854466,223.585738543929
170.375208782377,145.619669889744,148.388553040783,147.900632522305,152.887249606129,154.37356905178,156.364558222534,158.689814547857,162.150210756667,162.991121480108,164.919039335566,163.7396791077,168.916582425013,171.817728103473,174.456520131198,175.752751518677,175.725955976769,175.971988466525,176.112701981679,176.596369403887,176.756025410548,177.341755673826,176.873827615759
31.6769346968941,43.2599601666247,40.9842890366855,38.1194417108388,47.4237519317183,56.8485617729158,63.3287085480694,74.0551744389216,76.5386458085998,83.5115140352333,89.0134349520843,92.0382125272796,104.964643371872,113.224645965643,116.368244178008,120.874730647245,122.946985919287,124.357509579627,124.873415815218,124.953491604891,129.042910904233,130.547596982194,130.874048995371
177.055651642477,175.824316349717,170.723263545915,167.205541351227,170.629544031165,169.396705697168,169.664550101997,169.653509585112,169.73599797358,168.33946739392,166.957873545904,165.493321117535,166.898437983519,170.209878078179,167.163650659404,168.270625056926,168.172867548532,169.298187032563,168.63499779844,168.435773991136,168.375647473578,169.053716872307,168.564496835103
111.594496964668,78.7976761409303,74.9885812168708,82.4847128397096,90.7166301912424,99.1932667617877,109.735713674176,115.856978086538,120.145551016043,128.957407826082,131.662731816483,134.126939252027,144.299629060992,149.407702127684,152.821184609487,154.06257249607,153.87530993014,154.797562531434,155.199389747209,154.476077372051,155.201815333898,155.548275239964,155.552599478371
162.086496983751,146.52527088545,148.361031261124,147.203982097685,147.844323791568,147.575256809182,147.973219271964,148.450329696612,148.600672863337,150.321748257956,149.857843130711,150.704069672072,156.538404357645,156.778915076662,158.694478828447,158.826437789786,158.934476894984,158.63342182086,158.510597593271,159.133078282178,159.058336533471,158.978665637627,159.03899133784
172.946218455483,141.241423902,138.322873337647,145.124220384279,150.1262904236,157.025172583468,161.71151747394,162.968982242807,166.72340625129,168.284458553328,169.897794381265,172.981542731692,173.944964732625,175.823313862226,177.969449492807,178.968276881306,179.341708790242,179.247585851624,179.75875793269,179.484910094205,179.647749084313,179.69592767424,179.580772571694
199.322713801904,222.485048419121,215.387753718158,216.188067765732,215.346443066662,208.733813147506,211.675054712262,205.449436392114,205.21632496045,205.20763520701,203.053690738453,202.258378146421,203.915254014069,205.333978619806,206.332708460796,206.122703162148,206.862259278931,207.843884410391,206.550944619054,206.998324491532,206.562541295182,207.233355670047,207.157477911975
259.046302158485,257.073425092181,257.528785747096,257.324910892018,257.334390548551,261.266508121117,262.313094557372,262.312776068414,262.747470362857,265.208158272128,264.716314407116,266.113836608268,268.894847607518,271.205874492716,272.846429047426,275.140921893295,274.625811827541,276.260701619467,275.698288577561,276.053503037518,276.361939246387,276.80261867022,277.253190590457
70.2485944536611,72.649381132751,68.8707015146127,76.3785162757938,80.6292492404247,94.1359535997333,104.220546609196,115.222236920574,123.005496409702,132.569271104356,141.200568377532,140.775578812644,156.628636007262,162.469382395051,166.577390430294,166.561142431377,167.925130021171,168.027614900736,167.901509093894,168.651792019146,169.72974390569,170.172348539379,170.424354622606
229.231230977681,202.910597456788,205.749818540411,203.463785851159,212.947618782998,217.242312783401,219.856325080726,225.177155375036,225.643105681419,227.425511114671,228.575080150662,229.240753321054,232.327192835883,233.152519787492,233.740629014125,234.441932758532,234.567332914783,234.297432388162,235.469734645944,234.848201252602,235.910544359334,235.529736719441,235.059087383569
248.784698660322,240.235215033143,229.928209124338,229.670148470663,225.930467752044,224.449655628365,223.733766891519,225.274031422263,224.277294795158,224.35183660095,224.320458589205,223.566719126182,224.023835791817,224.589283799892,223.404800398934,223.479446342094,224.417850666651,224.050983446086,223.750634668611,223.914913457788,223.257026583779,223.306451784127,223.113216209475
234.151620591081,238.408331449421,236.432355739212,233.049257698867,224.025349205834,224.139182521353,226.849893159957,226.680922936695,221.241964693093,225.27932276686,226.76808269012,223.505357867349,226.407156016153,228.151784502715,229.851321976142,229.44879282411,229.657672769002,229.383857950638,228.685226086249,228.186998940487,225.893769948355,224.519014514186,223.908915897278
249.137293901252,225.990724830975,223.879018901659,222.106021999056,225.186286714501,223.76408636939,224.521684886184,221.519584031029,221.705503271332,222.168848991569,222.191422010801,225.746484125586,231.202902663921,233.538290860008,233.623963319226,234.067857415827,234.08326674363,234.616638216098,234.095015381233,234.559161357629,234.988028506977,235.115514026078,235.129319512586
127.324750543061,112.737885201814,113.856968208562,114.100647981957,115.365757805508,116.961275377107,118.826959529992,120.39349118398,119.479340947569,120.166856304551,122.361356837465,122.637707334221,123.128890908526,123.759539187712,125.021886574326,124.371570200899,125.041872210871,124.593335964342,125.240516559325,125.133845033026,125.429367573467,125.687655047645,125.404021741297
202.201266933682,187.551528231787,183.410168561352,184.909832503389,187.593300613818,186.527751245733,191.056021077082,187.13617424064,187.979307912587,189.482966266842,189.973199134761,189.441294683498,194.872892638589,196.39503540664,197.380026204334,197.563980567929,197.544619051085,197.931793469757,197.901436368002,198.112797280244,197.787488457216,198.077345958482,197.906814311893
150.770012896887,150.848595845795,151.832446952244,146.154312385899,144.907780582913,143.348670984591,148.607984824747,149.266102782713,151.34519288055,152.906864405493,156.394764993016,155.954195194604,158.993483551797,162.168699577625,167.230369735271,167.964115768257,169.481446590306,170.076978382678,170.352947467151,171.740493554702,174.063204506883,174.817232662513,175.446020876417
492.622457669775,499.489882339256,500.986694162189,500.24688221938,499.182396125094,498.106987901705,495.151611355416,493.491795693538,490.383922579925,490.871512950671,490.988509671124,492.748110073641,494.816323307531,497.050885189299,497.579958885919,497.090127073282,497.699689828091,498.020282223276,498.486258641742,498.572811157819,498.756987124445,499.041232965873,499.244796853444
90.6807836503373,95.8418992516802,95.2097378452633,95.411948232345,95.0519162394014,95.5784480640665,95.7845604116002,97.8543367984245,100.386891617867,101.959859720545,103.0616730065,105.034632723557,110.053984792568,114.404516193063,115.650292831027,116.794198908313,117.490682058024,117.618091830165,118.103578616163,118.194994418042,118.580110332579,118.939883778158,119.132806828701
160.359600228911,141.249802677287,139.993997789504,143.071169419347,143.482554692856,146.271496140388,146.176659392285,147.448227348755,148.620311745956,148.306238758002,149.850411830876,150.64090621644,150.787161635337,151.925905195015,152.941666245745,153.477592075916,154.099356385079,154.268875733114,154.149931985131,154.455245046852,154.126334970295,154.416165230965,154.560020548182
240.938976056135,218.798629572518,216.186087644077,218.839399145497,221.734085538295,221.269246713172,226.10635885714,231.651406188667,232.639789697173,235.060594817411,237.063912483764,241.291776427654,248.589171859983,254.081245219496,257.165309278164,259.525186802664,260.973330788735,261.988807691351,261.819630755466,261.753248737518,263.085537783475,263.106896854511,262.276750069068
210.289603960766,205.477491415512,209.106489650076,206.596761277804,204.17114355313,208.168108974513,207.404010376302,206.266027627165,208.006876253273,208.315709744132,215.456545649596,212.257288197035,223.584600389026,228.905609061027,229.774279914964,230.466524642072,232.492280309761,232.788451690141,233.774025202411,234.115644768129,236.632934706572,238.105620346503,238.799416916048
292.232532005913,280.476431062278,277.873328426287,278.120667163963,276.649701081435,275.145107265021,274.233773451593,275.957794620769,274.879191397972,277.780747704852,277.730166234799,277.873584599758,276.742371811403,278.915723548553,278.468966652646,279.476172505125,278.817051488386,279.405668815255,279.207173439446,279.699744663943,279.238227562099,279.00148390852,279.54483004477
370.611049379806,360.8703674538,365.061010883054,370.406231050496,367.92538385695,381.476561011128,376.911574069673,375.178970384319,372.988499185047,374.432112931466,366.519899170597,366.52997318795,361.721383474441,359.393799845072,356.09451170996,356.23750671654,356.603219120087,354.4337295331,354.053462397054,354.794435487942,354.253525951932,353.936479849232,353.97199941472
212.612026922642,210.7703487672,202.490431875069,204.681305271112,199.441413862308,198.375115075623,197.706462586962,199.23538752226,198.181330076046,199.338088161504,201.097547290767,201.896653777738,208.490464993084,211.463489370124,211.711493590588,213.680500269716,212.667154729811,213.22789491672,213.591790737738,213.108302477265,213.635926590062,213.824162278401,213.492992478735
164.472167137851,161.935098705127,161.744308590608,163.76201132716,162.025951346635,161.173278233849,160.915469883768,159.758315524522,159.933160036361,158.082993845877,157.129189029026,158.695439622846,155.769159989608,156.834543658002,155.46759948319,155.327527124227,155.825007639583,155.896913791501,156.0411410052,155.818021454309,156.140624317354,155.56903281161,156.055652168913
178.048811516502,124.953678192158,107.360237531782,105.86789170201,112.304405376802,126.517954008868,138.496160425637,150.025713511774,165.902738461513,168.635030134038,180.487508762286,181.100949670877,193.315805378999,199.261865023465,202.740092510728,204.07283535265,204.941718817713,205.173465437422,205.00062674526,205.432812633404,205.897768502705,206.251675948978,206.656511388051
299.460345509671,294.123902148719,291.808987325926,294.202764105402,295.990170079352,296.352821168796,298.590263759844,298.853041873543,297.025426899468,297.93320065806,295.554694308103,295.832563716755,293.960098342148,292.757730172528,291.085232895621,289.755577204975,289.068825069976,289.169306785176,288.829613809133,289.393162389049,288.474671734782,288.654259620693,288.73509866172
154.194492095489,147.511213188625,145.848047754137,143.339343845037,143.419022585233,142.849962059717,145.815917011608,147.727817080062,147.858536848654,147.924659613892,147.565441513742,148.427856980778,148.639814167147,148.626685742875,148.391357453761,148.038827258819,147.941830772995,147.81049348886,147.946345838461,147.747506446057,147.698967514064,147.293747405912,147.582737122266
166.357558706555,168.777464563874,171.718601560739,167.460165732626,166.399030362987,171.800486085334,168.031175420889,171.215210260894,168.234789828187,173.285468802936,175.337703008903,179.053557721222,192.753873331539,198.624703794545,200.972472291961,204.27789130653,205.526691847169,205.968784478366,206.221432377848,206.449454162054,208.133514796617,208.490369043548,209.286293237165
314.467531126654,326.471785463778,326.963838253319,325.160796951869,322.433218939093,322.906060135654,324.78302501187,317.108805287292,319.803242380978,315.8398415721,315.423636193586,312.73202328688,310.670910478707,310.934737586394,309.709232703742,310.145585843332,310.462031087367,309.724922934747,308.930141648733,309.953008795389,309.485647492518,309.603465614533,309.722286627619
194.28842735619,184.526320057826,187.325003020664,186.577559609694,187.186303767598,188.019434092695,187.644318768696,191.363345876573,191.630640934837,190.558713720475,192.282291602079,195.243255708037,196.470648651303,198.914716405844,203.67564222513,204.443492463569,205.26486932362,204.174238565226,204.812663855034,204.953337613343,205.237321458214,205.401128071503,205.349378672301
137.30016330398,128.047897381368,124.013684718728,122.082475873256,122.229106783086,122.117714623461,123.71665013825,125.35442856095,125.686752819224,128.521710326227,131.712318167977,134.019067764319,142.312803078349,145.968576604083,147.92847743512,150.074618375097,149.84744020065,149.758092700237,150.14471161578,150.317970235297,150.750308087799,150.209977097709,150.48831988161
304.31204934908,307.850111033245,309.581963533434,308.942779040786,306.229080493365,304.695890453774,304.567011461551,300.767649591777,301.88463878195,303.6606761891,303.658644547846,304.636134286442,309.084431844118,310.659399011823,309.721645845615,310.744870331284,309.046890506724,309.69126533971,309.664188979423,309.51097045242,309.354693585743,308.973750619076,309.727298768903
206.98440282093,214.378170786061,212.972793204691,212.162458992396,217.409224962487,220.357761263084,221.240530312769,226.403732735956,228.224288100814,229.125107595375,229.888465084975,230.749922593442,234.251036366904,234.729079019015,234.87572710554,235.170449933201,235.14046366849,235.158556587389,234.674017058003,234.77191995155,234.927617225722,235.003756773955,235.374734256897
196.297847955405,186.193891009347,184.866165126851,182.273140610632,177.888715032718,177.941158595357,176.627315556387,175.844990777808,176.753394403993,177.604542151498,177.500372226983,179.469471873407,181.77776240235,184.907070259652,185.634599955082,187.488701489051,187.958657931887,188.434754299745,188.080402431499,188.267999052614,188.281326535572,188.467448995216,188.486338098906
79.3775702077028,88.1321160981204,80.1682838256691,79.2426551070232,82.4441526113801,98.2208162726834,111.708150702058,119.891221921779,125.298021147013,132.178974030262,136.537471126362,141.151014866336,153.638704833,160.374604549489,162.176192873659,163.840408044491,164.927209577378,165.213672152464,166.626811169011,166.848468016921,168.757725996,169.850390820405,170.441852465981
389.543926306244,384.547145260339,377.402043220559,375.021385000022,375.152051424721,373.727975229361,371.986841497152,373.553805598712,371.272079154669,369.057938792347,368.263066884693,368.123929497173,369.997481863304,368.073895842261,367.941737223354,368.149236244225,368.720896425587,368.520731607908,368.740096156296,368.910994254123,369.078420876471,369.059235499141,368.58579311981
126.784665586036,120.289967280357,127.178187200494,132.340275368773,135.576017935974,133.345149910089,133.450898842652,135.866995524649,134.608451997014,136.32606600826,139.265163810252,137.71356068253,149.960681958751,150.795561033634,151.233304135052,152.170100537353,153.896794626706,153.61694840463,153.154849103046,154.005717358631,154.383206018231,153.904907558547,154.016190267799
207.95671749254,195.922295649411,195.32362145772,196.101573861066,195.540882181727,198.012865206567,196.394670629304,196.933576443662,199.738161381177,198.820452124589,199.458789042932,200.829419427299,201.205503586362,202.473419162847,203.618647235463,202.454725465128,203.738918402598,203.939275717756,204.050386542134,204.382569592626,204.164421046155,204.272158869835,204.154555571557
282.468194367241,289.374040467982,295.910835239115,301.48246331067,305.594490917327,302.250279338214,308.843774356159,303.045877538448,303.822004129592,304.197101367097,304.446208613343,306.014640188887,303.533015075684,306.36835117114,306.31978296084,305.04742866906,306.966436299501,305.859439112793,306.255570632358,305.477781743399,305.098238790125,305.186137189559,305.440006313253
89.7914237577064,73.939354171273,72.6385706031229,68.4155663126511,67.0423106740528,70.1977444524009,67.1856771552134,67.8406990869423,68.9824065883244,68.24708400498,67.5278117728703,68.9579685370484,69.5486848336166,71.3290315175346,74.5999836757471,75.4475019376853,75.9541224184404,76.2606833633074,77.3268911915242,76.4689958394618,77.0628644699527,76.6027196935765,77.1023806087878
140.365866461864,131.638320798777,129.059975554418,128.859435535501,127.150929525237,133.846566747824,135.263737788401,133.517139185568,133.0309530133,137.090150749185,137.615406642349,137.92742280386,141.643888120483,145.89300680014,145.971241138388,149.007848385504,150.033140748646,151.389723513386,151.402982969924,152.307936914917,153.804957927058,155.639440564125,155.963413385244
437.747528384906,444.98437805776,443.061845485168,437.885499707408,446.932726747019,448.98519443174,451.71060205266,454.580661436864,450.700270364959,444.44700612755,451.401728510187,450.682035809596,450.076331443155,446.193928667969,444.878887437168,443.735151927497,444.514458148522,443.531225065354,445.234342433528,444.327435104338,444.49568327955,444.45707418394,444.84528351144
65.3042845531027,73.708869941614,73.1886052680043,65.7318304001968,68.1877149636501,71.0153675521943,71.615509747036,73.2882463833874,67.7264869638927,71.7464708550635,76.3773579889974,74.3503494493219,83.1101571136094,82.3149097218499,84.8675073626803,86.7284301400571,86.149239389177,87.2902238600408,87.2461725806202,87.582663187244,88.6112202088117,88.6003079490868,88.7223258879673
188.778565201836,185.603612799502,188.449339763959,190.21117579974,194.983734624319,194.685914632011,197.723261106755,198.489742965301,199.946582779743,200.394846569898,201.473079640044,201.878306258259,203.652015501018,204.561263849799,204.248040089586,204.153845214362,204.545014410981,203.889413146257,204.463979157818,204.275380839435,204.337550995565,204.428646225852,204.111570278358
103.124984199571,91.0568040766865,85.9640558357972,83.7735779290494,80.9838607972298,83.0696901629034,84.3484208967382,88.3242961704115,95.5089485197438,93.5821718153174,98.0571085046358,98.1719690210034,110.075005588102,115.811383780604,118.635324675815,119.67826299977,119.807459346446,121.113654791365,120.130498383755,120.235014359158,121.45627713031,121.80086591159,121.323017725138
172.05515956705,152.073168591871,148.038375979287,153.687551335007,155.664078314462,157.168229267892,159.191392262809,159.821102005468,160.852424490374,161.643536375043,161.103270889819,164.024159528208,157.969559964185,154.274601708818,153.043312260238,151.867140553468,151.666193146863,151.67995208689,151.556879688698,151.466873970662,151.221310473048,151.096282402826,151.796516769194
388.747941001346,384.968747052332,383.478326693745,382.551901262796,376.677414688285,378.505497076887,382.751710281487,381.934312095801,379.409290218784,386.068848709276,383.506557845148,382.498076693519,388.176355142893,389.891284421854,389.469468027436,390.186365960646,390.351836352401,390.560755151298,390.734358939655,391.63824978271,391.922229818641,392.453662656997,392.54002177624
269.189253742924,255.703764721069,246.210080157875,243.444576514756,239.255695343852,241.762383241375,247.705154938524,244.990767396465,249.212904649863,254.251929040986,255.240150377129,253.753245574382,267.456945166861,270.368646199855,273.809413376637,275.408373875919,276.372610019777,275.567096546124,276.237111619427,276.403445470862,276.495957544555,276.833472232987,276.480837147204
244.883788369706,209.839096052884,206.467128787289,203.159865518393,206.35541225041,212.063896086933,215.016276180334,220.444480936424,223.88799481341,223.186533890538,225.906321481168,227.701640020436,231.19103319783,234.004407802558,235.270864798634,235.709161352971,236.882410792627,237.34501903095,237.185679242583,237.333070377259,237.853119936162,237.895861734833,238.290238910073
155.050530679758,133.647852798752,133.351957675783,134.051491594875,136.997290074947,142.215026553374,145.0987153056,147.038031606986,149.493409863744,150.104147795212,154.895247396906,157.706887456842,168.334791254995,176.166102604163,178.335170932804,182.211031986023,182.466231715693,183.957055793508,183.231907060825,184.022813406635,185.247505393915,184.742274164838,186.040597944055
150.858431585706,136.368823922811,137.030679702748,135.811934445564,136.842759795489,136.148869657713,137.97676091641,137.824134643823,137.007518908845,137.510700138056,137.77142217515,137.726518046756,144.65875966869,145.204827852076,147.874587457354,149.068761324199,150.059720003306,150.301848146619,150.421194679122,150.240581710244,150.928260117361,151.189242339061,151.014168309591
98.08185364248,79.5497808361799,78.4554049213824,79.0871048528965,80.907832310096,82.9379119802473,85.0408376425749,87.8913067019209,90.0571523267683,92.0288542846081,93.7129976439821,94.223640989172,100.892590660324,107.243503992242,110.434030112403,113.513421113426,114.093860181041,115.280651343982,116.059473337337,116.104130267216,116.779161432596,117.263275735065,117.38767574362
293.632532548517,294.211196943637,289.073810054304,296.3838492256,295.699476162335,290.562994885245,294.512692774135,293.64759033554,293.089043043695,296.160876330612,295.16611356103,293.058397165499,297.307005103055,299.493225425924,299.449041706478,299.210735658193,300.508492318492,301.870832496771,302.28090539126,301.361628657598,302.332402321278,302.098006450228,302.383617220104
312.863721304837,315.102797772387,310.006798646656,309.311913296397,307.033506998261,307.084295067697,307.517737529382,308.625436985083,309.436951696538,312.094479722038,312.660890592697,314.06712019642,316.630828758126,317.842736051132,319.354176259235,319.636218436088,320.006065256434,319.999322800907,319.899074312242,319.825612054297,319.864763101407,319.737041393427,319.843154322464
100.698153595121,93.0680162124619,93.8375699019087,92.9677072399624,93.752829250532,94.6389972632952,94.8539804640895,95.8698222217776,95.7761257616798,96.439978207687,95.8100537636565,97.3894228257394,98.8691147819827,99.6584571197467,100.731182169694,101.207570155001,101.66699889274,101.758895369228,102.342000005649,101.992929471132,101.960587417081,102.005643228385,102.101554713415
255.802528200318,261.453031489689,263.219415334792,259.58913175251,264.136572034702,261.638249865578,261.1351231783,261.011566380071,258.091936768963,256.571486979504,256.219501885559,256.209864710885,252.808726136325,251.899201905262,253.336914808407,252.305312756647,252.072501679825,252.230465989905,252.035628535509,252.125610526318,251.979156472603,251.922041901686,251.877549093358
218.447060676964,204.147547111673,200.953340465757,199.669821728161,199.211694022772,198.175928631304,199.172765900758,196.686038150728,199.122349465157,196.51443026981,197.141533982896,197.880330494977,199.638323973875,202.036926517188,204.302629755301,205.581696749881,205.315309027608,205.992439025767,205.571517696849,205.848131842931,205.963602114184,206.022604308276,205.619226869329
166.864051934548,135.90945762493,133.449012577478,134.643575824532,132.586241268119,138.909630507328,144.559018802843,150.147586257955,156.043762753955,161.501510920469,161.501789909942,168.058822495492,187.557935789973,193.71658413242,201.11451669744,205.339561220959,206.188782054785,207.48063031171,208.838563332131,208.539537303715,209.631951902706,210.369161235381,210.633709090394
286.13580179879,273.614860205729,268.525732168029,267.996927254389,268.476140141071,267.462737595791,265.538624720859,264.658233255346,265.380387541291,264.257483310122,262.685796683607,262.4422947049,260.255567354309,258.93584919164,258.012456214147,258.027928135554,257.647257794149,257.192583273266,257.801381459774,257.189665217844,257.282836433257,257.127787221249,257.263135060274
191.407003446054,158.685447641048,158.373148022177,160.092475155914,161.498637836681,162.403936252273,164.29736188454,163.9012020228,165.430577391125,166.880800731087,168.510787803125,169.726842491503,173.321690844814,175.990657368924,178.361909335246,178.243899184403,179.298602904412,179.118510835209,179.849179543104,179.764482091775,179.521284585542,179.191595357443,179.880969454668
149.263358646594,97.048780745024,84.8770192991363,85.2143070107572,83.8676720024771,86.5756584208274,93.1426544638914,94.0331901521844,99.4326431063198,101.964940039411,103.312671731667,103.504519200592,112.904400841021,117.953185457268,119.174745707658,120.841202979006,120.653459468904,120.970984272806,121.223267639023,121.722618596244,122.181193372895,122.454588135114,122.24689056049
548.823355602531,541.572563259035,546.00248744898,547.090369441471,542.71336721429,544.008060567153,538.816615651369,542.662459987921,537.325816543448,538.785619996795,540.003712917933,539.30581365578,537.787339937125,537.34666753622,540.153180984796,538.618303755899,538.80860403878,538.443003882589,537.650682588064,538.562240089356,537.622643131689,538.426665488799,538.155762156236
392.817907050289,380.787968136974,378.517968838175,380.372802767765,381.937601873532,381.070971590168,381.828518076356,382.841114927988,383.662104077977,383.404361534382,386.064672097897,389.131313825981,396.110416843272,398.901117056193,402.700464266287,403.415172528739,403.805911159254,404.389451716721,405.110274916959,405.590428485147,405.581170586977,405.794074370216,405.529814013208
39.3718813090393,47.4449285300025,41.6070060113556,36.4024751960673,49.4367773583555,56.7246662746046,68.3877550650808,74.7483889078807,83.8921301133051,86.7909234948209,93.846332344249,101.248581933288,111.685522861495,121.420014434419,125.183188716756,126.157667497317,128.686135217342,130.288332370995,131.139285434318,131.91084522793,133.995056134934,134.974197534026,135.358550233483
60.1269754701463,69.9506215020987,60.0446111833364,50.7315369242299,48.3517859969238,55.4615160226414,62.5766171947182,73.2522608314984,80.7274556746959,79.1095091437424,86.5277680365488,87.3949599766572,95.9834950889643,96.2952679547418,97.4801649685291,97.8639103580078,97.0342180895293,99.00736204512,97.9215901111496,99.0517827454157,100.013963466709,99.9949998311086,100.382528969249
334.700949331303,317.924038174861,317.337671230726,317.533607010049,318.724785342988,318.503383157289,318.150890273938,318.718277353246,319.434892662322,318.580715135918,321.867853255821,321.104152437567,321.589540031128,322.464630121536,320.970807765277,321.840598224337,321.967445009074,321.217689362624,322.012454286393,321.61098019469,321.646431689678,321.396100542932,321.6692232209
131.027039286701,133.925150990096,128.851115798247,130.604039786944,135.906208479199,138.267599024696,145.252678968183,156.529756090317,165.090950285576,171.608597110283,175.199119319301,182.799055009431,196.54630618973,199.905829985105,202.851051553892,204.795302448433,206.219367184005,206.900456184045,207.027131781035,207.852242056721,210.387118837728,210.809324355696,211.23716428751
162.954116967681,127.258298768453,116.992366552208,116.495696763657,122.990305094012,128.862945171116,134.169312986635,135.734725048356,141.724872377772,144.847198724288,146.083376844389,149.373208726456,155.956370744123,159.121888240593,163.96801445567,165.960657561752,167.038415577395,168.529671769251,168.576738846006,168.741006572349,169.34989186133,169.172023897027,169.002882807963
280.430428527895,263.041949912405,258.537465387873,264.010741210629,263.358859582412,266.941988047737,266.542473371533,266.785656326045,268.593696088938,274.298775986769,277.337584350947,279.698157270789,291.073128166254,291.284010401989,292.299482969023,292.239672631262,292.553686147294,292.694967884013,293.512797901241,293.40415941576,293.571467390783,294.109814244448,293.839140425583
166.871124153532,141.981766462188,134.169264078468,127.109711796593,124.372030658066,122.978117100714,123.329463421138,122.713538698461,121.982472915767,126.122718492659,124.443111056695,126.452002799159,132.095206860138,135.637090824423,138.000407935123,138.809460653533,139.809562703545,140.38114566863,140.430682431503,140.430329403538,140.705754682733,141.40756212582,141.103822066659
280.458183742666,288.578852991371,284.974583157633,282.206515306795,283.664472397747,284.828756039551,287.352730817652,289.637669821691,288.50769057752,290.541859826918,291.831010650657,293.238008155183,294.690092422274,294.466680584182,294.735332093676,294.967588752672,294.502762611397,294.115101897583,293.972097315223,294.336908989334,294.154710100398,293.864091417198,293.666286073505
180.502170971587,176.097023602303,180.251669823068,183.755872613006,183.608486605699,181.592738642949,187.00640490599,181.635036422045,183.950889043123,187.585040495965,187.438562439854,182.72519125002,187.074901684918,189.255694359517,188.193983774068,189.118999492213,188.415953705647,190.580984559092,190.462074159949,190.711945398523,191.250980753805,191.874201421704,191.830060216502
122.13523643989,117.215017246562,125.89327112971,130.972797868611,135.85086072929,131.348353045871,130.490190381334,135.629899265031,132.513080646243,136.296075727806,134.145936133792,138.437823154856,135.87574797121,131.867705631668,132.215459716413,132.118465438087,131.205285712447,131.229747140032,130.987336995919,130.304547884224,131.022864264237,130.454361583965,130.265355244675
155.909670017331,154.509696270403,159.88589444231,166.328327305587,162.093611817323,164.306365728364,165.699872269736,164.123870319798,165.623959828522,167.846776020803,166.478345488171,170.172310544191,170.774840227754,174.546975669228,174.825209677429,174.252665487418,175.290942521948,175.226367791984,174.995288624905,175.108315735551,175.586909301798,175.848674419511,175.879775485148
278.094529118079,281.432576170572,278.285183934291,274.526809087076,273.389457684671,275.642958337952,276.735277686394,283.794416664726,282.021732313001,282.266036525318,283.399400362892,283.796014610825,294.92448174352,297.894486722368,299.945299859737,300.524874655273,299.78423672465,300.854818955018,300.290021063934,300.698981013367,301.449364266588,302.139606514815,301.970034011108
90.0897731635581,113.064234969863,102.676502811438,94.8291876015364,114.185098288081,126.364559131066,150.052883975303,154.228284766637,163.506841217529,171.690202543338,180.156692087484,185.142740287912,198.698955211694,208.337048690031,210.768680064734,213.142319340568,215.730758385159,215.930981461348,215.535687645088,217.817413032346,220.089216668661,220.693207851881,221.706863123116
123.397925485611,128.393271636152,136.287816634655,143.166072292713,140.252726306353,141.413439203166,143.157122370301,142.388950482891,141.884599128122,144.016219481932,145.739981844651,147.050187750905,149.207104860684,150.934144221825,151.953185472469,151.926722230552,153.568808075202,153.431586853746,153.084135680869,153.679399184751,154.401443721197,155.372269012955,155.314583264978
283.759273543985,260.326033655598,250.69538454237,255.251511271553,258.7650073707,265.311131168797,267.761010257805,270.129192738658,271.311292411718,272.861479998616,275.666774117397,276.850460077655,280.459209741555,284.22845426198,285.666938439177,287.138076573116,287.571588083654,287.373276564429,287.497164787916,287.383579454374,288.165832619043,287.765693496512,287.723584967162
239.826890095697,230.167519381325,229.995188907511,230.938662155619,231.192627126792,232.893345590871,234.317684445213,233.737651747845,234.15425286348,234.573976648024,232.373458706817,234.479790061688,234.717071480185,234.537911505639,237.086025862663,236.833144480842,236.742318804207,236.996977618384,237.083467686004,237.656763961476,237.264440919119,237.724581130664,237.69849415451
146.618248731497,120.744178075708,117.560459654085,120.631123553744,121.869024293381,129.811855754669,132.038294716871,135.04401029462,138.27232719641,140.53644791626,142.524599017519,142.392678058318,150.154785323767,155.943029967101,160.299007631739,162.750147576327,163.504647730831,164.808981730163,164.602542171763,164.984535607196,165.555466901114,165.934426903289,165.607360625421
171.635128383428,149.522618880251,149.817992015841,149.938729450672,148.689468352142,150.37453432733,150.440352310994,148.431238653526,151.701067394178,151.105638109343,153.850496410294,153.20635587733,156.492980487081,156.802111088029,156.717491459272,156.841484511174,157.236809479631,157.578753353188,157.110700399404,156.916766005574,157.156413240892,157.71858983959,157.385308371522
