"V1","V2","V3","V4","V5","V6","V7","V8","V9","V10","V11","V12","V13","V14","V15","V16","V17","V18","V19","V20","V21","V22","V23"
68.0808487579313,68.1099217264864,68.1831910134628,68.1883148933262,68.1975621739057,68.2052086967447,68.2040030569396,68.2025545555215,68.1995077825863,68.2008568565343,68.1997979883895,68.1873305310562,68.1812487230891,68.2164699648276,68.1872147423027,68.1833594849383,68.1747240779454,68.1855806643673,68.1955257554707,68.1986209898049,68.1832095606145,68.1673565091038,68.1723722342096
119.9117646955,120.78339543688,121.118440355523,121.168212331991,121.183771181148,121.194391692628,121.193895262087,121.191516671628,121.196317279691,121.19299147498,121.189753154469,121.200769543762,121.192681478779,121.196049354712,121.198123306768,121.209885294186,121.178256142102,121.18258372648,121.190331955145,121.197218878059,121.207669081623,121.204273711781,121.226646834851
52.9059795702809,54.7783669591418,55.330411112897,55.3734249493911,55.3713220141648,55.3735134463524,55.3679906652337,55.3752525585811,55.3703189786471,55.3702382614506,55.3701830866613,55.3680903904598,55.3627600766784,55.3667099993087,55.3566524724954,55.3565498826011,55.3481927201738,55.342204277319,55.3565415555079,55.3461902372741,55.3617273134545,55.3346910242601,55.3388446739235
52.6028134491374,52.3939221320357,52.0611079827941,51.4508700032234,51.4542741586547,51.4440847529587,51.4512266503175,51.4535808169197,51.4587461874373,51.449587042168,51.4436781452052,51.4455493731126,51.440478196291,51.4473092373349,51.4485642210464,51.4415011454442,51.4344240774944,51.4328175673388,51.4424833401811,51.438547089178,51.4496896351329,51.4404548818753,51.4431997529025
93.2434036916415,94.2384133511351,94.1233804637855,94.3069827231347,94.3301697950455,94.3442435313682,94.3415929181856,94.3569975664043,94.3359679307491,94.3312619177495,94.3399022159227,94.3425187039648,94.3045018299979,94.3264492880539,94.3191704946519,94.3305428613261,94.303345741629,94.3080001155747,94.3189277853644,94.3055043049214,94.2776043305327,94.3031785761464,94.291841207098
85.9167793624484,85.7203575662061,85.7517234783662,85.7051919126139,85.6878204780934,85.7048472196597,85.709222321243,85.7083015971372,85.6983961605898,85.702747471611,85.7041114556962,85.6999409356677,85.7018965988007,85.7005969205145,85.6767440469852,85.682474981668,85.7073815257981,85.710695508282,85.7051566902691,85.6689022041024,85.6701640288948,85.6747212169138,85.7034599531388
162.041533742235,164.010826811285,163.93324420387,163.967390664698,163.928115636823,163.947936413008,163.934775238027,163.944896511606,163.944568603467,163.886469228467,163.920530922855,163.921596167102,163.931157286119,163.863668746668,163.921076482151,163.906651716904,163.925503679319,163.941469734807,163.888376581218,163.942360679418,163.903244985961,163.914458204318,163.901677456425
98.5589824261546,93.899282007415,93.1556159040079,93.1253466033242,93.0637305349675,93.0787141248492,93.0627941190578,93.051227403795,93.0335962766467,93.0048296378034,92.9639334816019,92.9428063605019,92.9806607280059,92.9221607889242,92.894916353871,92.8933905334058,92.9137379963313,92.9273929038994,92.9093517278633,92.9474489531293,92.9215891150503,92.8566488931693,92.8762681213945
113.913277828984,116.125674150878,116.402952738569,117.226944592589,117.225651097949,117.218225440613,117.247161954222,117.258796684244,117.274659115786,117.265340090351,117.254014169189,117.272524689769,117.260892427336,117.267102335692,117.27189788611,117.276588068397,117.256848978577,117.275053205571,117.271017079133,117.299273024031,117.270705043577,117.281185312377,117.312237204818
87.8234916573585,87.8361108974901,87.2223265616168,87.1472733674419,87.1363552849313,87.1355110975992,87.1348785945852,87.1339871788513,87.1281513687259,87.1277487743693,87.1238424164584,87.1119315923524,87.1136272435088,87.1260002346715,87.1143084767409,87.1237081488339,87.1186641743823,87.1085421913339,87.1205703045129,87.128958915736,87.1144271964286,87.1097473909475,87.1164713361112
40.5990350762821,39.1579453195472,38.6258031903629,38.6345280301182,38.6420487581753,38.6417969398364,38.6409372308621,38.6400601033808,38.6377642425693,38.6396627991553,38.6405262870221,38.640915726978,38.6315520607701,38.6380345201508,38.6472314946648,38.6390253762145,38.6401155877764,38.6313605521422,38.6380237723397,38.6272479164605,38.6327272364596,38.6371886675519,38.6371438230221
69.9329640677891,74.4216114263664,75.1385279709682,75.0711437231984,75.0781923824303,75.0813789814038,75.0666116759667,75.0707051260737,75.0526833299378,75.0597418467787,75.0448118231796,75.0330968717037,75.0178704639342,75.0316798056773,75.0612562436751,75.0532646325574,75.0650716730193,75.036236058064,75.0149558691441,75.0406098452027,74.9906539494321,75.0612247303683,75.0342891638243
94.3183238875298,95.4683656455589,95.4468155496363,95.4322242189244,95.3896710895801,95.4484950743378,95.4359709420913,95.4315317175104,95.4456165251283,95.4181624472911,95.4477564079505,95.4287507958832,95.4032835751724,95.4191311892761,95.4280142179516,95.4095678257831,95.3829087267223,95.4317291837702,95.360660533388,95.399216273664,95.3761896479186,95.4083063947933,95.4012650714306
143.358182333052,141.331031630227,141.310751906983,141.308181289787,141.291000900261,141.300328634985,141.272770163065,141.273886294618,141.202997312678,141.206934787244,141.17764234201,141.158552342301,141.20921043847,141.136473750188,141.192041892386,141.195965009756,141.211972496017,141.09402215709,141.075247787365,141.161092390388,141.202927010062,141.193627638297,141.217596512507
77.1615367383462,75.69927103249,75.2663174364795,75.2234907921167,75.2092546609602,75.2073180015204,75.2019358526793,75.1999924015565,75.2010155885044,75.1959648390065,75.1855577469538,75.1945450352259,75.194624946136,75.1784473528806,75.1777292945539,75.1739200889348,75.1916125463687,75.1781380082399,75.1670887701472,75.1685261754092,75.1759570340493,75.1699214961511,75.171188865866
81.7586577470607,81.949531893135,82.0382254559493,82.0667601626913,82.0140106648784,82.0180787458555,81.999030875198,82.0179716021211,82.03683888898,82.017731419245,82.0055677000534,81.9672667232742,82.0184807194651,81.9388349227271,81.9374165014629,81.8946475145777,81.9833147080251,81.9421977453805,81.9477175619232,81.912572855189,81.8534741571601,81.852118318023,81.876678713817
79.6696540753275,79.6715008334984,79.591355192531,79.3701450007415,79.3677843035829,79.367028215319,79.3673171487423,79.3730960872614,79.3710595769845,79.3664265733978,79.3706076499195,79.3659709225416,79.378440667795,79.3619536450524,79.3646078714984,79.3679455822275,79.3688189389491,79.3684910547522,79.3727285703438,79.3762717534739,79.3650543817166,79.3629494047248,79.3632825315378
129.44008599418,130.736639527889,130.814866980002,130.800090019334,130.836690194272,130.818782051447,130.845268247272,130.837236027618,130.876075406072,130.85955788077,130.849062083478,130.849901079117,130.865005165497,130.867321826402,130.909498482578,130.870610730725,130.834534189224,130.909315824275,130.851704496167,130.866470024938,130.888933792454,130.857351111991,130.841385195227
26.8127461127316,27.6535364375371,27.7016826611536,27.7013438484039,27.700545423078,27.7012228102659,27.7001438755789,27.7024044890203,27.7021368353099,27.7009187053246,27.7015558488754,27.7025659908852,27.7029620103992,27.7030573868733,27.6986990225166,27.7000050581039,27.6993426983712,27.7005830657529,27.7002139058057,27.6998224754458,27.6975750935055,27.6993638684746,27.6975582537266
102.016735355025,99.0684191896354,99.1138220653025,99.123633385513,99.0724126326589,99.0471365660949,98.9551945268322,98.8424557894351,98.6466723462798,98.6028769889302,98.6168582782673,98.547966292541,98.5462689208111,98.5577396885083,98.5142982975462,98.5289004794398,98.5057072487172,98.5238685541007,98.5585446292492,98.4616259566056,98.5513617118243,98.5228967776787,98.5189703316507
108.643271480836,108.755517325619,108.710818110239,108.72152560745,108.751450579953,108.764839094168,108.738869252192,108.764470850105,108.762016216909,108.770659737628,108.757558050019,108.756205792626,108.760312152228,108.755980212868,108.748167960221,108.784033534585,108.765620065567,108.739457984223,108.745868087183,108.748618473784,108.780115110445,108.762872461079,108.759849248801
98.2566799593875,99.0792820674939,98.9566084091847,98.9886202539991,98.9797302993165,98.9828912792713,98.9756752918626,98.9639276585386,98.9757273062487,98.9814120021608,98.9675882197066,98.9767223685317,98.9760186944045,98.9796865534677,98.9806796197098,98.9780729690835,98.976152319957,98.9504963934358,98.9740122038903,98.9772334164727,98.9663067804461,98.9792404472257,98.9793625414452
67.054797843501,67.8152113219852,67.7823211682328,67.7689168562807,67.7521083964684,67.749407044521,67.7531731976071,67.7420811461333,67.7413002091365,67.7135883019461,67.7025662665693,67.7043485297221,67.7165676000979,67.6843805584536,67.6995373780853,67.7247336387703,67.7249846112229,67.7226459999835,67.7326661817188,67.7265524833853,67.7052505144229,67.72331672765,67.7165523666073
85.9333257491813,88.7183713798172,88.8474082083308,88.8636380738841,88.8786073603456,88.8660318691253,88.85859288013,88.8616394474486,88.8544121852896,88.8485980988028,88.8263064508919,88.8558664372312,88.8607083298098,88.8652838321529,88.8410966625741,88.8237539237697,88.7745613242012,88.8515370328208,88.7951600894479,88.8447498688071,88.8392711185103,88.8295323228778,88.8171149001368
85.9786910419038,84.3314864183584,84.1753878904691,84.1705983141785,84.1300871785816,84.1194799305885,84.0862146416785,84.1229755089936,84.0796681576631,84.0720532276811,84.0466593836775,84.0521645690842,84.0672072992956,84.0739614229274,84.0692594012662,84.0598684381261,84.0635418345966,84.0710692138133,84.0804521892599,84.0370758367957,84.0605902837762,84.069201200378,84.0717464681197
82.09149695362,82.4250489165363,82.4165224018503,82.4175071752105,82.4087931829651,82.3829693472002,82.3860617593599,82.36093386314,82.3676023521242,82.3278017082377,82.3229266755934,82.3023017580057,82.3778837388051,82.3265906091884,82.3645523281133,82.3042034244578,82.3179438673778,82.2790373995723,82.2942517151906,82.2564874297847,82.2382866242217,82.1991254322276,82.2043353843205
185.945179218106,186.250609757473,186.223921763376,186.20868256046,186.164817058129,186.080346949408,186.188094907276,186.084511087384,186.050653454847,185.977630548031,185.977400776035,185.962277875992,185.855920808929,185.977380270877,185.818512748327,185.927889733964,185.978716970177,185.866473221088,185.819659136994,185.961672190531,185.918204686115,185.878723035067,185.947845510918
85.2345539166025,83.384718045869,83.2885973152932,83.2937115985249,83.2956631185109,83.2948224602356,83.2869093525855,83.2864830043403,83.2893271482584,83.284085874529,83.2629825999774,83.2684117596045,83.2497033702197,83.2727412646515,83.2364709390731,83.2764569429654,83.2798017835816,83.2738794921161,83.2948096930964,83.2803681267893,83.2844247037375,83.266829585378,83.2686190237766
86.6763927287166,85.5568070479872,85.5540914312381,85.5921864223951,85.605962226457,85.6144066399326,85.6030416846208,85.6120123862647,85.6155712811771,85.604208772573,85.6165843204862,85.6060940442571,85.6155492651919,85.6278679093515,85.6251527826903,85.6126751900214,85.5965350750348,85.5943228852142,85.5913491366973,85.6076693714717,85.6363942498394,85.5978660146524,85.6063132503464
48.4011511013183,42.2193425028296,40.6893513800383,40.5465516197774,40.5430428129729,40.5470601422507,40.5413825877555,40.5415898030271,40.5448446176211,40.5419203004385,40.5413596969876,40.5456226902089,40.5377273424283,40.5382425118921,40.544212684601,40.5398082741711,40.5371125660376,40.5434235053397,40.5317225876533,40.5494405778549,40.5375203312558,40.5367173490324,40.5426688442747
135.345909385824,135.172036972001,135.145258419443,135.143385976989,135.111452969612,135.092637235838,135.051053329272,135.022674733925,135.003349955506,134.889362636759,134.813341624945,134.779032767386,134.870123153798,134.837853305414,134.982564805613,134.897361186131,134.888663829695,134.878911148944,134.927581943904,134.93034712715,134.826847184716,134.827790746367,134.916272948277
76.2663365518743,77.1207836009464,77.1329311300386,77.0567737754589,77.0625535921836,77.0657809699011,77.0603570006895,77.0652255718318,77.0573670488393,77.060121623401,77.0623040041583,77.0584614471662,77.0508785057692,77.0657466157279,77.0449754339838,77.044926275218,77.0846728114704,77.060188528176,77.0617407541577,77.0571977870071,77.0698309960701,77.0402834412779,77.0589052164838
66.8166004731485,61.715982470758,61.3879832525902,60.9522089755209,60.9294500644741,60.9392370632773,60.9377861809742,60.9544285175876,60.9391429698731,60.9391997666954,60.9440247526876,60.9435725715533,60.9541603329291,60.927341655784,60.9312995246526,60.9296220485056,60.9164554755819,60.9288538087056,60.9244821320207,60.9310068716417,60.9230784858328,60.9246555078019,60.9252131987136
116.346520028982,123.572131351904,123.622856198159,123.649536898716,123.590569889102,123.361980012552,123.382419560728,123.430915416859,123.349824288268,123.252120167098,123.415726624714,123.311310272414,123.278511996296,123.336051767015,123.393786446497,123.250549270242,123.281168839934,123.280586115572,123.328879050663,123.314368715749,123.48262899158,123.359370316872,123.418623101726
61.7503382144318,61.4025806429948,61.4633554866732,61.4519868940659,61.4451953644004,61.4299969659089,61.4284012158165,61.4313946851492,61.4163232007004,61.4134393629913,61.4010469440472,61.4122363104386,61.3912086375508,61.3824104999753,61.3842998585278,61.3817520652265,61.3882525997936,61.3736869963064,61.392426373788,61.3731220692088,61.3800045933285,61.3853162486015,61.3771650702033
101.280079206175,100.577686215517,100.59123202813,100.588284034404,100.563952730111,100.450085054946,100.424196737211,100.437858761606,100.441191338092,100.425516237937,100.454644472437,100.415511945682,100.427969227904,100.439124622855,100.417243946718,100.424895930729,100.410674960033,100.447993794628,100.398338876213,100.412866547365,100.429608279557,100.446640303734,100.443251294037
138.028531919898,137.933120655842,137.730755469877,137.818189308392,137.845396326492,137.834033155921,137.875699468309,137.952411712924,137.858444008709,137.952910948922,137.848531459415,137.809021459112,137.861246278126,137.776587087763,137.719949868916,137.630031262353,137.671493270727,137.730113125147,137.739020482028,137.803244574934,137.63170167419,137.702742563405,137.623668081178
123.123666235892,123.639512684999,123.747330115863,123.742883255276,123.746656158101,123.736096235663,123.736936074438,123.716704116153,123.720546793,123.713517868685,123.722877074561,123.746798268464,123.723095136546,123.74441703704,123.704223172929,123.736270270737,123.743316833076,123.80808868352,123.772835413878,123.711936139842,123.757751963175,123.791375158093,123.730185817954
123.319907413207,122.422397760917,122.434795512982,122.386273941129,122.363787002817,122.362650982966,122.349276161676,122.358976424944,122.203069578079,122.263684914497,122.218616173717,122.244709121898,122.186224876052,122.107410154678,122.117873081594,122.192564928049,122.196648861512,122.199211793955,122.152397404132,122.131244750814,122.134024654486,122.228386455442,122.24355836466
61.1002800203377,57.0067713920315,56.9999777725252,56.998258884333,56.9946635967012,56.9876168955148,56.9965214669189,56.9863744694026,56.9725002301687,56.9796391093937,56.9716163038823,56.9740039620503,56.9495468582937,56.9645593176799,56.9619799754765,56.9530722705203,56.9554245868408,56.9480372523448,56.9510692560665,56.9689898817558,56.9479099429799,56.9367993697801,56.950791134196
91.9477352996839,91.6306176705884,91.6394937142691,91.6319910568433,91.6268547560143,91.6343402326073,91.6153753698677,91.6128925368973,91.6156852867641,91.5870420602081,91.5753607004719,91.5928493537659,91.5913061952563,91.6152396678292,91.60604945628,91.601632420197,91.5633476011953,91.5486974968666,91.5769437576825,91.5850699045391,91.5498796997605,91.5698330358868,91.5547485416187
190.079435540651,190.186729560606,190.254247992903,190.305019473586,190.395633562203,190.421616107185,190.413611854271,190.402997989898,190.412919974652,190.425663557866,190.408249218686,190.392711036189,190.397373285232,190.357521111851,190.388838487155,190.349947523883,190.362984168574,190.411763774781,190.29718819033,190.291819373755,190.363081454784,190.328367859738,190.294022781609
77.9532191685029,81.3159209549363,79.8156058522667,80.5953278611437,80.6495187435452,80.6501603873984,80.6587315266321,80.6538738682081,80.6624947303725,80.6561706824562,80.6560170069127,80.6467628924932,80.6515582275802,80.6695485663877,80.6631159844582,80.6536892246669,80.6718885372905,80.6565218106926,80.6503497082657,80.6325417302952,80.6614035047544,80.6553104175825,80.6603903307278
53.2756374381118,54.6439633954646,54.7345853775458,54.7416392044606,54.7349365289983,54.7415159048246,54.7426358800803,54.7526924365737,54.7482340135966,54.7473006607916,54.7396133991942,54.7430159143422,54.739853403726,54.7476824278879,54.7499794060051,54.7504605870322,54.7362899696705,54.7467689893514,54.7401174344165,54.7424933805945,54.7292169021627,54.7283076354795,54.740397364525
106.969372140863,102.250863411794,102.186642643828,102.010946665434,101.972384083981,101.925266504874,101.975312466912,101.950375528291,101.92811525892,101.92008353444,101.928834322449,101.900243873456,101.862705425245,101.882205907425,101.897567294036,101.895107269997,101.917721618384,101.883466561731,101.871638951965,101.852944939099,101.88978492772,101.871866640943,101.86655585816
42.2911816953183,51.3238789000476,51.6593018567097,51.7173961128191,51.7586925907642,51.7562274780502,51.7519547797993,51.7603052001434,51.7586977651002,51.7560264714319,51.7578523870784,51.7551911642191,51.7581918550185,51.7417116113484,51.7521333396476,51.7588533864018,51.7498397023761,51.7577953374544,51.7552069610886,51.7525187612534,51.7605595960098,51.7571837626749,51.7644700279036
114.260403714595,114.182988574705,114.194490438802,114.081209463152,114.116768371794,114.136148840372,114.114735555048,114.12952904889,114.103559959036,114.129133838379,114.109183270186,114.113985079385,114.052321828444,114.110775188388,114.130288453123,114.09883111777,114.119957013151,114.107750476416,114.139076559157,114.082468155834,114.101835558691,114.118777303848,114.098414443313
182.942822431312,182.82655551955,182.823031412706,182.807387614564,182.796581726985,182.761851220898,182.738076694508,182.710007235923,182.790280531526,182.724945385978,182.701886832548,182.702055113666,182.682405955676,182.655055270305,182.689118944356,182.755821371284,182.626706852696,182.701587093069,182.632282420531,182.693713166181,182.741268310489,182.661545790626,182.664983149674
51.6712395430732,52.0358421923463,53.3558978463806,53.5866246966476,53.5749975937315,53.600847153243,53.5924853370289,53.5992496014636,53.6002367262907,53.5855299841357,53.5948927379604,53.6018283765871,53.5917154387571,53.6022279854307,53.6183551348966,53.6046166813001,53.6011001946709,53.5923832037273,53.6024375030395,53.6225726666713,53.6016965550197,53.5864862254713,53.5975323628853
58.9224630479792,66.1139185453007,63.3675041385873,63.1032594442682,63.1272492346956,63.1207929981852,63.1254952701846,63.1199577906647,63.1292290881421,63.1182105696985,63.116875958123,63.1203680470603,63.1335786603277,63.1137787687507,63.1174035638503,63.1229176668602,63.1333166152933,63.1154998196865,63.1203083092257,63.1225304077478,63.1142001223133,63.1181811702197,63.1054805782619
30.337934230081,30.2983299747737,30.324046285762,30.3195471646069,30.3175679128918,30.3177903771303,30.3178150747427,30.3178150747427,30.3178150747427,30.3178150747427,30.3178150747427,30.3177605160681,30.3178150747427,30.3177996985673,30.3178150747427,30.3178150747427,30.3178150747427,30.3178137096962,30.3178076545964,30.3180229813978,30.3178150747427,30.3177297401941,30.3178150747426
74.1288054300783,74.9453419832265,75.364760169438,75.4793781323269,75.5107412412672,75.5233582049432,75.5173791912565,75.5276090820819,75.5183996857169,75.5270067864816,75.5182069954457,75.5201609530434,75.5209606554919,75.5293203510963,75.5149770543035,75.5215232984582,75.521395812428,75.5274434976296,75.5266016105145,75.5212378436487,75.5150558353418,75.5089554555352,75.5146630833806
64.2661501520919,69.0193100075891,69.7538564529962,69.7865261260972,69.7814848027939,69.7746763917532,69.7875121290985,69.796967451398,69.7924748649771,69.7696501827199,69.7762835894216,69.7678400950713,69.7802901851112,69.7636065593621,69.7740458661265,69.7572286320157,69.7711174795125,69.7611070608377,69.7712517189955,69.7607640388571,69.7689613406963,69.762883836648,69.763946694126
39.7781724669119,40.3716544298771,39.6793972814741,39.5331076039504,39.5334239143548,39.5330567880042,39.5330341164718,39.5327231059392,39.5326240442706,39.5320694927442,39.5327530090136,39.5321581055262,39.5313602405946,39.5318099995269,39.5330752958874,39.5323879895203,39.5337821771824,39.531009566384,39.5317392727087,39.5324783050793,39.5316678715503,39.5325870293793,39.5323280571342
48.8907632433787,50.6159292228882,50.6372532877309,50.6315355612263,50.6315797226441,50.629158480872,50.6311122632215,50.6285441232658,50.6274206254222,50.6272860438007,50.6300154665396,50.6262057391936,50.6313039398348,50.6201399128313,50.6268656194237,50.6290169709405,50.6239278945951,50.625358327987,50.629369859444,50.6262737160975,50.6301711824605,50.6221731649399,50.6293625883419
84.0611885912366,81.2591800100021,81.1727031748064,81.1881112792197,81.1755607198881,81.1811632224205,81.169850240036,81.177533289107,81.1693604865324,81.1756276951251,81.1661020997729,81.1749350318506,81.1445816802782,81.170977470841,81.1522361069311,81.1658557271464,81.1502089468861,81.1427571061915,81.1480720999966,81.1658836335606,81.1454933907956,81.1403844110705,81.1576561337597
46.3060043011368,49.6479365577038,49.6528995140392,49.6419065729167,49.63915860509,49.635968395488,49.6339452148899,49.6346621474568,49.6292286624688,49.6340377819272,49.633889976613,49.6308672224106,49.623145133014,49.6210319962705,49.6268583228058,49.6315801736833,49.636318238114,49.6179509944104,49.6245928352685,49.6253930054597,49.6342132705586,49.6248916609642,49.6126065561386
18.460480248119,28.505507246384,28.7064179227838,28.8181210362245,28.8168742051912,28.8241501816769,28.8223987194152,28.8239844220016,28.8229466901803,28.8242556083103,28.8243470000129,28.824325677294,28.8238776401919,28.8237192533798,28.8235435371597,28.8241660610715,28.8244110722308,28.8240240154893,28.8235691603969,28.8239924238667,28.8235864080187,28.8232237802593,28.8232267235973
69.8343744145105,70.6277531110472,70.6039051963153,70.644917044726,70.6626202658617,70.6750538124235,70.6561393102988,70.6541219554168,70.6616242776733,70.6466827795371,70.6204486325893,70.627711461039,70.6355542081317,70.6344434002902,70.6294322976198,70.6030951264307,70.6042085271276,70.6124523844747,70.6542206830005,70.6134323591232,70.5931576096835,70.6380808589985,70.6340455901568
57.3397376219206,57.6095750118436,57.6694587904135,57.7505682564924,57.73910926568,57.7364195217931,57.7378943184737,57.7307513782529,57.7314754421231,57.7274032005181,57.7183718020756,57.7296091105241,57.7226976061063,57.7329202060349,57.696046838182,57.716678362774,57.7084580867658,57.711459941753,57.7384605567658,57.7051748579757,57.7267477900759,57.7085236990143,57.7153729650319
51.3169485668346,51.5678153236647,51.7480645603651,51.7410156972744,51.7522402335262,51.7511462977729,51.7433995106831,51.742883765124,51.7487067870417,51.7442020661582,51.7451299455493,51.746425552153,51.741183238806,51.71480394213,51.725254041938,51.7250308600016,51.7190630964795,51.7285827852622,51.7407772949981,51.7496929631912,51.7340482267382,51.7314767958495,51.7300155674565
179.510282330177,176.08208416054,176.227290195395,176.39537042452,176.350619356875,176.232188065667,176.191778341409,176.237799143985,176.119872429707,176.071418431606,176.136683744567,176.103464445885,175.976883846263,175.923521605773,176.040347511712,175.813919621248,176.004903338215,175.941379966464,175.954082881526,175.949252199949,175.97655446395,175.998009320069,175.899975035773
45.1413232067221,44.9207650263927,44.8299140262637,44.761101551939,44.7559291668241,44.7528172065258,44.7528179566401,44.7462234430216,44.7412334319559,44.7365931593725,44.7356645289131,44.7434175356562,44.7417049277356,44.7318929186881,44.7417047346939,44.733983933355,44.7505280722063,44.7532527124992,44.7335543686651,44.745514461843,44.746637013176,44.7444514239359,44.7455464317045
50.5259234872155,50.7101032032568,50.7350244351501,50.7146181537418,50.7180386690969,50.7228593473962,50.7223253011147,50.7243373326029,50.7169436966976,50.7223363438992,50.7223101813034,50.7173345080407,50.7180941441492,50.7319857539633,50.7252831686981,50.7195894680585,50.7155194246889,50.7200947225862,50.7140395509478,50.7202798475491,50.7206911056004,50.7187340586099,50.730098976642
87.2504770931166,86.9880082155004,86.6619051661151,87.5840143848598,87.5941628828847,87.5914753743493,87.6007628854401,87.585633475288,87.5767119197099,87.6052187278812,87.5925463400033,87.5776898436358,87.5806506099248,87.5655126934805,87.5612304869166,87.5889103704023,87.5972082325015,87.6010089367847,87.5922238334704,87.5717917948563,87.5620439890076,87.6045090968202,87.600516936262
73.2185787967035,72.8855797802852,74.123869544055,74.7525412958992,74.8263214648982,74.8272168825212,74.8354362589492,74.8336348212197,74.8322824928431,74.8369503298388,74.8347746862512,74.8384167731521,74.8394073735766,74.8416157166232,74.8497378849759,74.8564608461859,74.8478764825318,74.8409013926732,74.8329147939693,74.8515787842594,74.8341843121635,74.8598698124116,74.823037788749
69.2946749996097,68.911480229418,68.8621531705458,68.8352392203148,68.8268391819207,68.8058228463047,68.8030883314155,68.7834393643841,68.7844716236626,68.750451604677,68.7462156892157,68.7346326403801,68.7368485442005,68.7257655060804,68.7437842181619,68.7157812716855,68.6981363472923,68.7361309734929,68.7139875894127,68.7104589089728,68.6750761752375,68.6802007313221,68.6604399829703
57.8202392258205,58.7598497106196,58.7702769178509,58.7630643643755,58.7371586732709,58.7274461666487,58.7354248350459,58.7317932380254,58.7146527928708,58.7291947916369,58.7336901661651,58.7186689927597,58.724687368974,58.7349711027745,58.7274274103912,58.7403783463407,58.7399878566322,58.7154414000446,58.7270760396575,58.7057146281999,58.718034693125,58.7118790796382,58.7234333749433
142.662052299127,143.525751993477,143.408121289507,143.385136453085,143.388488515082,143.36875242179,143.367279050581,143.375917336097,143.365261379475,143.369573545773,143.34853055925,143.365453147795,143.333464346482,143.341940146307,143.37749935865,143.362465979245,143.320543558518,143.336076444585,143.344713017359,143.329723027002,143.330042947104,143.359260625679,143.330059903292
66.0051163187902,65.2972757633846,65.2875703775616,65.287336288533,65.2534715657848,65.189665353362,65.1843420450875,65.1803518574426,65.2024363006991,65.1893753339626,65.1522772424223,65.1900940275477,65.1851477851329,65.1595319270304,65.1671634342931,65.1561059026475,65.1637387940457,65.1572491741951,65.1789158081602,65.1738976190039,65.1387444483974,65.1328188241439,65.1267001796737
148.093155982469,147.947749604919,147.832387722672,147.726581708063,147.705750000037,147.614278698083,147.628139179766,147.617413528416,147.661838306582,147.658773273769,147.593273099719,147.553951535948,147.529247974624,147.542262773543,147.599729071034,147.631983948729,147.619826737949,147.628191537776,147.546067173634,147.611843676861,147.587371540364,147.613540528503,147.670882198444
199.523222249819,199.103025004492,199.416214709932,199.535270008253,199.463164995394,199.605698950848,199.629875271143,199.492714477515,199.445193151677,199.501285535109,199.470485028351,199.330261672291,199.451056398778,199.268508353906,199.403872401846,199.65222971903,199.519175724836,199.528054511386,199.569571043988,199.483873303757,199.706093707793,199.53011195775,199.523141115472
107.046680967899,105.736444926929,105.721966907846,105.730434403467,105.729905295203,105.727243248796,105.718671965384,105.720583175609,105.730060838162,105.700701230829,105.692643193274,105.702197306953,105.745381248975,105.704529678653,105.718733142634,105.731868588536,105.730873875597,105.708980726775,105.709110931492,105.713101171104,105.721480512778,105.701901305488,105.707049696682
70.108676487448,71.4096568375582,71.4291033269276,71.4330358752389,71.4362125943507,71.4279235830707,71.427589240594,71.4228197449719,71.4157254770079,71.4071798042268,71.4085038772695,71.3913418898473,71.4224752382751,71.3994434959776,71.4201815073194,71.4286552371918,71.4206773756981,71.4233888476232,71.4148308350403,71.3979898196162,71.4203565587295,71.4039650280994,71.4064443692795
42.7624387187434,42.3867097681407,42.5129769905431,42.5915520424254,42.5979707437611,42.6013756222735,42.6038332379171,42.6091582311583,42.6050177185678,42.607690690387,42.6074917843541,42.6058134091722,42.6139310213149,42.6037664148688,42.6063956044781,42.6048687281877,42.6064665780977,42.6067421654421,42.6102466518538,42.6071305702623,42.6039392975691,42.6056660183035,42.6017584391573
81.8025760935243,81.0485358080337,80.5520766885441,80.4307987132329,80.4159245078481,80.4068580801207,80.4073254425257,80.3925353183829,80.4019408443947,80.3836493771094,80.3958344600295,80.381419187191,80.3899532385317,80.3833873654972,80.3982078508221,80.3827192009723,80.3754199437773,80.4174365760263,80.3805127233069,80.3928235219278,80.3937860690286,80.3909684158884,80.3836881449495
93.0207945589725,92.9352214244131,88.6756340451651,88.6585782835545,88.6762248436219,88.6747507852761,88.6733440698906,88.6770025148305,88.6695607780106,88.6913861612051,88.6704202371777,88.6706598056625,88.6739128281367,88.6702009842095,88.6639820560665,88.6791845178283,88.6823115143698,88.6630252724166,88.6703207217678,88.6781954385722,88.671792286426,88.6671034628181,88.6598406246991
72.0899683811678,72.0957119514284,72.123792589816,72.1123655830917,72.112433766716,72.1092577746075,72.107396184737,72.1056657390927,72.1055402334999,72.1046829368387,72.1063187428803,72.1101009704822,72.1079083350482,72.1043074344359,72.1035447697089,72.102217711689,72.1017708189738,72.1042313623226,72.0961365528064,72.1050091659743,72.1104823220305,72.102256040255,72.1025415441373
78.6649477642032,81.435478870374,82.1481091467237,81.7475675794806,81.748117109605,81.7179233019199,81.7087974009983,81.7154628604582,81.7163659570202,81.7268427746635,81.7432934581446,81.7118616838419,81.7037259457391,81.6965124601313,81.7170033246892,81.7183523978868,81.7175482378768,81.7145785436809,81.7103202773645,81.7302962932427,81.7135600004041,81.7109100971675,81.7258185474381
68.5582088783391,69.0643763095205,69.222057338993,69.2773933091192,69.2844353332621,69.2743617390277,69.2831688202745,69.2891104550669,69.2910253949011,69.291754917373,69.2519717908001,69.2627686101468,69.3021915785224,69.2113275914569,69.2410452786575,69.2555063180294,69.2645980384159,69.2801058706051,69.247660834851,69.2102097361798,69.2357219539131,69.2295709751403,69.2087334305665
62.6563863555116,61.7760698416092,67.5509867550382,67.4421564020343,67.4460383120824,67.4668737029847,67.4623976295574,67.4659523771401,67.4764293471714,67.4637009147034,67.4441699845164,67.4567832770513,67.4419825860838,67.4455216040685,67.4439984674654,67.4287420292357,67.4170389884402,67.411109569489,67.4286336942349,67.4452576219566,67.4289757836367,67.4404689672348,67.4482671506086
131.920418447187,129.990946250001,132.453277439765,132.372764000187,132.317924800589,132.179231486215,132.084704486204,132.10790640301,132.248244753473,132.141312151122,132.149314189162,132.276718419004,132.155880727853,132.227847324188,132.216425237883,132.205569317149,132.16233330689,132.198348872869,132.189939831253,132.072312471048,132.125406687306,131.986088216084,132.117463577791
83.2561704003985,82.2674281436613,83.1548522892217,81.9970568912235,82.024824488139,82.014250456795,82.0143767328777,82.0121379805725,81.9936376787682,82.0236034706475,82.0032800088698,81.9954358890093,82.0252780069145,82.0053440903554,81.9977273125926,82.002071854194,82.0146940681276,82.0145403390927,82.017740882869,82.0020811966893,82.0113719328388,82.0119212963863,82.0180843057672
98.0634132270697,97.9954919610004,98.1404393284737,98.1500306542844,98.1369958042134,98.1413601174398,98.1313011435894,98.1461512871659,98.1443375605547,98.1405754171414,98.1436870824828,98.1296645174897,98.1425487401398,98.1165408360091,98.1279384292933,98.1070917396116,98.1198170500212,98.1121146411952,98.1328994116116,98.1288255880255,98.1067759004838,98.1324124285702,98.1271384636508
47.0522267037393,46.6977723362329,46.492465376431,46.4575478479147,46.4464086613922,46.4451782338048,46.4439495296241,46.4431961804536,46.4446625502488,46.4321847647391,46.4243895388636,46.4240050944091,46.4196037431133,46.4106511251657,46.4137115517731,46.4202382102067,46.4053562330067,46.4240624970647,46.4158517014828,46.4082550216849,46.4131351510233,46.4117229525559,46.4083654275357
74.9935676618167,73.5334564930912,74.6987219043028,74.7910110514976,74.8156148373537,74.8315589110322,74.8462231190119,74.8361156562149,74.8436128219546,74.8447582508827,74.8514915571304,74.8543114036956,74.8351708340044,74.8483893095547,74.8633545918959,74.8404536261121,74.8572947806504,74.854118506148,74.8176715098629,74.851811677996,74.8477296120685,74.8104592521552,74.8234391095103
155.72688666983,155.658863562428,155.345575211395,155.359391112727,155.336164562618,155.343248886379,155.342080873424,155.327055917144,155.334641070606,155.334562610805,155.335289130882,155.331798471585,155.325406839704,155.346959440177,155.282310497832,155.310111843822,155.284019015092,155.315292086216,155.39247760328,155.37134064735,155.319661680986,155.304286098279,155.285569093813
119.590982857306,117.844910960868,117.762503430245,117.679753600479,117.670634183712,117.660048054653,117.658116556966,117.65753272348,117.650269166056,117.633923441517,117.635842920358,117.626343635082,117.6146746809,117.581834978813,117.622539714259,117.613656363944,117.623206967255,117.614245146387,117.608825640427,117.640301134605,117.612084866273,117.594782540709,117.603221223222
49.23389439347,48.9150308711848,48.9709434177702,48.9708399106289,48.9620090092717,48.9634002279352,48.960308352121,48.965137617076,48.9654035833468,48.9632779631273,48.9630566026401,48.963729045736,48.9697335766717,48.9597213552236,48.966988019757,48.955913512393,48.9545951902986,48.9659875907194,48.9681565127886,48.9689286411679,48.9562710756712,48.9725482834145,48.9656346169525
90.4552313983099,91.6712364706159,91.2636667631095,91.2518244093564,91.2711600502294,91.2490217716928,91.2547921028383,91.2345993033738,91.2479751295096,91.2506814223291,91.2293531298962,91.2271329447375,91.2624299078859,91.2361099624769,91.2423007269989,91.2421041863337,91.2365277812172,91.24738065753,91.2603028485561,91.2585790662612,91.2597710254006,91.2403791758064,91.2380123988516
56.8166041967551,57.0198171185132,57.4584751717813,58.9717362097711,59.0265235973953,59.0272380465653,59.0332216982111,59.0334423956314,59.0305649900915,59.0362072834291,59.0317816853119,59.0349151065714,59.0270675943782,59.0248978506339,59.026167442506,59.0231420946078,59.0230737681289,59.0252659303146,59.0172671389096,59.021766578537,59.025495752673,59.0165077956695,59.0276453313931
64.0864610563422,63.6270959878327,63.620169083562,63.6148760622774,63.6216918305662,63.619438247422,63.6199250385803,63.6186383364457,63.6192595538755,63.6245377471198,63.6130244537068,63.60120620696,63.6195623600552,63.5645011818477,63.5995666844258,63.5902308299307,63.5880867701803,63.5719181141242,63.6011238902582,63.5862445829622,63.586580546363,63.5481560488626,63.5438225418959
178.215405213817,172.899364368331,172.961726722503,172.907268058542,172.876182633826,172.873880166192,172.896739926655,172.875399200152,172.942606505924,172.954944458438,172.842868759645,172.873010229474,172.907068924024,172.864665921504,172.836419593885,172.886491207783,172.915337209286,172.844886181526,172.848592483902,172.89138794632,172.786871733003,172.860523345249,172.741833958124
47.3512449024179,49.3294478213192,49.6857552004291,49.8081984151744,49.7952706997169,49.8014393149002,49.8014524814054,49.8025316827857,49.7955885703914,49.8055561325341,49.8038796121542,49.7809423491722,49.8030278310793,49.7945195513135,49.7821243368874,49.7800892302252,49.7848889872525,49.7736195758876,49.799320524002,49.7935175427479,49.7941840439052,49.7894441675087,49.7994730849063
78.3921758886699,78.314706363396,78.2712343979601,78.274815149637,78.2611714989833,78.2664354260808,78.2596765523505,78.2533400947735,78.2623666124112,78.2448568935546,78.2636368177719,78.2690018436129,78.2559390826603,78.2663042048882,78.2560083151119,78.2539983253545,78.290876004441,78.2542017806328,78.2560196379322,78.2517534009802,78.2354311617547,78.2349311994736,78.257232283774
45.4976197041429,45.612241718439,46.0798273462162,46.0857157292919,46.0897148318709,46.0917358486994,46.0907158073004,46.0915455530071,46.0918863155562,46.0944839443266,46.092694762686,46.0971209617627,46.094610327282,46.0936418741766,46.0913768465492,46.0912445996765,46.0923460924719,46.093356935698,46.0878182776881,46.0854660589129,46.0951153273153,46.095252985258,46.0970886829687
149.293296883916,148.891734004989,148.803026815403,148.697074247167,148.536540889988,148.625848297649,148.753099247576,148.548396687086,148.60389077012,148.472310374675,148.538394702469,148.666906177049,148.573276702198,148.596285755249,148.514467367362,148.599305721957,148.661222436356,148.634854354722,148.494170783073,148.548417429367,148.546335535092,148.635509875491,148.602845521673
103.015557603351,100.320164226124,99.4318644431716,98.8725052298797,98.8404515023795,98.833892403789,98.8444776217683,98.8314638524205,98.817150369436,98.8139713913957,98.8159329375223,98.8202265295251,98.8276799834822,98.8149663834018,98.7852872926266,98.7901251823712,98.7958536382786,98.8378166687961,98.7887919733148,98.8257396129919,98.801983491294,98.8319546690131,98.8153444908464
129.792376796562,124.879374928186,124.774360641111,124.743083986065,124.682869815047,124.657748694937,124.65541893456,124.591219075178,124.629167798482,124.491944091029,124.455142497247,124.503886062159,124.471512869001,124.472510967893,124.450649205671,124.475934282596,124.472995452533,124.385288481887,124.425766620724,124.541498183009,124.41360995274,124.4904094955,124.522169467849
92.5087714795177,92.4069171315505,91.9754751322678,91.8406226226118,91.8726755060181,91.873229826994,91.8718668562252,91.8707002598599,91.8672169075972,91.8747607834056,91.8726668417194,91.8725577101605,91.8744673380558,91.8616260325342,91.8780714148929,91.8719147268721,91.8619104283864,91.8514117633719,91.863066633051,91.8612227294905,91.8729586277521,91.8854646295989,91.8550244111505
