"V1","V2","V3","V4","V5","V6","V7","V8","V9","V10","V11","V12","V13","V14","V15","V16","V17","V18","V19","V20","V21","V22","V23"
23.1296782178632,23.1250113283372,23.1128237960937,23.1103479655325,23.115771351571,23.1047415085155,23.1126329205811,23.1096731883591,23.1103806490874,23.1149226567801,23.1170225415621,23.1170540189652,23.1175234180954,23.1151806078848,23.1060061456234,23.1170737967794,23.1169647747331,23.1215633189447,23.1146079063213,23.1161618208,23.1208677878139,23.1198663080057,23.1213262891824
19.5815702370281,19.5620386785231,19.5860105033196,19.5749104469594,19.5706900650775,19.5749144966366,19.5610445610291,19.5681968871695,19.5602781569448,19.5806207197023,19.5588789254956,19.5670089562712,19.5667123749058,19.5649523080477,19.5756264041526,19.5759164455538,19.5796814892944,19.5801726887118,19.5830334097921,19.5716192308923,19.5850602695554,19.5736840338734,19.5840188921252
29.927736010731,29.9317562473398,29.9392895891052,29.9292852013584,29.9364642984441,29.9270016939166,29.9133236041922,29.9236745957591,29.9375520176893,29.9308873664179,29.9385722380904,29.921461354731,29.9279418870058,29.9243795314227,29.9341724616045,29.9288209252764,29.9390838494382,29.9401683226301,29.9304409925862,29.9432056876842,29.9269417969488,29.9086755485997,29.9210787991859
12.5517420616448,12.5789762887767,12.5677125912682,12.551231635982,12.5549010716765,12.5557906305669,12.5513065055783,12.5526259067159,12.5544025992848,12.5462550415675,12.5523765283184,12.5484081366506,12.5476115793982,12.5426675201239,12.5457231609834,12.5476867278253,12.5381279780797,12.5422157199694,12.5488290096492,12.5479183743633,12.5464699074846,12.5423479941917,12.5420753753137
26.2524162135685,26.2977129548397,26.2727730449305,26.2790942770595,26.264849837781,26.2620609123495,26.2252086573876,26.2392150162058,26.236522333653,26.2294178569663,26.2390243442002,26.2397514573408,26.2458168354713,26.2431810083992,26.2561721554167,26.2441614825851,26.2452136688146,26.2401418815352,26.2410275720213,26.2412368383537,26.2392429143013,26.2352511798646,26.2460401608278
18.6442519840891,18.6045587930791,18.623658609706,18.5832878092261,18.5616512039156,18.5466583926687,18.5299990027719,18.5120485283828,18.5310746518276,18.528363427566,18.5201103267135,18.5218704303921,18.5249809935088,18.5003699287432,18.5142464797617,18.5043786335326,18.5046567132674,18.4750940822075,18.5028898110712,18.5018968089867,18.5003694707359,18.5057573879888,18.5102939923942
14.8462067159601,14.902494415386,14.8760686874042,14.8827765967941,14.8788054434647,14.9016894368119,14.8726659751305,14.8673658972682,14.8950283669695,14.8811972287799,14.8937524811332,14.8851940910019,14.8884049350168,14.8940942758001,14.8851371629221,14.8740683639177,14.8806344228053,14.9067120839506,14.8919018450325,14.8844843841164,14.9048162028943,14.8960868175058,14.8993611930293
23.6816839044277,23.6856880464976,23.652226230959,23.6444848839096,23.6424643864471,23.6313590061889,23.6250521324851,23.6093990715945,23.6061894079171,23.6202458931907,23.62275355982,23.6029511743116,23.5923359966478,23.6113657061002,23.5940202429725,23.616058667868,23.6176026107794,23.5868140329073,23.6020635262756,23.6010110636047,23.5991358041859,23.5936505579167,23.5919307913214
20.1411862428707,20.1697847123885,20.1080624803334,20.1014893446896,20.0690183983072,20.0571329453722,20.0322946090156,20.0213663796799,20.0291072993101,20.0181956575663,20.034442026611,20.0359494655328,20.0165892740803,20.0371628597631,20.0249079338637,20.0381434265814,20.0456470253598,20.0291228177845,20.0237652848899,20.0313085714204,20.0269831366524,20.0135618639427,20.0223639644777
24.8863762700841,24.9609567357431,24.9531826049553,24.9437500544382,24.9676849995097,24.9765189862843,24.9814720393147,24.9494772291453,24.9728998157559,24.9656104336997,24.9544361528349,24.9723981048016,24.9660158406565,24.9728776710396,24.9413119521194,24.9834367459746,24.9659755286261,24.9620740757004,24.9591308577064,24.9707986592788,24.9583716837824,24.958381587491,24.9621779146611
15.8585802440257,15.6106219567911,15.4656628974142,15.4403154456904,15.3639647486222,15.3554889375399,15.3490833822892,15.3238755522156,15.3452152513066,15.3427662946243,15.3148039630726,15.3378708374773,15.3393046208423,15.3413299088454,15.3203935222803,15.3247478558015,15.3453219713917,15.3436201693366,15.3424379409812,15.3225023544478,15.3387967929801,15.3314186310662,15.3455000718543
22.9600805764727,22.9265119472477,22.9182253097497,22.8924623995833,22.8913131665991,22.8857143144331,22.8867687414489,22.8842804760636,22.8808839778935,22.8826203819995,22.8915212422878,22.8784080928495,22.8860829833488,22.8758605403685,22.873312232357,22.8943940939097,22.8827340606749,22.8837694719579,22.8774943820216,22.8887066907846,22.8642498991856,22.8724988882682,22.8688079842939
17.3680609941594,17.4438213385,17.4354958848878,17.4010745642736,17.3640954543583,17.3361335306498,17.3382862880235,17.3262300349296,17.3106850979415,17.2998833921161,17.2932244854989,17.3003450522771,17.2869070063299,17.2814459183305,17.2818930340487,17.2869927650892,17.2844471741967,17.282615826908,17.2711288943909,17.2701692498387,17.2655970806977,17.2644709072221,17.2692823482954
28.0348552090674,28.0149320600904,28.0761017074729,28.0369663830514,28.0259403417295,28.0367924095879,28.0359790473864,28.0386247154572,28.04817778884,28.0288365373193,28.0385921953546,28.0432073585377,28.0293174148184,28.0415476787122,28.0382446440536,28.0428047525501,28.0395753283237,28.039216001058,28.0403384723258,28.0483609267944,28.0419143023868,28.0468481360789,28.0364890491386
22.0092974979496,21.9362185952258,21.9486917135797,21.9231799488757,21.9242462404086,21.9367010226861,21.943108675669,21.9135130595069,21.9196410822307,21.9146959470822,21.9201046707795,21.9401431630751,21.9279737562993,21.9093883161376,21.9211589913719,21.9133333633469,21.9288007476874,21.9268623049153,21.9157242762347,21.927837879466,21.922360821264,21.9210077031199,21.9332060142813
18.3535687256522,18.41385671635,18.3923038308975,18.401558155056,18.4083475984791,18.3807791670297,18.4005234580765,18.3649146806519,18.3733928220026,18.3797042508416,18.4128031333477,18.3933027180272,18.3867608878333,18.4007046114543,18.3916380069241,18.3775650233586,18.3891338509565,18.3967577909394,18.3830913750668,18.3909486271622,18.3827691787705,18.3808889835739,18.3902583748819
28.6444338271628,28.6197043421715,28.6228989685317,28.630608878594,28.6374818202626,28.6278610855551,28.6371142433898,28.6339225215249,28.6469916355532,28.6374012580442,28.6577521069942,28.6455451274226,28.6428464611405,28.6279321995696,28.6510877329365,28.6465376049774,28.6484618351652,28.650984567586,28.6455130849192,28.6536879890198,28.6437786006431,28.6316515343656,28.6501192539792
21.7176828648774,21.6312002817784,21.588491351087,21.55064614283,21.5256109496595,21.5236299625829,21.5293258910529,21.5309772386678,21.5250170493011,21.5106871174197,21.5320945504261,21.5163755995015,21.5257939302977,21.5370585005315,21.5310942568503,21.5117768065001,21.5327128259291,21.5264804851585,21.5415522074406,21.5485622269458,21.531003867784,21.5337783032041,21.5541382296148
26.470336114425,26.43995818445,26.4334763036453,26.4266542384094,26.4230239446961,26.4205162250259,26.4279498575103,26.4166381841624,26.4238445801966,26.4177695786128,26.4288469448107,26.4163935142909,26.4292906418333,26.421772032032,26.4268627532118,26.420647389693,26.425925472076,26.440665367083,26.4248557189197,26.4286589949361,26.415812799005,26.4241087033108,26.4264104176993
18.2804219433275,18.3491397119176,18.2720645437096,18.205481048654,18.198000347022,18.1673333498738,18.1691308707941,18.1539618098216,18.1682091676443,18.17217093402,18.1770122331538,18.1775707157762,18.1794271687977,18.1666296727184,18.1818381487218,18.1498587894679,18.1533356397932,18.1699884732532,18.1726372917502,18.1683657269835,18.168817516937,18.1814337242171,18.1703140339237
22.9879994177363,23.001242036936,22.9599074765949,22.9254743694586,22.9409736913919,22.9142050124914,22.9279034306095,22.9160693747837,22.9285699716863,22.9292311038072,22.9150164441397,22.9043099428912,22.92559239285,22.9234411960197,22.9154606944314,22.9260336923156,22.9338032362457,22.9420916246125,22.9310351562752,22.9198977399949,22.9287651539738,22.933838280994,22.9313992318086
22.0374308151328,21.9878377250032,21.8614410722867,21.8356603621385,21.7707908583538,21.7583172252142,21.7240306637512,21.7382635342644,21.7266015412285,21.7341949065533,21.7383043612157,21.7427087234286,21.7342836895641,21.7238799412277,21.737439108359,21.7275232490969,21.7024767342782,21.7208805617662,21.7373932741209,21.7342585958388,21.7332904481934,21.7320086988526,21.7334309084316
18.6220126435076,18.6344869386454,18.6503740787917,18.6485317279395,18.6441599445554,18.6457417908065,18.6477673282647,18.6418497114911,18.6377662837812,18.6425869760617,18.6481238253985,18.6443577237969,18.6517464537135,18.6462341419842,18.6385790389195,18.6431199403563,18.6469777347699,18.6448678220376,18.6405389726721,18.6340378817646,18.6431102667979,18.6396846427051,18.6418647137674
30.6604689180965,30.5162179066765,30.4172791006254,30.5217728030379,30.5417480848491,30.4696579832316,30.456700736683,30.5278907620807,30.4763404936491,30.5046118441618,30.5237415410491,30.4932644719938,30.4673141971802,30.5181067151859,30.4656150531552,30.4777641616448,30.4538398489433,30.4862049881702,30.4846340418897,30.5052459799636,30.4883597980396,30.4759106005397,30.5134320211926
22.9045927068681,22.872329417692,22.8713552971431,22.8589087266688,22.8661486413697,22.8705700187391,22.869014153119,22.8620264524002,22.8677594487116,22.868549024799,22.8672465650707,22.8620587718328,22.8765294973485,22.8800631842272,22.870861250723,22.8622937905512,22.8766404938737,22.8742946484622,22.8736184316672,22.8713950342745,22.8658306721513,22.8706847540158,22.8767221732112
26.2412879742327,26.2319578319212,26.2476386581732,26.2499338341251,26.2649563782603,26.2676608392397,26.2653124267583,26.2704626700188,26.2734313799696,26.2778885399187,26.265017832985,26.2726048259002,26.270657127733,26.2748698222666,26.2885612203228,26.2677605343271,26.2749590505533,26.2804330744562,26.2719622534765,26.2821841045639,26.2709814998102,26.2789132167551,26.2696384726576
27.2965019372299,27.3293001182349,27.3405119497327,27.3406925716044,27.3561807594417,27.346399686405,27.349171203981,27.349397178083,27.3527018169557,27.3501226499265,27.3516461433748,27.3562271629084,27.3527012274566,27.3457218358067,27.3472475708076,27.3517059698493,27.3456754082469,27.3524274386093,27.3464571270795,27.3550975707566,27.3480105704051,27.3433451059973,27.3477849700281
21.6748108034106,21.6737022879091,21.7147184263061,21.7183046633706,21.6803707964062,21.6924034096021,21.6940933476495,21.6963417359868,21.6895054628496,21.6774502971111,21.6825704979889,21.6878263196443,21.6921451779315,21.6802160680729,21.6924968889467,21.6968326953837,21.6880315335983,21.6818752791729,21.6976716317338,21.6869447754037,21.6890580175778,21.6920603344323,21.6833953527102
16.8885614654822,16.8271219573227,16.8003794252933,16.7865973575468,16.7429646558824,16.7719034554105,16.7457037903278,16.745513525245,16.7397253448476,16.7433746140703,16.7506869182186,16.7538693481823,16.7457939139123,16.7567948581644,16.7643308633316,16.7496918573197,16.7478202756221,16.7354470474181,16.7557307675252,16.7471339505507,16.7460495646957,16.7462516799975,16.7560607903147
18.3571715806028,18.3240202571757,18.3160566938541,18.2958623111037,18.3002785287857,18.3100518876947,18.295340645261,18.2975928048369,18.2942053802845,18.2896166492985,18.2931001514731,18.2890907403665,18.2859733240231,18.2924421761683,18.2987870231653,18.2909022952161,18.2939445419856,18.3023837482162,18.295939791134,18.2907852981121,18.2920197560661,18.2925621024658,18.2880744797813
26.0607717607872,26.1398055117387,26.1220791865193,26.1305249549636,26.0714207083036,26.069818132434,26.0471781710354,26.0337823890237,26.0291911295151,26.0234006993618,26.0268192479531,26.0406890293723,26.0070289854821,26.0115291172884,26.0040198184875,26.0232522527973,26.0289170022762,26.0197564484479,26.0176447416765,26.0238664311577,26.013295951492,26.0110371342822,26.0109529792487
27.1371930405422,27.1306666945022,27.1588543561722,27.1496009396013,27.1413967687208,27.165632794247,27.1470258944697,27.146572140304,27.1544244824885,27.1388607711715,27.1562140308352,27.1548644947591,27.1528721078153,27.1644576226578,27.1603840934557,27.1585554063965,27.1571045592229,27.1580406905275,27.1610346304566,27.1630697166709,27.1653051324621,27.1610231929386,27.1534704136878
21.7841053153058,21.6324731933996,21.6028622702408,21.5719501449456,21.559680073214,21.5487589731139,21.5397051638298,21.5390291634918,21.5471305199909,21.5523175782501,21.5644277837536,21.5528510143613,21.5520455113504,21.558188624945,21.5443133702216,21.5483079426648,21.5546385960358,21.558760964717,21.5585514227712,21.5454607917508,21.5581503247833,21.5642262189038,21.5516120645299
19.0780513426899,19.1497678190834,19.0927508320343,19.0776258416458,19.0655991564538,19.0621189652087,19.0446878568542,19.0526359918882,19.0451731308849,19.0422013042132,19.0438187623588,19.0526353523578,19.038506413529,19.0455674623079,19.0391153700142,19.0394822398072,19.0305398398682,19.0435620838072,19.0336912793305,19.0367076959796,19.0366388535106,19.031596476429,19.0342768421733
24.0207536687923,24.0021050439574,24.0007793082698,23.994442593259,23.9858907687374,24.0060688709238,24.0005257401909,23.9949250020446,23.9857688656678,23.9975885878046,24.0045517511801,24.008143065738,23.9989498315075,23.9926370624054,23.9976536056267,23.9966703648737,23.9968063944393,23.9995679540029,23.9934491746672,23.9942375792921,24.0006435063906,24.0018243544213,24.0042355494357
21.4799941157919,21.3592169734401,21.3477129627075,21.3051971604071,21.3209912306985,21.3034083143908,21.2751879738938,21.2685620431232,21.284272785109,21.2587244778999,21.2691829476683,21.2645533543003,21.2715954540463,21.2698472983415,21.251871449339,21.2765421102404,21.2536216386581,21.2627988845851,21.253846920212,21.2540602072617,21.2526700915182,21.2639463208133,21.2705454987272
26.9500108266959,26.9423114699834,26.9183882874375,26.889512161986,26.8472788144404,26.8406156060305,26.8344433515782,26.8301259460505,26.8246617486679,26.8221069060655,26.787900982407,26.8030734954615,26.7894905009673,26.7950135144039,26.8028414690736,26.7993206917606,26.7891327214025,26.7878596791895,26.8032813160307,26.7887868353532,26.7866190002802,26.7966650445618,26.7725763014888
17.1305087330625,17.1136456711294,17.0875791815489,17.0691924700345,17.0452875428798,17.0228782368168,17.0039515934509,17.0235101044839,17.0178085405542,17.0150325533048,17.0116320538565,17.0151775681319,17.0169747603372,17.0055088265079,17.0182077474377,17.0138384400308,17.0328168652172,17.0173388925866,17.0279621322682,17.0305806604731,17.0150651321213,17.0240559519724,17.0283811720777
23.2067004538311,23.1941513508546,23.1702100070874,23.1866014910335,23.1747275587552,23.1847528869693,23.1839420176554,23.1885138226476,23.1847493415082,23.1880307630657,23.1916997065533,23.1871677228198,23.1873852411461,23.1910526535058,23.1754843229486,23.188484943231,23.19333257394,23.18209824915,23.1857742625164,23.1920685062533,23.1863473327027,23.1873371150981,23.1984256151816
20.42263726409,20.4035905824298,20.4028755166363,20.3888162323247,20.3934757310387,20.394120422063,20.3876518059319,20.3898875097906,20.3915682665951,20.4001984881185,20.3927172858499,20.3972796126352,20.400807049003,20.4008862537191,20.4098189739691,20.4000421191104,20.3930706325727,20.3973794172581,20.3984904867582,20.4009734487252,20.4080187397462,20.397828269469,20.3971760845599
16.4295180954699,16.4739004809793,16.4293314625082,16.39095860319,16.3741318196148,16.3684261473021,16.339421854885,16.3456024496833,16.3359362635279,16.3533858576611,16.3328509133479,16.3428970111271,16.3271180814532,16.3265252934155,16.325818332212,16.3269849476612,16.337169908197,16.3331713656918,16.3197701506233,16.3379818405789,16.3193340776705,16.3310417476261,16.322739427134
26.9815398708616,26.9767250522195,26.9566323765812,26.9329887324296,26.8936143675861,26.8681165347349,26.8645511008177,26.8549624570113,26.8550449811332,26.8570284769521,26.875812512838,26.8625541764521,26.8620941177383,26.8644466019027,26.8599037217436,26.8647515876443,26.8723129258401,26.8620788139319,26.8767894017294,26.8580599936999,26.869927892341,26.8605520560814,26.8666142475628
22.9105587777831,22.9322743737649,22.9373143512934,22.9418577519052,22.9370185350643,22.9470019892917,22.963615891484,22.9425008020134,22.9428867964509,22.9457851024799,22.9515332676296,22.9517600575642,22.9520393535297,22.9538551355689,22.9614680620717,22.9600768050026,22.9572437477008,22.963759996476,22.9621553802712,22.9525598077291,22.9527127521081,22.9609702103305,22.9523235905357
22.1392962027394,21.5081581328533,21.4951330311341,21.3380775513715,21.3000963552767,21.2759699236306,21.1675787019606,21.188024660826,21.1376266383401,21.2606043155465,21.1795210483075,21.2004842318935,21.1428153040265,21.1790156125104,21.1874932981247,21.1776034960108,21.1701989569299,21.1763004730174,21.1812004508423,21.1891544178271,21.1603178460928,21.1628024992235,21.159939964644
35.3017020892398,35.3604102127022,35.3780291095342,35.3865032488638,35.3673432398071,35.3593254150696,35.3829173456462,35.3534389974172,35.3451329401748,35.3773580249959,35.3710134894905,35.378951989202,35.3742319536614,35.3687548564616,35.3799423538991,35.3622517252284,35.368291532577,35.3693895796934,35.3696717634181,35.3725283476124,35.3751279036223,35.3807841694951,35.3775247394761
26.4663058620247,26.4794900172207,26.4239766482936,26.3728551539659,26.3457643100572,26.3357333430252,26.3042691529331,26.3236686575659,26.3052706622447,26.3316768863039,26.3304836034606,26.3217331671858,26.2891841807929,26.3241078980112,26.2985289776329,26.3239041900155,26.3092304312502,26.2903269389152,26.3103125009469,26.3057149609519,26.3205008432576,26.3170033243627,26.3119460397103
18.3469460552558,18.3064000517715,18.3059374527614,18.2888672641472,18.2886491212006,18.287597068444,18.2676877347058,18.2821170315674,18.2758733651255,18.2725232932725,18.2741752018262,18.2775115322128,18.2711278076609,18.2811208757985,18.2828147965402,18.2735526407697,18.2825491048099,18.2849147345062,18.2814635475674,18.2799541665041,18.2866310936541,18.2876424065464,18.2727059007593
23.1981857598968,23.1799800565944,23.1629880624247,23.1512203317262,23.1322430734279,23.1322258731138,23.1256862233544,23.1268955335437,23.1184091924571,23.1234894338078,23.1257213729687,23.123549069227,23.1217139881126,23.1232046468062,23.1266962564019,23.121729352547,23.1208939931375,23.1209924051973,23.1223230482539,23.1208055871166,23.1228936313713,23.1216282063046,23.120806205624
25.6828411626214,25.8336162131202,25.8171860456684,25.8065071559861,25.8095613051642,25.7902806971929,25.8059448044876,25.8210661798448,25.8050858999681,25.8013155653365,25.7986177218362,25.8027461460626,25.7945268658154,25.8174529666179,25.7907833413352,25.7963325250008,25.797699503571,25.7914525484002,25.7987838942769,25.7997174402992,25.810721089726,25.8027321165146,25.810611011537
23.0070829298088,23.0785271118668,23.0966365666345,22.9994308049809,22.9932974720155,23.0029922247657,22.9776762710164,23.0147887156013,22.97646975114,22.9939347255175,22.9944196612967,22.993217771617,23.0175877628322,22.9885565099808,22.9900849498105,22.9850328623698,22.9924158476095,23.0108963289515,23.0136251549034,22.9975616523374,22.9898701506452,23.0005719873831,22.9862473792541
21.101527855409,21.0987852474581,21.1017009592498,21.100834549141,21.0987560441749,21.1029442072529,21.1028821871908,21.1044818817008,21.1026198229552,21.1054069050515,21.1038691083442,21.0971316351385,21.1025387754462,21.1001722286245,21.0995900722183,21.1007308205886,21.10301117342,21.1038183521846,21.0982876991362,21.1042302207163,21.1047820405382,21.1067645016991,21.1062284339271
25.9348495160444,25.9237729189352,25.9102484296149,25.9183011354278,25.8821930885905,25.8890939587108,25.9016552863015,25.8972513209456,25.8964724167705,25.8809825304705,25.8806675017261,25.9008964699579,25.8899565847803,25.892621812581,25.8963480438784,25.8778837768502,25.8878537161953,25.8904115361647,25.895032293546,25.8784160468562,25.8782501033376,25.8963366738852,25.8950193810633
22.0583929526348,22.0520080323497,22.0185795007476,22.0096759769542,22.0194797754618,22.0144791308251,22.0176971225714,22.0089327854871,22.0112911462863,22.0105714174134,22.0113946927324,22.0164678836534,22.0190976388299,22.0095315282579,22.0136132002476,22.0149977650689,22.0128833573706,22.0109652300098,22.0011844215688,22.009566288047,22.0158244631956,22.0148924417108,22.0065065785067
27.2157478632413,27.2169668516331,27.2102247282994,27.2329037399536,27.2482249209276,27.2489109395495,27.2304832460986,27.2349838888356,27.216438868625,27.2335606843765,27.2318147589184,27.2349491841051,27.2414030774568,27.2337395305803,27.231907080931,27.2332912553983,27.2365147893386,27.2292012271714,27.2389410212282,27.2332237533772,27.2390096268925,27.2356914174862,27.2385353208794
26.9753470197328,26.9299557986684,26.9667541331071,26.965921495943,26.9464503178561,26.9638340337351,26.9467502807568,26.9709119885489,26.9631547146546,26.952771837215,26.9621964890532,26.9639525451964,26.9589176748464,26.9479303572154,26.9566546042552,26.9629655733879,26.9471281313838,26.9556333253431,26.9529169163913,26.9620357155345,26.9557845643586,26.9668144230188,26.9579173619427
24.6476798373408,24.6365834206845,24.6389261950576,24.6378402955489,24.6351177635059,24.6409325373868,24.6368539163989,24.6238843406055,24.6269805327862,24.6303453476809,24.6332511982422,24.6283498327653,24.6289512430788,24.6279812440763,24.6312209934661,24.6268756845367,24.6273682382133,24.6277292004597,24.633157352603,24.63002808724,24.6284762885777,24.625709749278,24.630458960936
22.5977063846255,22.6147963367438,22.6153620366279,22.6098453897081,22.6021632869576,22.5911842045949,22.5786483534783,22.5787112452382,22.5925132293578,22.5781514716084,22.5788894351766,22.5848443844944,22.5842362871443,22.6035632791892,22.6105467578205,22.5730495983666,22.5621828216951,22.5817506781361,22.5785489600946,22.5864423455243,22.5926664394029,22.5710867722389,22.5858804229468
21.673462414921,21.5719197402269,21.5679834540802,21.5231957348439,21.5303009445486,21.5458012801162,21.5428651768942,21.5276446609556,21.5227402261919,21.5222498953893,21.5586778524628,21.5463916025862,21.5256678285678,21.5337217957744,21.5305815670944,21.5473953901109,21.5134851093418,21.5088313070299,21.5408319979409,21.5383927495653,21.5281429742882,21.5222995140515,21.5555785935059
23.2452680025223,23.1755347027602,23.193340247083,23.2060764067451,23.1983985803575,23.1668760505892,23.1905754783865,23.1905991875059,23.1907388971136,23.1738678919898,23.1800503032653,23.1748000277935,23.1704001511892,23.1928114139883,23.1790896177892,23.1636515495996,23.1894033423188,23.1704680954953,23.1854252071498,23.1860884658427,23.1782296546976,23.1865372329904,23.1852864153605
18.961123672382,18.9558352205001,18.9187695852826,18.893897856734,18.8530361154844,18.8370802398108,18.8218345308639,18.8298991529019,18.8282014704182,18.8275574736386,18.8211401983867,18.8082482540788,18.8196309537807,18.8297247945407,18.8268081148429,18.8134564226971,18.8354273132147,18.8098297836219,18.838649114492,18.8182931328223,18.819612283952,18.8200950810176,18.8413299621459
17.7711848717592,17.7945577053286,17.7762298413822,17.7756276031901,17.7539561628122,17.7420552964137,17.744881298765,17.7449930782444,17.7334054845679,17.7261309023493,17.7434868720701,17.7368810442619,17.717686011027,17.736173667392,17.730809192769,17.7371411264752,17.7324600078581,17.7408324824154,17.7326749045663,17.7286722326372,17.7373362919332,17.7446370461266,17.7346278915558
24.4861321518737,24.5233015666052,24.3604297523275,24.3158197495015,24.3176667615585,24.330355771319,24.3122567566001,24.2982783991319,24.3102717489243,24.2842968580948,24.2969193347852,24.3033025454083,24.2957537757608,24.3079020156135,24.3179132719919,24.2994145577517,24.3087851279136,24.3240841738634,24.3070150182747,24.2991225112671,24.3008578447965,24.2961309099443,24.2921135308436
17.5457040077557,17.523873665967,17.521610800786,17.544089774909,17.5385637337745,17.5225716312072,17.54920599413,17.5459154001928,17.5359676899375,17.5339999955974,17.5372742428059,17.518735089185,17.53022038841,17.5317859979021,17.5382612790578,17.5283472390448,17.5239400151466,17.5268841081399,17.5338623570602,17.5415576749847,17.5305276555126,17.5315876807035,17.5401227098745
31.2263708016693,31.1958469857474,31.1345602605468,31.1197570168527,31.1278569838667,31.11538900494,31.1084125780086,31.1199355200564,31.0886787908811,31.1029243257532,31.1139377995694,31.111918666946,31.1021679059589,31.1051027451951,31.0885047019373,31.0992567091193,31.1005367369778,31.093700579835,31.0999205807511,31.0964693670993,31.1001802937677,31.0972553556083,31.1044481455798
15.6576868346637,15.6208170158108,15.6190454990701,15.6200464301475,15.6104843885517,15.6037341323548,15.6143494239474,15.606157037166,15.6186056413372,15.6042753042609,15.6131080104711,15.6199732295253,15.6196195206893,15.6259167003471,15.625060876473,15.6292690208832,15.6167081892977,15.6156947622964,15.6241328829183,15.6197513733315,15.6160532051665,15.61333311336,15.6171880249967
27.8049596854784,27.8108526358351,27.7938626987498,27.7394926017532,27.7228968089106,27.7310563095247,27.7130437912942,27.7042095523232,27.6839044315749,27.7015871073379,27.6927419600081,27.700767030633,27.696143432578,27.6925527526625,27.7171248924674,27.6965866779806,27.704684623193,27.6762679285564,27.6926155113617,27.6776741920604,27.6800827347679,27.6954123881063,27.6878729511389
19.5206925331097,19.5455972557767,19.5503089482395,19.5501003062854,19.5514358848971,19.5447481585443,19.5513629185395,19.5450694560591,19.5518859588107,19.5470036912131,19.5548572513829,19.5472667510672,19.5516749360839,19.5547833043156,19.5526078057977,19.5538394312272,19.553286584086,19.5487451487767,19.5547937581337,19.5507343667655,19.5573517502216,19.5540992928482,19.5517052642284
19.2368199592265,19.1745984811293,19.1704231675962,19.1374756067831,19.1502007939043,19.1520807170283,19.1465282159046,19.1345608522112,19.1370407862017,19.1391653475505,19.1547210234709,19.1386457683345,19.1430173411865,19.1441996840616,19.141799545841,19.1484407668567,19.1461400876086,19.1374740036681,19.1400682722213,19.1379841572371,19.1369905555752,19.1504629011258,19.1440427279643
22.4929763966478,22.5188005269205,22.4919669538316,22.5412809733474,22.524117099041,22.5342616464653,22.5496939498777,22.5166490463035,22.530390349408,22.5391948119152,22.5433736008667,22.5441257102719,22.5431658087737,22.5405307017379,22.5570171244988,22.5337389472303,22.5358879476291,22.5597184073134,22.5411664756031,22.5355173166955,22.5363587524332,22.5287257836917,22.5404879270329
15.1245079392481,15.1337775761443,15.0866753834019,15.0480658826457,15.0312048671159,15.0132583917124,15.0109185921164,15.0139174324773,15.0030861673561,15.0112850012414,14.9933139926377,15.0125219130747,15.0084239960922,14.993898400519,14.9891882541578,14.991321415979,14.9821587752391,14.9995132107293,15.0078218483553,14.9944683230188,15.0031522983098,14.9952655847894,14.9890207367047
22.2255625083064,22.1987810910915,22.2276387269578,22.2236547285887,22.1839572127357,22.1727359645501,22.1421700723984,22.1282984713979,22.1519781391988,22.1313884113569,22.1380703875051,22.1360916587114,22.1168293873864,22.1379670263242,22.0962983282181,22.1083635729021,22.0902515850555,22.1024594937732,22.1063143592797,22.1094140571343,22.1076811674954,22.0955935709878,22.0814145722986
30.9008096334933,30.8842053134773,30.8769916113307,30.8705405617149,30.8802584222118,30.8777295967057,30.8852892041841,30.8678046435474,30.8652877423981,30.8676347790273,30.8757646738934,30.8665182382463,30.8655243982044,30.8727180269195,30.8612280306526,30.866557434061,30.8663609120883,30.8665787463547,30.8684729579255,30.8673538820066,30.8638962718315,30.8663031930295,30.8676912000293
21.2732275926227,21.2938581926739,21.2720034371889,21.2349563048951,21.2067810692596,21.226310039362,21.1966181456832,21.2018376738336,21.1936808892631,21.1951772766812,21.1929161659085,21.2007693323347,21.1981937081895,21.1771879018952,21.1882898597161,21.1890617524114,21.1733957598637,21.172858736593,21.1776833615755,21.1772925428494,21.1812023954654,21.1834235459046,21.176687045167
17.1608354673944,17.0543018301,17.0451925252923,16.9268510372691,16.8950857287221,16.8154613692732,16.8119425076459,16.8035833320397,16.806727172714,16.8010993171965,16.7968789548633,16.779904401854,16.7745133019897,16.7880245154489,16.7806800601185,16.7832233050108,16.7894740453587,16.8053925637372,16.8032471095197,16.796820655191,16.7960077333966,16.8054345917576,16.7959820772733
23.3907287104963,23.3639797651419,23.3564720666514,23.3436985048787,23.329335345268,23.3219229689887,23.3378219189567,23.3324157440225,23.3246406851518,23.3323058163835,23.3313482399153,23.3182672058357,23.3267131481015,23.3351694993841,23.3410752615221,23.3356053196514,23.3248156756646,23.3328675829705,23.3402519023938,23.3230995307197,23.3264872933937,23.3244856934977,23.3257056644207
28.1196372852252,28.1261650671119,28.1093184453645,28.1055433870135,28.1194270990396,28.10389884248,28.1005096475345,28.099532967186,28.1049869185075,28.0838066489926,28.0867317200442,28.1012065407968,28.1042586839548,28.1069746173997,28.1107496696208,28.1119321821984,28.0933455649522,28.1026633320229,28.0953469292185,28.0998481640464,28.1075180406938,28.1007139339769,28.1014180974136
22.5828842349146,22.4594856463775,22.2939485293229,22.2557933508877,22.152992237821,22.1381259329917,22.0787144559021,22.0571344865034,22.0442302696325,22.0844853877342,22.0573084615918,22.0554596671105,22.0387636792983,22.0567035527582,22.0701270354747,22.0555688934898,22.0155387123409,22.0356851464365,22.0550298949455,22.0524586092452,22.0339949849636,22.0651777713376,22.0404869192974
26.1426813526006,26.0564470893997,26.0345961132372,26.0045871311433,25.9644242380003,25.9536665585578,25.918779084943,25.9067166664852,25.9313156677734,25.8972937740916,25.91040148547,25.8968918525394,25.9194947072887,25.909499576757,25.9095220324804,25.9122455523427,25.9065916954121,25.9078877296919,25.9029136143081,25.8977414152071,25.9071715786794,25.898647905064,25.9015614944912
22.2018750058989,22.158685002662,22.1252623166573,22.1076872223941,22.1080671529574,22.111937075556,22.0765931046288,22.1051987552736,22.1022904567156,22.1051788242427,22.1127872132375,22.1013777046512,22.0797184253438,22.0936459367913,22.1097718908485,22.1106549661418,22.0930669711667,22.1012110460064,22.1150478278815,22.0979593060081,22.100969013721,22.0982143205876,22.1017471001384
17.4752417263997,17.4934280253475,17.5046487007986,17.5035977630732,17.5060788558837,17.5003189457317,17.5000173317271,17.5013636371437,17.4980287024106,17.499949748477,17.4979798093263,17.5026720549704,17.497107617967,17.4975676331831,17.4967249341907,17.4927214689908,17.495269848424,17.4977675200721,17.4918372047272,17.5045485063898,17.4941387628527,17.498412408497,17.4925326211689
20.3777999428637,20.2831855109858,20.3531044054935,20.3386018360416,20.324131788723,20.3235096510977,20.296636880255,20.3115889719325,20.3230017407659,20.3029240601604,20.2955244988921,20.3138528034574,20.2947337593445,20.2986792421413,20.2986915760768,20.3085200897414,20.297628061991,20.3051530335557,20.2931964859865,20.3241887208624,20.305265251686,20.3098530585072,20.3071380388015
26.9075197250259,26.825420653711,26.8242435016113,26.7664953548736,26.8039899181848,26.8267902270888,26.8057852661936,26.8091509028449,26.8211333090719,26.8177296385229,26.8338143482547,26.8218830488673,26.8333992703026,26.8074423266133,26.8178228158508,26.8215323799058,26.8334567814882,26.815831295857,26.8024272651597,26.8214049790618,26.8236787603518,26.813404824057,26.8273148409654
24.1352254570668,24.1317288083525,24.0742445626662,24.0645803006312,24.042847514423,24.039972138325,24.0349369701717,24.0320701898647,24.0481222770626,24.0151671700926,24.0515393924511,24.0384500127202,24.0315385726062,24.0200866992251,24.0345956056418,24.0239451475929,24.0349530864765,24.0444728778797,24.0431483680948,24.0426042774124,24.0455823877633,24.0268190609136,24.0240377604746
20.3509053114578,20.382221907439,20.3456493213838,20.373828561977,20.3489159827879,20.3289093449613,20.3623425158531,20.3493628780808,20.3521009282399,20.34475365858,20.3676882406082,20.3546749358808,20.3448936837234,20.3477847438896,20.3597116255694,20.357741343461,20.3373110041101,20.3589726151026,20.352279607603,20.3633713567374,20.3599875448189,20.3551870013424,20.3561885869213
22.6857748792439,22.6839721487553,22.6880608393339,22.6913306222751,22.6778716969373,22.6896581047411,22.6809544188204,22.6861307299071,22.6847311593831,22.69073308327,22.6920965231368,22.6887099865891,22.6926048322824,22.6905322834633,22.6909541159651,22.6944882917057,22.6909016944039,22.6940833350181,22.6919643576216,22.6926449895887,22.6855084041065,22.6911317388145,22.6984542835149
29.8443501283207,29.839395103263,29.8595732150961,29.8486854215261,29.8456736010608,29.8553617529001,29.8348280211563,29.8384663192698,29.8303761872432,29.8413907448556,29.8336137071568,29.8215970930649,29.8248547435387,29.81991256923,29.8117883000499,29.8359006709476,29.8114042801458,29.8209520276216,29.8194604267682,29.8287006302361,29.8184131606048,29.8208861327446,29.8183632207553
23.0111160844774,23.1009778871986,23.1112972197235,23.0487009904055,23.079889066181,23.0617891666946,23.0573736622029,23.0598127291431,23.0552275444683,23.0436521689678,23.0804357175987,23.0471793305043,23.0580053667963,23.0616782652208,23.0511693357742,23.0467186232861,23.0643105858107,23.0511540522292,23.0453266832252,23.0611917153245,23.0568757225345,23.0547757702661,23.0437086685516
22.1719865765041,22.3585414683332,22.3217921901401,22.266242789372,22.2738276019076,22.2497519074433,22.2592847028439,22.2752161025258,22.2440423766326,22.256003770825,22.2181495378539,22.2361174082149,22.2378136286468,22.2591455577678,22.2180695434952,22.244813740528,22.2366772603001,22.2362286720436,22.2393464428848,22.242450545471,22.2333348890574,22.2261820451874,22.2193374045119
24.8739697413588,24.8584424333331,24.87944766129,24.8502165527552,24.8179239032056,24.838778644857,24.8326211796624,24.8060604994919,24.8057546000036,24.8312348411149,24.7895473073408,24.8192253769869,24.8001677254897,24.8074319443207,24.7915609217376,24.8086495214011,24.7862200082843,24.7811845074699,24.8055031390475,24.7838503471977,24.7980332051449,24.7869358987387,24.8030618095095
21.0981574905023,21.1555654801841,21.0882455444296,21.0289256958171,20.9749578501635,20.9566525827302,20.9531195352627,20.9301140273453,20.9366623568443,20.9336950867669,20.9343256400332,20.9369402345602,20.9414677479552,20.9263114115755,20.9154548411545,20.9174377724362,20.9125762578518,20.9440856216086,20.9285876095742,20.9369373087372,20.9436497694057,20.9360850327224,20.9316118254794
31.3885173996515,31.3719656927609,31.352547525018,31.3457516863783,31.3336115089721,31.3290096490883,31.3216115801712,31.3200865232078,31.3370144372562,31.3244139981142,31.3301973715181,31.3259543118381,31.3279309087747,31.3232418786381,31.3350045723589,31.3309683864553,31.3283621503095,31.3299942821341,31.3336663283789,31.3384935967975,31.338745785401,31.333256007128,31.339621786052
16.2031328685945,16.0658051556042,16.0760016347245,16.0714324319132,16.0662727064748,16.0479692313826,16.0447716341091,16.0265388065109,16.043189991402,16.0381353572805,16.0365553928318,16.0267837321426,16.0467965461086,16.0424186781253,16.0530864376133,16.0514281377316,16.0347476712909,16.0388018352511,16.0358128864542,16.0415635550757,16.0373503984955,16.0313369733652,16.0377915396908
20.8248039703517,20.9504642833503,20.8813723376093,20.8279240679929,20.7979132302582,20.8074587471805,20.7970832113932,20.7990596853621,20.8105201579819,20.8029514779485,20.785445135439,20.8038077134756,20.7955084745653,20.7874628273307,20.7838386538344,20.7977291870091,20.785338406661,20.8033727801061,20.7908284525628,20.7818143150061,20.7972197131521,20.8085124608121,20.7881025892094
22.3805832924048,22.339126598073,22.2983370225151,22.2885924758423,22.2342619449921,22.2610312391995,22.2611818235862,22.258873382771,22.2526285325991,22.257499734167,22.2824564242524,22.2627366740144,22.2584370109982,22.2618584182073,22.2651227009643,22.2726409388761,22.2659194633606,22.2637091506971,22.2684679571825,22.2655518210716,22.2599182847619,22.2608469681611,22.2579094253436
23.3388418425023,23.3706919633469,23.3585539368245,23.3227063832543,23.3154139100768,23.3220611544215,23.3195121758802,23.3092539646655,23.3091186649956,23.2951032897729,23.3010547546775,23.2894051209648,23.2999711996335,23.3053482661867,23.2972872640936,23.3102889625541,23.3162251277422,23.2913626986701,23.2831640835429,23.3049177569465,23.2923375299744,23.3155270893603,23.3108739088295
24.1086095741192,24.1723533212194,24.1390512833038,24.1475978239479,24.152169530989,24.146600419728,24.1602340884883,24.140982280948,24.1438752949226,24.1485206412436,24.1485692668623,24.1458568311614,24.1346891419413,24.1417879243443,24.1430593284606,24.138164709107,24.1373286594197,24.1448092530547,24.1378841616424,24.1368756074363,24.1417950324197,24.1408158568103,24.1457798281223
28.2745130192245,28.2468350507075,28.2419203751851,28.2445883373011,28.2455316313066,28.2330398156464,28.2388183128404,28.242618256798,28.2187742734481,28.233781200208,28.2329233612675,28.2252758796489,28.2349410473531,28.2328424336235,28.2373699374852,28.2292411472266,28.2339278603785,28.2398160048286,28.2288287435135,28.2299121643585,28.2290411547267,28.2316126236648,28.2315263821646
26.6929779449635,26.6905149114711,26.698372973953,26.70158911247,26.6939497419288,26.6963608017827,26.6937527794628,26.690163982169,26.6866920442867,26.6908589242273,26.693996817098,26.6883928380453,26.6880602338649,26.6818889073773,26.6846904131587,26.682225584046,26.6903721896386,26.6857269088944,26.6883863220307,26.685766740175,26.6881556339806,26.6845014797764,26.6856749451541
21.431687028808,21.4984510616895,21.4494613978444,21.3964560226826,21.3169409020478,21.2927408576013,21.2911287410871,21.2741408271676,21.2737612703085,21.259155214743,21.2552426345535,21.2410654019714,21.2548906389767,21.242017685846,21.2532687328181,21.2512138987245,21.2291424797767,21.2410244209666,21.2431697571661,21.2335257791244,21.2496289514723,21.2284029599688,21.2314916698058
23.3343197601199,23.3802346944316,23.4088319382483,23.4263560384854,23.4170582169418,23.4153745046861,23.4325343078357,23.4270903416825,23.4320867136381,23.4237961025951,23.4350175634674,23.4302953118463,23.4382756907623,23.425649981448,23.434593626062,23.4277403159562,23.4280842241383,23.4244589948401,23.4282959396644,23.4278714259269,23.4347141904518,23.431910702533,23.4377264082578
