"V1","V2","V3","V4","V5","V6","V7","V8","V9","V10","V11","V12","V13","V14","V15","V16","V17","V18","V19","V20","V21","V22","V23"
234.843826524939,234.630370293939,254.177012319299,225.762045167596,230.080580914031,225.347272702727,229.396780932848,229.179996106379,230.186561922111,231.077142679374,231.565907127133,232.591352821841,232.779265967711,232.874329962169,232.958248206603,232.986611210775,232.932251989529,232.873299861132,232.914119221005,232.91190896752,232.970680607803,232.8433190151,232.924536187169
387.800350200839,387.990562597387,393.444626394894,400.576116765168,406.769008736315,402.110194708188,397.381665068493,392.226085292979,390.485396017699,389.536713509596,387.694253168225,387.685011228219,386.051791992859,385.976394701865,385.995166060845,385.953920512281,385.969674247826,385.899657447633,385.903673309309,385.89581605204,385.863587251639,385.850683409459,385.814382634971
148.929521804025,149.094618607858,154.989528881174,159.484293303166,160.360944132169,154.806787255081,152.251337780388,150.43215795307,149.855138483349,149.11791356745,148.304828290318,148.342227621821,147.470217849445,147.424653650678,147.473291943558,147.468281531579,147.436938581994,147.460745645211,147.474292797095,147.43347140817,147.400612131478,147.42343140347,147.422869337877
223.974623048765,223.999802285152,215.95118827165,211.168509905922,204.941931260078,206.250619469896,212.684488856664,214.153999454777,217.710414985532,219.656937574705,219.587459170863,220.738521450923,222.097292302218,222.118340223321,222.157188805857,222.214744971531,222.256942547325,222.164921187384,222.250505733818,222.211717826768,222.1990149604,222.241474525156,222.237018957086
383.920120284799,384.084516130904,387.873265322643,380.797239676442,374.814355009441,377.264497725741,377.730700518262,377.574751443552,379.50310469824,380.403017375167,380.771376760019,380.929200945854,382.449421046498,382.451601657221,382.470999438127,382.452610745388,382.377487671789,382.504003536254,382.454733218428,382.464846411925,382.425003192366,382.505690355457,382.476133010131
260.699794857972,260.862553275195,253.776101579668,252.507726738529,256.051607441804,259.712286731248,254.541620429956,255.591408657327,257.251743357002,256.546233668986,257.202239690523,258.103359509376,258.310748229793,258.346707602237,258.319584654297,258.335725770267,258.366816602154,258.338431175821,258.372163269862,258.292639503367,258.362251669408,258.311940668555,258.332690653933
662.654788454967,662.852244157297,656.10376621826,664.414365844568,655.132769492026,652.169786007562,655.090643561226,657.805796518452,657.694909991381,659.124783854393,660.244286274423,660.604546572484,661.693947918335,661.853747292186,661.894649619992,661.923974417173,661.867808860217,661.91276845114,661.851414076462,661.911129522122,661.911011188182,661.8443043711,661.819387760356
334.652360260597,334.9403681556,330.017776725197,334.286697791561,329.089217753777,328.917736451255,325.859610338474,325.471195515678,326.174504285987,329.046567060751,329.361688822514,330.990136686463,332.63270945275,332.508088082331,332.604550215873,332.593282078307,332.512294212321,332.623710130366,332.571994728037,332.601746446134,332.75445320146,332.822410440916,332.763154351895
572.363703087903,572.533046429627,556.745888225773,558.888639712995,536.691927914828,546.715409331886,550.972554741908,562.660318016142,562.892119005751,564.948537491662,565.875598336661,567.579164025793,571.101851207693,570.610161844404,571.044355001098,571.109272155688,571.024742488247,570.960981625129,571.072499036928,571.023926408971,571.008633542135,571.020470140164,571.019564860217
346.209443535206,345.671630094054,341.2593399085,354.507513685929,353.041121408957,349.577545314101,347.696154916448,346.487730132509,346.201000176421,346.249272858339,345.734307454081,345.495395459621,345.256247634635,345.273789557075,345.309696590587,345.229323937648,345.318877464867,345.182312861496,345.171709977795,345.213379626216,345.156865667772,345.176833887501,345.193084059536
168.097029839976,168.598532136401,167.932271335969,162.123062072937,161.978340631168,161.870842557879,164.306620047421,164.817251236342,165.91631633289,166.572941030414,166.631349013918,166.78502337139,167.250809721493,167.239117092904,167.211897228462,167.298375625469,167.260279311806,167.274907334292,167.263631859527,167.351952258228,167.271947724445,167.321288527881,167.309543314863
221.967734956826,221.861842302201,217.675646244403,214.474336977024,213.552423900187,215.909304163617,218.347423644111,219.9471654925,220.202517327492,220.938474270666,221.436256726518,221.396817788086,221.847240437789,221.837916229176,221.888931560225,221.944979432051,221.862001435125,221.924872510807,221.932381229631,221.902348638385,221.962300185225,221.981066240838,221.994339467137
315.090602430277,315.030405115096,310.673076782047,316.060462290641,307.216808316351,314.943319040956,312.915181706561,313.917453035619,312.37887457543,312.028830541121,312.057240499852,312.733305715509,313.280749711083,313.367148713003,313.276785723179,313.331554606582,313.293454026894,313.276191988635,313.325864419046,313.330025346331,313.356501848055,313.272470219695,313.321874242738
539.395556645337,539.292158671772,527.580400578031,515.571570047532,505.183643545997,513.874486359904,517.463537207627,525.012542425256,531.624219900914,531.609811738954,537.058282617783,535.869167993981,538.338322415812,538.259242498741,538.296720605814,538.308339972765,538.279304042892,538.336191880438,538.292598189211,538.269121444774,538.292055488268,538.283880701043,538.347530303995
343.916579958953,343.708986381984,343.022242900602,327.689477211341,331.471807617212,336.256025873322,337.718358046277,339.896926656573,341.37473631036,341.953694235317,342.011999565814,342.445779678229,342.612966975554,342.754287648742,342.720608651861,342.6535798514,342.679714794921,342.674246612888,342.623482647876,342.650113259663,342.62413000293,342.650953277237,342.599708944858
275.981655054694,276.261688412628,265.681710559127,234.027837991176,237.071056607596,248.559701606834,255.881056926059,262.665187939205,267.291191578372,270.69533120139,272.809419518421,273.726793704276,275.418219644798,275.551893922116,275.60681603346,275.576304118265,275.633592083628,275.579604359211,275.588035968872,275.591036692004,275.637323431579,275.648428303589,275.611133920409
315.384078025221,314.833602658442,314.803664153407,311.772622338193,310.606403082972,312.183668530453,312.0527644414,312.954384835784,313.662803109516,313.273357281687,313.506447881979,313.553789079593,313.871791724355,313.919271814581,313.841451701502,313.896521035678,313.862520618833,313.916521826512,313.877601757486,313.978776337389,313.956041364732,313.916858994606,313.932649756726
510.864695567533,511.456321913874,518.090145127973,515.822269711374,533.611417689115,521.747548585618,517.071382259876,513.690598555419,513.914728334232,511.540222132132,510.133572131831,509.314905941518,510.149530746733,510.22169654831,510.239261358066,510.239441882152,510.207550877922,510.238823312353,510.268249801225,510.280902478412,510.243305541712,510.190299378892,510.269406916408
77.5665369203127,77.7650740443727,73.1152803965386,79.5007310152134,77.2451727210379,77.3857069467399,76.4519157635443,77.0279200398702,77.0822521157588,77.0170413797516,77.1051846615662,77.203948929921,77.050261002198,77.0772500979214,77.1102386681985,77.0124923890053,77.0748438191222,77.0798091865419,77.101481887102,77.0773389126456,77.0703687517918,77.0881463482079,77.0496197019409
492.0090454387,492.094700055449,512.700997333833,518.258499588861,509.361184882203,505.028731739434,494.06774660887,495.385431740187,498.877216265674,494.865354512834,491.731214638129,492.460743067549,492.52693419613,492.479507827979,492.841923119817,492.817218471159,492.862257365365,492.838039227333,492.921795824759,492.86573450283,492.936357255602,492.909244182129,493.03403570906
398.91847386678,399.272521497247,392.456917862331,361.863785137291,371.508971893875,376.750532743868,382.626187709161,386.600180687212,391.60854313155,394.208195439124,395.115662406835,395.544894100047,398.063476543847,398.311609209367,398.311080349038,398.330957617721,398.346716469641,398.33269463087,398.293780257392,398.358358979364,398.38435932033,398.439045069386,398.404530326436
383.602952965844,383.831036482073,384.17663558579,393.529305049851,391.671082966989,386.436000436968,383.9963506886,384.05546887086,383.143710044801,382.779700374624,382.66865999506,382.710260161767,382.641133620139,382.646188241695,382.633150738236,382.615431407542,382.642287357758,382.574080172263,382.70500549703,382.606810471373,382.61091728268,382.618101842551,382.625540957743
280.746123136268,280.256258691062,254.352672466471,247.56538865114,255.267782804617,263.958071445872,265.001548549863,270.281322464589,273.339868743061,274.471867834179,277.156632019912,277.499071510253,280.119476507773,280.217855352007,280.217447192009,280.138640435747,280.225168506379,280.288972332368,280.262872851417,280.256736497663,280.282241033047,280.3528051466,280.336112346522
364.612654980911,365.126295423604,355.607177185434,347.367677177342,348.232732073834,349.99302299649,351.844172264674,356.411318344675,357.351441866253,359.06893644696,359.894840505341,360.810209537748,361.792949821985,361.7884673725,361.79984611026,361.753008541927,361.76591186079,361.792916286641,361.791148800046,361.762635850056,361.802966030371,361.833867872297,361.741129770002
327.521013448938,326.923340472392,328.891252536907,312.423059070512,320.586176839968,321.892616986773,326.224194273958,325.19676856184,325.251859258174,326.041032801238,325.004213116337,325.146636080087,325.632189594917,325.807644500958,325.677794237619,325.70805878374,325.714970384236,325.730957146909,325.765315510607,325.730597325904,325.781053951651,325.668228767374,325.73838112889
322.705059662612,322.573886251153,310.406978754592,281.788211074046,285.181651559677,293.477193390023,301.490736918691,303.718000076391,310.567313647428,313.288102093739,317.127095275409,317.987159844042,319.548289517188,319.642998581874,319.592231668052,319.641710314581,319.649457082406,319.636262396598,319.681494956303,319.640105554044,319.725912220797,319.727763225115,319.709545868207
753.744334297684,753.274634131334,740.307760560928,802.483522787089,781.288530736997,774.866045547741,772.743303026123,762.362207732816,754.651138928552,757.641523712672,754.764004477371,753.882328248342,752.18074167449,752.686280231848,752.730020390299,752.695717318908,752.672924382553,752.699343002745,752.774227178777,752.717235702556,752.744547720794,752.694926368608,752.785240035483
288.485673570608,288.992057706902,284.343878978755,252.900601740564,253.775523323378,261.139029179095,270.060332694769,277.243498829205,281.035828077036,282.58406960667,283.301559316091,284.339506607099,286.683886950984,287.068783974387,287.244004369656,287.351214060248,287.270129653532,287.330293401086,287.353388252164,287.30221931537,287.32510697749,287.303367539983,287.320334151828
409.346780411847,409.718640050909,407.385253060371,413.223021478089,408.503509808349,406.228534480306,407.826597758439,407.157253690682,408.15764737339,408.005134868798,408.209601485127,408.734184142193,408.851566691813,408.974855317201,409.031128496387,409.001175410747,409.014308492519,409.029256238789,408.979711422965,409.026547711521,409.000853600929,408.99211060741,409.028693546544
113.951507374841,114.53455379533,118.776305377445,123.849390335235,120.496861588156,118.061778888838,115.36281572553,115.51146470401,115.005640759178,114.819904303883,114.48576525205,114.203770084168,114.025284733961,113.91780142746,113.925689362985,113.887356974968,113.923149109581,113.954492308964,113.854634273682,113.934296838884,113.90151807563,113.863193113042,113.885660940798
475.629572420646,475.918867941454,436.140082209252,411.811986039399,410.655810928678,433.002006913585,443.549225501237,456.157387842763,463.355938663874,465.979891848393,469.544992968269,471.380974043999,473.706767185798,474.080954789197,474.142663583717,474.227971802194,474.235619199279,474.29008977164,474.268153779985,474.328619424718,474.33364560486,474.361272200974,474.266861982711
229.334208120438,229.404235617835,215.951716485769,217.584641576859,216.414530639316,221.211366431603,223.723268759763,224.094988765918,224.691815952102,225.725023483931,226.231001014394,226.59687474384,226.625927713657,226.759911392776,226.845195043379,226.760885697278,226.78986143981,226.780729596895,226.682780273343,226.701114437851,226.76543300425,226.756873687316,226.714251857854
206.996976581527,206.422929103747,200.453925189218,188.174319679736,190.369687495714,193.900507193031,198.920149785695,199.069292643469,201.290807426848,200.615578510283,203.064852243817,203.625048118748,204.619318273843,204.807740917655,204.707239826687,204.719259793673,204.782338424976,204.764226115939,204.737772187064,204.79039668558,204.746338223386,204.797220268343,204.794652073696
503.426027053671,503.010193777129,479.465598958968,472.86662456023,473.325628036936,482.958949466193,484.779819012573,492.494239607274,495.606567303129,495.881281486731,498.88546133834,500.259438239402,501.052590845003,501.376868934162,501.516593960206,501.539642640586,501.509954759353,501.574494784618,501.589042922311,501.64966792442,501.687702700864,501.740245420901,501.762112453225
192.266646864423,191.360732820151,187.943056046832,198.220295270057,195.568694008736,196.263996809877,191.545174898659,188.758516771912,188.412724651353,188.061364485164,187.480462175796,187.977735192625,188.684114293575,188.779676200633,188.682260455256,188.72965928405,188.803693045298,188.725953837672,188.685929667807,188.730810171511,188.770326246921,188.7387640162,188.775843682276
464.087405378313,463.673282593057,463.438404111446,474.780889878977,445.155770281248,454.284625439981,458.752096701067,456.746658375041,460.627282656548,461.098756515953,461.999870336381,461.647079633238,462.35751105747,462.473484748005,462.614721263423,462.629362195857,462.604562963759,462.68345299418,462.633171757457,462.620934547326,462.76918846962,462.736336251396,462.854690262732
510.622816986008,510.294207478547,470.928025451347,438.799164531159,458.250069196367,476.490549330384,485.732252825663,494.65709011222,496.92096531298,502.168547044947,504.296507297174,505.89513898801,508.224276676789,508.312246127442,508.330691558673,508.426062768707,508.304255318895,508.378416154663,508.372495837852,508.419029501714,508.434887105466,508.485377234435,508.387250439403
476.106554402129,475.794400224466,474.463410297507,472.291991739921,473.330340992386,476.900442023415,472.740750482285,474.562654802989,474.616055817073,474.518582664881,474.744275883661,474.989570070642,474.927574949521,475.155543006084,475.219346779446,475.198908072971,475.204539174075,475.203372035109,475.2299081493,475.254595002276,475.261587719347,475.329356114387,475.308734398136
473.565157942971,473.489939730323,464.832033953377,460.20703130508,463.614234612484,465.667464160185,467.569852878611,469.326510920715,469.303888320594,470.260480173791,470.739893312346,470.657663325822,471.363252325089,471.487718240561,471.478078856932,471.490168640404,471.467146871408,471.464800415628,471.499279262972,471.47206852539,471.57449574085,471.531906597132,471.557585340517
208.726536277824,208.661781675017,205.480908218605,201.44759275259,197.771588763805,199.216384332859,201.24261303851,203.687271666394,204.798248934485,206.037488642034,205.954726523963,206.426238654682,207.00045147501,207.026565351156,206.976938566843,207.003254455413,206.977221150153,207.080137427122,207.026538516825,207.006896456993,207.045090497316,206.993403120618,207.051732150575
341.327743940594,341.005667309031,333.469919134574,343.500012340309,330.520003807017,330.824873914665,333.185410689606,334.841080198056,337.604782554635,338.064654317635,338.799454128367,339.789180914095,339.801406515035,339.853695537815,339.936486798845,339.951949100779,339.981887773255,339.977283652035,339.987936578266,339.96483439285,339.934020510345,339.923849597071,339.97565991402
726.097111449472,725.699587327601,730.047053666303,722.237088475335,717.590346235885,721.769487257925,723.39206035234,723.036110221068,723.02017801198,723.142367295369,723.604136891527,724.147356445599,724.53089548259,724.413513971659,724.59931596231,724.516731805112,724.563947996301,724.526420100503,724.588652191363,724.582976553719,724.600337077703,724.627047713549,724.643483794226
306.00373206414,305.355023134183,293.783154459661,295.940712202567,293.00129249916,299.432115848269,299.066770305642,301.527160254299,303.071026944387,303.836834436084,304.224749613057,303.33943110921,304.23427787093,304.421969151328,304.396500780173,304.313788477757,304.375654359527,304.381331704285,304.35271194985,304.347859009902,304.385435996666,304.413926729631,304.395561384402
160.026375554999,160.243074334694,156.710185992539,158.48829193105,153.412689236344,154.48875785044,157.194875315345,156.492558860362,157.9828527529,158.320946812188,157.827148217364,158.51153330885,158.215852059692,158.369330002124,158.381719535477,158.361845934034,158.375945389144,158.350239809247,158.368585000411,158.354848718055,158.386812584315,158.33767361819,158.363918473916
360.261585427675,359.504430020731,359.391636471885,340.386470067418,329.737363538022,340.634822315413,344.186304812571,345.222749180327,351.432423807566,355.621868908781,357.245586677189,356.885665062134,357.817776551858,358.11750537832,358.123311955217,358.110185490951,358.048318323381,358.081619418597,358.008503850082,358.033971303181,358.014326075822,357.994712981562,358.132830522014
173.739429100421,173.75896611746,169.828490489393,159.8656526861,166.163216091364,165.790557231261,169.159998105034,170.340186348189,171.218541173085,171.858704014302,172.730921977574,172.392651572478,172.777895383718,172.773966831543,172.839425462133,172.857793255398,172.805719298253,172.856199808016,172.901844208738,172.837396801621,172.873759843063,172.881608381495,172.8896996396
481.622145442154,477.406340003943,483.984599267867,473.895343452764,479.255185033213,478.806065723434,478.697962952023,479.179569759424,479.204606013092,479.695359140817,479.881125161921,480.269580923173,480.711750862607,480.639259289615,480.694292762593,480.690525139941,480.675179997222,480.638854708915,480.679866871611,480.733387200507,480.663274149525,480.646754671619,480.635170652589
721.763147215734,721.7201780215,709.3564659593,733.365320857162,730.424102641529,729.911396320391,724.42608770403,721.231108200959,720.547834542723,720.828734224569,720.255161665706,720.915084687964,720.491096394853,720.399839802071,720.398721262269,720.524299321443,720.435463805073,720.460682450781,720.463336975994,720.524921593675,720.507323001809,720.498399419214,720.467969285429
88.5452467021367,87.7231712196694,87.3260909670263,91.6961196492444,88.2600733890248,88.0124254104785,88.4861569527995,88.3297862795282,87.631350370348,87.6556695069785,87.5763790901676,87.4099128658834,87.3881621347538,87.3475003948115,87.348768384342,87.3795013306454,87.3483701648867,87.3596921906344,87.386299497559,87.3380482193713,87.3652718378794,87.3431053568147,87.3517335407797
242.21463616942,242.427540837276,221.160033404863,184.151442400512,197.872898615707,215.620849445192,224.372379349821,225.951086585348,233.74671522123,235.760229377814,237.565660419263,238.605060335952,240.048693362896,240.424910749499,240.387758413864,240.318808657,240.410421242887,240.34981160293,240.41352423579,240.342648776985,240.347555242934,240.380850548025,240.376870715734
182.007806318944,181.600257011107,184.285467625644,182.240457903037,184.772850666501,184.712876601203,182.719285972687,181.48309204165,180.876215147605,181.158405786964,180.509533283663,181.021195744662,180.891225543894,180.895655271807,180.877155731229,180.874190976386,180.817440736373,180.88015979736,180.866319532847,180.855347118588,180.851972906327,180.863604410483,180.847995921478
194.981501903322,195.76304905481,195.562708821197,191.127456737827,194.075612834822,193.947288754808,193.280606822484,193.550490418087,193.795614885257,193.92236045606,193.338680276364,193.547308933565,193.433598410719,193.405979345335,193.439688496914,193.331880246853,193.357088406357,193.364117647784,193.313559621687,193.288567884145,193.275062280149,193.207292677947,193.237769424779
251.481195158884,251.608927115243,234.436893300644,222.932595574967,212.992996167334,223.143596721131,232.944779934159,239.409526114401,240.76195986759,244.592021817291,245.13904748283,247.244462320335,248.980067777083,248.993682799165,249.085886680419,249.054678179716,248.999004817029,249.035381895752,249.023048140562,248.998478946741,249.055599078231,248.952533255543,249.026541536835
77.9517842332388,77.5066792264515,74.5464382600106,74.7974228272891,76.4834258681863,76.2769502901212,76.7244662556899,76.699193573641,77.0339888235192,77.0896957769247,77.0894557664589,76.997164064817,77.0924465792909,77.156669866135,77.1773657825035,77.1652506646647,77.1837776456156,77.193517321886,77.219636327015,77.1897163337344,77.1905258717616,77.1753251834879,77.1801986585471
118.085008096844,117.521606961738,107.669589099281,109.252464047996,107.037066570806,110.017531088339,111.397285785372,113.998263792377,115.405867951902,115.802276784063,116.75319316102,117.063387217166,117.366351848329,117.407834633889,117.44728225911,117.446887861985,117.471460460586,117.463446785498,117.433468458693,117.466857127608,117.397810042352,117.434817129284,117.457681668064
305.625116865258,305.876162151855,285.727819342277,265.974753171662,274.477958342887,281.538058236747,286.520435968681,294.521417186526,296.992423799967,299.332961759427,300.676072841702,302.139034981249,303.115419859524,303.083603937416,303.248183640095,303.189676344886,303.080538579698,303.076109918922,303.055148950759,302.981950183229,303.026984229724,302.988251680988,303.017270182992
187.752110557949,187.875472089271,171.976336842177,178.589765613182,182.846335312681,186.418815249598,183.433795938925,186.265154062679,187.177847271786,186.984297754484,187.092793047121,187.53750478374,187.508508582539,187.561077746124,187.557397851013,187.616664908065,187.654036306243,187.637013120311,187.616918085636,187.677260786456,187.714592127307,187.788836213042,187.786936530772
39.2949255363048,38.9632956851716,38.1905351439086,41.0045830875739,38.7593787380023,38.5278421123594,38.2977032373372,38.4470738335384,38.2993345859998,38.3993540774132,38.4004425724668,38.2044479900543,38.4703931352916,38.3905679771964,38.4268203700333,38.4107900136958,38.4204799298642,38.4489988783776,38.4231909965416,38.4253607392441,38.418952217469,38.4042612892412,38.410835026745
290.928176579419,290.763512869316,294.251240173026,305.022983986147,293.738571083855,289.795951854535,285.817456210985,291.506657073336,288.245189459417,289.998860668146,288.579111882957,289.594928742743,288.697711374007,288.768219417513,288.590917892602,288.655057829207,288.63416816247,288.641032158593,288.625037710287,288.638086794908,288.624743314164,288.658266701153,288.66102050603
251.619392433531,251.534703093116,224.259983202303,225.682836490377,226.524791207454,234.336461171851,241.109733333393,242.063492059565,244.884329716797,247.671282059939,248.274268563314,248.227032119629,250.046409231341,250.073290701033,250.067659375401,250.139988766054,250.116338277798,250.138765722786,250.113586473316,250.192255570772,250.157576515552,250.169507452506,250.189753959015
190.521147689937,190.493112539181,170.559244563751,159.679039288694,165.49255053889,175.355085718934,178.11142954551,181.467436597299,184.763128510156,185.756017022324,187.027013720809,187.192320538507,188.573399497665,188.504690552791,188.483314383298,188.624846428165,188.625327605798,188.547258419529,188.604458341788,188.590563462992,188.576416988327,188.59892778001,188.520738601159
841.392382123445,841.328452717214,847.050541806869,817.148364917174,834.066105151763,837.508472908014,836.522199997812,835.746253168819,837.075085400807,837.330599831412,839.542082210316,838.802895396228,840.049510759072,840.586077790634,840.761715652358,840.625505374127,840.54431232119,840.6996817049,840.652283094184,840.701031663613,840.778039841661,840.856259804279,840.770375726388
226.141981847287,227.665339098044,221.46893290281,199.453127997675,194.988772048308,202.158327963545,211.832469445811,216.382043254334,215.112364525527,220.932786490426,223.16030848249,224.1732607205,225.250628818741,225.562705445949,225.516012333843,225.451830552324,225.471390174126,225.578701868962,225.477335506052,225.499021783559,225.51849261369,225.526100641227,225.529888469159
178.227252445181,178.252745280084,174.562494303453,173.936950683008,173.527058600635,174.585578607165,175.664644908194,176.017481150457,176.080634845435,176.747258926597,176.539312760737,176.792955834166,176.84291304297,176.794320829159,176.755905649828,176.699932576958,176.679309817291,176.649806516165,176.635523249824,176.612328314798,176.599444742864,176.46040180835,176.464192013196
353.916372465879,354.005412248172,337.524613199549,331.235742553555,316.346364607134,328.962441320622,336.039451974499,343.149975120578,345.358726588818,348.761488669246,349.164621185277,351.287963556237,353.215463268046,353.341783652373,353.291973516578,353.375783258971,353.355447709357,353.369085906098,353.391558555656,353.363721406684,353.369164454423,353.377975610111,353.387382021498
254.096476943679,253.905052212994,236.287816486446,212.439330468364,212.004472968115,217.276844501322,230.602709391545,236.909982400839,238.346940968917,245.372457541112,247.440977194417,250.457043833246,251.275018376372,251.56699968762,251.647159478716,251.623162502404,251.640565202344,251.480356812731,251.575034235047,251.578521997332,251.580690916032,251.610579394783,251.594748271791
259.227971690176,258.725620459359,252.515562667224,227.207045452148,237.160987060171,243.497144241454,243.304732897831,244.992513202915,248.295202010295,249.249217238845,252.963088958091,254.306523666122,256.17335094893,256.503728930515,256.499545447159,256.47703968736,256.538315849962,256.530348863256,256.557927142843,256.526583213786,256.581080142202,256.557465560188,256.539548061443
274.019601182824,273.863562548838,263.838971672735,257.786580131964,251.930960499368,255.987721530175,262.30639767813,265.708293865954,267.914945846939,269.300640266018,270.876744827393,272.174349858246,272.785399437402,273.044002354418,272.99461897296,273.02178250627,273.039069610259,273.045484657244,273.095876773052,273.049513184164,273.105451570882,273.113513435769,273.127647691883
504.03526410565,504.090845298299,500.818105591956,487.567634025475,490.698792493051,494.355385820596,490.383298178636,494.731249337522,496.65444793219,499.581264181144,501.018994324444,500.74999184028,502.291544993243,502.372323214755,502.375475135871,502.312148056098,502.372184028433,502.334658024939,502.389871568828,502.303961104707,502.392234092266,502.36106075988,502.396215893788
309.21441401438,309.337739193329,311.137417583855,304.302921942005,300.894547771386,301.048845030646,302.134403435071,303.855560258416,307.078523094185,307.28367618625,308.375736830801,308.610246016193,309.07423579565,309.00063269093,309.016740444943,309.016370602848,309.065931313012,309.024309792983,309.020991917972,309.024378223756,308.998312742356,308.993729433113,309.004018286464
495.847030979504,495.498585409169,513.664706369755,507.337187736237,507.39646211595,500.388567249027,504.313071495022,498.088441308355,497.900962971183,498.569416798436,496.706679093237,496.466306444979,496.580371452713,496.272190447224,496.438610916297,496.373309044631,496.432399721459,496.382161652429,496.508124932457,496.377920901315,496.458600892396,496.518019837387,496.588404528259
745.183198116512,745.07851859772,722.96490729803,692.108216476081,712.187414050598,720.840536729934,726.188417133266,731.530832896067,730.806535617471,735.447028775611,735.332075794465,736.419222012454,736.766204835382,737.121322725529,737.073423043613,736.871689561417,736.845843462549,736.900531705585,737.01669280369,736.957100839004,736.878205155831,736.846349106059,736.943287791063
351.062160383609,350.52131450798,353.854628009655,356.432505873407,351.901240551333,350.027228349539,350.085093127188,348.969080046535,348.560989484634,348.743909531939,349.415663499085,349.036998815539,349.282827488902,349.1791181079,349.217852356361,349.22493579831,349.196915353565,349.186581520944,349.230354151801,349.318830018031,349.22063585985,349.251444633133,349.248282203188
255.149358348772,255.355702700174,224.938318769556,199.00711847666,212.789117748903,219.201509236352,232.364886393051,238.680676008285,244.798457851506,246.944482078861,250.03434468371,249.627630872839,252.467815192844,252.702107308716,252.747612613119,252.773959780133,252.752206140462,252.743361729052,252.752118930053,252.782619854377,252.77379225071,252.781939261513,252.826531379194
191.097982155018,191.369526664643,180.608941396604,188.364108018853,183.592833327036,186.350677428215,188.129471459066,187.283503759413,188.314746531975,189.103762769744,189.615435736179,190.093435642485,190.185633962394,190.341007477958,190.351513597747,190.355763607132,190.352787125543,190.318526217004,190.380296060431,190.381125402372,190.381543101747,190.364980248983,190.362751419112
348.11322832282,347.22390903978,347.479935835897,360.67220377608,350.953688559311,350.769318266463,349.0453910153,345.878259411065,345.720741516685,346.833234054675,347.269486031132,348.235356147532,347.59740942626,347.374480590145,347.395158280461,347.396464714626,347.472852611957,347.508682245392,347.463170234966,347.463446008985,347.490838630964,347.51470559579,347.522057621444
361.301426710344,361.033562530289,358.713409605843,364.874283422251,359.020256393631,358.7592937141,360.749313195203,361.532441268933,361.408842603817,361.166767871044,361.553611032866,361.137425461597,360.910455992775,360.95619861211,360.956035962614,360.906872649223,360.873482145289,360.933156974736,360.863534732006,360.921924837907,360.880238656901,360.903232658753,360.888206214332
341.749621063103,341.190762921505,334.957834249538,338.045225773702,336.255730363272,336.293374891291,337.188979782832,337.771551475759,338.334364484006,338.655171811437,338.954540247776,339.384441801575,339.943675402239,340.083705036201,340.081705285366,340.0696158375,340.040811342681,340.092280554725,340.077422331964,340.02855009924,340.032020297196,340.085187729489,340.064404524276
310.270177777789,309.647746765734,281.463384496702,282.914373703395,277.527615114735,280.991414815826,291.226806301301,296.302281430858,300.425683156159,303.239774265259,306.273992708345,305.210313271091,307.74531303724,308.020994242545,307.957329183289,307.908410854748,308.021814007247,308.022914055857,308.009045990602,307.985791568085,308.019045177455,308.023831075636,307.964088266108
279.146877901706,279.500755141218,270.2471306946,248.083546430376,264.789523759928,265.178452472674,271.284422314081,272.995372536231,275.220796767963,275.100652778299,276.686944362925,276.556520101153,277.770653550995,277.758390097383,277.800622245757,277.796107539989,277.777320631668,277.758522378238,277.712204705314,277.753121578096,277.743569720413,277.724012644418,277.763743180751
235.892651949353,235.543272888977,217.022132388487,219.302553880007,220.955010826262,225.153833913472,227.283414140035,230.924833200941,232.469106959019,232.731956713335,233.353623904267,233.51854650807,234.275211193381,234.514657401479,234.496371098411,234.458439981237,234.436166527918,234.423398111403,234.421150315447,234.388516676441,234.36740681041,234.369991659376,234.364005955455
463.067457072173,463.108235966158,420.294665480846,397.213661044637,426.444770430356,439.378423063047,445.441317812463,451.781418022083,450.96124627194,453.057609281703,458.828097451574,458.643514523543,460.629178191411,460.730738005149,461.09700004034,461.140376362863,461.110221554941,461.090137402526,461.043311966547,461.070084060447,461.085316865237,461.099218825405,461.173611352935
357.874249235502,358.067483066317,355.86916636246,344.966589971466,348.337362596088,350.906771975584,353.45938118658,354.459543381365,354.984935711738,355.248579048487,355.850924203498,355.842991579337,355.967012181405,356.043454229707,356.004693710421,356.030422120767,355.994552772272,356.103431002043,356.044448635875,356.060575439174,356.035866627949,355.992036179398,356.002422860589
368.687324587272,368.718116358118,368.276638111901,369.932243836129,367.797203266213,367.060412193779,367.466625315249,367.844363279602,368.072975315245,368.138668586251,367.959022292071,367.990242521741,368.363855784549,368.282981564132,368.265556752474,368.330399985389,368.330631190938,368.297925848936,368.31072135381,368.34777422667,368.348292742296,368.33605206649,368.319642383775
131.787027699243,131.596055421098,134.040196264569,139.580973264515,135.171725798303,131.69607946352,130.337618171038,129.766977932162,130.157505476829,129.857527993949,129.493981052323,129.531236892284,129.71580374591,129.669249363979,129.724065834508,129.655091074048,129.82858277778,129.702286928885,129.650824243733,129.641826438632,129.706440575726,129.632646499768,129.66500898709
307.315092774626,306.855056085932,313.244438581893,317.002783722118,326.935304340245,316.023821614788,310.656756153932,309.173773188756,308.676295332722,307.366892835247,306.305334770241,305.659882927779,305.510444866236,305.512357096906,305.445995064551,305.314593565938,305.31168578863,305.35836206375,305.321452215855,305.321272242383,305.22894807036,305.168817906131,305.195901658952
558.657300599316,557.822778352306,554.118002505841,552.369428360221,545.652775921321,547.070936930422,550.180347256155,553.541250192253,554.68177616713,554.212404082009,556.14201043221,557.351909849811,557.949448413088,558.090619183925,558.030502693352,558.06243927153,558.05936649077,558.068919277767,558.014464401794,558.048814973791,558.123737945527,558.126177525365,558.112195397601
419.383959520938,419.452479385039,415.671949411234,411.72979626514,402.231914695544,403.138232538909,411.211300804658,412.870145076515,413.554391907725,415.081529099781,415.779685433318,416.158610559026,417.300623531137,417.364548774016,417.337179526725,417.303002016034,417.376667354426,417.290745547262,417.351603376233,417.341606541892,417.348205518695,417.312367988428,417.312696896601
117.958755378269,118.095728253378,113.747696422935,114.535408820114,112.123382663779,114.046341644945,114.868956928975,115.845505213851,116.173331013061,116.194259556026,116.850506942793,117.109749237543,117.351579822062,117.367092229019,117.334751878996,117.334508641125,117.316902902738,117.324062771803,117.299728635118,117.310615563188,117.336506041796,117.322818980889,117.331888747995
384.419754249809,384.491799280591,377.753291981244,366.3023981965,370.144403864341,377.11085111978,375.047503408656,379.33891763804,377.724167109656,380.580123820995,380.704263319685,380.495978612717,382.417488493023,382.601237649415,382.674602893001,382.548061367486,382.553277966527,382.628429434019,382.549367863549,382.595378732356,382.621211918175,382.499208986526,382.560885862174
214.271733643298,214.393799525633,206.032240159266,216.449163772662,215.680848727483,213.533397125603,211.384651584158,212.273520924747,213.530211010711,211.677369461601,212.984682482238,212.308051978016,212.758684379597,212.852989336416,212.865395510348,212.89255275968,212.865877198758,212.841634301983,212.938115438139,212.994686972894,212.949986597765,212.962756234782,212.955344916865
274.313308502531,274.519475318126,264.736792180448,272.434449954927,274.140425543752,277.046251018168,276.74709537422,276.658513928695,274.516345113873,274.127807952372,274.445296889728,274.464267717317,274.863543371376,274.854460615721,274.733506210655,274.790266010468,274.806894973201,274.847444239593,274.844385158939,274.814572701248,274.782196126185,274.830886579845,274.867354637088
731.571659758192,731.171268782979,726.444945466232,726.303728266927,718.193979922331,723.539718754653,728.469086819149,725.214814722632,729.258747309065,726.20648441863,729.385952058728,729.750858745654,731.010104860799,731.383850230018,731.29929217348,731.442130143544,731.496336567546,731.537658606845,731.431545793988,731.42042300359,731.486365343263,731.532734514312,731.667311345748
195.90629785259,195.385962076745,184.766191411015,169.766104929815,186.171284682541,185.492068916354,189.011902337021,190.775170045975,190.552976708934,192.449014794283,192.969363828013,193.912896449828,194.320754190482,194.341803455015,194.381410377175,194.372914125425,194.411059822595,194.377664811429,194.451064988254,194.389841501269,194.429097294752,194.431465548261,194.465942103267
260.022958870676,260.232587106852,245.106103251952,219.647866441237,233.651600976355,242.308885774976,248.842797666177,249.539687927049,252.774237717972,255.094688915536,256.25935407862,256.896029060218,257.584933310227,257.607770018533,257.70701199811,257.614029322674,257.69408046047,257.754149751552,257.736903655247,257.707985116916,257.671697587923,257.675565647659,257.699340871451
192.219774177421,192.218632455878,194.673378901355,193.11302138546,190.347479414827,191.752412966228,191.580099363877,191.509270325413,191.825034591595,191.606613460472,191.479937399846,191.477457124492,191.722083643353,191.648522804163,191.608141867836,191.612352843468,191.586276079242,191.576598826984,191.635816531483,191.57447726372,191.604294479679,191.593031806665,191.572135358596
581.322632307309,580.944109419503,596.853579613052,619.542061209872,596.605254195234,578.505465916543,578.203304958402,573.463024114661,576.517003894495,576.843819611014,577.355781040664,577.966438794012,580.034671625712,580.340664188585,580.483555869975,580.458688324617,580.541637747245,580.444652834155,580.473276526589,580.511728034144,580.470832938057,580.529355870854,580.483311881206
317.520409778321,318.226849173779,319.981544941102,312.807823739161,319.559763589312,311.74383009775,313.672959761333,314.66400236878,316.235835938623,314.903615414986,317.075354444744,315.514740676423,317.354255207889,317.187414525691,317.301199810447,317.264286053146,317.347047376211,317.249580930848,317.193293464902,317.263894813028,317.234155317393,317.259249164889,317.334420001686
450.735948137104,451.694060510795,451.176246196429,451.601312895058,450.428320433252,435.785588617315,444.313473152868,443.721016601452,441.646441576459,447.751829304845,449.20281101406,447.193537646674,450.170411141193,450.224241742163,450.329105185619,450.250919653339,450.376383793794,450.354673948396,450.361740977095,450.431004038246,450.331281578248,450.512797232037,450.445170400589
303.331732360196,303.123664602268,300.417667119202,313.830336897606,309.365873785097,304.29854899879,305.231218530821,303.802720621879,303.039071667441,302.425214814769,301.946951445727,301.798429238185,301.61728016872,301.689518648645,301.805645973656,301.786281736048,301.756223843105,301.713632485057,301.741818192679,301.725407259833,301.787728973528,301.798074220617,301.899391121253
