"V1","V2","V3","V4","V5","V6","V7","V8","V9","V10","V11","V12","V13","V14","V15","V16","V17","V18","V19","V20","V21","V22","V23"
479.753147106618,492.987272608989,503.865812876578,503.925607299518,506.170440597712,506.187579391708,500.241725862338,496.539425856243,493.208003665143,491.854845667091,495.25047724014,493.512468252158,486.293625641668,488.84102959702,486.463301730753,487.415174438531,485.911410285475,486.825966159466,486.725362313888,485.992500396391,485.687327460752,485.312222208001,485.344406066321
473.579315825233,446.55615862619,448.618850110424,451.865350512385,450.423584907025,454.755059352326,458.311036030687,456.843954816327,456.853269391779,456.133992841748,459.302706737464,460.621399917918,461.481371946423,462.001284056892,463.684430515668,466.478380682551,466.167380963763,467.352151895066,467.056027469309,468.506820879305,467.827260928797,468.028056338232,468.719559931693
259.612439990147,248.093962845253,250.910013832456,250.727891198832,245.496231277609,245.150406243635,245.43410930856,244.90150136713,246.798465954695,246.238118712836,246.368653978741,247.598995076482,253.927301071649,258.4687700087,261.026122983154,263.324235277739,264.326016228932,265.056115024796,266.322503468912,266.27028964498,267.011590528451,267.739834774361,268.229273010722
305.810519974985,304.852768851926,301.020685002803,296.50670076409,296.05941793325,276.991882102774,285.106798150609,279.75089750714,289.860783913399,291.849523851974,296.672774822456,301.029704600104,313.211159316283,318.576147690494,320.315511462142,321.00803831419,320.396172374733,321.074360003312,321.263648254075,321.290523535113,321.85252193764,322.355668790572,322.389864611297
230.594866042878,156.081762142182,117.930962278526,115.939275303341,119.585465148659,131.592594167873,152.866989801656,163.454861119847,172.31087127742,173.846423936428,191.126359730531,198.719192237995,222.152381393497,230.345920869138,236.915894576306,240.110901302692,240.766790190403,241.513787044126,242.901744784135,243.051066891386,243.844103410532,243.776360037573,244.196588168761
158.73687972551,90.2787394967815,76.8720810624355,79.7210517834607,94.9141332363064,113.214842097441,136.877838200787,151.340383802408,162.346815333204,176.837574593993,183.494691029253,190.195882813144,205.084780742213,209.63263253502,210.75006095411,211.146308701341,211.81043833718,211.743294932289,211.458621054517,211.602512545829,212.134396124596,212.326826342743,212.285498520746
383.0548771817,396.710116615818,398.006599999762,402.898496836239,402.934541225466,408.272057947757,398.97714678197,399.352709982581,397.773894717223,391.285326296613,394.09204162042,389.498910347629,388.53023329669,385.443206024246,389.180362146367,390.340141713095,388.905314608443,389.469848269261,390.72043839442,390.276798258507,389.919073857561,389.145886608738,389.045935305263
497.541557820888,477.621323485651,475.841693471818,472.684968008259,469.68425115141,477.493107975116,479.348569065296,481.806843007324,476.240380416582,479.239263884081,479.95300374417,479.16389193367,485.325589381588,488.45546080713,490.500456104311,493.098549833174,493.473011459637,494.554845796318,493.315755009365,494.289775506868,494.208450545058,494.540795957951,493.871132223334
184.968089117215,161.142162931273,168.991773602206,170.859829604362,170.962408124118,172.832150272873,171.968888528226,170.723718338985,170.269363592532,171.651320285862,169.91320955568,170.656419486197,169.313205747228,171.591122010952,172.964494614978,173.79444931455,173.865675257606,173.921421281735,173.957759521912,173.869025088006,174.116752951665,174.115280375122,174.111843875382
269.055824491181,258.297937662087,258.591421662777,254.951824697201,250.268592934803,250.456301711305,253.257101887091,253.930793297771,255.548006692822,254.556942931209,258.755450650081,261.114139960364,264.952376959433,269.993653681116,272.182934396402,273.420807623795,274.307514421143,274.404373656923,274.225366424786,274.858309882148,275.594419828756,275.542446358111,275.726325264669
182.761458413313,121.7079972297,112.423490396956,114.369736554614,120.714900321987,130.296865829214,138.944435764282,143.29578412037,149.369625977719,153.519830666555,157.814302766968,161.248165025479,171.110181601085,175.735175375012,179.194669948987,180.528253925937,180.412559994058,180.957145316657,181.554461370414,181.447093260126,181.39983647927,181.685247950311,181.609735696708
244.524396973402,242.34119191922,231.117432265705,227.847788657039,220.102885526599,223.139336792008,220.68819300644,226.155194044545,229.189485976515,232.288931883848,233.745395524161,239.402051201963,245.876543141359,251.226851311597,254.738808836713,254.065284694566,255.063380532946,255.223445199123,255.262797338815,255.124101758716,255.006117973443,255.406797360417,255.173363414679
190.407873454656,162.523802829362,151.90087307742,166.171780242735,175.086978326279,199.193862749633,210.144151511358,233.973208887361,241.614922878235,240.158517682805,252.302512755718,253.751464724813,274.812847180695,280.170543127859,284.752202454143,285.424812765263,284.81079256296,285.882752192786,285.226338984852,285.702701345777,286.276263097736,286.299577478686,286.075824674738
561.824109568488,559.251053949226,557.167922848384,559.132370051713,561.862193835107,564.406901232404,561.684792960606,564.723027195571,568.583592126723,566.609588980561,565.886344837113,568.887748512205,567.909681320964,564.848141507391,565.245063616262,563.769466846507,563.844489350727,564.178042415171,564.139248356484,563.277271011368,563.434543091396,563.706396104044,563.673225536261
200.782722083579,121.971731263468,112.913140762962,127.827733087008,142.250203121125,159.21408102275,172.714513295505,183.048074992201,187.855476048409,190.785910477726,192.40887309065,195.690897418129,203.736678389819,207.896398506759,209.515095764986,209.552534006669,210.576970588839,210.545075998973,210.085683260531,210.801101893816,210.22902016608,209.982434454886,210.264044368398
206.597770352124,185.769211291284,185.240608258151,183.238975151643,193.217169414225,202.241151917883,208.379742885276,209.298535469875,212.235932867406,213.314714987854,212.091147904592,214.16030129157,216.388053453142,216.512312555928,217.263589391184,218.802068798214,218.338627127863,218.275487677242,218.591366881505,218.891554418912,218.514288517601,218.383473318682,218.301301738699
285.101577364197,221.673792800207,217.799297802111,218.316931573822,227.356411519242,232.214102456551,236.622429372793,238.668056749283,242.582346129515,246.167081271908,253.204998693616,252.286189340992,264.639362187059,270.337645239967,271.748383461633,273.989574776261,273.045275994107,273.825581860128,274.39087903208,274.247369510697,273.198548004834,273.278311246631,273.217763978401
298.578532264901,250.085224230951,254.090484504964,259.068176588133,265.889716522002,276.016590938231,286.884814922902,291.75143938272,296.999205867614,303.355544849073,309.324551960083,310.226911061543,316.384220045722,324.291805684425,326.055818260032,327.702849832985,329.932576676682,330.515766647705,331.052510291693,331.508529112747,332.52952421007,333.170042989572,333.355066842349
237.949931212559,177.393030810022,174.003082094406,166.312702211533,178.02893164651,182.639623352529,186.040223163826,193.642852836545,201.475056619563,203.765019903523,205.492924545748,211.145383312032,223.214003040886,224.260083638497,227.611106540064,227.70577252599,227.875690301631,227.328828251702,227.393366530801,227.905225144887,227.32388626692,227.025051569873,226.882713526467
135.587112571084,88.3398585063021,80.6257231056324,75.4400535220932,84.8433817445476,96.6885189026107,101.44407095972,108.115916681922,116.448089285396,128.168346233824,135.897454115476,138.981699228216,153.867993501049,167.04006235968,174.263798519531,180.355091201005,182.881918476544,184.385890513376,185.058503001518,185.774900330868,187.553146450618,189.786609738195,190.663497815197
371.82972274889,388.393988359875,388.08487762622,384.696299835073,383.130206278383,378.317378919363,377.594470331724,373.161740253902,373.029713218014,376.352635674497,372.379866230535,371.266709768524,367.041753713663,368.502330149914,367.847942753804,369.148009909955,368.879921397925,368.916499463391,368.660603602321,368.476988744878,367.581690264337,366.75615377666,366.66733975945
203.491289750622,132.911734332482,122.572456487221,127.619692839525,141.164558196809,149.923360692083,162.904627183693,168.746186333448,176.587011444981,186.441629842297,190.025291353796,190.224774835771,203.714108772038,206.897967764797,208.342784626899,209.341354377807,208.922195368754,208.629471463178,208.503442913016,208.36539428363,208.3122551935,207.422898382414,207.258127658635
213.885086376701,141.180806992578,117.967482773441,109.113337629837,109.110025857504,118.770858052805,124.753402916814,140.684533683141,143.519122753004,148.010932864938,152.948825782002,156.544557928104,171.168031742303,181.050865412431,185.941842741421,188.280410558283,189.277951542835,188.995323770884,190.153760205357,190.050970170368,190.225273997186,190.058466577393,190.291473313725
242.915845839339,118.88380805488,97.1800500216109,114.039583603708,128.721644131421,163.823829423317,179.703753065536,193.483654999425,205.322350943435,216.022089396173,224.049162024273,231.623316391315,245.255649078731,248.565141620873,250.302410301362,251.385068215384,251.622725708337,251.54535201546,252.287369583568,251.734251150703,251.528417220593,250.690227293006,251.143522507307
337.345573443134,348.894144083522,343.20454512526,347.14556696665,341.68687478565,338.585992409595,338.128150272654,333.044398880132,333.265358140367,334.097088802636,331.711693433342,332.274481371994,333.874321458507,336.353823040646,336.436538076934,337.088556764172,337.3565436957,337.97837591931,337.565396940991,337.817040239833,337.902942325975,338.490114511651,338.497478591143
399.418968088588,398.759812294489,403.830276860568,397.140802720915,398.86669125996,399.490014041959,400.99445467829,398.944873448671,400.480431616822,404.404524157097,406.261098231322,404.620598315471,406.519112791832,409.164622786824,410.145570879517,411.321812713079,412.106213523806,412.867938884866,412.340379213642,412.623397750062,413.060276724736,413.151122683526,413.381151326509
184.246548969968,102.793232308384,97.4096271588453,100.313635260598,116.815042129967,138.58012314271,147.396461641734,155.371036550036,163.540734583467,170.157231571036,181.277441327869,180.472857354204,196.651277349028,199.844691595436,205.410772032293,205.435358218464,206.00637173175,207.19227518927,206.266256661178,206.579914211643,207.650622752219,207.583048937169,207.183186884218
260.822466452488,207.681884725624,198.679137364875,206.007521033832,224.16660713663,245.324916301711,252.697271618679,258.014009756356,269.634973458185,270.738876158986,278.98190284805,273.310579537344,288.157410212933,292.254469543753,292.913002886729,297.566343912925,297.147181099858,297.781050762412,297.860348597314,297.600572094255,298.833338092639,299.377490261707,299.733059831498
478.884768829666,472.13023490807,461.227975738808,461.976914568731,459.408806752111,458.214043197033,457.500590236276,457.430869929321,456.658416120669,455.198938970735,456.044315515124,456.180169979551,450.793446292244,448.512390386306,444.604033727785,442.023000491973,443.393658515489,440.938851713481,440.881305690962,441.329986754786,440.729266939646,440.533376558832,440.654139096018
336.775443545017,338.716360992605,336.224628004606,338.002609496411,331.272394759828,327.787358893065,329.170546829319,329.056736273412,327.344050204225,330.760038466372,335.526522002231,331.703671606289,337.65822999355,341.943334612109,341.477422455272,343.418972294186,342.56534602752,344.926295439716,343.7911111933,345.083382716576,345.050642091142,345.370558248386,344.865803963564
341.201071338613,318.368565624509,318.843687109183,318.144011896085,325.308116316541,328.58421844268,327.549626742095,322.850869831034,325.398452109755,326.493645799677,322.071632420821,322.735475330248,321.026161907177,328.085375363966,334.955576738464,338.731436178823,339.004718502192,341.618844512245,341.05733948942,341.94652982825,343.757068898116,344.261101520168,344.995015378128
193.95099714298,152.790190519211,146.197775662818,145.089070253917,143.029041475891,146.184883288568,148.949407484793,148.274887319557,152.396025430127,152.846190381049,155.082394055594,156.496908167831,164.837488772662,170.301981722093,172.218303323439,173.70346203404,174.513324751555,175.543565914881,175.626128051477,175.550639565327,176.17751846284,175.870408556514,175.983768538468
333.730286954446,299.617968533745,292.944386865319,299.791316880794,309.443968301676,313.59591875515,313.989420693029,314.468745742102,314.852187073164,319.652425605309,318.605036671894,320.748629255832,329.456329226305,334.744557584992,335.549950966603,337.779058609619,338.098686771889,338.843862625313,338.82208247794,339.082146984167,339.899480324066,339.79570737762,339.84261774794
255.645538729366,254.079371487334,257.800115993544,257.438148784986,254.882836552943,253.657326399668,253.815707933504,256.222166204928,256.520834333245,258.60946823369,260.033184197261,258.637011237841,258.233821086527,256.822159936521,257.429927553304,256.918537054325,256.940051384405,256.828894017419,256.311367955133,256.812448249915,256.47547729788,256.431704239485,256.684044255437
742.599042134127,720.194111586862,733.922034632714,745.109024919792,753.359453243859,747.903081112556,747.679345000476,751.773598825411,743.746931270406,751.65227028903,747.193335098051,746.096007764061,753.296898902946,752.081745242328,754.574701294701,750.659064839736,751.946464299975,751.549440877191,753.071840532292,753.467654009131,751.740783601583,752.830344158246,753.390992618231
106.382928031962,96.3554188075443,97.6826589160193,98.1456843164767,97.8715819272875,100.389075755577,98.0664050477492,98.7900528771101,100.643543919144,101.875730398027,103.342968383719,104.409160185261,108.961800055182,112.217988373106,112.61885253608,113.150823903702,113.668734618566,114.096887911017,113.574080873831,114.043731029771,114.493912732711,114.593701928771,114.849275305344
213.84386625677,122.089083311946,108.438390658695,114.150413604507,129.719799340357,147.319033573937,155.83498348012,162.850779697558,167.961137763771,173.036332465609,179.100904471883,177.356275550828,188.000452716282,192.691347939291,194.85613212548,195.304445941247,195.962769286691,196.667271738061,196.878489332054,196.758501580236,197.15467475557,197.02592066746,197.342982021367
306.517296081857,268.07433455292,264.16103594888,263.387307611195,273.784437727284,273.643785240344,284.711309342194,280.659606556973,280.363326449915,280.710332912795,285.449639366817,285.647774911555,280.671230229278,280.531940053082,275.929341704779,277.132794195057,277.40679608613,277.460177196409,276.63442604501,276.214715726717,275.755568202087,276.207745682205,276.253844704285
221.169313178433,205.35640238469,212.316146364977,204.970852282822,204.308751275889,210.518165455685,219.049022003369,224.027258562788,229.601705477502,238.628179170944,244.76698785976,246.553229705247,263.567084620928,266.725897918534,266.005322866343,266.206658823862,266.286211475546,265.198721185149,265.570059915975,264.432876624133,264.592319566499,263.738873793112,262.941549064023
439.649269471751,464.167250140129,464.062632727558,453.814770507271,452.389024918812,443.856302887213,438.276979694429,433.782903011905,436.73107373049,441.213208434577,435.549729898243,438.223036333649,438.859301086555,440.619499029282,439.733921568937,439.831694148115,438.492536882494,438.460503265531,438.895408052664,438.985410127616,437.375246564981,436.889141436678,436.821288650565
482.168305695392,486.633730012766,493.256480858045,492.726781189188,489.810500856686,493.016406029313,491.586936806959,487.706694886998,487.735755134138,486.52883124914,481.82372342601,482.740117651299,476.325158348242,473.372382700617,469.184476107582,470.697235780641,470.319495910963,469.506601549411,468.968391071232,469.077770319433,468.881644266588,468.234707038056,468.355145096197
242.551389124843,213.971508560739,206.298199918073,210.685406719418,209.18419557959,209.573405045528,211.093823152528,211.320368344114,207.748612127739,207.298870179684,208.535845154519,204.646866695572,212.088585980182,214.318396518911,219.364438718001,223.265907591839,222.310911132186,224.732515106666,224.327609594654,224.125453093053,225.199476096408,225.459050869226,225.949838626341
161.035700003129,135.315500469214,135.259317008586,137.181551830163,146.965325547135,142.831024097422,144.197218072097,145.736568705881,148.792362524289,149.43668501849,148.559491448015,152.738412378321,155.934867399106,160.857323223535,160.816867407182,160.127902441723,160.991080121295,160.620761581176,160.795310588741,160.597937304917,160.518291059965,160.344239918009,160.211093910887
255.210512415638,163.015124476642,128.692109299821,120.840667586471,127.962917118854,149.861938365303,167.022357298899,187.433619367922,215.396747987219,216.054189989605,239.400941391087,241.563608218851,278.916714408517,300.2560188642,310.0485003788,312.850268102742,313.786470168437,316.258726476647,316.552067464188,316.996616662455,319.448546727927,319.868849870431,320.043235823333
403.853771333912,408.781747180051,401.22499131184,406.592904442184,390.125900772946,385.397258182357,385.79993218995,387.550497974077,391.969579395727,393.546955544303,389.258955706752,396.294999429138,404.193347528553,405.460821786995,406.267949418776,406.447291684381,406.724267367092,407.068171554733,405.949018702482,406.491942443092,406.916574408453,406.492022846167,406.513359209892
216.9268189159,210.699332482903,202.348887731701,202.606358793143,202.711518997436,202.961228214517,208.4696904023,215.291370911689,216.695056848383,217.808985599568,219.451113492655,226.125049330648,223.959861026152,223.175123917846,223.460118205402,222.853248929114,222.86443509519,222.628796573317,222.582479184618,222.626006905973,222.90432438139,223.099139427506,223.182117923231
251.878869678106,245.26250016041,239.613622233306,237.17329776864,237.703264857962,243.491669748093,238.837300192859,244.291795997154,248.006019708413,253.562419471686,261.507188948754,267.79564272503,282.253966999909,287.103662089364,288.800745204878,291.038835628611,293.176294500432,293.386706774123,293.293557209128,293.247598928803,294.484451633559,294.78731079254,295.093743984981
441.892923274501,448.888227196435,455.600143780417,455.61462768991,453.419267607515,449.514178725612,451.536067677137,442.927412851262,446.999745390821,443.939657200805,441.131454072141,441.599976476491,437.690075341427,440.327896449475,438.434225705694,439.677508363449,439.672000482849,439.990084452619,438.952141733776,438.830381525111,439.293991708713,437.928860325017,437.323326181186
277.990527466486,246.426451716718,247.013203008561,241.845650541147,252.879018385597,250.768396613629,252.148214882127,259.395598705922,256.944885912006,258.584409790023,258.772245760072,256.298836572799,262.648764397311,266.735421408471,272.322558376455,272.785086398456,274.004796446436,274.213578195062,275.127654264687,274.945908421191,276.050548000064,276.321362772806,276.331855645296
185.325523083036,159.036984366652,154.349789885746,152.972815825786,148.438431314817,149.041180864176,146.743390383577,149.11430603993,150.721424969552,153.326477105293,157.420751947858,159.557631700291,172.566414507511,179.4232214252,181.76586569651,183.964385438198,185.059858116843,184.871749433058,185.734644181545,186.741391736981,187.138594666828,187.657996714856,187.685359115667
445.057002380177,452.484879468839,458.748684671285,452.385154692624,452.228214954889,450.138518007435,448.836319345196,447.15186439429,447.156317512518,448.016101344804,449.285209351938,451.041992632337,455.515834895188,461.061470280528,462.342400926953,465.175879530713,464.934192785835,465.197427780666,465.213749087485,465.656258905769,466.323060112097,466.618944880057,466.91132487915
311.239811387602,297.552708902335,290.965973453027,291.500794805376,291.693298472402,295.002603439512,300.380663235159,306.562804824827,313.106639954617,313.607759554123,311.666817117563,318.388639238858,321.563605393041,322.873087631113,324.676065113114,326.207563420673,325.376767287504,325.572236697965,326.294440807529,325.741696566044,326.407343259646,326.794612429048,327.074272988824
293.760807033596,297.588935920913,296.133159419524,289.781915861831,289.974034509048,287.636080225669,285.469279498613,283.911045651483,284.184970180322,282.491260825863,280.242402769936,279.84806089069,277.037963102962,280.154038806805,280.347665032478,283.709674482548,284.185645367278,283.991109771624,284.232205362662,284.20795319019,284.725823347917,284.69966566839,284.539806231767
182.967671215215,129.1751678818,118.410063773162,126.149873378693,135.332601882547,150.063109184949,152.459106638253,161.913889631562,168.398317003595,171.72947828625,176.738082155185,182.253037111909,200.649738701423,213.606630846673,220.111263478825,224.245706660525,225.630210401558,226.558769503603,227.870991323884,228.305973903155,228.762487963202,229.200060541706,229.263967813569
507.321506966425,525.576824979993,517.758469957129,514.241234531785,518.312094317443,516.065260200562,513.089822365278,512.207743098241,511.023189101391,502.549747155272,504.484566773488,502.122548973889,507.244280661854,509.631963278409,510.394227415057,511.169479882712,511.947830154643,512.234915316505,512.666955167494,512.145428279679,512.197915414763,512.132881757594,512.019991722346
276.90127818481,254.054090626655,261.306267940191,263.329179480497,267.393521251177,268.857939664096,269.894088173404,274.536051981154,273.270837920549,274.540107077488,274.26390664221,273.345633240876,276.722382475158,273.902357921256,273.229599966127,273.447697176918,273.727029146603,273.387470445135,272.515392872438,272.873338248688,272.407690842625,271.792436544004,271.52324927135
318.440205257362,288.370238912336,282.417674851885,276.954430358949,283.184542644331,298.295364451651,300.378164373588,310.189318694776,315.44976659581,318.68413117673,320.015610304327,320.296463705209,328.923787307047,325.353725158474,327.903644547524,328.192860012858,327.792376498055,327.291467133846,328.131448793225,329.072747249483,329.276870869778,328.707673983771,329.46180900672
380.211542062625,388.220779929245,396.755906962147,396.667857113898,394.644443688416,391.744105313087,387.997086608491,383.862009829236,384.426739014525,383.691056816763,384.237076209782,386.670926746387,388.417555756906,394.996280438336,399.194247946406,400.549683152127,401.812391562311,402.435889782906,402.676019677168,402.323164748053,402.767796099503,402.726806097252,402.931437694065
133.296389065436,112.891036296981,113.077843079774,107.157505495731,105.872565145586,108.652357255581,105.451204857981,108.073967245445,107.756293413083,107.590080439008,107.68095645223,108.977239345932,109.525938920949,111.804379060789,112.179284745858,113.391509498296,112.885403410889,113.287233210128,113.458077874626,113.302747641346,114.156426156859,113.795198481858,113.851531161682
125.148008642586,86.3320112233262,75.400333983789,72.6308250015555,81.0090640547419,87.8451011514543,91.4466452156709,97.114293973911,97.7312420223276,101.694394846334,101.478604951837,102.327095096267,106.225119368814,108.432266492185,108.979982883005,110.646739444981,109.72187692667,110.318385207856,109.841273252164,110.295006606879,110.23309688213,110.310798376208,110.390425694207
479.277617372037,473.70875482237,475.952604624168,479.535108508714,495.728086138353,490.330953955857,487.847084948184,486.006226455297,486.216225484139,482.439600915187,488.430954510816,486.715997410141,495.270365748841,501.231228737682,502.75034465452,505.595534864655,505.675360465957,506.739191148484,507.305150488291,507.412842470769,507.687587292393,508.406715792801,507.462156035499
101.705578798407,71.9164135130932,73.3788023847322,69.8852422575371,71.2870992892065,72.2668818472593,71.9660078674151,73.9910812696736,71.7110899988598,81.0904547582648,84.8012681977699,85.9269160525293,100.415792531157,106.533044401106,108.909686394775,110.408519776016,111.026040249873,111.712773591146,111.888373921663,111.90403269906,112.930910501628,113.143406710827,113.41213887173
231.308045405595,189.361787842949,174.764611086436,183.490792430891,182.665140295529,197.498494533657,195.939180602967,200.302526489037,205.938750742747,205.214560350484,207.948120233275,209.728658668293,220.909015972128,228.408575956935,235.329283730877,236.880265206146,238.424677537289,239.684563599935,240.277542010644,241.364664870133,242.698218071565,243.843335257509,244.088239419813
187.393215350249,180.962098866734,177.406264576087,179.292478786195,176.358314499918,179.550278530651,179.756402884704,181.589073846478,182.179723639187,184.320945944658,183.502822092176,184.035515469424,186.044801778805,187.863233962572,187.473525877547,187.494739087707,187.568075718151,187.189230914859,187.109873134646,187.022426026409,186.352241674046,185.957838832479,185.62689487696
240.381367326084,192.878731308199,187.572369375657,184.259069998527,186.077086995343,189.56441919542,200.339491976184,202.629313828749,210.201013048011,221.77026225723,218.432938387661,226.313729246382,239.810262717103,245.198099582254,248.23011039303,250.665941984559,252.077402435041,251.814810565717,252.583963197461,251.783136555688,252.919571320282,252.999244933707,253.038796977175
462.723681983483,451.012012794456,448.586712649046,452.106279799971,451.54431598447,452.121072983433,459.019478361597,458.099657250305,460.62545298445,466.441945555514,469.168628302676,466.07760427149,469.614756355546,467.248870730117,465.280197158498,462.825992040655,461.728992483281,462.019875285226,461.350714013494,461.099446751372,460.384004416315,459.869905851977,459.671183063245
320.905576923442,319.999477996717,315.380385403118,321.123444335986,304.551480807551,303.085605449535,303.570605467531,300.364184702838,304.762248831408,310.057557516834,310.726888807064,312.309328385111,330.070762380839,338.667013532539,343.618241379949,347.381545263546,348.466097602494,349.274510117317,349.891217284348,349.783957539549,350.339292345528,350.432389581083,350.643132378651
326.63335094018,315.924888502998,322.95525142417,305.426767835144,303.185301610061,307.494128263364,307.055218904908,304.038209749593,308.140348889359,314.458071394879,318.174604538654,326.927398715542,356.517763034315,370.87454049272,372.905139003915,376.254527215222,377.129326581407,378.52350964457,377.104296712996,379.006248825436,379.663408983122,380.11904788456,380.269690389832
171.046881830616,105.760979408255,97.2749567515322,93.2040959459595,104.726768591307,118.171757771538,130.446390676943,140.599953608913,142.064963857247,153.03951603407,158.476423130291,172.806520131413,187.287885558327,199.090824704239,201.380854690487,203.716256653513,204.085770396551,204.697139129416,204.892352413444,203.775319644443,205.138742291229,205.264279816252,205.394038496613
256.811376966949,224.72659926654,231.484426908017,232.192496164634,234.642667662519,239.610738929489,245.821327130179,248.218715433994,247.732807018523,247.640278612764,248.121368177662,247.573027422747,251.58935088517,250.501581491447,251.157187523206,252.297828325851,251.753352371259,252.63382051326,252.27590174838,251.367408814268,251.660141662411,251.42461643699,251.165815698324
145.950894438759,96.0551204899516,92.8141590883609,95.5026608593866,100.628743119959,103.589316469995,105.563800333372,111.031938223158,114.036122735646,117.560793860616,119.641357177283,120.050270304197,130.205046148251,137.156280498491,138.276118612142,139.711116991894,140.224100603132,140.670130261099,141.357632132592,140.503395585509,141.287026263176,141.067957827445,140.902463903734
350.262727494369,358.561753924931,355.837256179674,355.392549511109,356.703868926015,350.282595833429,351.624385481304,350.043507653496,348.887771878779,352.321518492359,355.169451671132,355.999078456986,361.745712155649,365.938675099602,367.173972227631,367.402181786109,367.088684809118,367.304495113455,367.03759005413,367.232125755564,366.855035194289,366.386018012441,366.145849356929
454.783245717928,463.429701610489,444.660859394811,446.245431599585,448.168522477346,438.93672640188,439.273869525127,442.470946453768,442.685819452113,446.202234138177,446.852689838727,451.348232967846,454.941612722861,460.337336933271,463.191897406116,463.816443123706,463.929124821059,465.684791714415,465.67460352637,466.007470482606,467.088796735722,467.080952418909,467.545681853479
146.146871166615,94.6475227424647,91.892704150497,88.4460715880716,94.7981021024664,100.976155736247,107.509918797008,114.760176464438,117.722715931908,120.78211516592,125.168011348231,127.707281003611,135.093543174491,138.31514558286,140.257901566194,141.100618435579,141.28736043278,141.832501497368,141.943646315546,142.143000541684,142.185223418664,142.000887901571,142.200257323173
346.878931067079,343.728642679903,337.943878408585,332.929574342255,334.261381319102,334.615911682235,336.231694300016,338.334211063959,338.353848301185,337.729530462438,336.608942003231,340.199529325044,340.176857066544,339.527812057636,339.698644256372,339.217161895125,338.893427350711,338.99701431459,338.745871063084,338.964789603288,338.704243614128,338.398463961185,338.436301500913
219.847313411135,203.459515807491,201.144247770252,198.473190061064,198.817555702129,200.600687101334,203.430279714567,205.733537474028,210.75765746096,212.241380300974,212.563576341643,216.107872598578,219.856349040092,223.577515573656,223.942287227507,227.032844792712,228.07665101174,228.3757673463,228.32846427104,228.321890049984,229.139839891371,229.133861424315,229.015855685529
236.376139399312,153.993049948773,142.31387183623,142.182830688654,147.638687290562,156.14672051803,161.206479317017,170.221250346745,181.467802520644,187.988791664964,191.136543600126,201.090260039896,224.642497823561,229.698934448594,233.944394211509,234.250404364402,235.678133942374,235.662268782938,235.3167176363,235.48100342043,235.902780814446,236.230592059441,235.550028340028
321.696351453443,285.625503527648,278.498257473004,278.069672285165,285.27987449641,288.505410216735,289.21506764906,292.104787099646,295.590382521558,296.033194022941,296.357279342831,299.894779013103,303.019312306186,304.746483458419,305.019979449337,305.507919342341,304.687435996305,304.929275998892,304.647954655884,304.892862865301,304.769689927136,304.975791027991,304.870620174835
232.162075383609,166.046531287834,165.091403185816,165.833185084891,174.564832101083,181.585061166409,185.486502007987,187.970632790824,189.758168990172,189.735091508573,193.219055942002,189.429416102992,200.677724299625,205.089078402527,210.018344191542,211.691731350815,211.693353754145,213.619424630342,213.896866773295,213.904018030609,213.779550272126,213.711010656892,214.10396302956
236.555183677081,154.790373672627,137.034551288928,138.625543553989,139.952764033908,150.582624720715,156.223934286651,159.236831674916,167.41139782429,170.824888128606,175.662886706046,176.883038697054,187.03226822786,192.816352951454,192.697425725377,194.895324232559,193.451316685868,194.389937928302,195.307549264732,195.333878369657,194.73296582337,195.112570318423,195.081809185915
743.89350140391,748.703590217524,759.334341060366,765.878344647631,756.805586129584,763.299772619673,756.51015603432,750.395031384524,744.387785285851,744.02225803413,746.728617405521,742.941906059845,743.215577262317,741.839703404093,740.629153687166,740.370503478215,738.580623173529,738.882176334672,737.782028652701,738.156313575207,736.388349006823,736.081812774448,736.670135255369
688.8121872595,695.909074165085,682.138637839664,685.277458548797,684.432515943058,681.272694823046,676.939989986646,687.728333483768,695.956226331513,691.532249957415,692.464693774705,695.473422895871,694.664862808904,687.913047449347,688.995818061054,685.301310145408,684.248325961675,683.797565485924,682.436032245081,684.56086845034,683.788890768685,683.294069043333,683.601261538622
208.058128845164,117.049620745393,100.709421858846,94.907041263879,112.405199950065,124.443013937272,139.217191301035,151.957776197182,160.759348005403,168.663745271811,174.548799176673,178.73176779319,188.027632777789,194.096993586911,196.16899715824,197.812190991397,198.942605977455,198.469014468318,198.871583993085,199.697616544405,199.786287426383,200.299652000253,200.382294376084
282.949987128347,236.952003951306,221.076784060094,218.154395249692,214.86592050726,225.838282627846,231.791039200089,243.102210460319,255.486677846349,260.473890484266,262.768707138026,267.245409552628,284.047469360052,284.504564482486,285.622449647959,286.149509219929,285.270810541639,285.700264030265,285.839741155754,286.046755100018,285.027109591504,285.155554465626,285.324708213951
422.98392225491,412.786429546494,411.058504974338,407.7698163612,414.102045653671,424.010032936893,425.333061245053,426.652829695443,427.139402768762,426.748241650005,430.306503533838,426.414480742522,426.800408293799,427.931641730829,430.41100789499,430.24985415751,430.538828003919,429.565447523256,430.712091027475,431.672440112496,431.090948742565,430.85708368267,430.471570656071
184.516180557695,202.230635104022,186.491912945205,190.142623054398,197.64095481832,203.385207015795,218.71166432274,231.531730117107,245.721325103026,256.891609877549,262.491883957508,268.230079105652,290.751494540989,291.689286889674,295.513041076837,299.490709191838,299.337914465083,299.966686793436,300.319335196659,300.825290312597,302.558464136105,302.705044851289,302.365895235143
223.020945767848,152.045239558287,139.551825274009,141.385340723527,152.123622937436,166.241098473557,169.048535721577,174.903493479948,184.191277367157,188.679460857729,192.538239203807,197.134286254014,201.249125481196,204.045703839674,204.749975898995,206.511659697016,205.421269981785,206.978196085935,206.043440042795,206.498306445832,205.587273120321,205.040257807777,204.566598982524
399.143767016068,332.251237361909,322.331290326088,334.141419016041,333.079279812486,338.598558619123,339.593026426202,344.734518184855,351.579128253085,359.097074067946,364.137262249189,368.493890947052,392.220159302935,400.460447085163,406.042620587193,408.504088257203,411.325514659683,410.339074015079,412.119054957139,412.53312613768,413.587425347176,413.773603424035,414.124502797905
244.915981741734,196.260933171305,176.093032369984,166.082693087545,168.924762769386,169.041192330411,179.647782784049,180.366033318497,180.819058450025,188.982833050433,187.324940968616,192.126402481413,193.744571556563,196.75554897097,197.442996849051,196.779946851183,197.963907295003,197.932531195002,198.388957890164,198.205022917165,198.661079673227,198.868058890239,198.841828079429
290.460885379935,298.444937063161,289.140477673777,276.345027537232,279.134802859444,279.069003655284,281.851471421598,285.527515859246,285.488936684655,289.214517055776,295.847485617589,297.533373049345,316.057711968415,320.495940002942,324.695960295916,325.413253952768,326.15693115405,327.184955736994,326.873930991786,326.937604782396,327.108317825682,327.360958728229,327.30975700842
296.583507142354,293.110545495367,288.821484969262,295.18760036351,292.036238692421,290.841153640302,295.85337486841,292.365423419336,294.675222342542,296.521242673711,300.102318493894,294.532119267329,295.933306054181,298.364249100562,298.729046742003,298.964003678556,299.497441727084,301.133883148132,300.615893223993,300.812181465238,301.909985768935,302.246812688201,302.390255227837
247.97448134385,152.680880789515,140.917828799109,145.201192112256,147.724558433116,152.826915598443,161.696781816096,166.946982859599,170.173209517601,171.994671111498,177.677303909812,178.710947220811,189.277455371852,194.472014385211,198.241446317987,201.1887888492,202.514622993635,202.251915742604,202.852529126831,201.589030926289,202.09973731138,201.282976293449,201.402680017648
267.163275908167,259.635954304252,264.390517092161,264.798568631376,263.13587530467,266.44922636322,266.421394155741,266.891966087022,267.096736547188,269.99841609982,271.040425755853,272.264107486826,274.070092165281,275.96632901857,275.408166847669,274.870124468557,274.737353464161,273.950617438794,274.439989300291,274.29616815799,273.920740370806,273.994906578577,273.983107182208
400.299710009797,407.621587361408,416.518436582881,408.319084839002,407.121050803756,405.972762983311,405.258973435275,413.736169507155,412.551712335794,410.983099192874,413.235956179825,414.55178686779,423.803365242156,425.248178664632,427.313757920047,426.833723530857,426.48625987224,426.435437762431,426.577509296152,427.362299796001,426.32593465355,426.57680793725,426.794900641489
114.824105777666,148.447926617512,128.854972088347,124.110872479633,161.787905615593,187.704041855387,215.83144855504,230.402384437182,239.500948752092,255.467176595825,268.111222938878,274.297137619119,288.28019266496,297.735766001347,301.729536955771,302.203548729498,303.956812292284,304.701926828724,304.335208592884,306.149395494691,306.926618683124,306.881819038639,306.909969492145
271.831910514789,267.183484655154,267.835184939527,272.320180681047,271.035912145756,273.757439355086,273.6939437585,274.437087658989,273.357126718678,275.642111724052,276.31063993234,276.219286282974,280.48413925414,283.460933795929,284.034258285949,284.547557282282,285.088488164439,285.266006765904,284.946063369855,285.010866865554,285.610816808409,285.652540210309,285.275775940641
470.283560712552,425.037917767235,413.71877499738,413.968879255011,425.505215554718,437.612547468255,435.280642717034,442.218490407509,447.09154463684,448.553500870526,460.497588302448,463.638382217693,478.319180567931,487.0136995171,490.391455816331,491.983604508698,493.335875559867,493.059073874342,492.550049685282,493.896294731784,494.247961416048,494.145254883335,494.375039106606
320.687270560617,265.328621612751,261.386513524827,266.546444155108,270.005178357516,277.882209124263,285.712815883254,289.944419174644,295.26085002235,300.102598547824,299.922027909089,306.130113945261,310.611766593277,309.634114346493,310.119587985552,308.404563291372,308.395553211152,308.012125833533,307.594845069832,307.567752538454,306.84023961985,306.512918259304,306.418662219802
227.747067163491,174.175215828779,163.38938985439,170.957473135086,166.154180733071,179.331918187473,184.032871764641,194.453463799817,200.768176228656,209.777718257781,208.775815332737,212.044499990657,217.874484005501,220.563414377647,221.035776327808,222.140808312622,222.021456602173,222.060731474952,222.137537221333,222.459846476982,222.689982188547,222.695028040941,222.900018034874
222.057362552422,167.513164541565,158.362384935184,160.170870125511,166.000453255852,172.935451720353,174.30982907779,179.157251594013,185.532343871087,184.201286161102,188.503232135019,190.552195082496,201.080822002151,204.013220530626,203.969578984998,205.110787866624,206.265076298571,206.536712692149,206.545155526645,206.800246617599,206.607715826296,206.403359545116,206.363175676555
