"V1","V2","V3","V4","V5","V6","V7","V8","V9","V10","V11","V12","V13","V14","V15","V16","V17","V18","V19","V20","V21","V22","V23"
675.651488438418,662.60357242109,655.13745933225,655.430652704797,661.920919143049,655.71362714429,677.232330988643,666.650061185602,665.943159078912,662.747411709262,658.579537472852,660.775296870778,662.120407740472,666.638270310718,666.680227780981,664.908204065573,670.256962443112,669.567763631779,667.526638929465,668.307730928925,668.896145661949,669.263542634155,671.012982632583
627.189556602874,629.330936639812,627.709869795378,627.999603995501,615.652620489145,625.8033065695,625.59455053135,631.578304293788,634.806018033589,627.30701731138,644.188056682136,614.356315342682,627.567801393062,625.642968267032,620.081655081916,621.445511656582,626.657352738396,622.396861531824,619.227560258234,618.483446069155,611.412073314653,622.023134659151,625.151779259193
428.860294898955,412.02687543445,409.616235889139,405.314109510474,405.819554157766,417.479155932286,405.092746680236,425.834604208054,411.376523333924,426.466004659571,417.636741304092,430.551347772689,418.57925925857,415.730914187912,413.043756739943,417.638578606425,417.880405588506,415.69785265898,415.58545533785,413.997225596521,420.983997152771,426.376812929816,423.054318857492
421.781427911632,416.007907814999,393.618014635621,408.35633947268,395.79345787609,403.414498290739,405.57379009815,404.998523095443,401.979807914896,427.883386786179,411.158484089112,424.677472123247,417.556276369754,424.022333309082,422.895582710385,422.895677839198,426.046074596472,424.580447351426,425.622918491997,422.326254797871,425.090230053592,425.428302428946,427.196317000038
372.491555828418,388.640652541724,402.458452988901,403.053987372708,409.214510627534,375.416799552806,367.364305420644,331.726122618731,351.774529899473,338.47728224562,331.680730497262,347.462397110473,340.972169039712,346.751809208487,340.795030541334,354.321580943502,343.115204904193,343.52154679207,347.982217760366,346.721920306238,344.686562245618,340.003999354362,335.951138699328
302.945909341434,337.119648815627,315.291844553171,316.08652055277,304.777522873496,277.028208482303,287.66182893119,290.19798191065,285.257008989419,282.324546477915,296.37084696452,296.309558511045,304.148017541182,304.086138345876,306.162455822968,304.00908956386,306.407274877722,304.536025081536,305.150251291097,305.163782090752,303.268172406685,306.80691932976,307.61599481884
550.140924598303,553.149772672115,512.426057703887,551.741680599548,563.839721064751,530.788039947708,520.292087632438,524.077000245384,548.384059719979,505.329712701196,533.292780556246,512.449046397543,545.46910278783,542.577752746062,547.798325389481,544.481458539005,543.024465602915,542.455802535271,547.2230484869,543.355990379464,547.75175758086,532.786183706753,537.72934501229
621.779966223138,627.66613966658,620.765735633557,640.66825273577,619.360278510781,611.118691620717,629.998169712306,620.749195737474,618.099658365095,613.730842975488,626.274647534852,616.57914678782,634.082151736487,631.92892600861,634.452527552389,639.316126568103,629.350357461535,630.094191062266,630.195486817059,635.3301103036,634.062442453938,634.500152054414,631.956816186893
264.653221891894,274.425267939259,280.625908946548,244.742898294893,244.123122062,221.831505853683,220.2378321974,216.5087011305,202.451014929458,204.676835829017,202.031902572516,204.31432084448,206.956894096595,207.095423672756,206.969849426608,205.865618102452,207.701880033431,206.639360447148,206.815388592537,207.934301089337,208.246785085398,205.470735218621,203.356921732529
455.94881764077,449.279003055851,444.176381083893,432.327441256434,423.901719573646,425.131147549512,404.490134988927,413.785252825068,428.31291888319,397.522879675377,391.491950795531,409.732518115911,404.276622678444,402.956372821721,404.75626935109,399.972968037282,403.063453295211,402.63395894454,398.378477199875,402.366962578302,401.565175145595,395.683828420905,398.854250920663
258.891102211394,276.618695759837,273.526501890265,297.888692096661,276.137529023928,270.898979034213,254.005207244739,264.260406688427,241.3377795623,258.639689539287,248.924899899818,255.600333049502,253.994729064026,254.125946031263,253.126649086708,264.322874531279,258.284377793621,256.812742346706,260.912309003142,251.787994766014,258.775108188142,260.211695781688,259.773854124939
401.197031896551,412.075053916109,382.511759781564,366.807902793656,388.176113494058,384.038460320049,405.733722080124,396.499018058142,393.746878209568,386.884795544735,407.612202721327,415.001852469421,403.753226992315,410.673500855126,410.528483218408,408.041562854014,411.690599810311,411.819596669479,412.259622357253,419.880349249663,413.339472905968,415.741501280439,410.835805024383
367.451462201075,387.581416191805,404.716241377983,431.680204703153,425.3602070617,357.497617987504,369.485302859441,405.847563083972,413.555686856968,435.618424285668,434.072501574549,436.077729153203,437.665531257159,435.24455663685,426.961721903259,430.835202373018,434.163346965115,435.329030652672,437.520256488149,426.738563916684,438.58662263902,436.350129620553,435.99582457998
733.058805627383,741.06088448976,751.267681561875,744.445292289432,746.475167875967,754.575842725662,746.037345809457,757.483474492109,744.99910984857,753.360124693492,752.008018924966,758.399332076192,748.589960537225,751.011387138514,751.80912460624,751.340437441106,750.51961360476,750.802677942758,751.296635672968,748.365060098883,747.9305076582,747.608705258882,748.419806387328
278.084622223809,338.366876376199,439.407521771027,401.804584735538,304.216224497082,311.295508254202,301.982796625765,304.727319802583,325.225623094207,319.226038730974,327.067756221115,332.815904122481,317.812510223592,328.184910428549,318.633224378119,316.913348636905,318.882124579745,323.896806722736,329.258181398782,323.08653384188,319.562610267078,322.348795235771,325.5124237461
314.735363756764,319.780883968153,315.644719226427,300.934249515983,306.577399885344,310.702364168925,299.404154376142,320.483331962746,307.640079986565,311.257695243729,307.808367603269,323.932399426517,308.592839274789,311.978963687325,311.635848505863,316.124982933442,309.496464122006,313.069325476528,313.392676053806,310.752481363625,313.353037636344,315.685303973651,316.878247346212
354.239561863881,370.92233009471,376.361085581833,367.850293338311,346.083675546175,347.601891309236,326.640845362486,335.044103780511,331.553401019927,335.42804922668,342.529206234827,334.4295599937,337.474188973396,340.562367501472,340.372991076039,340.034572962198,341.69064691307,338.461357867629,335.425943817548,340.945923445889,336.779195354331,340.735512746042,336.422950539968
420.035339235684,410.855152065506,397.401650377709,387.816997148624,387.745058825649,380.258320807989,391.329695744646,397.316535836598,415.016139208631,416.135391893098,424.294365636752,422.615617872425,431.539700295925,419.789758767843,419.050158983793,415.250982464536,418.691197296954,409.55058055656,423.832915860617,416.329347856533,430.770431165047,432.322157511093,433.239298123933
368.80910620234,363.384479791348,340.457983166508,344.841095014567,323.457361820916,317.6876340681,312.905768456613,315.835437084841,286.282181159295,304.453521508778,307.53582829357,300.060822196497,304.163671117547,306.623502959659,306.257699560222,305.232958095484,302.458731995233,305.592389484116,305.903101918357,302.479045381979,302.69730282198,301.73883911973,300.638356072371
212.443686076433,289.650102647184,292.372005929399,296.698953508817,261.300785860052,261.405192025901,240.663775687401,256.520552103838,255.821586367561,269.773651638118,257.574077606247,254.019959771027,272.930805538858,275.558344050885,283.869069031602,282.188216489006,281.981658135777,295.995441270777,289.274546285385,284.970371272762,300.510428479149,297.006817539228,301.636072823273
388.072626153306,397.345367363917,358.237807022465,358.812164586217,380.608394654246,343.594217029727,363.763134569917,343.902970585377,366.8703334767,342.344857137609,332.417964126607,351.573168845383,340.147356930059,333.682254076079,335.340949926175,334.873101086648,339.477734971764,334.629664972097,336.465708265551,333.970452586348,331.384875578738,337.958957486838,336.920294913589
294.738944569186,300.057972033524,347.466438149263,326.924676426605,374.779573344746,331.360669699265,293.001980967345,329.264888987525,325.059751940402,309.507213304123,322.554708541906,319.113794294193,319.375283823561,323.717204732708,331.096989747806,330.663958108888,330.302098524698,331.525977799588,331.351179443834,331.565658024384,326.436828397712,327.251906638938,323.613844627127
317.571272164893,334.318311134251,291.186925112188,288.914026019837,287.440238826572,285.466801040531,285.544950325822,276.690549846111,271.959864454933,281.192253977792,280.891187279869,277.07412263885,286.709444403219,286.028133574944,279.894110283514,282.10850351352,285.655075028417,285.066256796542,277.542630251903,287.239428755948,283.408059492271,279.305658612108,284.352073883542
351.185494528177,343.174261529283,342.919513814874,362.002989929427,327.674062512092,343.513820232696,341.47995359177,331.975099640495,343.262021276278,350.358118799257,345.831596991458,336.616906981162,344.831400742635,338.266975960036,334.004745383814,340.485898840996,329.471762196825,343.427684857402,344.734270549382,342.639309700042,341.426707021989,341.078301221283,344.99395744998
464.643548006342,481.056587578032,495.638546072619,483.811335814634,485.587521322198,485.025827246709,448.085905614452,480.072116839513,474.056130775118,489.303812475734,482.348296597812,481.45869872217,487.730005493331,481.29542084338,478.501161297091,469.026672131027,475.701919193827,472.467308685442,480.902753812694,476.957938636085,472.798334247805,474.174724654769,471.160418816803
581.328286486555,592.746560183423,586.167463971955,564.276390644616,555.671762621582,592.939507849696,579.370962023415,577.331800076576,591.288375800291,586.680153111013,594.710505986322,585.119873954661,597.632421601058,596.198503409944,597.54715989464,598.489073025951,597.597313740683,598.681917341104,596.307252432043,597.331346778926,593.723308441031,594.372470952396,597.205922327482
342.919465865896,399.922940519267,400.448460444206,349.383789054261,327.077565862371,328.228493154154,333.66422000816,329.754812387275,345.397307601117,351.467777171252,358.016524530573,359.21218190525,361.860076385395,358.503850264786,362.555649910781,366.494920527647,359.492605106813,362.173120948409,362.278625678544,363.427927664357,364.215262908438,361.685879772734,362.089876694698
452.577551862116,468.124161439295,455.430215030768,466.783836525092,458.194388170751,475.633940241195,460.834799805338,452.295299383622,487.454941611371,456.635305596115,454.587949453956,476.993995082941,463.338747263824,469.970700755833,473.530426975127,466.423718171801,473.120906076167,466.293287779295,469.165688280112,476.716742661005,464.487449225947,474.535603400457,474.50117783159
479.893182467201,457.904879167739,502.585624162635,456.190383180416,524.563358578824,462.238392915161,483.10510143345,468.835799025549,447.89649739364,442.750822955781,468.675659672551,451.748268939702,454.564314894991,454.962960251845,463.135240744497,457.216212143598,461.642695795285,465.038142147663,464.164830556686,457.263295105126,453.717904235145,451.344684972999,450.41039446103
495.651215815954,475.192928895247,552.642350841262,557.045764117162,494.111888854262,541.910977401281,501.064614844391,503.812853206844,459.827037831342,466.181100256748,437.663027222193,430.086387318951,464.542731268383,444.946335201709,466.263328466039,449.184145020494,463.632089929007,468.147189170348,456.861479158399,463.076560701667,460.24123334804,458.96212690647,456.651177621631
518.111242948491,509.431153246773,474.992714408029,502.181850038383,467.672079040006,469.786596801191,445.577927151756,447.622657181404,460.669789938582,462.244424015779,464.101752329075,479.866734879087,483.933271388779,483.827811420477,480.670145790187,481.247491550378,484.362413966007,482.304862228014,481.848833818159,486.361231598972,483.774175428517,484.813066706099,484.354984632334
161.926042391122,206.841410851254,226.853877039585,234.536219826769,220.432764374181,195.759834087339,188.701598520315,164.835818954444,186.091752826599,176.362287120656,188.002081216754,171.476114473401,180.032810215273,186.327736949336,180.2979567023,184.207591557019,182.845850595128,183.955047435116,185.736378354768,185.571483921164,176.634173021762,177.867804146024,177.17285466769
395.766750679159,403.228682028561,349.375080945973,392.926125287156,379.776149974276,354.221168618965,353.103605851336,356.545434675332,371.089734026112,362.825790499358,363.743044728699,345.818935219692,354.115991780753,362.610485684785,353.215528089996,358.880981729155,359.428801867159,362.448278386569,360.549338526138,354.671782355208,363.623762020471,358.745767327993,358.371888357118
317.674449641874,311.27343017989,335.901129310998,340.340062332127,309.439102246971,329.377747884319,325.829688748239,319.129984463866,331.670797935881,327.636403153537,330.307221021339,327.535950573907,327.288079953532,327.651188851178,327.134915908128,325.575558689526,321.58839130208,321.153679989985,326.093014504119,324.196632444694,322.824749210802,323.967768185565,322.139830577792
985.4394744942,981.188037094495,1013.39917436506,991.957542968748,1008.27679646347,986.964945847806,1009.97807700621,1001.33136222108,1005.12892454881,994.771189710304,1005.14721664984,997.402700116784,1002.5639786768,1005.65723569092,1007.50252294496,1001.92250357813,1007.96025913894,1002.2516548386,1005.0560949244,1004.18522600229,1003.38394360813,1006.74411762865,1007.18330698898
171.51026622279,179.085170960052,169.06507875524,172.915724589399,175.489714688285,181.088286289985,183.832085391393,189.847789260238,201.542223798311,201.917068718045,207.658190183083,212.538769005944,210.059787077693,216.910138606643,214.216928472868,214.013943818832,210.887221183132,209.062381780521,213.830698989682,214.440359469864,212.139020228734,210.699022801349,213.067555303584
314.936090908559,327.986081569519,306.023543458997,300.40207828921,289.210942688178,299.358306458664,271.875022303923,278.60160926363,272.386787360401,253.33813769303,265.86218026034,256.580106335667,270.596853367128,270.108282839054,274.228167696907,276.417253313542,274.150263444548,275.094139104096,268.814002398478,271.831159314423,265.770116979645,270.315754504917,267.396101722468
471.631682302947,505.661273646003,505.862097297616,506.616658468928,483.171890420685,491.297656204897,473.203512947622,509.569191159719,464.626097368334,447.006609504835,477.532899139453,476.263046086254,486.219322879675,492.895215564285,484.704207642546,487.053654224102,487.899581122263,491.786724402634,490.579837598448,483.754355109589,493.778289954066,490.280430829981,486.469516641387
505.405065528904,537.405722542673,528.678658408394,540.898926217812,505.562016048026,523.520485326948,534.747740385093,496.407968298431,521.618453832804,535.236113903018,532.9956149788,525.971189427695,532.123744064902,540.958696961912,538.444139917929,544.916865325609,546.345914466809,532.781916087628,545.868974401867,547.571980898338,551.88898567054,544.870298373676,545.177264242401
543.668710413841,546.241503017975,553.567573506914,508.023028713224,520.776898140286,519.655213633606,506.722516046117,527.855280367586,521.855766000139,526.088209394841,514.400795510997,522.96565785374,517.131418478433,522.767458413767,509.782345156901,505.542457225105,518.144135943995,511.166058765353,521.580329633649,504.120484450882,519.003595653952,518.117645929445,514.482014394209
736.272666633768,680.931379288526,666.505456760654,766.918189883236,718.004295779213,756.056766526005,711.257730692465,736.209342771942,730.022965320537,687.366338705847,691.979788800898,700.098123596753,692.699206557825,689.893558688211,689.8800943752,691.274445905571,687.742150122663,679.759332652162,692.923983886008,681.1850761666,685.162094104801,677.084884837521,684.143560098432
399.297586210982,433.184307440345,384.471899101084,382.10285842499,359.539781850195,379.211728568622,394.810464635117,365.603647261529,352.61655133493,355.819532042523,353.340711067254,365.36086695648,370.16121791994,363.88189820003,366.675863060735,372.275633517957,366.090169804827,366.403487154752,361.452686470166,367.496401792268,371.972980119351,368.148765463428,371.884546827315
324.007705228124,319.477391301318,319.468221882154,296.955313194633,321.413078554633,305.819152689605,327.777954888849,294.377691184295,303.612015411633,302.182638542864,298.137548562307,314.664618774647,299.473875530158,302.768503334658,296.06417799303,296.859001345574,302.976461604072,299.746711860469,300.509126026415,298.983054812212,301.748965010994,300.881816243133,302.358984989665
487.771334769014,476.248655697912,478.709885155489,480.303467962819,441.938622002837,434.022720324773,460.958608440333,399.602781699913,401.659000554498,398.425669690104,391.934869351923,402.471466878188,408.173978974968,405.465226511434,409.625045047715,420.621981007479,399.309741002983,403.791909535089,406.158986308126,412.512624404547,409.651682246894,406.037259519269,397.12795049715
610.014169875219,564.490949824451,529.684036232185,545.085691671987,562.198471223165,564.244479953152,543.430088774136,569.482757292591,542.140032502894,547.595406005517,517.866380770718,523.289812922534,516.173242106372,523.515825047459,520.181890781205,519.215561745903,521.414605896199,523.77991519491,522.941297023094,524.127783516139,519.521182473844,519.343679605798,518.67820427943
343.518797574391,333.334122697637,357.594097975281,356.807228263565,363.074506031332,366.434456015376,371.416441709784,354.487051337687,355.516213516786,361.880006215796,365.682852355992,356.591744311564,364.650920205662,358.703192886533,361.558398710602,358.195594397161,359.909779053919,357.950241617766,359.651224729218,361.301943842234,360.256065381555,357.211598560275,356.006575026312
366.445900626544,365.830271108947,404.47758463561,442.402658021037,392.749545948831,464.424829179771,439.358308220258,454.462321424283,416.945489221304,413.37879693606,436.975985520412,429.978033390288,448.458980355802,434.666245217877,441.868823545992,440.134785270776,447.786654348165,446.879611489178,441.364752513866,450.440126001687,447.092616620501,453.409241907247,444.429177144316
565.859525107858,606.66141950391,594.390780713574,605.233827701452,529.466858920372,605.388444506654,547.715610445192,526.567926147889,533.498265968272,546.081374299564,532.338526194256,533.844495868961,536.099082836248,535.006576701984,527.136177066757,526.178135550029,530.377169301962,523.528904862731,530.433057769717,526.872442757545,524.610604887329,525.616037015112,521.611673624613
384.706314924922,384.792327392682,413.440507855292,396.85484998737,398.779172024092,393.0551419824,379.770749896179,389.619994740852,400.565263878249,401.036710180784,407.452426718653,408.413944133954,410.384687809575,417.076566870419,418.082013640007,422.74738180287,420.115509253439,422.709709438307,424.27212415632,418.922947073864,422.72172284358,421.6160854926,422.69203023337
254.967308661466,266.655192638298,264.89391737507,317.438584408188,242.769865520496,236.913244430153,252.81052279785,241.48248720914,235.399070600714,250.999840020251,254.062764981017,250.370723810663,255.459935342429,253.224067455477,259.988095999753,256.255842044442,249.980338169636,254.293835741498,250.220066981618,251.906086397746,251.311752107622,250.893074128289,252.050677031835
621.653882352712,622.598407569018,649.325937392714,580.828331143525,628.546665363976,633.992202991604,675.618193501893,632.738060314274,628.028483716081,616.086975101827,635.187990972097,604.571542907944,632.92439546286,624.575220539204,630.38332160747,627.505055430825,627.914285702502,625.23813669317,627.35346391801,625.962192523034,624.966329471704,627.445613247813,628.943280283938
444.807285838054,476.077511155333,458.0919180231,450.879199292126,476.233869443872,457.634341848648,437.369515912749,448.503055342681,466.816130786128,461.670734064007,451.892690305065,470.556058379316,462.967927639525,449.164433275564,454.340435830527,450.799094232538,455.924998639546,458.156469454485,450.551543467183,452.613550505684,454.669206234595,455.370365605352,449.851997944398
363.695244581838,389.937650976414,384.375533035863,389.046109437193,389.626761372883,421.736586405293,352.567922429721,377.447038656716,404.912890663785,381.85975086542,392.643602649099,395.986687891118,396.937175989892,396.717641006138,400.249884739752,395.543436083103,393.182155415926,391.92283741043,394.85779664475,393.415005233995,391.310782187773,387.399593844857,389.548485118916
291.536507959441,337.953487788827,497.928541692488,482.890324492267,423.182898624902,396.181905971208,369.904528699425,374.752014235554,326.524445944438,357.605187842045,356.413714354928,358.503408303449,380.090488551887,376.307364327222,391.620806237556,382.448384379509,387.303112612787,386.612923207055,391.976800916795,385.282194582289,383.903524446887,387.209740583988,387.104521040822
772.030702367789,770.567999107421,760.622703955751,761.576812120382,718.122395370934,721.235108897954,767.775751096736,755.603031957246,786.382220700672,773.117973083821,795.063577335584,795.810783155466,785.458834874146,798.461274695287,797.193612398139,789.061917091364,790.212034017287,791.975888920298,794.836087138375,794.047422899371,796.849872240445,793.697403597534,794.813683766437
330.960024635297,358.130654928295,391.455408594792,416.25670585354,372.729600150901,349.530231730776,361.684314943976,318.28751694445,346.691709116444,316.999993150074,331.314170106391,338.873549643377,316.417021290757,327.94564680456,319.856467828355,319.8532648672,314.690418678889,316.064820994469,319.042413985285,314.835818022871,316.447857783607,309.146138053213,310.238717735229
428.523689794397,424.968542103744,392.446257971069,388.710720475463,400.401841992416,419.822884406272,417.34104820414,392.30254395854,396.995953994601,392.436436760142,410.977926915439,396.015498508153,385.969541102121,382.284050621078,395.339051177881,385.946669101358,385.752492247412,392.09244272638,393.835315764995,388.053685339702,397.663127313179,400.911664943813,400.859135521342
607.672829019567,592.77172501738,657.095144465794,617.386284591471,706.708724564047,664.571124334269,668.723714059909,626.135578138736,619.861813168875,650.917165969772,648.3390740965,639.815422260161,628.754952949118,633.084777232809,622.356528615069,635.391480165312,637.41097145434,637.55413931371,633.969306441,638.717846780394,630.049707567063,626.982434776124,621.971036763185
150.709060671197,176.62821791276,157.801956922405,145.478292682454,139.050641725766,132.404383164319,129.107540518551,127.658689816318,130.950128264411,134.306390300606,139.138580672239,130.282849951369,140.757858632732,142.332333008694,146.113499023023,143.017475325346,144.817970847104,145.1565277654,146.831155868691,144.149560464554,144.132471847573,144.879346547999,143.244344055238
220.532012868964,275.70153641799,294.243524304517,283.543284842364,327.772243465836,320.773331435127,269.793777517144,262.120895527936,258.760512781638,290.909423853984,278.192429911649,290.484283210362,291.068146650392,281.594422644393,276.404005219368,288.792335457961,286.186673090312,285.895400192106,285.19334104468,285.047660985231,281.190150876703,283.714811223542,284.425358022905
870.530978027789,826.980192173734,916.780093382256,952.289438694174,954.021790341456,899.662378590022,914.208007571424,926.235245252916,958.607573687854,894.564972265466,896.011383068014,886.475489369456,916.144116695647,896.783198913565,918.047458582333,903.000728796964,901.552049229551,903.055672819376,905.385392926292,901.613197124968,889.376538931704,889.811517086324,882.602891009201
211.334580049221,230.434323411615,183.882887864923,206.043046365651,229.136165454775,180.759465907759,220.255885373554,211.627901549746,180.89436567761,198.594647862364,184.135079331072,176.586317009798,193.178626354157,189.099511970374,180.736949164672,174.941993347784,182.171449895473,179.985693112762,175.99043489088,176.895936308501,176.675483118982,173.166321384721,177.213671112933
380.885014868284,375.650694513415,353.502013203285,382.114760577545,396.368701060757,373.327717816072,370.001026230093,370.36537845452,372.375245166961,375.774458781117,403.041964240929,405.768635239042,397.341750844826,400.281504686362,396.30602082568,397.314500654362,399.136715534635,401.720338634233,397.513270015831,397.734049710968,397.918984146531,406.827560135513,407.166911413106
263.086630746618,260.064231150651,275.270109888488,284.570985707996,271.464053779284,270.924811272311,235.43226457049,225.945395716845,239.708830263349,235.281490225044,228.640515141583,233.812997250257,225.800747207101,232.666546098441,227.579206592346,232.94992182366,236.916653347088,227.01112469151,232.533896930804,227.550881908781,229.947059325933,225.281308607744,224.847801836301
317.985268325829,363.432654500827,309.655679643706,296.842981757625,273.340242103082,279.901870541795,274.749999361746,292.682596507081,298.390247817859,287.370647078432,287.194001412393,279.232409958073,284.132631429903,287.603239663401,283.734701042873,283.769953489451,284.812509486769,280.389049820619,278.092790068827,275.638135562053,280.453388126128,279.969106396077,281.130161946755
775.569119420642,735.343230117819,726.837221425045,732.593742416356,738.034680647803,737.000267908659,753.245703522092,729.219601744644,754.81770776886,742.494351718757,745.409340219415,762.228967504785,762.800795617678,763.516754033033,764.998775410587,759.558618846658,762.783827476689,761.137332977306,761.152236194345,757.757392460094,757.624798244558,760.186669098517,755.605421502371
544.214764799431,583.273611458755,538.233552736015,533.112839491781,536.276849481337,519.438798387917,519.947599917258,514.432837840224,517.01668849877,542.816906099335,519.164652585059,507.899106923263,524.125687025314,530.932564766214,535.915956361429,531.249621307627,533.256755380697,533.202169355474,532.27565524616,530.465890623454,531.155567808647,532.709532019564,526.273020080079
508.258575024556,512.472046410032,489.168197449582,487.832814650522,480.617958451777,463.790448058145,435.788788574831,425.941356212157,443.687525895116,455.948968928313,458.915214561393,450.324323817143,461.018021123904,454.328865419946,457.89962027296,448.304966041806,457.437777231856,455.91974276556,456.723644777918,452.393665708927,456.668362587695,459.639035594932,458.577249594128
314.567259497554,317.137749892036,347.603792215967,338.971945566492,364.784438297286,353.863798224897,377.037059814101,352.119137984219,371.380310811282,375.877989832312,365.834611579187,383.809404607485,403.090946340315,387.979085458429,397.202417529062,403.956361847904,399.883424214945,407.879676668212,404.770074255867,402.258333828578,396.825921064414,397.2601665293,392.758147244477
319.148818062406,321.864324485753,336.515304544686,333.026470354902,361.949872495233,326.814685645203,344.667208691906,316.117282830121,327.667505960622,356.588907972647,347.205892288432,376.568768213615,373.405856657999,374.833104233135,372.633493727022,380.254880800359,374.613149153774,374.9998521972,377.957749477863,389.879933496907,386.959418611722,387.459862234904,380.170615277458
179.874052824863,185.54834084567,179.685208925162,162.460060243027,169.124100768671,182.86368409623,183.390875580523,198.459615232054,195.228302347892,202.839959558361,186.161055071776,178.597193982662,178.105028249456,179.334229047575,176.471793907431,178.120948927772,175.784167187993,179.783704342739,174.821214304927,177.825742171712,179.850787650959,178.430173295545,177.207291896471
574.765335627179,595.992371302957,614.905337190268,638.159254076867,621.039362795574,614.033923122502,589.415146511523,592.065330298575,586.63932705878,574.326930204626,592.952622207795,581.367455668836,593.412000205961,592.661754645143,596.402659408884,592.440934561682,589.623621765312,589.563374264831,585.536045909979,600.750424539832,593.679354970599,591.374054182795,592.785455062703
704.508852027863,656.091333041746,683.78276838867,685.366105409598,688.098815789804,690.780581245047,684.069624398939,685.115125298939,670.367716622111,667.926128338588,654.919012918386,682.053834808124,679.193223958833,671.503077658183,679.685834696719,678.788084595128,677.542892762283,675.685386610059,678.803141661734,680.212729790031,691.334409288123,687.790915776088,693.257154723584
183.487471999448,199.252545917593,192.018275955335,156.088612461954,181.239731266163,159.535202512165,176.597465121916,166.83896678479,170.707343004337,169.024314788671,175.760701746496,175.642768723927,176.853870511597,175.260347599362,176.627107748502,175.090074260296,178.530907415728,178.978916029626,176.771882500745,181.213831129259,179.417520600242,175.680904606759,179.851799631399
468.802594828303,473.51704714152,492.031679349373,457.452246612591,488.704859791626,496.952923213825,488.174425605095,470.513688728643,477.584825902735,477.965149850643,474.960712842426,481.995789300747,482.521199017379,479.543572884978,477.763015141498,476.062561287978,479.069317025581,475.17110265709,478.663908786648,477.890740806708,477.558431775536,477.628133570231,479.287985915816
312.929793376349,340.308186089903,348.790092858753,326.333555879304,282.401073364874,320.99828232111,317.871311808672,323.3708249936,313.155539792638,317.637342444074,324.687625824758,325.737233050328,315.694916530243,322.146237627459,319.187453416171,323.005560258736,321.297984601704,316.648570770778,317.316588766269,310.07447733221,317.50747394447,309.742607119308,312.217514467073
302.774270262601,326.070560302654,352.783326475373,315.120467796134,360.079461604437,354.903918457732,360.419028306476,360.387401000231,375.237931734982,375.557468450388,370.932599501708,378.751352406903,370.819973399962,371.385447520154,373.849116254741,372.499652446776,377.528982967265,376.435386341134,374.37470111341,375.349033144362,375.321833690496,384.113268473211,381.72266246026
486.689590617238,503.073498020536,494.747772436911,482.129817490996,502.89483051793,487.967011287093,495.464436918102,479.44874953988,498.613312092243,484.929248915808,492.274180419947,479.302076130859,469.853689015103,472.94517539757,473.596260376572,474.380390688775,472.085482298299,478.398499238083,473.024393338298,475.413277210916,478.453505472891,483.544373303468,480.527666057831
307.630252225871,302.692441959214,327.128516827064,354.723499318184,321.390030966222,318.956570705927,323.316403523915,286.438853408098,316.804812142757,327.494686279439,316.78580069478,315.355996781136,327.818797019804,326.236276460687,336.832530390283,326.930060263144,323.691974862167,336.112893044788,335.711120138375,335.064738851494,327.697682680673,331.39876191732,329.81191396459
288.176463221134,280.840936967001,245.341641285982,256.376670138237,236.660755112447,224.778394681583,238.56213163705,221.877521592883,229.62832624283,228.548269535329,229.384307473756,236.946689264411,253.275084570086,257.763940972597,254.62625508226,252.254698505292,258.029864887478,252.579277764552,260.444203962514,254.699786434992,256.032735880782,257.399027317211,254.791836488615
1060.85711272074,1087.29335176735,1071.75617183113,1052.05194576863,1041.45394626362,1077.85832794658,1061.949287221,1017.32036273341,1041.70523045863,1055.40968848447,1034.12728564821,1047.82419802842,1052.80853427505,1055.40688378406,1047.57363457298,1047.64541171973,1056.63587232686,1051.78615203781,1055.097181353,1053.35796308632,1040.74857630575,1042.19267622429,1040.8958990117
763.208289283968,792.4232807086,787.52359617088,775.168041192831,779.853589199399,796.916361884827,769.672241989243,779.244318591774,777.66604985952,779.09806184757,769.569299182266,781.637244804447,794.209757892192,789.735130888013,794.984780757125,792.960677305642,789.841004836196,783.337021394115,791.184193374875,788.599664013214,794.550291138809,792.143155992822,789.354805567036
253.043025066248,268.465980445902,339.071117240859,287.047473778901,294.596239761765,281.725273520722,257.270743144062,277.856593469911,278.50794841263,280.08416364801,282.092334119635,291.351254023818,296.511135835487,298.376056256019,299.185034867005,297.0535966003,294.360469350402,296.235006260059,293.38460211047,302.548045547492,298.767465258623,299.314000107684,299.514214025965
316.504689714389,311.482682131615,323.055846023889,303.389033436761,322.077294606198,298.062483187985,298.894585103809,307.949167003019,289.717609343031,292.959306079934,278.800645069417,288.263607801155,276.903824084021,276.696585814238,279.782425659646,274.344396302035,273.849769201916,274.013005036546,270.780281517582,267.477680525705,267.000670381037,259.386051845398,258.874485760913
618.394469532234,610.031757594121,574.033820237928,594.434037401198,602.026036663444,575.951498499942,579.104718181318,556.408616269885,560.040806519931,576.487185569828,574.479684353234,568.135306418365,571.189249368271,568.970664492662,572.990011221454,572.13454026619,572.623232278127,568.508968834225,573.323627963872,569.287542839659,568.697787576458,568.953674433409,568.647464603648
379.544761530912,437.991317340244,568.039572066518,586.141700321618,485.967518632725,511.093744759916,439.786665876756,463.564518656992,476.416768391232,466.363442960049,466.923758615411,471.214611003249,497.481050517876,499.173524872621,521.408738762865,516.21155324877,534.021707106848,506.389328079778,529.525214208439,540.519176251415,526.013096743794,532.238726900867,517.692014943918
315.988396992369,347.398581375898,327.153172762738,383.820796919039,306.81396955085,308.873194669478,288.147356832291,281.436973421599,284.584110400467,292.605022495285,293.316480078095,277.693284059912,289.412258431974,290.8976802311,298.748806057831,293.186147053353,293.329932588724,298.435185471653,293.442335359846,297.572452347619,293.702817316033,297.627362842418,294.947429656509
570.229512825897,541.764016022646,545.247516996181,547.538969507976,556.456973177297,522.638043358037,527.386346128613,540.112458409616,525.848647293551,546.194399104441,542.632450244883,514.588029723225,522.872505787315,536.247794623655,522.53923094351,518.232433221158,522.609152039159,522.795012070286,523.863352882686,515.460566447494,525.379043767405,517.406083121526,514.78162362645
334.378906442967,360.637059040989,308.143355309385,307.793741677845,294.955686033703,292.068393414677,282.574765473084,279.358931897041,249.194058867003,235.258008056144,248.832521898651,234.642219347299,248.179836582739,238.997508249277,249.854219726506,241.333427322961,246.926534658363,246.947272421809,241.873617416515,237.528237360965,239.58541662384,237.118168866401,238.152338951976
551.648866108311,557.782760208859,511.023555770942,523.143895612248,510.780003764914,524.848226296006,520.187758878322,525.647591219238,529.313799233131,515.985238345153,531.743537201667,528.689509461706,536.773593928924,536.693656949607,534.679854283723,538.241825153477,540.31827242933,545.528425505175,540.819382999077,542.238086630051,543.188720143446,551.157076690561,552.122571560556
327.930116152565,373.588720582957,398.863119202587,387.495080922839,378.705921210185,347.010606281605,378.601299005307,384.411230245121,388.451984634341,380.251876855431,418.964706512331,401.537096774607,432.731945557863,429.477086901916,420.687658593079,433.637117491908,443.235787642101,431.559554458188,433.415802773817,445.159305719941,431.305334148732,420.845068324493,426.131039592228
333.256164027754,347.584042829373,406.134673161738,504.195148351552,467.050884657398,412.88530501917,358.467164979113,338.483455809184,335.02579823313,308.384062315267,320.813894768442,309.027883508724,326.032851854506,314.358610107804,319.154727260814,314.093731220685,309.646772840038,312.620584713725,322.044816311845,309.010862067493,319.784136312118,317.948136010289,309.591796864058
390.207732659887,405.785075391414,426.443488191467,399.175203058206,367.918985807622,412.644306999159,398.510846000248,431.148956048837,412.538276072517,418.583124138086,423.555513346239,427.904617306546,409.320264213886,417.238721452845,412.242105380421,416.518730830441,412.122130064663,414.773225796651,410.875320397359,418.753118143821,414.074524956217,417.073166391832,418.038735942581
551.28074363288,570.58022349417,590.164491112768,597.622732803976,577.782425509119,606.955242615463,591.711847958256,602.637466046272,613.87610999316,610.76353132656,603.859998652088,604.086128109826,593.446282484127,591.930095865934,594.714179264416,592.292835277427,589.763976020541,591.279116644399,589.960938908502,589.816014620873,596.55694796655,583.838862985715,590.608399643382
414.118074584287,436.997650075514,480.499190261704,515.617464385949,450.392136551689,434.359596714849,466.851303211841,439.090576977705,443.902210332731,467.36287490609,489.101545851271,527.630521182538,557.442868517462,567.933690760253,586.628553551003,587.497786128334,582.696444765164,589.87670663873,603.36700878391,586.003730749917,584.273823605032,555.935068193273,569.045983538232
274.861113555189,291.291975952125,325.544147184821,329.121404892997,359.146762788485,345.646656722841,352.040358181603,338.198961287362,368.760573844149,349.8832783592,366.261715210856,362.210285087837,363.160564546076,349.502896366342,359.486303466944,359.099558640444,352.341742219857,354.47110537721,354.500694820242,352.774626684957,351.992285327046,357.286398965627,350.75647504552
640.000699632044,627.317931250204,618.71908278407,576.461676200264,641.882905677595,615.287678716211,624.018461811363,607.321622825923,608.455406621516,591.052320041947,599.5976930717,583.701185053922,596.909544290547,606.141318221179,592.47575635807,604.627779255591,600.934104023433,594.377758458018,596.649429927853,596.848386900486,597.298671762899,596.567111644579,602.081044495774
432.641400810784,456.720735039453,471.485459196637,420.953466669158,444.421165396292,458.872102328487,436.846713535765,445.236910783021,435.555234335889,452.405410271072,435.368301741504,445.956831315089,451.338439188392,456.251841167238,449.407257682078,446.425084911773,447.415280196185,452.104962187274,444.352532218932,447.410023021343,445.177968677392,453.914191172996,443.249157589133
331.851686051068,331.371429487531,313.293928687743,293.36861185365,293.178138806131,273.71979833144,284.094938325792,289.417451785677,290.257050189692,294.312846747669,284.170395673245,293.214055333131,311.14987931672,311.119661862805,314.230045395186,315.534908177606,319.647105490851,321.409849500198,317.334682071544,311.579013555839,312.866463896687,314.386242887909,316.198007364306
338.096125000547,362.491377565427,329.568592823557,324.429079410691,330.592116535586,310.398449469732,279.947131621459,319.338128666628,315.443329854338,328.124211334782,324.907949862509,347.752058266838,334.039407721805,336.826473830751,347.421573951905,345.323519656639,337.93947072225,338.10619733973,343.81526856368,341.430843449248,344.948330997963,349.144799687505,356.094154380934
