"V1","V2","V3","V4","V5","V6","V7","V8","V9","V10","V11","V12","V13","V14","V15","V16","V17","V18","V19","V20","V21","V22","V23"
318.023666901841,324.935646949335,322.915837034242,322.767565269499,319.792948872156,317.55376624687,315.162395391431,314.809677469436,316.808434892173,316.372211991531,313.877144776654,313.162310696817,313.376459887766,313.944129455328,313.729775187894,313.057265948464,312.859188928913,313.086593005065,312.867619486616,312.321498605036,312.847261724178,312.590634043582,312.239894934843
318.264434808183,305.341502665197,310.834207635559,306.769948356452,309.593775301293,314.292546418351,311.198856285181,316.146754836316,314.240394378644,313.368549458487,316.204484479939,312.458867285605,311.034437848555,306.498598255625,306.345560594407,306.758588864581,305.371971173432,306.279476128805,306.145777171979,306.834076670563,306.041073399678,307.546238827099,306.312571492314
190.662595401365,177.523005745756,183.310019647,183.490203614307,184.649015611038,185.448731324246,184.383983610924,185.434540163008,186.841698508228,187.138509669334,188.252756560964,189.163124056792,187.949636991579,190.475878239785,189.882129665139,191.342504317641,191.569053937008,191.735047695468,191.644422902263,192.299182437124,192.52784661509,192.828675269072,193.42871905616
210.499318073678,189.519914537627,198.622765086116,194.57504060849,194.810776347125,196.264473902189,198.217286959873,202.209446783647,203.562366350632,206.134804665963,208.105878424188,211.427916400142,215.393991807704,215.607960356846,217.321771539301,218.459808913818,218.810696052053,218.684645490067,218.943759975711,218.740463097031,219.114530330749,219.53552391385,219.735756925402
170.440178332356,151.441325394756,140.637303162077,143.40208250076,131.537931001547,132.2178985632,138.843287800899,136.849333986741,136.929018125903,142.940396093034,148.240402210682,151.413069941242,160.652506777209,166.300927879137,172.317088496012,171.264542941508,170.659879856391,173.771759527686,173.573690087916,172.491635385162,172.699345995361,173.268032708628,172.64576734473
147.134966148672,135.507665756038,126.453280948311,134.043919787075,130.52710530133,135.91371766869,137.08869745999,136.410211445991,140.012289860241,142.218576526603,146.359962947496,145.392885327489,153.580815826778,154.516283037167,157.171673072913,157.043452666207,157.665835143368,157.467003659953,158.132383694519,158.485571319105,158.29874194998,157.96747100111,157.532685548458
284.672501004834,275.688071653463,263.594852248751,263.447463852953,261.491987970262,262.011007037548,263.159863478271,256.083720322611,261.707274970638,260.804224352226,253.040110437089,255.249617571682,257.347902901404,261.785033496696,265.315769187318,266.072926607154,266.527929863194,267.697875608357,267.526697620475,268.333937288581,268.86684470152,269.059287096937,269.212525458372
344.615007280001,333.353898884836,331.467817056342,327.246853717752,333.415846174624,330.431692634469,329.000944098024,333.051456189099,328.987492438562,328.39539524244,328.746459685443,330.119873613878,330.81750364811,328.820136985494,330.167548924892,330.350609216485,327.838061933282,330.040371332446,330.539390302717,329.548776124188,330.997178355117,330.871341312436,330.544930419375
117.842559691092,114.10810091261,108.284097975373,107.96914953379,117.742981141476,117.895560885106,117.031161403446,117.557155912614,115.294734196002,117.609935150782,119.162547617832,120.293721079504,121.447125769179,120.409052983651,123.426836467945,125.191534698102,124.842771201014,126.335550050547,125.594113907663,126.069094491165,125.65532697418,126.37064814758,125.558173076084
184.884388003638,201.102362183013,193.088687792208,190.758861229966,193.466215367391,197.072835605891,201.059897856984,201.396747771747,199.62956880771,204.15616281985,203.49465505387,203.333858517306,206.505518990221,204.074982958717,201.038478097934,203.11198577405,198.106768609267,200.07857417535,197.503279676473,199.459259527929,195.849227094608,195.667873063281,195.85275382828
130.593675096185,125.1336636113,125.249565378808,121.770367702577,118.995764072283,118.180737431464,119.551087405208,120.446166409165,120.378697913554,122.889263334824,125.509779287218,126.344229069679,131.073054434905,128.821024793652,129.527263855532,131.856790135036,132.754679345882,132.586609557568,132.626375089129,132.6322018603,133.156022319927,132.897421256481,133.031122884506
165.44720828444,173.735065888291,176.216830842255,177.469018948541,175.549243607924,176.623070616363,175.020695908573,173.805975847106,176.594387084218,176.261140389715,174.480234044391,176.499738497968,177.875401550873,177.364621155419,177.378683225667,176.499771827247,176.614015987373,176.127755926417,176.207703427552,175.148237889429,175.066155690851,174.792487681518,174.51688516119
173.474821537211,132.124691643016,138.990757853242,135.826622372709,137.254075844603,133.979527813237,145.494048190092,157.040243491467,159.330733323111,163.730099624005,162.813782425769,173.795725278671,187.445540206132,190.200655549969,195.373178670619,197.387030647512,195.450663902988,199.526728226811,200.519560062863,198.383219119664,198.953189848024,198.815849042147,198.796101702704
393.611255335662,398.439928169829,395.52951574824,392.165509234422,393.064740660721,390.694702570806,393.24231275492,394.144685860275,393.920328672762,393.029478458776,393.402628320506,393.02099492635,395.808710572469,394.903504793104,393.56051498506,394.400469029001,393.391772717891,393.054163200626,392.309488141449,392.516811417454,393.665438026188,392.546083085938,391.973407675156
151.648598894476,142.880398881322,134.678799077625,131.405751934996,127.295062797122,129.70355574311,130.356657756689,132.158436575224,136.050378819174,138.983406670087,141.328603744963,141.510347723052,151.076643890305,152.59678079173,155.077343035801,155.664445305292,158.007169670606,159.148819673948,159.001107411139,159.624074379919,160.803570394691,161.140633543982,160.333115091592
164.85204225496,157.380867613222,147.391250957676,150.434136380482,151.387011374523,153.046563724986,150.763830854207,150.309059916792,149.55863189042,149.885262935824,149.078870457536,151.073689803307,146.346519073674,147.140282011895,146.718816559424,147.857928025001,146.92586487142,146.718300683534,147.346608399826,148.027491469527,147.079231957252,147.516284832853,147.346506300344
195.076258262477,179.603211585034,176.841077247059,174.768600653556,172.822834162052,171.207002396255,175.751843493566,174.916291192054,176.557481545253,181.050598528541,180.106059933389,181.821010600279,183.669095897143,184.414305151674,184.044241259704,185.602919788164,184.882494205902,184.726029885346,184.273904347934,184.080845711092,185.253107526291,184.42588117351,184.497798210539
209.976701464617,213.072752496496,212.59320952155,213.862530050153,208.724042103938,208.373262341162,209.915418039152,210.209613574408,210.581725425591,208.79068983844,209.079836520179,211.803356255482,215.085491819889,218.325510757596,220.234649741916,221.657839466315,220.049264597077,221.59915766456,221.387395145517,221.674899607987,222.172627305693,222.800970941067,223.132932423045
171.600916807079,151.087344935268,150.462777143446,146.928448628213,143.279372077435,145.394940595564,148.938269170214,150.198163819136,150.638857563898,152.573029614839,151.433895193715,152.239012233864,157.527405912365,161.027395277473,162.733231596677,163.032887176724,163.511032329917,164.430365944112,165.426121213207,164.531239425311,165.546974186482,165.429945854774,165.299591609869
127.963030841674,98.8863832896783,87.2724664722102,88.663927467543,88.8689998927214,92.6851848085257,97.4996113020193,98.7798444053279,101.099120550462,109.915458095079,109.678739255939,118.648027035648,124.961707919562,132.084941089471,134.009426444968,132.357233786485,136.251053249488,136.116984425719,137.212669622342,137.284274903989,137.741484979918,136.405932924314,136.475186522501
224.377431972285,222.86848797115,218.436268831268,213.686624189959,208.25396577313,208.919628277451,204.238829170202,206.450156769242,203.501869270863,209.372623374345,206.984097122799,205.443972345009,207.172146300561,209.050390247981,210.887713524711,211.606746921386,212.101785757805,211.964928745114,211.447161641239,210.532474645337,211.735237184122,210.288879101001,211.253478995662
153.723577512602,143.628966935217,137.665845421221,137.093362075712,132.111640271135,133.813980684473,133.96008052086,139.01018956369,137.217404367723,141.881073235286,141.251502427197,144.975336228918,146.153145057405,149.862399895954,150.615598687627,154.201556870255,154.421460458549,154.823867815697,154.468737117236,154.597580027448,155.326050567375,155.502061997839,155.252339525724
154.456425715324,127.132725956085,129.478126158976,131.231757262233,129.176071368149,129.392745174457,133.51752478988,135.323570510624,135.330243555107,141.114378092394,140.615727991362,142.475758543132,145.569164280547,148.538805490578,149.773668360049,150.704682666746,150.473370752225,150.710834753052,151.031175643734,150.989315503078,150.485141168308,150.835964793665,150.681705360487
173.426713228617,152.636867398418,145.72220441547,145.650760083439,147.319559703408,151.392326742163,156.59646580503,159.719337658076,158.657256840064,161.429680394608,165.703074364137,162.84845916311,171.654144680956,172.390549618607,172.802064022082,172.166317501302,171.877702233133,171.661249498571,170.661750018193,171.366203891578,171.242450248192,169.980344826348,169.577463355774
217.064898434005,215.678281803713,212.099453282098,209.354203602303,207.785518437643,205.649478565396,208.428319577377,206.676943157539,205.604094993014,206.428683368734,208.304429692272,208.982241566335,210.731016534548,213.600308434507,214.033763144003,217.198801816325,215.051471400194,215.080635582613,215.466682511242,215.747698978265,216.676441277348,216.528280746105,216.691282402378
260.08302167579,272.741567811155,270.414948496788,272.146110527749,274.438574020081,271.928371254524,270.889892903947,273.654874528573,273.757573064321,273.020823797193,276.438937142563,272.590919589525,275.661031631891,276.124190783968,276.429455292872,275.370861849929,276.106283552388,275.300507872502,275.347142000563,275.492281732207,275.560977433493,274.926432576822,275.411800877072
148.747366757882,140.817651610221,140.330851344798,144.371274044584,147.011421673186,151.701985387254,146.946653498189,155.126344572504,154.749686293858,156.671122654165,156.363555247457,160.388684861533,159.486843279455,159.612183846918,159.772010784295,163.056008701307,163.333662633515,163.915117671779,164.512944920069,163.682595539072,164.296678221321,164.18317342535,164.138829343277
191.334357749277,183.941456247062,177.718346053404,179.432874358582,180.563489105283,190.725019667653,186.517563061795,191.483140625524,193.841525905006,192.941993114578,196.554266980525,200.364742661294,200.076090662139,201.776833870586,202.320145888308,202.706215452217,203.962761400114,204.822607745406,205.154614884226,205.168016311178,205.533965619485,205.878257057151,206.094224903436
288.867205289941,287.328370445401,283.884870290169,275.168159009129,279.145461113807,276.80637384374,276.425273002918,277.533443096787,277.52645985801,275.693044654437,278.486691280955,274.868988006553,275.656813826954,274.305334095616,274.039585527781,271.173689018592,270.132484369932,270.775396271953,270.121878031245,270.243649076906,270.386592502712,269.719685041399,270.368531926825
233.83172440115,222.695995908914,227.84781197742,231.817034927592,233.457458291043,224.863752570601,227.835104327811,229.064057544755,225.220312802203,225.615848151746,225.314647277142,225.224748120109,226.735083202827,227.518140338925,234.189838242691,230.332926139298,230.227807821074,231.845733824953,232.118789846032,232.544051411151,234.215973865263,234.361100140377,235.092624711249
245.052733900454,229.606220552552,223.553030129854,228.175024777031,226.455051874337,225.000210651296,222.86175100472,224.004645861286,227.059417200702,228.225801681411,229.375167081547,229.212932026396,231.012793565816,236.034457087202,237.133791081532,237.642233383381,237.872366683637,237.517528840519,238.213171775246,238.534688095045,238.485322769371,238.775198346343,239.004145696013
126.218959500554,116.483287510453,111.922623100212,113.898752392419,113.44903896787,115.237796333092,115.060069306715,116.966362467709,117.347848894638,118.156342184584,119.649052868556,119.061847147429,123.621216678508,124.247804618442,124.552957443563,123.900738237583,125.230048546489,125.408165837667,125.710110195667,125.465920277605,125.586846540627,125.65866034896,125.325002168751
220.012784670685,206.517319655115,200.943281521974,203.672387627497,202.43689508422,203.576855802832,204.052489863469,202.542535891207,205.853655088449,200.230591851679,203.091248458722,201.409594709804,205.58919401294,207.13100194581,209.79111525194,209.66270390938,213.178898879105,213.056694311064,211.675182711795,212.43957121761,210.879625220788,211.330097515393,210.627972607208
159.812344610878,167.001898933475,161.803431065202,163.581605418572,164.082810905993,164.847877890104,168.462028164826,168.982374408486,171.499546798371,172.673395905869,170.749770575617,172.447425003435,173.267299939188,172.559603743718,173.789659074381,170.654296074625,169.645832011593,169.896775075217,169.050020856546,168.788974088912,167.661818154444,166.915411639301,167.707980533926
493.376576129153,482.386923550143,494.026882579182,497.086161799757,500.154102251284,501.28698514879,502.078429919124,503.212182783942,503.08453352012,504.94721144148,498.980914482032,507.443451341804,497.072633748043,496.628830483167,498.718651418938,496.638640609129,498.052081944523,498.591085887104,498.133101170382,498.118888913721,497.191646628663,496.435718571817,496.300567551941
75.8156187850789,72.3940315054077,74.6519306390994,73.8077909675257,74.2387510951358,75.5933647516228,77.3832569626204,76.7708672791932,77.342652368256,78.6305466841294,79.5924906138784,81.2450191647561,83.3235461939758,85.4208382845138,87.0103649849234,88.6760031452586,89.2630505324087,89.8431524571391,89.8806507869548,90.4485797337514,90.4594939814444,90.1902627716882,90.9754811888683
153.478659325708,115.047766127069,117.445091405161,123.285955504763,124.759228979967,125.633075697287,129.981254858891,128.507202984526,127.876046585664,132.185375003153,129.106999830423,130.736726018274,134.201605689109,137.302623965529,140.752066818522,142.902197376184,143.007362443436,143.013209009904,143.569448534267,143.448256348398,143.933128343504,143.716026234326,144.179249542576
224.917779188302,189.696052323618,186.845921652474,189.936657754805,194.699437573238,197.626149777419,195.876008053953,201.873219217017,202.973660650833,202.847895718959,207.001996286685,208.534145891531,214.495436275784,221.632103580713,225.031051781878,224.52150280722,226.19854857213,227.949025653119,228.396088801788,228.813904573028,227.807194108747,228.466786157341,228.513753855361
198.662929621299,175.275191342506,191.035488433206,186.77712617082,183.910666598095,185.415292541256,190.41144091097,197.02494060297,198.032149160663,198.777394633684,203.785577719301,203.699292033141,209.554538018134,216.078306952509,217.146566450223,217.413397175839,218.945478780428,219.258657238354,219.044283535931,219.276783867389,220.45817216357,219.401348353065,220.496174472536
296.459597083759,287.686057491088,282.802406728069,285.809664007451,286.652053291071,284.605559002625,284.775421476083,286.051661552698,285.427960005168,287.370533661682,288.715058699102,289.176116613329,287.125307448963,285.214720152199,287.715917550967,287.826362195868,285.806793782127,285.926499108945,286.612347365314,285.989900946209,286.844859690033,286.728100479611,286.919831387347
340.79023816036,342.193236895609,343.640861878323,340.50243743357,340.725148621686,338.671341248114,338.077123560238,333.935912926084,334.21973606403,334.664644979981,331.735543815472,334.426703726111,335.962183888708,335.040836350902,338.053698191882,339.609625242095,338.508394717342,337.53373345156,339.834602416418,339.261220918156,339.456686735956,339.645571557641,339.048709313883
195.415745023249,178.373862293633,171.631512050019,168.21375687149,166.097536169024,164.998233175119,168.025231675514,165.060340551651,166.195816292726,169.491947656599,170.688426496966,168.748394659756,177.175499903718,180.615030693456,182.751190446247,183.550468389059,183.713454490725,184.247847668857,183.0101560634,183.626733682161,183.907342495871,183.897615967563,183.590462131687
131.600507485136,128.957166039825,131.210441018032,129.130682394264,128.389445614125,125.777595138281,128.35968436889,127.720715367234,126.870488688589,126.57260800754,125.776238175174,128.325790372187,128.323181915118,127.957267774193,129.199824934432,128.208319980705,127.688545221809,127.753536646913,127.47819545531,127.983589515544,127.081114102914,127.389430030209,127.336219204849
233.848404603598,198.639944433821,184.616142880639,185.670086712999,184.24417116081,187.116435936464,187.533297619715,190.017507072121,190.659589155315,193.225738555947,194.883126595209,199.080151986866,209.449645906575,224.008913338073,227.49479117386,224.387001971999,228.874786441201,227.593553391326,229.19482791981,230.170172821156,232.037214945433,232.445577018977,231.5514640561
292.217314195335,269.713035082297,273.695410562892,276.570202112995,275.843235877389,276.365363354621,276.797442793013,278.000760891715,281.234883039899,281.449209394906,279.773261488288,281.856127833703,286.743005377434,285.854904602097,286.493698129512,288.190866747185,289.358777216269,289.474130531642,290.35671069359,289.526619492809,290.073725100935,289.280123795415,288.600236975052
154.252827810785,147.59550591642,141.585831201738,142.154895561443,140.274545061891,141.100191611358,144.575994825974,144.812906761196,145.657188399246,144.474695066746,146.403355949815,146.555821654406,148.175950934501,148.810141225591,147.840443899469,148.955262428883,148.687741505553,148.216071379488,149.453526231313,149.466454130824,148.488285544276,149.109975530713,149.002164021265
178.67058521978,193.141340693549,188.348060510593,182.225513075977,180.562901798911,178.855149912497,181.021725204698,181.821138124451,181.782507655712,184.004597096527,186.122604786405,185.736050588058,191.035808958634,194.701293309218,198.308395218755,200.086546368095,201.632647383952,201.608423508304,202.930559493087,202.82730675409,203.068098866388,201.873107226702,202.052905381555
314.173918035811,306.685011128888,307.436619601211,308.232535894922,309.39685954447,307.820441420631,302.566004076254,306.273957884228,308.483358142783,305.929985214522,305.764201307091,306.73744283984,303.439249746928,304.119370992849,301.242157600244,302.603829658886,301.469896681752,301.229500514293,301.441674904981,301.409231629587,300.398596824709,301.659029420656,301.028959828926
203.291612851027,202.663685045149,189.283087217933,193.121394243852,186.940861840533,187.587119888593,184.123268514051,184.431290458843,187.74312118087,186.024687416061,185.685228133356,186.234659166559,189.065631046028,191.747784503178,190.538668860228,191.4204055729,192.181791605977,191.837171038463,192.282735190111,191.780956824236,191.737317132401,192.458127765235,192.111183072167
139.655676461935,120.608312013396,122.581162656512,119.818925827553,119.928732105097,121.508463884443,118.643449744302,119.925629751775,121.758885634731,119.652524991803,122.59612146004,122.973278735034,127.775889188981,130.058001390946,133.161778081029,134.669844027545,134.589077782419,135.739255280016,135.149907627283,136.466514032054,136.713809904834,137.158020705356,137.241080695576
303.810801016875,287.454992202947,293.100689680787,295.122540440605,292.249824141566,297.447988968763,297.021553276496,296.247651133527,303.969367549178,304.434470497719,303.304525923886,305.008101055921,309.088999941007,307.129457141584,306.281937354213,305.144886511573,304.982515944412,302.759349172376,302.51464259671,302.27029399332,303.465752436373,301.897612774343,301.048168886924
212.744845833279,226.390644255869,226.021294985247,226.318802041056,225.563562417667,224.970400609774,227.597981523017,230.117403572537,227.142436499443,230.923346701745,231.741658665092,229.741903342832,227.983817272221,228.221861899987,228.032736928217,226.98816872644,226.864660075632,226.598111606625,226.367726296431,226.159497943315,225.607587375425,225.692119783553,225.440406885726
194.975184339596,185.065419865288,183.511448609074,182.325264680639,182.059088683272,180.760346327617,179.946384279225,179.008474297145,177.683901713468,176.302191241721,178.965828380584,178.011626736649,180.664266537206,183.209512220036,184.614481352453,186.799293041948,187.733267407736,188.466196702671,189.211525701421,189.643629606538,189.805915153904,190.725312886946,190.258662248574
132.169858715215,138.694485571497,132.268379434103,136.258684288577,143.131544430756,145.795444093847,145.539122722625,146.074420672585,146.369503273419,151.88802278172,149.92478886209,153.034659226613,164.502938699675,170.524816650881,173.647789778767,178.895629520787,183.55638660151,184.597796921926,185.524335563801,186.278998287404,187.812767608802,187.899713154348,188.565696073568
362.753194013308,344.90090039177,343.110418975982,349.00011808543,349.139263769671,349.768751470362,347.833605830701,350.127287550669,348.881011157422,349.96870538207,347.466436772674,349.626585464393,352.465017163555,352.844292304645,349.136542475555,351.345016219185,352.358025775337,352.500901649056,352.965973237739,353.646505949834,353.635300421017,353.299349811607,353.469613716995
169.930933913792,165.246500810906,168.048147419454,170.367392249219,171.424461217866,171.973067415956,172.415668681938,174.715003685926,172.573977087279,174.442310165406,179.091431502116,175.251863116778,178.561704976284,182.399825188732,182.929979145014,185.877245533914,186.881222022146,186.66911475039,189.144831837139,189.176387328526,190.423175884671,191.688623125454,190.963619910817
221.64320679114,218.157219893161,208.791556195497,211.861605517285,213.136529611686,213.959134979786,210.863512377064,215.00481275374,214.269574879233,214.335705705957,218.442502321121,213.706452248424,212.767434491363,210.838414802372,210.585354991039,212.125798376703,210.847434813978,211.530899386313,212.186438610826,212.038609650571,211.661183955352,212.041140515032,211.311797567948
277.227489071814,269.225062067045,277.93016773762,279.253885083025,276.779396757507,276.803329962568,279.230707447048,277.985681689104,276.465239445384,278.064739378348,277.958312158835,277.072802913332,282.407228185826,281.570776967315,283.195636729798,286.622067200919,286.858654586965,288.428088902218,289.079398350646,288.808139634497,289.851852346302,289.437662933712,290.932206332329
90.6788508442744,84.665655729039,87.461316029725,88.457114612323,87.1249233436668,90.1206846257303,88.3222067171897,88.2722199371455,87.5536709713425,86.7611825097507,86.4459262090656,82.7110181427324,82.4355683785816,84.4516061248196,83.9065206326882,83.9790458764208,83.8606566457956,84.3387679229181,84.6873823763861,83.8441454002893,84.3225115641095,84.3029560160181,84.3859421707092
93.7052843561873,88.3431706600983,86.5830194003952,89.4974513463205,85.9177988252936,86.3048932153964,85.3792920500709,88.4639291073214,86.8119510331084,88.785090447542,90.3584978362689,92.2006842204582,95.5850407574776,98.3993862882807,100.299785866414,99.7712721956923,102.354734467276,104.843207377032,104.97147975322,105.38501336441,106.814122669237,106.72201609619,106.915120621662
360.906551914406,371.157247195586,361.991475654111,361.797378777734,367.165615441892,359.15708732472,359.906461905311,360.498318588265,362.328965510726,361.716228519444,369.488147415662,371.630636807474,384.290290238859,388.508582363211,396.316756632269,397.660438147285,400.221543700368,399.192305746239,401.146610749188,400.800861057424,401.499230589455,402.17993068095,401.859348978946
86.1164379217201,78.6681315050847,76.3599212689735,77.7349850824639,77.9308933165696,72.7769412639299,73.4186099342465,76.2912990231346,76.350481450069,79.8417412317526,78.8621327826998,77.85304827981,82.8730766921462,85.0362437223218,85.813699226548,85.6936587035028,86.9802759968078,87.4032615566721,86.4238073954626,86.3618868383145,87.2170261084356,87.3188642116151,87.109698560578
178.30989538549,179.041348209588,176.526962315928,168.899828250847,166.577937795487,164.410154645913,166.054822710405,166.708892223283,171.519612075724,167.923373242562,170.585863653283,167.163430810012,173.271942906456,176.39499773865,177.615810293731,177.509473000558,181.057265762148,181.536129751013,181.024339783296,180.822456385128,181.690257386535,181.956813640589,181.860076385161
129.102714568114,135.893194711404,141.106056906498,137.958005771615,135.893548411229,134.188129626528,130.984630264812,133.050540758044,132.96829490924,130.20536855899,132.506348718639,130.839808979315,134.651195043447,137.393955139354,138.988518651384,141.473510731736,143.82284604928,142.372343440826,143.475598877064,144.076484309998,144.638946683003,143.606035414046,144.967158523503
172.833512701461,166.272423523643,164.738241203236,164.745083317743,163.540651510652,158.814336423138,160.850658886561,159.130096030006,162.500350732084,162.235090228845,159.116505237879,168.212302515753,168.87584241124,168.679452315224,166.601260971207,162.536263284745,161.775331976934,161.808720551947,161.301312011139,161.409889118027,159.514327294114,159.345589757792,158.637457761263
341.253603571123,341.797666620036,349.996422943035,345.631807308119,347.600809997496,350.005559324861,351.084198837998,350.403576067704,347.764323302911,351.2200553404,350.063821569776,347.339676816481,342.804504411943,342.561953076734,341.202307164621,339.179153319636,337.801437245595,337.615491485866,337.373774567095,337.740604738303,337.318721034475,337.800476360483,337.592976602748
240.298839700739,217.79420779991,218.181012246621,227.131180046938,226.541354470871,218.183622540527,224.748187745842,218.930043823123,216.77548373555,216.642717550987,223.890802174002,221.295943638504,231.717283337588,238.252933055911,245.637450105708,249.802801270569,250.047101706889,251.670559995941,252.502937011739,253.950083585035,254.119028717284,254.641110485452,254.338652834892
239.442163239468,212.052512808718,213.098939465186,211.294208282245,217.34150506011,214.178666491056,222.683802208152,222.871313726246,221.157887557043,229.858892244494,222.98638543964,229.372907747925,239.215178678974,243.429631258671,245.102751244003,246.820374569725,245.712189625673,246.650590284307,247.156138974182,247.58799747959,246.563454918148,246.489467709353,246.313548863321
145.834773961158,129.301049383345,123.682731413004,115.420753394347,119.608598165316,119.10003230392,128.015973572474,127.203567946235,133.544707357496,135.969292341514,136.974691412866,137.904872700782,148.180151062095,152.541027319526,156.383674670303,158.689846037767,159.493910225605,160.937730358919,161.462486703862,161.541474066525,162.736180301613,162.628226543331,163.416595201081
161.688566837973,154.637974566743,157.11874363632,155.890741051989,155.817409502461,155.334390028777,156.580713011365,152.403058240826,156.219951212228,153.600960292184,157.21788213429,153.958844232964,154.492291437679,154.797932052248,155.858321623861,158.916188250028,159.098710305919,159.537414373653,158.808074343843,159.33423941839,158.803097835575,159.28076197522,159.185231001436
105.900434788663,94.6674656857983,95.5906421319043,92.2378975252825,97.9345364588373,100.210796401657,102.964442649039,101.433471626396,104.212071013092,103.087398634553,105.020420626031,104.598392749306,103.788758019187,104.916307574483,104.877018486217,106.790132439559,108.216702602085,107.567844386134,107.641040064041,108.665721344414,108.82649852391,108.48733852852,108.27548545539
258.426168759094,260.86814412676,261.683737392245,258.974936202868,254.064459353318,253.876156169633,255.521016998182,254.675644552562,252.597214994289,257.212481195692,258.775981412213,261.107125364315,266.809559533453,276.80363621245,277.77955181559,280.302078257659,279.555748159235,281.320980861493,281.877141502551,282.853106680883,283.293029866194,284.309045102258,284.232330881107
305.705984556154,310.493097912843,301.452897409889,298.925838584696,303.166780063936,298.275083793549,293.539617993244,301.045442021322,302.217301043595,306.484247568543,301.208370174597,305.969411017246,301.153979535868,303.904316408667,305.242573473012,303.619642098693,305.691084906202,304.742911120918,304.761923262411,305.601234702371,304.676130662804,304.800284612552,305.181320750996
101.941382466813,92.4023050557283,99.0071774440117,98.5758363724675,96.3037449511387,97.7259555738048,96.6756916325265,97.4858107389337,96.06014963817,98.6977605426593,97.0792360568237,96.1237177671782,96.125801443953,97.7709206973455,98.3778058521262,99.3010741904971,99.259306839931,99.9391443633905,100.8232943628,99.6929691280273,99.7178394887771,100.205462651278,100.516426906473
243.585913149394,241.413710581089,239.733627644973,238.729331778971,240.050520132476,236.28289050847,238.465131693384,238.059634047559,239.859225213777,239.152743783314,240.600511294632,241.08191211458,243.620359062794,245.303246428418,246.174155482929,248.040843424825,247.797143242545,248.401388326466,248.526625135139,248.098404413321,248.9225109118,248.94680227193,249.1682809131
175.49577600593,169.042344347595,166.245979070373,168.343117763643,169.172811793427,169.414073657181,169.103652085754,170.017673005882,169.628583589648,169.451952300193,171.579238106523,170.070049351588,170.905506224101,172.821492880973,171.653212168137,172.975122598604,172.570796202873,174.377076647474,173.995947362698,173.767880684586,174.013682709624,174.149637245677,174.164930551953
164.688015646096,145.545170940615,148.589825080904,142.366162278111,144.700292324217,147.926261689613,148.39918374065,156.274453267428,156.57662632095,159.035328983602,159.564855930494,160.186581738103,171.498135619987,179.488954248648,180.199395198454,183.061544900266,185.080085610669,184.571526681016,185.807414155445,185.945043025476,186.580367701373,187.385060037388,186.514298615441
244.829236194085,236.42455167195,235.492875510592,230.410856962786,229.58677133562,228.746951672454,227.59659407286,229.764155762727,227.582957091634,227.636303622892,226.636126615222,224.743771693381,227.123883596678,226.553962164378,227.342395706756,226.647195858341,226.051776792226,226.238780345718,226.688211970783,225.87462767427,225.902357165331,225.866627478193,225.155172354699
170.723738766856,153.30357713092,149.769995749906,151.961500755514,147.536624024866,150.676813005491,150.607287359277,149.137600000856,148.995756591702,146.452912744977,146.592225346271,148.317821983922,154.74631321482,153.212312618952,158.545164750627,158.253421931129,158.94953140433,159.621878854546,159.863810051672,159.828724005023,159.842116462804,159.441071573654,159.747453262835
172.829223898399,147.388358425156,152.006797679911,148.649789908519,139.598029918416,141.941861706487,144.182279022432,141.360547826674,143.161219177519,143.42042984256,145.159301378879,144.502475745124,150.500475905348,155.446960435232,158.275421118802,160.19234258549,161.245347389881,161.865141805884,162.423285876052,161.942646220462,163.36960248942,162.042273305395,162.732566829492
522.098779671321,510.628679101477,522.28682247707,517.639451779336,503.465865496927,494.057531519059,503.196810876708,496.563821873533,498.231926491499,500.576765831094,494.627952528713,498.928692883659,508.480422135934,505.537605770337,504.035900246597,506.29791905958,506.264987435177,504.688965561273,503.937641340225,504.925859405169,504.766890017289,505.427754259775,505.567963907325
436.356964475146,440.637664400557,445.19106095663,442.666650852789,442.791114545689,434.691111583651,442.030550369978,433.305019855299,430.215687384348,429.317229704194,429.542281924885,431.159202845009,425.275452723366,424.587380675103,430.884074799564,429.998484557896,431.371692654792,431.376313586064,433.345879685992,432.692838932345,434.571779978707,434.934301930825,435.108065649098
149.06941920492,124.573832579238,126.872035337481,123.303913075519,122.219678825451,120.381702518823,120.012949939846,118.910086536432,123.703271813765,126.08827470131,128.687564574867,128.086870851254,135.071818229859,138.600571903601,141.972009625441,142.64543322784,145.125711946365,145.272361524911,146.359632770609,146.31502173188,147.237129003211,146.785711692559,146.489496759897
186.089642679352,164.910450783949,160.060332188927,167.71989151701,165.535013050626,162.7799008363,166.67114343071,164.484455270052,161.96913524097,165.992611086791,160.646169620389,161.065779867756,165.737933755989,163.202259193552,164.905182267945,165.270396380497,165.675928903387,165.321210031216,166.020578352216,167.065749761251,165.819973698613,166.663407006995,166.196301249882
309.791926252035,296.924531049438,296.321068274251,294.042173835159,297.904617791969,300.328638798517,295.906066743069,298.237063833419,300.846923163317,300.815824103185,300.607218259992,301.190064687601,303.276699636591,302.87697578131,305.233304117858,303.310177667725,304.567890858243,304.422989054587,304.380522625367,303.43551237631,303.78874297493,303.411220569646,302.717087103786
220.91516808477,198.406199360791,200.000635480783,201.756314581827,193.683323142296,193.196669001622,196.91696039293,195.680976139358,199.916853062679,200.952335444149,201.590170493443,204.438529887209,218.726061245025,224.593149704536,239.476588222149,242.04850480951,245.339117602607,250.510607803223,252.557991482956,251.638762253242,253.439252782851,253.836316816945,253.623632008449
164.893780195039,136.498666470033,141.325935364418,143.511159863435,144.269992627837,149.543689518968,152.591541353233,154.406824991494,154.225381017985,154.307456880228,159.409729557457,158.759620246193,161.423017197954,160.411072156546,164.83273339311,165.47991003324,165.123084296911,163.426751001566,165.77537929666,164.206885803733,165.017563320354,166.174945908274,166.702305607278
291.703635805132,280.402236035252,269.706079248666,266.732123967841,267.029359483662,269.801629405013,265.329994255195,268.264573496049,268.02813393204,268.112831041763,270.922209734028,267.095076443348,270.14369849611,270.040409099068,273.312957105885,274.997362050307,275.325693097087,275.486261047934,274.749998399093,275.211680877699,274.690327086029,274.596956110968,274.30278881803
163.087971675251,137.068962190118,132.2236498156,130.217473603541,133.918009764591,129.180863814056,132.255033951574,131.2510557486,125.809458848383,127.637836662114,131.457018762016,131.736414395197,129.023678567237,130.8186176933,134.040815014194,137.381707764016,137.162360298397,136.579725277736,136.527382903258,137.922258429481,137.586893404189,138.204364775076,138.071317665884
244.423677215901,224.683379166791,221.146095760788,224.786219735027,211.150269573794,214.889305786608,214.379067992725,218.050233612672,214.903597180567,215.252738500872,221.336942195435,228.102871574949,236.719989163487,243.914748155576,245.725633955277,247.714812123148,249.300179807482,250.48989460255,249.984271973115,250.056489914129,250.790033753536,251.166745338029,250.773070981804
186.057246406094,192.881835925846,197.254576655613,196.461871365615,197.681023065235,196.00526665908,199.798867340437,197.286041614228,199.144198285247,201.396614311982,200.377726181702,200.291168260107,198.951325127952,199.712201953416,203.978528767347,198.887789156967,199.932599950151,199.880057033018,201.303384235375,200.975618771436,200.37264267585,201.106437873421,199.9355255136
183.791801544518,166.02144972699,158.733921813127,161.396053446222,154.07304458132,152.895543558681,153.068247584467,153.678574354905,153.742264154714,156.031765590682,159.865371900874,159.076859528898,168.534337869118,171.740038398047,183.553359221451,187.625485179231,186.71454368009,187.65567863589,189.664088586855,192.721693315684,191.567574058533,192.980901925886,193.175619844849
173.603057576274,171.760596398097,171.935367354279,172.617922115174,173.44472715731,174.097488257092,175.263681466242,173.173051760998,173.029803406823,174.698362725667,173.667524352729,175.295824906729,178.778182373104,179.085675627049,181.124714786532,180.729189586355,181.625249029983,183.131984976475,183.281064784806,183.189528822187,183.530626541999,183.239659477586,183.439807129894
271.858336042684,285.625149603975,283.607600892466,291.649241872051,289.30504255347,288.686225824057,284.950983930085,287.023294321351,289.429431325829,287.913425476325,285.191059751386,288.405909843591,284.58225071757,285.922078185346,287.124056803829,284.334991432477,285.11761972768,285.98688909987,286.11610534139,286.582830971564,286.397878163678,286.020785131522,286.267121848062
206.600576240559,187.530251339483,178.511420508084,176.675504603089,181.872455381414,176.274955588288,179.959398781056,183.219529248025,183.92247890858,189.927006287731,191.053668397729,195.35525298665,213.396358713975,215.573679475966,225.147696963209,232.858927017962,241.975340251791,243.997041951456,245.849357275724,246.135413663273,251.917549959481,252.408513632559,253.042528213325
163.555913293926,163.553734121442,162.806804152859,159.433214991521,160.137063367042,160.902834539074,159.63261414872,160.765467193706,161.957279343092,163.929842568101,164.743690500183,163.386542396822,168.694084695349,171.416729282415,175.011212033818,178.206099327615,177.513552235172,179.042731831181,179.963501624117,178.994036224751,180.421133603667,180.157329266609,180.941768312706
312.694331027679,304.535939053581,302.522388609437,311.882266509001,305.17317809262,302.446031914962,299.258874232044,301.119288128185,300.224393392944,303.393762667678,305.356057288621,303.317147194096,303.194046540178,306.681114434914,309.365603333316,306.124917856337,307.357557974769,307.08030313023,307.63305290416,307.179945513291,306.894930208798,306.131882854244,305.498159227618
232.595604978854,228.543907282408,229.186629090919,227.049865402329,224.416537857325,227.938935061343,224.009313735966,226.707172776408,223.062956754499,221.62722646541,224.429196784235,225.37686745906,223.48369638096,224.235207791026,226.620930700559,225.868427463894,225.380795545037,227.121868679157,225.945389857939,225.752728186766,226.336043349463,226.029146803176,226.31028923138
149.704378844144,134.435708233616,140.586499970228,132.862060819847,135.897385805085,138.354020364344,138.828365460827,140.7858650258,145.589170917232,142.538554940907,145.423043581757,146.881166458608,148.910805670389,149.239643662751,150.006987719634,152.952163957721,152.066259713538,152.734926470667,153.447688764479,152.325698385726,152.416795337089,151.807226265738,152.811797208773
155.989078671183,132.140072748794,134.687342988953,138.192863791232,135.154924162093,137.74692623124,140.220257673186,139.84373960209,141.155579630074,140.670652256132,142.600817666672,140.782414028845,144.103967784589,146.356087302645,146.420382634549,148.391029333046,147.595895897989,148.880403285777,149.332064667562,149.382080095315,149.977409277553,150.427939701988,150.945672879988
