"V1","V2","V3","V4","V5","V6","V7","V8","V9","V10","V11","V12","V13","V14","V15","V16","V17","V18","V19","V20","V21","V22","V23"
72.4304668977651,71.1237267324385,70.6040280732157,70.8927738842292,70.9434715274159,70.8930268323404,70.8952768543554,70.8998708068249,70.9284311191424,70.9249873982248,70.9548394378867,70.9672561640883,70.9520315333024,70.9973167264677,70.9494464214022,70.9597936058259,70.9586409186469,70.9344490410381,70.9595814868923,70.9708974193254,70.9748700010959,70.9651477234616,70.9973974626226
92.7804354032059,100.186158270842,98.0640240636107,98.2286920325116,97.9909963715001,98.0043668664856,98.0272831378545,97.9980567068758,98.0667413639288,98.0329605307329,98.0576638354569,98.0040947870265,98.0371309502709,98.0518730008438,98.0482214357824,98.0427583021956,98.0590833720517,98.0691927353215,97.9993094255579,98.0229672826304,97.9899459918384,98.0269169648614,98.0344585062906
50.2037147949933,51.7591403740836,52.2322174069787,53.6276461962132,53.3882217922636,53.4413179026257,53.4871819003877,53.4534115220508,53.481309318123,53.4588057909134,53.4558628641434,53.4583059444668,53.5122551100153,53.4809306857582,53.4571047556258,53.4608237175364,53.4831873098369,53.5430087744071,53.5005680622662,53.4804586004454,53.4390018530361,53.475919712029,53.4630939418185
62.5798028097336,64.0488350878019,62.5871521435485,64.2179333995008,62.4030435939315,62.326515423716,62.3508110586227,62.3723897645722,62.3593489068972,62.3253374910116,62.3224672707928,62.4096883700287,62.3719141859873,62.3235671100255,62.3966469580977,62.3545661599842,62.3682481208266,62.317204443561,62.3372991524137,62.3319725888241,62.3258934423342,62.3665256237481,62.3512069711807
104.47615790444,104.718692242728,106.161921616594,105.776542293841,105.212452659925,105.229813926916,105.240839801041,105.20244928548,105.264205966963,105.299769972314,105.276722189,105.282697147708,105.297131401995,105.252020707707,105.251454059798,105.276992968573,105.232973584112,105.284968021408,105.259314410078,105.235997810078,105.241573175729,105.228778558705,105.220564759158
95.3780529499969,93.4617771011518,93.5234575367536,93.5854859806858,94.2048295441715,94.3132309635917,94.3562200986424,94.3293807066633,94.1995511021946,94.1619126357289,94.2984105943763,94.3374385597364,94.3313443813175,94.2639017969281,94.3251216916274,94.2811976860228,94.3036352580736,94.3047741870108,94.289010141654,94.2913693629962,94.3166570889447,94.2979332989432,94.2572393710607
169.382435927563,173.021307722862,175.257424678114,176.163478969204,175.665936248511,175.564359061417,175.447042363614,175.631452094608,175.50435698383,175.567405495772,175.479017277138,175.550603118042,175.554951347699,175.504900017849,175.576018867806,175.53057571106,175.523312948016,175.536224672304,175.457849201699,175.5449640447,175.431684996894,175.630773753302,175.520383677947
115.20622587567,109.084610575967,107.374517441157,107.471706822332,106.655443014102,106.577045098857,106.589799446392,106.603461571384,106.586043546413,106.546123850264,106.533806443783,106.496460373516,106.483124450926,106.501748843759,106.483463027572,106.51309070101,106.494758465755,106.459255267158,106.513170606194,106.504141411387,106.503788505866,106.448803788317,106.528131717001
118.796286520735,122.437559219389,124.126086706064,125.666310383441,125.977354009174,125.986409977272,125.980660758183,126.013238110773,126.070775013396,126.115659856851,126.076436340854,126.064268778972,126.028686392866,126.053387171785,126.007483736395,126.099894740806,126.13602955443,126.06904333824,126.063822221107,126.068560770402,126.047687570196,126.052427624344,126.065689278364
104.16588496621,105.064509812922,105.529728203586,103.944645608005,103.498994479644,103.44262736144,103.350697999145,103.410679342097,103.410894591648,103.402417133501,103.408714955071,103.301923839923,103.368044642658,103.363470454256,103.358695323529,103.346814005953,103.391602181162,103.345502640002,103.37128532676,103.365316937702,103.396601779679,103.37702032443,103.401196572347
32.5571178225555,28.8926398822563,28.3811228868346,29.7934696069247,29.8798116084528,29.8658483460807,29.8766534376009,29.8641341043134,29.866377008315,29.8761647921501,29.8700569943701,29.8794623153898,29.8855985613814,29.9114341295116,29.8884024154468,29.878345832167,29.8691572600336,29.8685087623748,29.8811366006042,29.8795742469926,29.8719361690032,29.8831746462973,29.8695993852503
67.3265820763141,78.1838904806401,81.0106049305549,78.9178112001256,78.9935844067141,78.92440774883,78.9272317084092,78.9146156414309,78.9222634467543,78.8772698276459,78.8937406813431,78.8843714719195,78.8640557293276,78.8632025208509,78.8690849723302,78.8978506673877,78.8493687249616,78.8578295132596,78.9565906831332,78.8956722063545,78.8905094343141,78.912434144986,78.8650889096285
89.0774400662407,91.353144259633,91.2096839905197,91.8762448739391,92.3950795488099,92.4475809793969,92.3763756162263,92.421785566002,92.4570074297771,92.4700715154819,92.3556955216886,92.3690545996384,92.3916702017338,92.4388440568525,92.3819834935517,92.4297200318931,92.4068380986746,92.3207624399242,92.3459886885023,92.3143461743334,92.29616739685,92.3795073162741,92.3825392855733
156.095662762715,153.450476490266,151.057533448373,151.369599340601,150.878631915138,150.941932265809,150.919176153505,150.955352023275,150.9021445186,150.897982074572,150.853191484776,150.866622456721,150.899172284028,150.927132933253,150.828660085333,150.903137240505,150.911588817682,150.890724583587,150.843045762032,150.84951523728,150.889889618878,150.844344724329,150.898178219461
90.0668533417008,87.1732464149057,85.4287381639214,85.0542956135925,84.7910374982795,84.8079869935274,84.6998200727491,84.7583757212459,84.8180448909563,84.7181575195287,84.7389707830425,84.6762786298185,84.7620456518994,84.7167129282228,84.7051252661331,84.7447559161121,84.742675801275,84.7492832515616,84.7667892789723,84.7789456848163,84.7219393340772,84.7645725795275,84.7357727627856
77.5353501102514,81.373389207273,78.8607266160081,78.7160004108919,78.7689305828845,78.7668411333737,78.6996560534958,78.658621252867,78.730479375321,78.6384105930157,78.7311602928324,78.6961410813333,78.6272324779185,78.7448702828191,78.7715112428281,78.7038005223382,78.6816076932259,78.7143839033432,78.698718034586,78.6964624404448,78.7350129565062,78.6769116160157,78.697238428739
77.4525473188861,78.2726351904379,76.3854664183444,77.2819749111341,77.1839014174258,77.3039222486293,77.2315045020645,77.2395440495099,77.2609868936981,77.1987977955916,77.220019527204,77.2252819705246,77.2718081199208,77.2006647891366,77.2230802656236,77.2309176883662,77.2202740211117,77.2137534738375,77.2035246680585,77.2559596132917,77.2439598877416,77.2220963599068,77.2200227352017
141.451693663595,145.033995236895,143.298882358418,143.814468809015,143.921483922677,144.021091135933,143.969740344454,143.997355729608,144.106334436855,143.894642971302,144.0305136499,144.054157040648,143.950072364998,144.047993093996,144.010064609075,144.063841270349,144.009920613113,144.01384766066,144.00439890389,143.999311470626,144.016603635064,144.00634695019,144.055596479778
24.5052135185836,26.2179916740128,27.5615159472548,27.4274393730249,27.5268725430536,27.5932965401568,27.579943254137,27.6103077020404,27.5962952503012,27.6205645647189,27.5787341368246,27.5877882912062,27.5828482312937,27.6018372378024,27.598259315414,27.5969669108991,27.5942686876725,27.6055699783695,27.5963605250836,27.5906605684144,27.6032993974432,27.6159534621357,27.6083117198126
108.008782278007,109.446407258662,107.98367443109,105.915710486013,105.682929353225,105.668729549478,105.613743878754,105.696270363682,105.628257547302,105.647161718013,105.508610204953,105.458324612555,105.6220015835,105.607984405837,105.624452200713,105.641774601378,105.615818891396,105.671176622473,105.665985854875,105.623071190502,105.494490902178,105.626339359206,105.646763181509
112.189048033415,113.819921741131,114.157105101181,114.355740913703,114.287074501481,114.33318749011,114.276000551206,114.29024270888,114.306214861362,114.274415662659,114.298592608805,114.334018564966,114.370336493645,114.386728236656,114.3274055674,114.329706446431,114.335098066792,114.382221722637,114.355969291552,114.361997042627,114.360009633065,114.342952646499,114.362397851389
88.560951733557,91.5582777076435,91.5000559414931,90.8940703773411,91.0373173936995,91.235138758845,91.1844084660211,91.105757718625,91.1198177422326,91.1037546094951,91.0821555937186,91.1352791817578,91.1857789417772,91.1829046573372,91.1608966980716,91.1408948210496,91.1258728382926,91.1638856090191,91.1381213471843,91.0907110332966,91.1956387535857,91.1368929471593,91.1573050763689
75.6977384267335,78.0887755264693,76.9670729574167,77.6133759072014,77.4119225061795,77.4253831449389,77.4316338780216,77.4294465721387,77.3956646353554,77.4014088800109,77.412336732553,77.3998566665517,77.3963011430541,77.4313694388306,77.4085227974108,77.4373271219447,77.3937902603069,77.416083323379,77.3981335295787,77.424550735676,77.4244745647452,77.3846534396555,77.404132315413
88.623960332845,93.3864832638734,93.469936175699,92.8830300852522,92.8530941371621,92.9112189784832,92.8572707071968,92.8270592023388,92.8766744950011,92.8402931199443,92.8142490378357,92.8715052423914,92.803125046928,92.8182782064563,92.8304059612092,92.82387237176,92.8546604867582,92.779620208842,92.8110858734423,92.7570283673311,92.8339558692471,92.8055131163393,92.7598041268185
82.2829869572416,81.5126917571087,80.6912682904132,80.4087779020669,80.4018208248113,80.3109648375339,80.3386619536921,80.3515725330672,80.3603784618451,80.3451468521753,80.3084954089116,80.3547338479955,80.2891416226098,80.366964449025,80.3543929032177,80.3072261866241,80.2755988176976,80.3234101039705,80.375758679895,80.3398801415706,80.321902119889,80.3421540870222,80.2985078921072
89.8738285156394,89.7111458165752,89.5863218717311,89.5932915159364,89.2214789952393,89.3572055205666,89.3148547787053,89.3024005742585,89.268171952001,89.268127604672,89.2309917449293,89.2454387543501,89.2792000074973,89.1959565835042,89.2320240286812,89.2604537860897,89.2057563316961,89.2021906323666,89.2437146321597,89.2009518669746,89.2447793138689,89.2515596089358,89.2077822245885
183.294147295732,183.079853978559,184.384522616064,184.367031182118,184.306786538374,184.487825867974,184.347585112081,184.370714998306,184.348237759802,184.322868080926,184.237061137537,184.388629248705,184.251249455797,184.196439868283,184.210364415068,184.183235763074,184.256081392145,184.168240741527,184.229795481302,184.206447424263,184.181612667857,184.235461027159,184.207792558638
96.7762465574297,93.6842643805415,92.7672395187735,91.7403512616773,91.8379684738056,91.7392098013981,91.7270339363712,91.7019700420713,91.6649192889403,91.7185648227961,91.6747763127328,91.6847601361049,91.6937232803916,91.6275530699182,91.6797875730372,91.6506609742302,91.7247433102028,91.6662429796184,91.6484512010481,91.6449526447109,91.7167824138578,91.6634874711148,91.7134099291538
83.9502450066391,81.0075015934947,79.8968095443805,81.2345758193804,80.3747317810009,80.4591084241512,80.4378551820751,80.4817444340013,80.4333005307198,80.4576238096198,80.4851911479292,80.5376968898025,80.5347647115003,80.5333476471615,80.5449758407875,80.4893933682679,80.5266998776454,80.5116629506639,80.4997151092781,80.5085807989514,80.5506847344205,80.532986926157,80.5326941539569
38.2645521382939,30.9553416592901,29.5470597590981,28.6842761387056,28.6088886835326,28.5695233962779,28.6070941747282,28.5835181390885,28.626477190153,28.597419311904,28.6115031942296,28.5982836183023,28.5882468419449,28.6173706256766,28.6052886171173,28.5895535659466,28.6081379739427,28.6051074858581,28.5814244515887,28.5968894235557,28.6048157004938,28.5874670367517,28.5985220439599
148.989648080544,148.213065931296,147.68640661624,147.868551351183,147.665395015616,147.548386804675,147.571620364524,147.637463016889,147.579866158515,147.548341211197,147.55515869951,147.480468611294,147.508541932815,147.561076985142,147.528247157987,147.551043498268,147.46635093405,147.579734915172,147.508213358174,147.523668092482,147.472359542049,147.522414680224,147.50453452327
87.3591219863259,88.3009842880081,88.7114717786904,86.5174081110598,87.7589788701014,87.0385731569889,87.0708855568144,87.0067017210092,87.0509090042854,87.0618666394635,86.982227446598,86.9872083216865,86.9520210270468,86.9979413885773,87.0019510977371,87.0269195407907,87.0541646314959,86.9864332419016,86.992952133418,87.0077139226097,86.9836612157327,87.0331532650376,87.0559993538607
60.9880483740578,54.5584800138927,52.1300182600291,50.7521667840676,50.1729833883441,50.0357372065364,50.0265093132428,50.0284843579027,50.002917054827,50.0305594242602,50.0248209904296,50.0360963314178,50.0208821012203,50.0226342979184,50.0035691699251,50.0373901820347,50.0459478281701,49.9828006417972,50.0295041278391,50.0024844544352,50.0046453814101,50.0505221141209,50.0322509307144
127.810180001274,140.271395402305,138.485282394685,139.791793893867,139.734212551721,139.620077420568,139.682869833418,139.558159575507,139.600726038398,139.552735968161,139.567770340062,139.6185946805,139.655242590712,139.630586149704,139.654051953988,139.701227335631,139.544559014064,139.70926185654,139.719532763021,139.731321164968,139.650099782099,139.602676273516,139.656421591405
69.851042689045,68.4595951759651,69.235083092899,69.3689355607671,69.377954672697,69.3370505035799,69.2686133522391,69.2854213133539,69.2904249154739,69.314321836468,69.3566836711177,69.3077039929506,69.3106904085336,69.3052066721234,69.2801661712294,69.290431790647,69.3072412536245,69.2972491286644,69.2730534858533,69.2791514923375,69.305841378676,69.320141417609,69.2554354881325
102.415166001866,99.6018369684747,99.7689686294114,100.992271193024,101.116884423273,101.238488690469,101.195665048065,101.271240754787,101.191336890602,101.209070351328,101.169888095274,101.21035482721,101.204451219212,101.207497232945,101.183605251501,101.178984907307,101.221592650977,101.168454979282,101.175030822842,101.204938630637,101.29679423117,101.248647771475,101.254349402125
141.401600696314,139.044469239227,140.279472906643,140.968468353805,141.285445380361,141.232189990417,141.326144322599,141.362920471588,141.278800059814,141.346021972665,141.230114550565,141.202056624446,141.18274182394,141.128154681816,141.204346644056,141.243562060305,141.286242785866,141.29232737808,141.214479665166,141.163754834371,141.187504739432,141.191891517058,141.226321153466
129.355992295333,132.343780302045,132.052608090011,132.813356406452,132.314983812513,132.207321448557,132.247748753583,132.219643640702,132.179837927892,132.202707469008,132.237823593388,132.238834272872,132.183368703138,132.157443510581,132.171071912286,132.183805495367,132.221629996941,132.239321743208,132.20975924558,132.224595016261,132.151345625511,132.203644885816,132.205003005528
135.109390487017,133.826448613243,133.4015671737,133.363506644874,133.328895740522,133.241280327405,133.273776652234,133.263479374975,133.210358157095,133.253326866913,133.189351241523,133.210358817351,133.198517274277,133.273165654307,133.239256546402,133.256169878239,133.207702628122,133.248288179108,133.221116710585,133.191837901613,133.276628638815,133.274398212017,133.277901854526
66.5916366948246,60.7838477324168,60.0559412948934,60.0354552047672,60.0170805027051,60.0117978047323,60.0164401416096,59.9954881794148,60.0186781552817,59.9966119952313,60.0168098395583,59.9777793798747,59.9767990707604,59.9976713555547,59.9851852873682,59.9901654086172,59.9879490049667,59.9915647345226,60.0005182869338,60.0038414666268,59.972119654109,60.0021910519548,59.9590061212051
103.426724602903,102.334599072256,103.087679515386,102.475204750081,102.418577545511,102.362913525993,102.386731743069,102.382651220865,102.369681016182,102.316880685138,102.413815523201,102.34602901741,102.331315691865,102.376986585704,102.356302571613,102.352983680257,102.411616591272,102.353992846734,102.330528351237,102.353950374774,102.367208150319,102.339228629363,102.320591919355
158.270383618432,157.24931618217,157.717983365377,157.881645538938,158.60273845653,158.696385266813,158.744750777523,158.671710342821,158.66872853546,158.720038592307,158.667638206241,158.659574606825,158.773700058966,158.716889294089,158.704219292976,158.706410487601,158.721118210445,158.739704752342,158.699020917866,158.735867934092,158.705907650525,158.73656063865,158.746977145471
77.4264414106534,84.7705507514856,79.1793565811532,80.9705163856221,79.568777470091,79.5515031567904,79.5468422793501,79.5029847088824,79.5272807531794,79.5339347546341,79.5713796098308,79.5284571875441,79.5422269749354,79.5169883773162,79.5316387161572,79.561077063138,79.5809590852938,79.562385937387,79.5611894194197,79.5651378192765,79.5693600583024,79.5435607384401,79.578870684692
68.9379902718243,68.1697453497138,70.2801460031089,70.045115168295,71.2706028280587,71.2461550631166,71.2737942047452,71.2717299990257,71.2395249427983,71.2930800652609,71.3000626635761,71.2738769315678,71.2654834669463,71.2652666710481,71.2718224912222,71.2381629564064,71.2660308433656,71.2627725881968,71.273156485312,71.2621545550232,71.2395298474597,71.2586939914503,71.2538834008027
118.059402520124,108.75029332495,107.817415152976,106.634014231538,106.533634146286,106.493468480754,106.476996372319,106.458474747445,106.495675191496,106.453828465632,106.429765465187,106.390439764471,106.382191281956,106.405096539582,106.419368615283,106.389886662024,106.342000351268,106.407744281819,106.431829650052,106.417130550687,106.399824153251,106.437427975606,106.347706229689
46.2692988382523,54.8700119148267,57.8477481854999,58.7148174512254,58.5929444657153,58.700828457206,58.6317945587153,58.712872455237,58.6569415709742,58.643591540563,58.6701797020373,58.6762460649314,58.6829892120961,58.7197740751531,58.667327757788,58.6975664144467,58.6661936266353,58.7145336893343,58.6963832657944,58.6977859952788,58.7328749377447,58.7489901213861,58.7059747029916
111.81827381065,112.464107977653,111.631791971691,111.078259938808,111.086344299341,110.987632318776,110.986405844273,111.004447623976,111.052017425053,110.976215508404,110.998857912537,111.093310656924,110.996707046305,110.978120434146,111.005469920769,110.963096669687,111.023191416852,111.019104200278,110.959770027823,110.998370111278,111.018292591806,111.02951671772,111.014931280852
182.389013292445,175.775024511927,176.212877620513,176.648671546476,176.547980449625,176.602686546587,176.582368822277,176.630059147281,176.702118392411,176.692972300142,176.570247688524,176.513556589963,176.54136528678,176.635498428839,176.625637821615,176.680128768769,176.634930659958,176.640250279711,176.629100630513,176.501752425825,176.572319772456,176.68372637037,176.636266572473
56.8916681427861,56.0409213003197,58.4336214332128,58.9339031984866,59.7021517859595,59.6638187782016,59.6802137059425,59.631054521443,59.6983853267018,59.6761198369507,59.7217329868121,59.7173767506321,59.7052504600549,59.691458184303,59.700197447934,59.6820532135944,59.7010069384038,59.7178492481444,59.7214804040249,59.7024718861427,59.6752361186705,59.7471380822567,59.7343164768392
80.5947657556884,87.9873370099662,82.7433986677214,76.224071742856,76.6546109904537,76.6208302147744,76.5206486395645,76.5543599206863,76.5461949645779,76.5790285069398,76.5064059810626,76.5843758880531,76.516679565691,76.5774472381899,76.5480965243589,76.5563204667531,76.5757243078775,76.5275083272471,76.5162596622806,76.5425561644013,76.5556938639547,76.5086565286018,76.5225050521465
49.6766606098293,49.02315832657,49.7003834330584,48.6727232277917,48.656290155548,48.6788453936816,48.6825306304504,48.6564461716755,48.6979952908311,48.7008312725702,48.693470826853,48.6666842161851,48.7071610567222,48.6692974303825,48.6741080363612,48.6839632058759,48.6860577117653,48.683446170786,48.6619930018853,48.6692606271415,48.697033147685,48.6880401339483,48.6626093983643
59.0582568245927,61.3041646055356,63.0851595920946,62.2813517044938,62.6236529167755,62.6860750926538,62.6554067340773,62.6885525030069,62.6609482123716,62.5932563790596,62.6484042554203,62.6444860881921,62.6199190513175,62.6341135067762,62.6383639719402,62.6354897669435,62.6403690350389,62.6250046691419,62.6387814244737,62.6688049663534,62.63513634731,62.6508876452629,62.6332726696803
64.4143794235155,67.4845658216349,70.0418178784437,71.8432595509736,71.5243842994634,71.4348210011732,71.463631758851,71.4895704536779,71.4713312674715,71.4798215736714,71.4325889455206,71.456200530609,71.4655109430922,71.4726228780874,71.4785457337899,71.4735442273665,71.4558636645688,71.4728167017096,71.4586398368403,71.4781795490596,71.4124942597015,71.4612726808781,71.4591225351183
45.9308903110344,46.5171821537925,45.7172210082978,45.4388860784643,45.3824230377681,45.3789849382745,45.3461494306933,45.3489207284624,45.3384456668494,45.3351180635429,45.3277784775252,45.3315054111769,45.3148569796407,45.320372888883,45.3062697414328,45.3215885660655,45.3118248202763,45.3180278238873,45.3180436918589,45.3291524059665,45.3191443575468,45.298352407943,45.298384853277
45.2346640766128,49.358973715549,53.2246099812561,52.2229777535916,52.7613188250721,52.7182675374834,52.6880823543019,52.719468799066,52.7295441222065,52.7522958147151,52.6959198796787,52.6365602149054,52.6631765727531,52.6913890796037,52.657882860175,52.6806684170125,52.7042379476787,52.6876186865314,52.6722894516164,52.6915840768243,52.6807547066097,52.6643385629408,52.6626789137425
89.7588767926396,87.9585073015077,84.7099723456003,85.1377327831948,84.4355867111715,84.5133641617864,84.5206281884248,84.4293671661293,84.5588314594008,84.4439608230733,84.394789357838,84.4072354477485,84.442018041812,84.4210708736723,84.4683441412351,84.4160712078082,84.3953854455431,84.4098261436308,84.4146559218908,84.4273299180435,84.3998586924445,84.4192840901636,84.4321048282867
62.2590626680995,64.8750177246034,65.4084567225795,64.4577559605872,64.5950893239808,64.5681023145169,64.5405603986668,64.4895013488169,64.5158176898815,64.5117595883597,64.5455598807682,64.5127452855279,64.4960702200807,64.5626568540237,64.5332191398741,64.5716394576357,64.5509087023765,64.5472550614755,64.5312087033205,64.534070210146,64.5273820732193,64.5528382300554,64.5414245708147
17.8423602000331,38.8583083276442,38.8701529861912,38.3873010306251,38.7257998670837,38.7507339091495,38.7413013796183,38.7322380063682,38.7255986527576,38.7218737717228,38.683181728337,38.7297732275411,38.732855219025,38.7572492607028,38.7099431422492,38.7232956035782,38.7328179549743,38.7200828300668,38.712256628023,38.7117453703813,38.7429680202208,38.7323324433735,38.7330070655715
66.5497800748268,66.9822845555151,68.2468780560948,68.3876104269401,68.4033381669938,68.533015622543,68.490486012349,68.4708263261815,68.361846564002,68.4546848812943,68.4025454838388,68.4801032076695,68.3928851341676,68.4212492884909,68.4690373809164,68.3824052705605,68.4668894770855,68.4302186028893,68.4560612890741,68.4597342262992,68.4612509283315,68.4731391994283,68.4615640006349
50.3039956583936,50.9463896470532,50.4314272218757,50.7671354935441,50.935360450678,50.9362189600331,50.9050461207239,50.9678220468147,50.93426113269,50.9466334253214,50.9602974139921,50.9638786288284,50.9336537519022,50.9299291969001,50.9312941705325,50.9356376060918,50.8836666274721,50.9589669959518,50.9407916970559,50.9455533320258,50.9345740307112,50.9718694843565,50.9226365087948
49.1113732918853,48.7133615179195,47.8278087901821,48.1278643306319,48.3657685972828,48.1529647329741,48.0803115277336,48.0486356883729,48.0673388462156,48.044132441433,48.0390446731763,48.0952177370325,48.0524970311157,48.1359291318687,48.1007478842155,48.0789205866445,48.1271378722219,48.1138361384437,48.1242281819791,48.0811421111504,48.1069524638503,48.101402779054,48.1314191434377
188.09552619179,180.416950943311,183.124185454388,181.407673407199,180.611960984886,180.843616719827,180.847431970437,181.102636902437,181.100568642089,181.145382056976,181.03038930541,180.829167171497,181.062259005534,181.025342934072,181.082957422663,181.056108925573,181.117463344997,181.03517945489,181.132684285036,180.915681938241,180.931068835058,181.09361348879,181.043185843916
43.711264997547,44.0494819749729,43.8366885786024,43.8724269041917,43.7933793276156,43.7438768508992,43.7752206450919,43.7757080572458,43.8509604970428,43.7707556012953,43.772442314842,43.8008859346273,43.7456223583721,43.7380342404598,43.8335410488141,43.788732874271,43.8099678252838,43.7496658625646,43.7400461275969,43.8035138464251,43.7588251530073,43.7724485636346,43.7917602078953
44.4225423127811,45.7429115145277,44.9492059851286,44.0625615812304,44.0439120294056,43.9509089959427,43.9560279123448,43.9989336849995,44.0377335839102,44.0021923677248,43.9099607436356,43.9681180929176,43.9520169227836,43.95872371392,43.9517428437359,43.9507653882715,43.9660861996354,43.9813573234412,43.9763069333006,43.9568214135746,43.9689502140888,43.9463549078463,43.9645435174499
84.3444951287581,83.8629050723713,85.0588050108872,88.3643548485805,85.9579801856333,85.9857219127354,86.0348357852236,85.9618411851689,85.9259033686536,85.8845497379339,85.9623078726439,85.9499978302648,86.0431449056555,85.9038672272573,86.0021263174984,86.0005844542266,85.9548737928991,85.9420396481812,86.0233244547583,85.9250383203943,85.9958111636603,85.9485677490426,85.9845082238246
86.4869738771572,87.0498809410479,91.8240109382626,91.9809570224789,92.6611072323819,92.740840403419,92.8039348909778,92.7630895469329,92.8003971833723,92.8193131918044,92.7580250598995,92.8390124472784,92.895527013669,92.8645203315745,92.8785012121927,92.8897076303087,92.8885413791421,92.8577756399514,92.8571919916913,92.8492690207017,92.8718337530227,92.8723878319463,92.8897368341833
75.3919427234523,75.9152852414454,75.1567263047199,75.2431064713458,74.8723113923073,74.8895649183601,74.8488391692833,74.8653289711929,74.8914661481796,74.8554245852416,74.8362693923357,74.9023615373337,74.8612709102875,74.8606527347391,74.8458236441133,74.8815183085403,74.8576309266749,74.8328430845875,74.8367375329611,74.8307232162608,74.8435507321401,74.8499897299852,74.8374382452664
72.3825112519117,72.5005366939825,72.921268133431,74.2874328320745,74.2707588838806,74.3606319460703,74.3441439617281,74.3000744454463,74.3391086313762,74.3449078158911,74.3507761649172,74.391196067168,74.3664359162642,74.3280845138258,74.3411372339255,74.3331916032064,74.3470271094121,74.3794775331327,74.3701195520195,74.3876120392273,74.3516791091091,74.3425779437379,74.3916905170924
154.904884108326,160.395881767667,160.342712981155,160.197421549668,160.15485112043,160.137993633717,160.113542698986,160.139451307838,160.131040546503,160.066673095964,160.138062821289,160.109152768101,160.09132449124,160.084269628725,160.0677350665,160.098852023398,160.180999875963,160.14977350172,160.070654442773,160.138665877319,160.109840556178,160.046912594255,160.071925746495
74.5889670117533,72.5998504902361,72.1042444502111,73.446193855831,73.292923634261,73.3432286427824,73.4813050851809,73.4524922146348,73.4399152579037,73.4489190166173,73.4326302801055,73.4875209277572,73.4364493811008,73.452731987632,73.4726294549188,73.4555198835794,73.460099556199,73.4651823435062,73.4747691477674,73.4525770347354,73.4328975767197,73.4546772718006,73.4457868199804
149.151082249858,148.796946938996,149.285589063339,149.037824916524,148.974038270093,148.929056889789,148.839646226139,148.892968271406,148.931236281344,148.907911836384,149.002101083298,148.947605769091,148.931292563701,148.909749903681,148.902731963327,148.971098558676,148.945082305605,148.937874011536,148.898444236792,148.982131550631,148.980965627269,148.942374427983,148.933544806321
197.48209311319,196.467919417399,199.149746438727,197.793276659064,198.205587086384,198.190635018496,198.09611322878,198.377403613718,198.071454410213,198.047761319042,197.976935478869,198.035886698428,198.143972352792,198.02693804361,197.966924233074,197.99144116909,198.101335467541,198.064716920744,198.029130714454,198.160190854308,198.030608703262,198.13086484415,197.933322088944
120.475173244542,124.614724004236,121.425848551021,120.945054196447,120.546201122978,120.534968747277,120.498713039692,120.377293134936,120.410194279689,120.453479257375,120.41060357874,120.408404592019,120.475148832785,120.412586950579,120.411022179764,120.456540738427,120.4427519197,120.417892514259,120.430218292677,120.367335783698,120.403006595674,120.376900493327,120.446122643654
80.7889291939583,86.3531667341871,83.7391688532826,83.5991869477159,83.4576792194004,83.3524676337351,83.3527007799366,83.3882912663312,83.2995153907687,83.2893185455181,83.3706599094222,83.3038703746353,83.258412101022,83.3407826343016,83.372145863008,83.2494713823512,83.2656846039739,83.3170265966554,83.3339447070496,83.3549003454065,83.3696077641317,83.3051593279044,83.3311100226667
43.6213580846663,43.2914680025496,42.2275288268112,43.0103483855626,42.8170120493725,42.7923102692911,42.7327804467017,42.7846896538777,42.8104998218436,42.8133626277987,42.8111049020313,42.7780881527044,42.8350535089621,42.8003370731881,42.7962426505039,42.7907433697099,42.7960515998593,42.7874184353678,42.7897115954145,42.7946744625869,42.7927749400117,42.7936263365048,42.7845035899665
99.9258897277528,100.585999161683,98.9899461407655,97.6533750655463,97.7406737241006,97.7500268388164,97.7206493565534,97.7251401744923,97.7022737885063,97.6968608813789,97.7982869753791,97.7209866844918,97.7044399920055,97.7402768661943,97.6483719626172,97.7744034964721,97.7084885703232,97.7476229636325,97.7232934972684,97.7411364628199,97.7137566490957,97.7398286421406,97.7101399964654
98.2253530588586,108.471076726681,100.263582501844,96.6661125212969,96.9218382441608,96.9647218067685,96.9363705093099,96.9110997830458,96.9545018342024,96.9422106168228,96.9473289243574,96.9360025900883,96.966756870475,96.9740421048624,96.9540525661666,97.007985435162,96.9420885285809,96.9653925514591,96.951563364755,96.9518070374934,96.9437461200342,96.9526711220644,96.9789957633397
74.5327151086614,74.2855700212094,74.2157896004216,74.7222443634943,75.2080238723993,74.9210657351775,74.8791264127028,74.9048303562007,74.9137921405073,74.9285535789061,74.8862356652776,74.8534972255336,74.8763279412966,74.8796451594984,74.8830537437456,74.8513610198134,74.8550724253152,74.8607583747514,74.8768963274418,74.887026684961,74.8770876873146,74.8773634798013,74.8486233257821
87.9084553680797,92.2379724142245,93.4636069854689,93.9029931793075,93.6038343837047,93.5855456568401,93.5826975947119,93.5824608209148,93.6218976182358,93.5695608957959,93.4598480822337,93.5675032074067,93.4857786360361,93.5029340206664,93.5063677817142,93.5292851902867,93.6091182580078,93.5377488597434,93.5816250277139,93.5639987952721,93.6044086334113,93.5039532573202,93.5547522643107
78.2736938512866,80.8050052951422,79.0993241706027,79.6939882406018,79.6003321338827,79.7497228286468,79.6737620488588,79.6966763052436,79.7400365158662,79.7184912536162,79.7485127529044,79.6945172837451,79.738657356447,79.6854986961667,79.6733630678396,79.6828727829825,79.6817595061385,79.6673077639779,79.6764950440494,79.6637042263241,79.6945741574264,79.6778484120275,79.7131306514889
72.069163786254,69.8881090810931,78.446323518472,75.8809755087053,76.76662515101,76.8336455836813,76.7852136025519,76.6910964845929,76.7082308381161,76.7280543331171,76.7555412165553,76.7176713561328,76.6650725817603,76.7459704284645,76.6826121991342,76.7000493554198,76.7209040518204,76.6969119032346,76.7410456722948,76.6888228610099,76.7590890969811,76.720837460805,76.7440715827635
141.181996942669,143.035561832037,141.234537346408,141.36435277624,141.237934943488,141.198929968896,141.291731358494,141.225482252771,141.230522551401,141.20360951427,141.187515521129,141.226943790091,141.261320366256,141.285381584966,141.215374400348,141.305928429818,141.304108168239,141.272048770466,141.2623841849,141.249809723458,141.250685859261,141.247140399765,141.277884436286
85.3079930227463,85.5877202111848,85.7173684685478,84.879290383344,84.4629394001236,84.3805237250894,84.5085823166864,84.403181452629,84.4650506282898,84.3821509418386,84.4142016464988,84.4556752966843,84.2842696189927,84.4263355437571,84.3318069592167,84.4168260755646,84.386496748156,84.3525931924009,84.3869731937351,84.3980855941866,84.3567469628718,84.3450372596352,84.3457807313292
107.933872094785,106.294788318308,107.382994530917,109.044367654626,108.259903328456,108.196157803718,108.227037634785,108.247586743394,108.214366195421,108.231306184439,108.279898488592,108.237525858351,108.210168109737,108.281072325441,108.239497212084,108.250439424755,108.234251631343,108.306050165417,108.2366231468,108.253359148972,108.223264408127,108.244446359601,108.236559222346
50.3382215322542,49.9781924489304,49.7696251127128,49.6242111325953,49.4064145440908,49.3904939965872,49.3591011052543,49.3542882200734,49.3353873162675,49.3075503018977,49.3195334799283,49.3182544018296,49.3277759234197,49.2935987805298,49.3052334741851,49.3017743748149,49.3091758165177,49.3235463495059,49.3143647557673,49.3134064613268,49.3189139546522,49.3048298117481,49.2956968378864
82.5766078840332,79.3652923520855,80.6882014236818,81.2892743833727,82.2675004564601,82.4593688740915,82.4024919969764,82.4713235846756,82.4358182653638,82.4454119210377,82.4723599770654,82.5600569766514,82.5215091136026,82.4753960065652,82.5096688799377,82.53660942175,82.4815932717137,82.5408159663627,82.4946312865648,82.481590226574,82.5503887778837,82.489708768072,82.5668825515369
164.384103133749,163.122158261108,162.147262438768,162.191169221255,162.547715883374,162.524015279714,162.559414007382,162.528158120108,162.563305078965,162.505508481694,162.556449907254,162.525291482748,162.533384427618,162.535808955556,162.488473217757,162.510845138577,162.522167320607,162.502924957856,162.51908349604,162.597997810539,162.482418251909,162.534839474794,162.542498126889
143.896295882687,141.589915281092,140.951575115001,141.564729543505,141.555986678698,141.559196880746,141.50558836894,141.543389288358,141.525081533229,141.505625623483,141.563329490698,141.542273358151,141.492119001969,141.4817909823,141.525187169472,141.46173316327,141.514304439325,141.496214946339,141.512589149924,141.518446855654,141.509198051999,141.530395821217,141.526168125003
69.5328216700368,65.6194210293869,65.1381181595327,65.3261889127941,65.3433305363144,65.3965346903783,65.3491651368787,65.3599888646811,65.337532929854,65.3320217180753,65.3409404492636,65.3024506327736,65.3345866215582,65.3319546752229,65.3143911838154,65.3710159407692,65.3342742623473,65.3289875203269,65.3422310025463,65.3404473668994,65.3535502086171,65.3597713987675,65.3515932415888
93.4443837624104,94.5470169724554,97.5964329152654,92.8365382613815,92.9189597842202,92.9315649932013,92.8170445598932,92.9164760201469,92.8914271300659,92.8889288922667,92.8767595679523,92.8250124602767,92.8512526123763,92.8170635920795,92.8512837402073,92.8410574790712,92.8514441137768,92.8531804937623,92.8710175044926,92.8522368210437,92.8659879131836,92.8482677079143,92.8082229210538
53.1837687437586,57.0213400144199,56.82727667284,59.5797464479681,60.6213695252592,60.8507328432828,60.8531320294515,60.8689560791751,60.8828332627891,60.858701427556,60.9250111328413,60.8692975990398,60.8894197039614,60.8907880592999,60.8880297806434,60.8300333396448,60.9011435068509,60.8610590051882,60.866432801072,60.9040927108819,60.8836186419616,60.8535039386526,60.8881265304694
57.3925476597623,56.4584061189689,55.0002911077079,54.9928767288339,55.0112677989436,55.0184623727458,55.0420814349693,55.0130496167843,54.9994359296242,54.9853848362233,54.9962420961648,55.0024068601373,54.967887316434,55.0085169553895,54.9866585389434,54.9776393654751,54.9953561853884,54.9618058390271,54.9838735474012,54.9791625209562,54.9819205358551,54.9809033783966,54.9936830620534
193.409106844033,191.873510034397,186.808882148127,186.736825463699,186.030338206208,186.004187253283,186.006059425538,186.048753656175,186.02550206295,186.020552211124,186.102866499506,186.023943407581,185.992946535327,185.939135338444,185.982127339221,185.967684395568,185.944811099011,186.004836300005,185.972483400889,185.970056914024,185.983460242022,186.024443863169,186.002418171562
50.7677328268773,53.9998065130069,53.5946015116221,53.6723064481625,53.5696231909839,53.5775657236191,53.5853272164295,53.5711251760126,53.559257147795,53.5715203841913,53.5984381939031,53.5639917607787,53.5791051317533,53.6296855058124,53.6218975051413,53.5988951191202,53.6035869323081,53.5950956925241,53.6172875054268,53.5727531774446,53.5714055437195,53.6052107986096,53.5919904171615
66.3002547022989,75.2955554453571,76.8797698886234,75.5727659413963,75.7743235795901,75.8114725815814,75.730720382462,75.7032151517306,75.6980063618144,75.7623025830008,75.7190770506917,75.7668343610585,75.7093462226226,75.7349974280161,75.7221311320909,75.7302441979788,75.7697157652889,75.7814756857801,75.7137872972421,75.6888181257431,75.6939835417592,75.7406852032814,75.7473634317564
68.0089211014247,70.173475831748,70.4687203555012,71.104898063267,69.8344616082944,69.8065179832328,69.7799271998645,69.802084729983,69.8105720081874,69.8442071847914,69.8105708600304,69.8565691282593,69.8148122485969,69.8276517623755,69.8213593023483,69.8491205351202,69.8315743168232,69.8018772429932,69.7809046956081,69.8125440309677,69.8107677679793,69.800069233606,69.796786261193
152.375449325214,154.744435634102,154.147556253665,152.891283176421,152.751617244037,152.763876364229,152.639127898422,152.809030989389,152.686014109624,152.746214316586,152.635216674939,152.742665775001,152.765302830734,152.689037477913,152.734626572245,152.615697990596,152.649841863207,152.770209915737,152.706094978246,152.680375670793,152.649406260919,152.677600405775,152.664362438662
96.7177272408833,92.2081844683332,89.7107480767134,90.9618738170588,89.2988423115193,89.1114943601313,89.1465087070967,89.1748877986851,89.1531437818662,89.0940942797555,89.0717183968223,89.1492919503906,89.0803938895736,89.0905854634343,89.0354992738396,89.0945097533803,89.0550042914331,89.0668132746857,89.0709190978597,89.0956390249047,89.0658534773868,89.0974896169334,89.1263398544387
145.500045139852,142.019578572214,140.635698699559,140.525637647876,140.584013728541,140.549770186859,140.503195217279,140.489019673968,140.51166216643,140.576671452554,140.537770621912,140.476350619155,140.548296358388,140.577759969178,140.578911811406,140.531122834202,140.52070995939,140.484743445728,140.538340084651,140.505098554255,140.546685025237,140.54571523584,140.597225153807
106.848297513641,107.5269554481,106.464205432727,105.276428741309,105.180763319619,105.152760542118,105.061912700262,105.087407629434,105.067095943402,105.00855910647,105.094237602685,105.05911584152,105.137128853204,105.090303406344,105.116042829265,105.071953929439,105.06425571162,105.066966147369,105.071177872491,105.044322178676,105.041394838527,105.058652264815,105.06351989434
