"V1","V2","V3","V4","V5","V6","V7","V8","V9","V10","V11","V12","V13","V14","V15","V16","V17","V18","V19","V20","V21","V22","V23"
320.351651512768,335.176694141557,331.121343882241,327.761811764545,327.598831594571,326.702404000818,326.083155707921,322.832700430141,322.845704376751,324.521187606711,320.777269147215,326.381960626205,322.445106878378,322.218474141047,323.1353544349,323.09565893997,323.25461283807,322.199479917346,322.873995369992,321.85673262452,321.154595051752,319.704073964578,319.389906060392
314.906298453341,304.521078734874,303.353311107398,302.999232803028,311.846914514114,312.824129954939,308.921812389244,311.518953460485,311.528663152986,312.242749954795,311.836499367379,314.611871440837,311.8387553171,310.76332445001,310.867350892626,311.041574665322,313.098775377716,312.883778018355,313.394516263186,313.618335013605,313.037221940119,313.915500345436,313.697287405264
171.030588605418,159.312851152618,164.945187969389,168.066626507428,166.873754738786,166.66051492527,169.228003242622,168.677997654619,173.47710365575,170.119541247336,169.759201510127,172.314173822378,171.955962194408,171.481849288467,174.036935234289,174.579300322372,174.741694069792,174.926433426666,175.226197690987,174.463401310992,175.742642284759,175.077982015354,175.628854365341
207.601689848024,191.587143951676,198.562609242587,189.806526419129,191.510550624895,196.11945634074,189.895797347797,197.419762609768,198.170339224338,203.637001020663,208.903279944709,206.310696985152,213.730017221232,215.095016594371,217.428833214542,218.257177526378,217.987682230689,217.036229582453,217.896912896362,217.482547972978,218.108562374975,218.011636574515,218.114594996064
168.689865662708,139.942380686889,135.282697709369,124.051369081199,117.352080396715,122.035578350717,125.236588063831,127.725545574603,128.432897001448,129.182876116452,134.991491162386,137.448429231652,152.304814783223,162.106990576161,165.344066586245,167.563188008325,167.31184516539,169.183957656132,168.095212460329,168.704817811277,169.451420010466,170.281755373666,170.282472561031
130.366867259215,113.166034263409,96.3003169168332,102.721154781819,104.887696986041,108.268783322066,112.956059201959,118.571499388144,120.971258181621,129.738261044488,131.429975021356,132.647778998103,141.461941356727,145.37093905564,145.290966875342,145.777000793307,146.362086606566,146.474132575996,146.253010819567,146.652616250832,147.146748895467,147.436560986209,147.072259598858
279.391659386884,272.986435457961,258.06931167181,259.576166048932,253.982709941743,249.145962462651,249.773562300761,253.239701125044,255.365514176034,253.470091248871,254.203451925041,256.686843101581,259.991107482451,262.539698218083,264.385774804018,264.937415761071,264.537796274828,265.045713945485,266.229616060771,265.589334366062,265.700023567923,265.271923315618,264.593634857194
332.546162698139,325.753101950873,326.536769202389,322.255498632642,321.179817807888,325.011155493814,328.838276083085,325.598269890732,325.279650787618,326.121956140333,325.607027912313,327.361781086378,326.821058673812,327.456959002813,328.394610210259,328.953725133747,328.516555766406,328.031303467219,328.500859538669,328.905827569714,329.525152187239,329.435375112537,329.503307716482
122.262629645199,119.757018075147,117.397373826259,114.125613743822,116.711381283801,117.027406346898,118.136353515428,117.39980235911,117.363061778179,118.210047185805,119.019288464892,117.82273329195,118.793303042344,120.276610661455,121.137247391864,122.001640620232,122.57878350123,123.265192495926,123.069380685497,122.597640938173,123.10584170917,123.021983713722,123.323782842834
180.203881750969,178.362657636058,173.899684247126,173.98423992704,182.669729259456,183.571431474342,181.987216154629,183.684510369357,179.991961388856,184.89867153437,185.650547001775,186.646993543794,186.418970874639,186.85999671056,189.073564024255,188.386218193627,188.383160482928,187.937655901546,187.766471802364,187.848308733514,186.284718681071,185.608165978689,185.58027476756
129.318650363406,116.784029019064,117.298941812031,114.966309858586,115.238728832932,114.041170068569,114.683051035371,118.015197828767,114.920832513655,118.292325209514,118.204529191953,118.829172664965,120.724501124669,124.927506112038,126.618803311621,128.07074132088,127.563208011795,128.146322519943,128.101685742742,127.838069539607,128.439576605326,128.546183474446,128.366421586763
164.38136981877,165.458855923959,165.671117622267,158.546037692802,157.189550318098,159.866009958119,163.181883916587,164.769343278239,166.286983369319,164.043812894265,168.308082570127,168.677167335891,167.385893031451,169.629250279088,170.623161366877,170.734495867821,170.527937362118,170.194124854827,170.078638141948,169.961863887051,169.52491841037,168.847842044594,168.525977069147
156.978044985383,125.876989543103,120.632235819733,122.83105160645,132.242736176265,135.916016186487,146.560020056072,142.57436756604,152.162144030509,157.513194586197,164.734790798781,160.906967026394,172.11900041647,177.18295532536,183.756334008347,185.621105742351,186.40381969372,188.938559385382,188.071344514489,187.436657351254,188.484714744983,189.019874401975,188.981704190978
381.634832902202,387.015683552054,388.732808312193,383.756672972602,384.766480202023,384.02964949236,386.956870202041,387.949966729518,387.449584302293,388.031468713524,386.731426047888,386.66742278542,385.53268836765,384.971615882978,384.543104387615,383.081338721142,383.545982776615,383.139850633523,383.361090918988,383.051418034246,382.8545718504,383.031586946286,383.161043315446
151.059376926608,130.39264270972,129.334045291348,122.186578203163,121.28792726197,124.844983828642,126.177543605977,128.526075946588,132.395279044659,134.355209203345,132.987604553862,136.622570612394,140.508632975097,144.620367859468,146.214554599363,145.036184357191,146.465449381752,146.346461868757,145.9701879045,146.558785436605,146.319778497915,146.779106070785,146.840537428662
148.281860153444,143.17474832043,135.851015324567,142.169115628176,140.172054918018,141.948388747189,144.076468785468,142.392210444656,142.90727520152,143.350471920094,142.250933502984,140.803156421091,142.142103553333,142.126697280079,142.300692665959,143.257932350215,144.158049478038,144.203946069824,144.523360700635,144.188726274611,145.636234353616,145.831377066561,145.993807121844
194.194234065244,172.071440927568,162.868917286933,166.940269937461,160.613271772643,165.080126678169,166.774547830581,168.617959522907,170.101751133702,172.398390537657,174.703001879339,176.885689569022,182.564504889354,184.794510516012,185.488777427859,188.354668605104,188.095754641415,187.826457471599,189.258895393853,188.089767316479,187.968646202252,187.863793388868,188.008218315892
210.996380195975,199.788128931311,198.218125305541,195.229191553668,196.96347939163,197.594554830234,197.600337658419,203.281627106195,200.592318283162,203.269982254764,208.30373398559,206.241733005107,215.455052134358,216.344647983665,220.795896818009,220.38042563088,221.303814046456,222.991835712942,222.687792962,223.524145987599,223.562597106547,223.711169073054,223.675658419981
159.044308940347,136.778464866425,133.053304422167,127.571328538123,118.578549317289,119.386879498694,126.699913848614,126.570962429118,127.26064486694,129.739144005959,139.911652458963,133.576882157134,147.710520943087,152.203919750702,152.390486746074,152.833505723233,153.63417357153,155.174327803901,155.175751697064,155.682787005208,155.496968523562,155.576157037605,155.511256549202
110.490089479153,91.9060395367019,84.3273540232918,83.0215195672106,79.7823337810154,84.4130408680938,83.368031303832,84.5833147212803,92.5367755060819,94.7562165147273,97.9079553648411,100.805779369215,114.376269948586,119.809051334173,124.358229393018,125.123368211292,126.085640361355,125.146042018439,125.745198261398,126.747757975698,126.361177485949,126.266817795285,126.3019810393
249.689555340803,261.626489621343,252.618348067817,249.499227810871,243.991452979652,241.631492803447,239.92056497638,240.113157769281,240.364991354398,238.513230499648,239.7600932755,236.437522041277,235.965405614614,236.431628837193,238.800815542483,241.071693199616,240.013657932634,240.673692306038,240.493046629913,241.653106106102,242.841662213,243.906886761429,243.762156328261
147.956588690339,137.503064354309,133.024442482523,128.906529360875,134.429507563994,128.423275315489,126.876886185804,130.173617903302,133.519210486066,134.809897093873,134.741281714011,134.883292302074,140.005191455144,143.36452290213,143.694671563782,143.690080295618,145.282584548415,145.553540824898,145.486331419075,145.223542135128,144.873071216859,144.592391632492,144.829549291629
146.569231154647,116.528828208975,95.5760069057299,99.0488410293259,94.2576235953936,96.1898980504027,102.68045952562,109.172291350971,109.680265130501,109.31590699828,111.053178065655,118.092399211567,125.59315188479,129.620140872539,131.944539546697,135.811759540772,136.813825164908,136.412923769522,137.418700445602,137.246217968148,138.438625083616,138.451010197209,139.018157617885
156.009431223115,134.527152139563,133.449207866482,135.456990363459,130.330616407754,132.988574965668,134.087283258182,135.882737733072,138.669374060881,145.058572576905,147.183175571818,148.64337959683,158.987928781701,161.984914427628,163.887162891072,165.565043549084,165.77028127456,166.334802703341,166.180494879004,167.413220320655,167.633265216952,167.874073115229,168.022905313969
220.295597583542,214.869379158587,218.57156629468,212.748808186503,208.270784045335,210.127893787902,210.556358531278,208.040688262705,209.110004975822,209.296023768461,211.667907370647,210.747502641994,213.12307964899,215.243709723428,216.473173941699,216.959900540439,217.688541539632,218.981049642081,218.660517262741,218.751418619708,219.341721166709,219.134205203618,219.491915522475
260.017737204421,265.463925535569,267.427799747039,265.828763296942,268.206971262462,267.485345599148,266.735280936317,266.494936980697,268.782168821006,268.638011182458,272.190939203946,273.274528416242,269.024855267318,270.755448096352,270.428806591939,270.011591345991,269.118135404875,270.11356186664,269.104531019463,269.688841393461,269.555392094173,270.136703302375,269.837955870572
138.914915068003,114.612940664022,116.043820683836,119.781690738718,119.116195662426,124.59023871647,128.924353323491,128.403290792581,135.510106715923,133.565078463445,140.309951527193,139.753116583032,142.870728657003,141.008843267356,144.641750978611,146.032505802144,145.787749028439,146.477548130703,145.960578154539,146.070436929501,146.976337803953,147.355360801001,147.35789947219
175.783319766305,175.698877507734,167.084213558944,168.997204010714,176.74529763989,183.721978458528,176.544625410345,188.187929821947,185.01987561855,181.873534277567,186.64236056068,188.310767687661,196.810615170985,194.154367152454,194.317583807433,192.898032636686,195.44771156897,195.430142465707,195.210825385945,195.947751378118,196.07391663989,197.442726468448,197.641706430669
316.222137374096,311.315798798419,309.168114186809,306.975978021294,303.077417409112,303.286648531116,306.972295858705,304.100721759356,305.416407577009,309.535363326679,305.755220186929,303.023512313843,306.721737801337,303.293620700926,302.603171903912,300.189267876978,300.79117716274,300.007540304569,300.11794137774,298.70682203668,298.897903095832,299.313516822323,298.799917983924
226.024165612333,225.300685476953,232.22859549678,226.765819674212,226.910068615349,227.115820471019,227.668513886887,225.693285694867,224.252385151621,225.21145421984,224.434971948745,224.785296170909,224.6216685917,222.148842669486,224.721555763735,222.750354691077,222.950586338971,224.226364198848,223.770538412664,224.73198628994,224.383694359582,224.419581619177,224.712875237243
232.482615304019,222.68503005749,211.011809966749,212.367592362004,209.527874091348,212.022879368177,208.599362824985,208.658438191032,208.997014707618,206.986945358529,211.261755573399,210.527797171281,218.78505133075,225.887978605799,226.754345724078,229.267089364168,230.551505337306,231.25034161638,230.792456515095,231.241271349176,232.123254378079,232.540586468893,232.691123304944
131.909299928941,119.01031903091,115.584057135246,112.989058280982,109.257675689372,109.913232844434,111.464078760656,111.461285651727,111.411974603425,113.946619318824,114.822112305156,113.249243092879,116.84964310531,120.760446564339,121.143169030941,122.399271808488,122.37226956364,122.341024656456,122.948039753145,122.676150999146,122.706481896788,122.874255955557,122.97065778071
230.431385588812,223.708088146114,218.282568664188,215.511811615085,217.693724656588,214.870304471565,214.194270001993,214.373283341881,216.114271159813,214.906857403471,213.397365913801,217.488316427635,218.415510910136,218.768274168678,221.423226760685,220.66385633725,222.670289229128,224.062906211875,223.383033111869,222.519574500206,223.528832836066,223.241033758458,223.336402615189
172.94585380073,170.632044721144,166.283026532491,164.76992403587,165.86010831461,169.941975085116,171.688120787357,174.131584620758,175.256314052395,175.788214985126,176.395860282515,175.772970195626,177.121021821024,176.788883065642,177.805150163451,174.755631844721,175.009010281514,174.946558140374,175.159670253428,174.204736747408,174.166732970822,173.572553101734,173.563692005387
490.228100513274,478.13159251862,495.618984243812,499.741941217548,495.737322235774,499.717038448393,500.208221391756,500.458493161661,501.887118366368,498.41805788521,501.600292380348,500.477004558782,496.880383734486,493.377105372132,491.741697035455,492.304158891351,491.688513266769,491.800238945558,491.255879747174,491.953561467087,491.280190818005,491.481401103941,491.054253708561
73.2419776394754,70.9844359074588,71.565034205382,70.9496577590919,70.7797002751782,71.3088471428727,73.4863204731114,72.5748221158053,72.3290467085975,72.3402988073834,73.3225102963751,74.1369942396693,75.9684587351792,77.0332027364013,77.3427306171725,78.168240104391,78.2227773956871,78.2213655826592,78.6695921573527,78.6441306670383,78.9823526576072,79.3410200796765,79.3021412554565
145.836204867356,97.0395356145857,98.670305750041,98.7230451292381,100.812532706598,106.727826556119,110.585132731099,114.056361397848,113.546181275169,119.866909766697,120.132337893773,119.809248855337,129.087355647062,133.914830635766,135.928248156168,137.817074719072,136.889607303961,137.570352517736,138.113564937924,137.96266444281,138.687032449148,139.237766288293,139.71022387631
196.677668471429,184.359358314988,183.063663624285,175.675102299016,171.294449397541,175.08718343651,183.554373085744,183.445017525179,196.333064079593,192.312764580137,192.751870360949,194.506889418289,190.624178053614,190.799038587719,188.07478618229,189.920325949643,190.635093408001,188.349413774337,189.756986521631,189.963230805561,189.03268450455,189.179811545316,189.264586154192
178.491810565732,158.792711306464,158.697505125811,163.084022594193,161.500301366712,165.191796091235,171.37259623677,170.883013360775,170.200923784204,175.368144046583,177.462393265737,174.703026955734,182.127192725455,186.405117535179,190.35272852134,188.623657934661,189.817366432375,190.687581976856,192.021880099987,192.145360235396,193.049584749626,192.54929114073,193.113345489636
297.028085784657,300.971077080636,288.510391309596,289.061938006907,287.70745713563,284.602792986194,290.346531500299,291.09619864143,293.616354588598,294.734734044516,294.345975099745,294.395656669604,296.810938899683,297.321133877398,297.193136940051,297.633287659571,297.75558476836,299.020164214121,298.552411115986,297.889214669675,297.906329746518,298.051043331596,297.877777779921
322.742542563881,323.004503859235,319.501183148759,322.410404264735,324.197942192603,324.797128985703,320.516955158054,319.352270314282,317.50554694311,321.036267361656,320.96230492522,315.679535404573,321.033602784041,318.844583162463,321.027763159279,321.259981612294,321.176109071998,320.747764976291,320.50570710673,320.704845020956,320.741111703689,321.130015895429,320.910794026052
171.183749803618,149.343419429332,139.102765643555,135.4203230693,135.929829986684,137.333509032887,137.753370540547,139.557399994741,135.582999247836,143.838731200171,143.475746067558,145.024654372363,149.420235050134,151.69181710483,152.973902221536,155.937036414421,156.076179928902,156.491543216183,156.211155641028,156.614791459185,156.793562958849,156.353254018388,155.869372295726
113.58860597146,109.645883337419,109.978656308314,104.742391917377,103.902380027245,103.212033353773,102.205037686775,103.455137574881,105.627642937902,109.588364396838,107.923917304313,108.764396796353,108.044998149149,110.348262677932,109.85965730014,109.318256005353,110.06998281405,110.41048638667,110.473734304186,110.207493595743,109.984528539564,109.967882156308,109.87219730841
216.497877710043,170.158482529656,162.496438488174,166.801778515105,165.294586426487,166.316800044408,167.096260811645,169.285343130989,172.571182434331,172.35948762699,175.976063710136,180.66774867768,195.131669677506,209.380381142745,213.512685805887,218.680344948434,219.767970414726,219.916416062911,220.981043930083,221.294879715029,222.612119958709,223.476853738839,223.924842810707
268.536280969479,256.772617850295,266.907004972341,275.420763673781,267.149807271429,260.113295550087,262.709892609624,259.509421038088,259.121223435038,263.455146765251,264.525428272868,264.204088859182,272.590224418696,276.6015929702,277.476029170209,279.06869309797,279.078511735048,280.265540360956,279.807425276283,280.799086198592,280.068821369872,280.266777997428,279.776416002021
148.058359160335,140.234203829737,132.847386456658,137.135617516546,139.139032317972,139.743466431598,143.038767163063,144.91569285424,140.803594332324,145.982504299802,141.917080210542,143.448954774228,145.197140410958,144.837471523592,144.677245177687,144.241266459439,144.298878346541,144.128278607189,144.545571217997,144.614800400733,144.285050054184,143.869061242766,143.809679086048
179.706843727046,183.141057344837,173.016845959038,164.569425251193,171.090354851382,166.980369588703,167.448632913146,172.888336126498,176.223719755919,172.056729153417,179.325912995592,181.52450685481,188.049877877055,188.865938586142,191.924363522804,191.73523249201,192.351110620313,193.364640495424,194.055580974565,193.233476231285,194.155927679091,194.101515555534,193.938894099539
306.136465200198,302.779922526484,301.784349717536,304.908900620479,301.572633264938,299.344226505285,305.210874352113,304.337558157456,302.884491099589,303.104579188533,302.150265851546,302.451506693434,301.626834839033,297.979021020785,297.102869978708,297.533558541102,296.131056103488,295.576915233726,296.474772187703,295.489575425937,294.813837609493,295.246616797515,294.175052212173
196.675725964285,185.194724142846,175.800474717765,170.415825468458,172.948022687969,172.454062585947,177.069106983525,180.602476137865,179.90246780264,179.285383547505,177.132916291712,180.562652458172,181.500900227401,180.70883868794,181.739771649008,182.632625500487,183.616776928997,184.011602388094,183.755352874446,184.303424068643,184.172704672273,184.433345770023,184.217009849443
126.623684745101,106.146454079482,104.482592496627,104.579075187674,102.13918011805,101.780305148569,107.379221441313,103.736326342293,105.045978564811,106.654418878249,107.154647097023,109.314326108146,115.217827315872,118.470227287351,119.42519351789,122.490618692882,122.948025897875,123.5670138675,123.520506671876,123.295894075211,123.811981512816,124.851454150192,124.835308302235
295.097906328623,284.345323903499,292.683338291342,294.550107747127,293.685613591094,298.835365862919,294.4304220772,293.574224526697,297.810460629014,296.039636422621,301.372008217998,302.377440194251,301.521926571424,305.845927480747,309.399548464612,307.885316743236,308.599998526043,309.027950811002,308.997812194615,309.481090470413,309.679842727938,309.436820876173,309.327900302084
206.476521927168,216.080263769781,211.098044230965,212.558848357744,214.33877517997,214.185873289991,214.060101992407,217.449894503889,219.340250502831,219.319010181679,218.992017250615,218.399250363222,221.035695674718,217.432930262688,218.841081491643,219.234693664523,218.38576791688,218.06623597079,218.389236293788,218.916107689378,218.650371653263,218.630928063829,218.645498534477
196.547274962364,188.888243104464,188.373563057104,187.525028269041,185.056753737207,187.103087337912,183.914480135063,183.960512466671,185.881061014983,181.760062305647,184.911569637696,184.043514893127,184.566030848854,184.859452203021,185.534040423831,188.361927482231,187.634385158432,187.72767967324,187.68873314536,188.78308047888,190.279013110517,190.244957568169,190.216140504236
128.974577278858,129.377300271561,121.038085054314,122.761327182229,124.630041904947,126.381433490731,127.232409392712,127.613650550344,131.029229776714,129.428223296536,131.85880293704,127.136440198187,137.258043681409,143.896687017387,146.990546337243,146.920903112904,149.099719302725,150.160506126501,152.697890839237,151.110023834834,153.378380736697,154.063444826597,154.292762533016
341.821557850323,332.823390840784,320.328484304216,326.914215337094,326.881563502321,328.107389866431,326.669612798298,330.029227475748,327.443528980059,331.507356937953,329.049694698607,329.519336774396,336.255068709999,338.504990266426,341.538976700467,343.307309957649,343.376361593317,343.841269483907,343.876475755962,343.723093982426,344.066233672946,343.808329768575,343.550824694624
185.029884216526,177.295671158301,180.048705487004,181.216090086714,183.307902060877,184.33396036171,186.104060207868,184.642288374482,184.598972415032,187.003859419386,186.640722289542,185.908566791908,186.184669877383,187.630222852299,183.647191847299,184.965285285668,185.958163225259,186.601844155285,184.722622202393,185.116980876429,185.226838682151,185.191228348345,185.610365459905
217.401674207614,203.113635744865,205.719105803207,206.800147796928,206.671727196182,210.517707219249,214.545317132514,216.625799377499,222.539928382748,214.053450846332,224.775611555153,221.287464100726,223.417891410313,219.785669603614,221.931853780725,221.501208325636,221.085967693983,222.217783745031,222.400769578745,221.826970170767,222.228484250533,222.927762839173,222.181533032538
264.718786095053,255.226327161109,263.764456615544,264.759276037341,261.722947544386,260.353787399523,258.10695600812,260.090814851901,259.266755847693,261.099826197089,260.633889260049,261.910010084961,265.822050458148,265.929401876522,271.096978835231,271.398135033145,272.953630413395,273.582308284022,273.367685790356,275.004750856864,275.195184706701,275.40640041012,275.319589999651
91.8251952808775,83.3343278726605,83.8702072178643,85.0868066938647,84.8503243950169,83.8244727713804,84.9057099397908,82.9823848063776,84.7440498876012,84.3547051540455,82.9298478905507,81.9712630875123,81.9607515286677,81.8746206845322,82.0341617350924,82.5885021173547,82.1249545456477,82.124595754293,81.8793477888321,81.8354312716327,81.6327051842362,81.3491415629131,81.4155272221784
84.3120790765987,76.7005132268534,75.2789786461301,75.9160259663558,76.3398834410468,76.0760141937286,77.0516644947915,76.5127994802418,76.9425974469497,77.9301810728917,79.6811673804153,79.5664567791689,80.2297661900762,79.1836534796384,79.6197638139055,80.2715510771058,78.6564145225234,78.1789087855155,78.2890847903672,79.3153038844727,78.7851690002247,78.4087061465697,79.0592024520594
324.439211877151,330.380113034562,324.337036225981,323.981759393836,323.742072239386,319.279842566557,321.057949959116,321.286396091023,316.349546125377,320.18735192846,322.465833284197,325.437758679055,329.68608598364,333.200637374503,336.514761079211,337.532483765224,338.640591780778,339.587199324849,338.331238089144,339.592826925183,340.854368634205,340.996243153771,341.458729534366
78.8037823009316,71.7794777187127,70.0625215809171,64.5339241497742,65.3207452246729,66.9711035792744,65.273477907693,65.4571738236442,66.5120113959267,64.0547299365954,67.7805029392852,66.957591822821,74.4235854099144,74.3389225538679,75.1245840556817,75.9321242600087,76.4988952755431,76.3045354170725,76.2190690780953,76.2041301065746,76.7517841536909,77.1270627370762,77.3025588247636
160.733667361227,154.332321563275,153.370326621341,146.579210998845,139.612777675027,138.862573146406,140.027328365208,139.395153667631,141.117685319375,140.533905195485,142.459790051933,140.629448469397,146.206398956463,150.837797101156,156.292992465955,158.821904934683,158.61214644655,159.066991868449,161.775237919015,160.869437874681,162.441841291815,162.958306965157,163.362033953771
129.190392501948,133.228381087593,136.270772047855,136.656909297628,131.425150353151,131.78582319322,132.804838059597,130.950986429292,132.414229910736,129.832485626549,129.031559038896,130.87996236916,131.226778209872,132.35502881159,133.7377070462,132.82157592615,132.681889543631,133.498028998663,133.1400207614,132.569422224885,133.347019791831,133.715960620559,133.502700405312
173.444240919279,164.304286536974,159.070114583213,151.621416149152,156.6895102953,151.277651398312,156.268550210474,157.921625340078,160.606072750843,159.305742974793,163.852296174902,164.742123702127,170.264073653289,170.7628194937,171.011508694762,170.382229226362,171.416005389584,170.227975327359,170.51120396932,170.071466262569,168.558723392981,168.179216216236,167.536287405563
313.459750718205,315.220837651152,314.208352080751,312.156880680305,317.277661002446,319.151744870071,319.217895425192,319.324748640861,316.446169000026,317.339973018956,319.764725469274,320.231048357183,318.881067159173,319.292983842957,317.088155462276,315.996678664983,315.098523270096,314.319817624098,313.835761744269,313.436887951697,312.986144648905,312.037351223221,311.511619006615
232.087402291749,211.064097244202,211.7791098686,200.065931385436,207.546263072643,195.744444137212,204.814596129747,208.80394384125,208.792348674358,211.165920502388,210.372092403092,207.549876796647,215.474188976617,221.485814427604,229.984586970845,232.415732863282,233.111935331005,235.315744279063,236.315452108516,236.918151098012,238.211842081726,238.740151060285,238.330731732792
239.949263896627,227.468684218408,223.781209288111,218.469829996262,218.776737687983,225.84736538086,220.349707310364,220.38851710814,224.108018798558,235.112454816349,224.936890464992,234.51035473437,245.051316754603,250.899288342677,253.275968323587,253.167454043951,255.027547204578,255.975708192031,254.906236778689,256.356928647174,255.771235894942,255.375986731871,255.362380051178
130.555846908239,117.328689830309,104.087974818227,98.2976352913521,97.6126884971445,95.5180806921924,105.63255230085,107.779802181258,108.891577229522,119.528032318104,121.245751811259,122.952424089118,134.239379859706,135.630230462068,138.538166016042,139.832261919973,141.960138035297,142.248310504867,142.402503759558,142.175260668479,142.231670605293,141.226134390244,141.59609355615
169.279085785393,156.497075669693,160.603633013247,158.511474483062,162.363488972628,161.532229972217,163.080681466215,165.32962419491,165.120564856985,164.019105814514,165.897228118758,165.644726865992,167.343127699375,166.146622131276,167.237861232252,166.524896394102,165.88954118024,166.301585380926,166.640075692579,165.9994947898,165.832421792321,165.342077412223,165.450038756322
102.139285951188,86.1201638582841,90.2557354153318,90.170741445998,89.7385661903011,88.9244445211557,91.7014913532575,90.8343787040062,92.3494544790993,93.6318443086959,94.4990642029441,94.87573238642,99.0833024917761,100.177719138374,101.635557113708,101.607234107797,101.972333406262,101.650719299301,101.193783702798,101.997868959418,101.845758500079,101.672209382114,101.475372081143
230.375785741024,241.204640817946,245.210294734217,242.96106196157,237.013161515726,233.512298649645,237.66681086016,237.006499214981,233.13238314898,235.343566777876,238.254226525894,240.501424924715,243.966442306186,246.922909786605,248.038840344507,247.641455623007,248.818886029477,248.688113913927,249.223479234455,249.181033079807,249.922902763671,249.735267104615,250.1099904823
300.078521307144,302.768822304479,292.805089924256,292.211071825436,291.265961064427,295.145861501088,299.271165818175,300.755812243912,295.524672604738,298.319938512649,296.447100674989,304.183088349995,298.677215716366,301.855107061772,302.152157768765,300.691106156504,300.370647622897,300.024720367356,299.560324670609,300.222763348496,299.903619848864,300.614738601277,300.77712347581
101.833273555487,94.6892950798463,94.2555259166081,94.8891707078111,93.0119606975845,92.3252809662317,94.5070534839479,94.0980704781965,93.1694945572124,94.3403050690138,94.6199992581771,95.2992367439957,96.1822458519462,97.4148927087082,98.2578782476578,98.4923850362579,99.0420812320487,99.0047458337879,99.1994849192505,99.5189114944033,99.5662771589236,99.5881131742841,99.7244675259805
233.985612762287,238.500469277769,229.675335347619,229.961705034618,227.346376030395,231.196113139135,228.469226930313,229.140055908773,228.636304026534,227.636115222727,229.356468491302,229.286834830506,230.898313152807,231.663532170977,231.903468804747,231.973999761624,233.121365465797,233.037041865057,232.914956231799,232.926717868105,232.960250489082,233.240659642936,233.488184981995
157.29331972255,144.983176862875,142.26550718844,145.718494678228,144.833290997975,145.811384356954,149.370271695862,147.762980304766,146.914258404742,151.058064375762,149.698432609853,149.83408053064,153.07624526647,153.592622426296,154.881222807427,155.72838605967,155.970072104301,156.595499964302,156.652535972714,157.074932777234,157.519334775516,157.653807107904,157.848845495494
164.551887296272,142.053000269574,141.272656568673,139.574648833859,137.521830439923,142.933547429792,142.105701449114,145.773178446599,149.9267227716,152.001815287112,152.651393437186,156.318848053493,160.850998603456,164.210927386365,165.718381711742,165.147498000226,166.343202995831,166.147468747886,167.690226916996,167.602154595091,167.966510556587,167.683709421553,167.91488141898
217.362277134198,214.063529818409,207.18321971465,206.95459105635,206.352567244779,202.792541129572,201.121109115699,203.248412923983,202.388160643489,203.02590034032,202.692683253807,205.3264963512,204.575111219193,207.404025860732,206.409679138802,208.008904191386,208.533910680415,208.963026460781,208.780781016024,209.478081038163,209.330941594627,209.17782687818,209.093345533612
157.066417826343,140.912173782215,131.383310448395,131.01130476661,129.441136591023,128.604696379442,128.733903628123,128.836111110263,127.249083276358,130.827192557542,132.745721125549,130.946055019272,138.236386228664,139.2477471641,140.965839224687,142.590175945275,142.131704185108,143.374508516072,143.133492513057,144.027706799108,144.402137555719,144.857306758963,144.73310215743
159.873209921124,135.694787795459,142.009202655413,125.20969195187,126.330122390444,132.093243414201,127.724494836607,131.009764678916,127.527101166624,131.990033841912,132.212032516561,134.677366513481,141.331152936175,141.562672660162,142.979271005035,144.230482812842,144.497534174274,145.454837250821,145.740924239229,145.92302342325,147.039586790978,147.161041232187,146.855697917031
487.45561445845,509.446651109239,509.561061302567,504.311732827066,492.100024481273,486.311548251162,485.657360997776,479.589223865238,481.485152659891,480.177969383816,475.968706619949,486.76847249012,482.365215935305,487.628281007636,486.080127669577,480.987164496584,482.98071108041,482.65419549706,482.071533946955,482.224801565377,483.484725927005,483.208906435252,483.76667087604
460.143787337253,476.219814582561,471.83208704574,477.571001867936,471.516248789944,464.863531119063,461.822382941537,463.413808365445,462.858009865887,451.911034853402,455.093504148506,456.910424332852,461.049558922681,463.896509680039,462.325888416882,461.395465032517,460.474319206396,460.03230531677,459.831747447185,459.609752691139,459.371627045098,459.648896650585,459.564778483534
148.804138860509,126.691775987217,126.750635230784,126.352731366553,122.647428246318,120.05166613715,121.924758990834,121.454675906451,122.636499965709,123.571804315211,123.60190756551,127.146560232169,133.238108611597,135.902180001179,136.492534405077,137.527041517366,138.115230531883,138.607063248262,138.535425104499,139.411454497772,139.582308368691,139.794346902125,139.894399098339
201.124844166888,183.909759737354,186.596559113977,183.311704661948,183.535651161715,184.46223770335,187.028223332251,184.444340728556,184.286926255878,184.028041603633,185.409625876092,189.4639484482,191.545086660063,192.145984554746,191.577941055362,191.411439826302,191.306706394084,190.554104212799,191.304007630742,190.051528090825,189.876839292159,189.94922439026,189.933533075695
286.499939204149,289.873063292514,284.184040656534,295.870003980772,289.901319790105,293.373460327236,291.429169403144,291.329775107093,288.657500846729,290.828187124175,295.403457559344,291.405419551751,293.519729063297,292.108998519193,292.441253354088,293.010848448921,291.524196502383,292.640781062004,292.680154297393,292.218711318231,292.421155963059,292.423165331143,292.454250893466
209.98063505577,187.471027650369,183.752096972344,185.709417725442,180.8204210306,184.319056083422,185.184565706951,187.98748233424,192.015104126232,193.633071878616,195.142887365576,197.232352653751,207.260429170989,210.329358018835,212.603192503994,212.635309323908,217.127107192519,216.386205683062,215.906269108302,217.4351049997,217.759647111746,218.717350907969,218.686602357227
152.417274606404,120.403373672448,118.965185769246,119.714415968394,122.460120724118,124.190310518032,130.213888931312,128.910642453533,131.172508415954,137.215985428344,139.093371254775,141.012820010394,144.307510772512,146.006262925094,148.29460055757,148.697432195847,149.709925973056,149.513007384123,150.409885350462,149.060070392812,149.49863258495,149.514233030651,149.140016351257
276.086135889725,269.97203103732,259.395428361082,252.804229646082,251.233233900695,252.310463797362,253.920636482787,251.948536220201,253.441598327578,253.0257315944,257.05903414279,260.02250661405,262.421892830532,266.762401574406,269.700674731925,270.911634487895,270.882970493388,273.0246354312,272.03398330684,273.592695814358,274.516421852227,274.791719966089,274.580916053109
161.593018047601,129.191566539346,131.017304827811,127.045961277608,133.950021954198,130.865273494811,132.681614317068,131.639421016303,132.63993633621,132.566890647656,132.032544555552,135.678087302622,135.773765517271,138.788811378534,136.172888772174,137.117296181482,138.253064378056,137.295983380817,139.343045630594,138.211838214616,137.941646571658,138.162745469953,138.231745296252
199.388411755704,204.616707789952,194.808405320645,190.410546464649,181.714857025614,181.418054153154,186.609812918165,183.618153992778,181.86770992774,186.644784914453,189.37572406395,193.718936999041,206.317798296481,214.236579640856,216.997735103285,218.450768947229,219.548858701206,220.621624855283,220.142782954721,220.986857853087,222.117212694651,221.792145702045,221.940986200297
196.790595213265,199.683338829801,202.895727722831,201.856165945776,201.816527498115,204.126222586471,202.732535348228,203.269919722938,203.843160478557,203.645302664643,204.129032571614,204.685049678423,204.42408065936,202.332984340654,204.563370868423,206.060276477039,206.26574630696,206.127576519418,206.899709748646,206.678653697752,206.649573527257,207.267483673259,207.17524834672
170.524278231172,153.89676627901,145.040040280445,138.678557350022,137.028961553875,135.828009469329,132.404057400292,130.674797563441,134.05383999382,135.783680926064,134.011851280842,135.196629343558,138.711955557948,149.409101678659,153.071860719835,152.57620515346,153.709024171861,155.950538895374,156.915013652689,156.582875970227,157.205610519549,157.406879175302,157.493399712801
172.197332318753,162.621538665171,165.123042179853,164.107647033007,166.786706366549,171.260248930301,168.023599387669,169.610620259757,170.915105981819,171.663722815706,172.207872082954,173.516277614535,175.316185934538,175.715393817394,179.389520074919,180.392875147656,180.229884282448,180.612450642272,180.853444490956,181.551621174345,180.94332206312,181.64363466083,182.082659608242
270.998194397704,280.075945978309,288.87068455871,286.777774039204,287.132332916847,289.738761371498,288.804311592391,285.493723978438,287.925731195163,283.108061315561,284.325870909533,285.686237920492,283.280601334734,282.827517342737,281.820165671337,282.911517433657,283.50050988786,282.8746826235,282.370832207224,282.622236257068,282.495058339018,281.821692167485,281.370120913434
203.109344429999,176.010938547825,176.466434696015,170.711162210803,173.731093366334,176.190004343212,175.586464410802,178.048280017556,185.77145530503,186.975512416848,185.729177937876,190.737089819323,197.976564064583,202.534272444354,206.087357652475,212.080300094794,213.735533835296,214.193599688781,217.886710804885,218.021481407534,220.675644483873,221.754731417532,221.781046778807
180.905932242967,179.605208855669,181.783372492549,180.877233360806,179.661047461601,179.465993067194,179.226859495777,180.139732686017,181.013059791749,179.785644044785,180.625096301842,182.005693617974,183.666047292135,185.1584206635,187.093477758144,187.862203283967,187.895641024798,188.379908294373,188.66793812855,188.739379907891,188.576146802919,188.585608424619,188.818606514025
321.432757986234,314.358500332864,309.734444402889,319.966499357611,306.674275641365,313.819938509101,309.740057488805,308.647786718895,312.921406313203,312.282987211265,313.039406139442,316.108513164091,318.10759616991,324.058364183568,325.679894916609,325.716560345521,326.639280171504,326.014495539804,326.615134503876,326.295669666788,326.821906448525,326.490715610512,326.220197808006
219.273711206164,213.777090975232,209.679784828249,205.816396316394,206.093286889087,207.743811072882,204.961436151655,205.098483683426,206.088606725538,208.790635226765,211.356700006527,208.285506199381,212.236803950702,213.026840614913,213.053096748826,216.321976715079,215.96954253473,214.386253982228,216.18958862833,216.793316506188,215.83607978046,215.881673345008,215.363596314337
154.160963173727,133.858141673134,137.688698416646,136.150694078001,136.448813157216,137.410996575954,140.458801378581,144.826323441461,148.608525717649,146.107393391692,148.183024692826,148.617655660719,150.876602739528,149.811092331864,150.889346652535,150.081849012298,151.070071495926,150.967723438828,151.607525787145,150.89880155629,150.859251959039,151.318682358433,151.492524684113
146.477551825724,129.196235206043,124.863206183527,121.239187055238,122.169801103158,124.985680598642,125.386474731179,125.283101147551,124.06069896794,126.286774796196,127.680185739073,130.000260076165,133.750128634191,136.785737829905,136.552449548925,138.806518110414,140.078021588799,139.423336554859,139.113681487553,139.529957081142,139.870517546684,140.153369820105,139.948760005542
