"V1","V2","V3","V4","V5","V6","V7","V8","V9","V10","V11","V12","V13","V14","V15","V16","V17","V18","V19","V20","V21","V22","V23"
659.009781390491,682.384150466111,666.896586112029,648.542901506268,639.489126441035,647.807670248695,662.899195359048,646.429220055077,648.063153749558,664.690926107454,659.198223981808,665.517758480715,679.4288494978,675.498463598107,684.058733447775,684.254936311905,681.41067729235,683.390909732286,681.255174611516,681.130057328527,678.622416824943,676.931457631615,675.410586931808
592.576465247884,635.350709391083,631.981828030603,621.620267518815,632.672085918378,635.127363308143,642.541972247801,629.853106135785,643.646085088668,619.903067157965,630.854965619964,623.954758911835,621.927342570274,619.775303992753,624.259879095785,619.886102571768,622.057740933114,624.182978797343,623.014365451806,621.246484737592,622.866379747681,621.333778387178,620.264426421178
310.326303269693,276.460131825781,291.916456612905,297.526492409937,308.152490187008,310.294176105629,309.529799768208,310.741224552838,307.798556227587,319.449324964695,325.974287922854,321.033680896325,328.431432378897,330.166916163681,334.017682150194,337.659769751653,337.648912507351,339.747216531029,336.590400023823,335.512611661304,339.613439951724,339.836450001568,339.381640990613
424.967117961768,366.484697283819,395.22670487563,423.242851179203,392.302328086214,377.33095946104,376.716529530827,382.916460584059,407.635314263034,379.828963332637,392.890082216411,407.996802920912,423.166755497701,416.342608046255,425.206147722487,429.808204027749,427.591459779875,427.775253951338,427.028189920722,428.064194133445,428.246864663953,427.816958554796,427.775193259733
278.95571155346,254.185258895871,245.867134561242,194.473302627823,178.622145895851,180.221363790545,191.342103960371,193.163938501339,193.602423544302,220.067501631381,217.150757633657,218.899457702241,249.613625673262,275.310815128392,277.448566638022,284.607949681422,295.099334607357,292.931954424062,299.222606241235,298.34330167689,305.367598994424,306.994903269861,308.630337056282
218.184918563656,221.689546597879,190.018760337596,194.255041885323,177.337822030034,190.484423413248,169.877102413423,194.082190439819,190.074272429671,210.706066854723,207.410117191259,223.33558271672,255.474245952184,261.162625369117,265.753758068781,267.122675658826,268.617161164012,267.73586020678,268.311399477694,267.011477223104,266.790516411076,267.143535841997,266.938046006062
517.138771253532,547.158391796182,520.411780758188,518.244017551548,509.317745129702,491.53067435129,493.374329023651,511.915199204769,496.090364939736,493.623313229669,490.573773920424,496.645415884185,496.10288894775,508.77818814396,515.762396111078,519.141038481224,525.731496405601,527.347910917641,526.124167977375,527.743035924649,525.434688767153,525.493439886346,525.892624234044
652.64086836874,670.038706531427,637.323941868473,626.475404080057,626.755676894975,617.202446770763,639.114590928843,645.212493474572,629.334758070938,644.171913280948,652.179135844657,636.739626865675,662.024141319437,664.814825988986,660.0163893998,671.36966852832,675.775602264718,674.623477910046,672.68095035815,673.770022426263,678.388175258429,680.769389730692,680.029416391288
250.12460389293,230.58136288183,210.499855657294,203.397670330217,199.231067893227,203.276090148709,205.129103810914,209.378723772246,199.225677544632,204.124599865229,201.013902992094,203.3034271254,203.95420301292,212.689276589389,215.345924262634,216.614657886003,219.900098522962,221.578861502219,220.681267940082,222.265831859734,223.018339761399,223.081650796306,221.737899510257
295.507676642361,277.477625524307,303.93188131913,284.817931702157,293.228437879405,283.690030827151,290.823617428033,297.287982761695,279.772609190238,273.547726603645,274.051501581156,283.114967709308,283.423376099269,301.33011173182,312.583101548559,316.133225853457,314.95434447752,321.495546172181,322.466765766503,322.520763876585,322.255596949487,324.479501960063,325.544494302574
238.75915953786,207.647036535821,193.04324212055,165.35153917697,165.770459294436,165.452563770989,170.194832851635,184.889523642369,182.202312314408,183.178785051395,191.489883438316,192.373542292258,212.853076735906,220.938913070427,227.649003569297,229.761948862324,231.180568434721,233.253082131065,232.448329185269,234.194912332759,235.95330530549,236.337940481945,236.967199778632
312.471719930823,322.581955274713,306.442791722516,294.287922081141,288.208973997939,301.304677056699,289.37524502173,308.345770384897,312.649356466957,321.461850194277,321.835299980616,325.793413967261,326.674312213888,337.596913655973,340.929227554444,343.603583158878,341.100910763708,345.667434206698,345.056875298174,347.259112429935,345.641631228285,344.280287153377,344.433122730622
243.387236930457,240.160422280839,253.437345551147,250.000468464632,263.661190077699,257.328224664115,280.122046606439,263.447437946148,304.707661052083,307.136515391794,320.438039503353,293.643671103924,336.74318663648,361.043076531465,367.989573571042,372.153706790622,368.110606575531,371.617152250608,374.965988305826,372.534148269433,374.787602492871,374.798366879121,374.918867022497
730.616456981957,745.656932998113,743.415902011955,757.516032571734,749.762023516828,745.787550177397,753.710006285977,759.167374651948,762.576474553306,753.704007481269,757.770458727639,769.677098067713,760.968006847048,757.413820260908,755.377745604307,750.832687956615,751.946638513864,751.689347961809,750.343743394377,751.903741501192,751.342564008631,751.671498747416,750.743054149717
229.167224590727,211.083529156623,198.413616981489,188.051735994391,192.797894384125,206.40907613433,206.029478440205,230.898742707003,225.6135470983,223.461731864583,239.068124971077,247.672648502492,264.164117709134,266.451449280915,269.245640123871,272.468625297358,271.546123505713,273.902249476586,277.659609221976,274.758445532649,276.16023465544,278.136594022105,278.644546553924
278.626446613708,260.825081048691,221.006912374952,239.507403574896,256.271972598677,265.004838696642,267.181260515051,273.144912095432,275.596199302702,279.885336399666,281.510079176255,278.257955290512,284.921264186192,277.837244224766,281.197332450134,280.505107886274,283.097595051798,278.764283643457,280.914399401364,279.447141938872,280.17975405622,278.749431290546,277.846908790433
369.460984441312,347.386225646827,324.637379307465,328.54569013959,312.537671762975,298.148395930305,316.373678323748,307.8287650952,308.552127538166,323.32252327482,323.716608578357,326.985238936771,344.948137491339,348.93102362708,359.456207726876,372.179418168983,379.464814267582,380.799547183051,381.316873242046,382.631454214844,382.983681211132,382.111288615729,383.097415229429
408.839580269974,365.194080357574,355.477451626249,362.894604772039,352.74359618243,361.694537729789,390.505419411448,387.989421893807,402.664492617681,414.081466668056,409.961069622347,411.646439167205,427.769000378532,433.822634397737,432.921154235677,434.946354597878,436.628319776557,436.741599050028,435.542036366833,439.373564264923,439.083945900886,439.563019498182,442.05461369678
278.931951473081,290.819151121306,293.009147648005,268.335700416975,242.944437320117,226.648596870558,234.864362814596,239.684252769961,254.898587792302,235.266912788119,258.018347723762,255.154385144287,260.708246742367,280.048777770871,278.141378677467,290.674347940269,291.328699211507,296.391193731144,297.711376676612,295.318221152407,299.387112845904,298.929997097538,299.467130835263
166.545940117263,192.458747914201,154.640721403202,143.372822263646,145.000383548543,147.837691424583,156.523192254045,153.789512878296,166.535751165135,172.400917534062,167.944773778673,186.47539853597,189.715617448567,198.143547239972,205.580258387041,207.857564457814,209.432923691743,215.29327030131,211.8636137855,218.453064501986,219.975877199264,224.656983524381,225.374858336686
552.697150797106,570.771336657413,556.692790710928,545.131230813267,533.035478719569,535.022859655502,561.345725313125,548.47263835871,539.214379961588,539.429183991213,531.170682220782,534.778429346451,532.289061559441,529.907510576173,525.934217889358,527.587591912097,529.77773705671,527.144199023676,528.589384420359,528.807940636724,530.038492183829,530.376090049791,530.945430957728
257.537656785655,263.09257334673,265.283687017018,250.447807541553,243.364238518569,237.183584246153,247.031657654271,251.030439401233,259.322297125722,258.157195106159,256.664211360041,266.353202230568,282.204552477646,285.115853634699,277.662648584462,282.546970594196,281.099304550169,281.32949486714,278.262607078445,282.244878450946,280.381530339213,282.105619531368,280.677235882018
268.293527332366,235.795698880752,207.30064948882,216.078308698675,206.449522853881,215.285660071632,223.722428391775,213.812774035467,213.23489091539,231.603875523755,225.582572193257,236.851718967917,216.22715490927,215.559600044976,213.260500352348,225.573645697147,219.729190821863,222.737788363219,225.009308590205,225.344713808119,229.213984587798,228.698921429509,229.540738901897
277.506039993916,275.219085396446,260.338844353583,265.721435583378,253.698789805515,245.647340195368,264.021702010709,262.147093115325,270.060811746241,276.757609895354,271.111396844548,276.154915565484,317.020510047103,327.388584681392,326.84937690996,326.431176264551,331.765041238331,336.484387871571,333.426959871925,332.056534641171,329.048188833969,326.803948419448,325.479063533874
462.236950154124,443.560363439582,453.967695574161,434.059703644745,424.303898393729,417.666201973156,423.109774791803,419.02892692861,423.543406959245,428.904829373726,432.258039277357,434.442254722633,433.670988687379,436.878109112151,443.838217109132,444.396106259839,446.026224597577,441.936902107494,450.422047910971,448.384384446001,452.397990464712,453.888330671476,453.459503206958
514.798069058257,525.295378998939,516.020032354542,546.806598027308,550.314839760052,538.562156354053,551.135410304407,536.738117475808,552.191278473881,548.421262785576,545.449355103975,547.692807529275,531.263038710974,529.761488420874,527.946799294318,529.431113526518,530.174988179283,529.539064730963,532.000502081526,530.474518277147,529.183963575707,528.873626996281,527.38387252271
227.990651688743,211.671896543659,191.808110054796,166.659556445551,167.181454036018,171.71851088688,176.638418617275,201.870934265008,197.495510236809,196.415663442064,219.026616311284,202.546621246021,232.268854448606,239.537066338998,237.498853849693,239.557202651322,241.552515461427,244.569181756218,240.628611001437,243.458553941235,244.786550065472,244.192815096235,244.603544018919
325.658923220679,336.624323177124,340.136472324964,334.787137168536,334.540868131122,355.109233152423,333.447201387785,351.756749074157,350.858093147076,351.914601120897,365.654063964049,345.235943994338,355.786434918948,371.44060841118,371.37606096115,380.177164719425,383.382436988762,381.660865072646,381.760367783743,386.823061519152,384.294806533078,385.378443542158,385.828103289316
657.914346468522,665.648683562377,676.398387604778,658.280662544733,667.653766723164,652.310053219566,649.312811119097,648.19750025752,655.34230827224,641.04627802269,646.024345737647,644.272388278926,645.395966055071,625.236972773928,621.249764707614,602.515973801789,609.182238862753,609.483425705384,606.587702700538,602.725615864906,600.893488696629,603.217784570057,604.75773353887
450.475736019405,454.502952606816,452.690315510702,466.786962019604,464.583067381208,465.842964093898,467.662299723067,467.752599841817,466.561254250674,457.903564210262,448.266659554652,454.838552036695,433.720405745533,436.350567294803,438.702586093592,432.008404326426,431.133752723967,430.750860771651,431.793189483655,432.260739082056,431.417319250476,432.234949028788,431.79168148462
436.26965489179,428.861187721076,430.65238838033,454.203926687549,446.017424923602,453.037988999413,437.025284013002,426.86395631488,434.973366672849,427.597691291476,428.877030872635,418.723698485336,405.215576060138,411.846077053753,417.519990205529,424.79513635183,427.543992606698,429.792995722323,433.531684955518,433.433685332363,437.243873965937,436.752464109737,438.456768558813
252.000023867658,239.992399956622,234.86934517636,213.6527855737,212.004182031036,219.469130808574,208.195252908879,207.26848037671,206.992067376831,213.168889187218,209.157601279505,209.422567222691,207.113011874495,214.421346332004,220.580330869647,218.870354445961,219.894105854466,225.856306716454,225.515344477035,227.322357645751,228.376523964965,228.572288212279,228.518086871863
480.243751860735,466.425290491867,420.309716609209,412.939003657913,405.241167161162,391.891387649114,421.564484207077,420.114757905648,433.131227829011,428.895018949054,438.957058362002,450.624545340964,469.887606696995,459.985136563594,462.678662372693,470.104100191857,473.566392387318,471.179256473865,474.364373217577,470.994649861201,471.402140114472,472.342681727139,471.453703104753
346.242185536813,367.712956624638,375.574730553171,385.725409434223,371.371761382991,376.881923319857,369.240159283823,368.803002789354,383.218085536891,375.011872880507,375.230010660466,369.817617592771,361.944101259653,355.506146954447,352.779602213833,353.647125041229,351.207358550612,350.559957718819,351.162514343114,349.527104440746,350.2075839325,348.900329646148,348.588584183167
970.736933004914,960.165426235803,1006.42935967971,992.276344033323,1018.71678404578,1018.65630754223,1031.85538309715,1039.71976586359,1016.41492237375,1029.74246072032,1024.43148757893,1011.27861209292,1008.30953202067,992.080666095508,977.678257214834,975.727426026518,972.061230428245,967.519642156792,973.381080129974,972.341013981084,971.601344377656,972.599135234527,972.687785529829
143.756439873639,102.865580647567,113.014917712055,110.096852069019,94.3593394624276,105.365198635401,102.551823854696,101.340778334253,106.670120191612,108.272982014778,116.993893334064,123.829227220471,132.630694262479,138.006163257647,140.905591277455,143.299237957381,143.672453351797,145.884403719307,146.901496307749,145.574222736924,144.3644651992,145.071910557184,146.405374543351
262.680184473471,159.331604275284,135.627970322814,149.429954484016,136.0683807795,134.763814191029,149.111204324577,164.640620198997,174.07891098714,185.747527638454,188.591622852454,215.616860917951,230.672524112457,239.546051845492,250.573842060131,254.414228204674,257.49022429691,261.177426816304,260.445672772063,261.150102142968,263.201753632309,265.684345361556,266.097944534376
342.853906021543,335.544601461884,349.928543046862,328.263013841024,297.507231097335,338.352655883748,337.778230126476,350.164399101267,353.21314595905,351.214518233404,375.456316056165,364.447213945166,362.296051046857,368.50068827722,363.950211620183,355.14861313483,348.644934662888,352.237837126917,352.381490588201,352.188713281561,349.351625453424,348.068768727482,348.365088527631
329.861987981919,264.216502626559,260.602778387517,273.486574402305,280.961755840391,258.119624732715,297.599093554305,290.966611565026,300.81444652414,290.192482443561,313.929021792572,323.228064262746,343.341571442866,342.362028643633,344.44995168862,350.098475859048,346.196208294229,347.44603421914,345.928089306005,346.790645638114,347.692686330252,347.667717717644,347.192285334102
588.422867254658,610.408854616606,580.631454115634,586.92387878466,588.784935241642,594.100684200434,598.169788009506,593.023243114758,600.123736301073,598.741324201827,601.158267868646,613.857442572565,614.886925885334,602.947129706932,605.872241028085,601.049402487803,601.22006255093,605.657916619053,603.693703488691,602.169265611364,599.247770969714,598.590157121818,598.586111790473
638.532545095568,636.865299096738,642.107789191221,643.438157647193,655.088963245846,654.967144074386,645.621411496594,649.948127841517,652.938492476699,638.044914781229,626.329425066526,631.251945275196,624.391161202385,609.655576430165,600.788596990936,591.164275980194,594.488129185247,590.786848459158,587.259124000297,588.332212234904,587.584532876642,585.830817924139,586.479401113947
266.900235686864,220.844816306394,221.505736573357,219.812449918732,221.804891048114,225.657693591986,246.400283672719,257.432740753037,264.915467420086,260.197854421059,260.107111706612,264.068926468456,279.001728095698,288.639495387382,281.472047538564,287.493386368873,286.809638004217,282.29039170584,282.291233071816,287.883309302192,288.934858048851,288.116289416999,288.022458508717
185.198691842479,179.865932368122,174.967256847685,154.765504711488,168.152631736316,162.304258679963,157.82336008928,157.922164775599,178.614682776031,177.576910275989,178.591157639723,176.610468335307,200.019733119189,208.399977970001,207.789870101205,209.849284455395,211.789382127097,211.621560052439,211.652868635761,212.488305612576,211.995376726915,212.00592508176,212.961849703744
330.8171778934,277.636982579275,270.109041008505,244.258282803389,194.066153482303,199.080385544814,174.091192989645,193.242849181172,189.512468396316,206.535654695991,234.495490338034,236.875374212209,326.12614505566,379.057227761892,385.623578636023,407.147630691865,416.831730575463,419.472330359429,425.678817827146,420.06435369441,427.408557199576,427.253322284205,427.612218263537
505.449981931671,495.728113482266,518.851221689115,549.356880197798,506.258174936751,485.811769609517,514.061671438121,483.325289758135,489.88895473922,492.027152051916,488.148535958134,484.362416054158,517.093164292376,520.025740753861,530.418964942928,520.396347682965,535.656963708034,533.061609192102,532.468068632807,534.435373185372,533.825335564232,531.639826615046,531.463238755346
260.372701459744,281.950635538004,276.963039900046,296.286413567124,298.148770207395,283.858034119478,288.489984022907,296.760676758337,302.937913999286,297.629700102215,297.900536451744,303.733970852828,294.013475989141,292.183896520372,288.475087091044,292.321564012571,290.474265886037,290.334379364514,290.303755672303,289.484075702587,289.366338401622,289.084179657154,289.092522833591
340.347193148325,326.607480993594,318.550848820908,290.235290016679,276.844919491361,298.638741333927,291.023978207986,301.619452818683,305.201155072974,314.236523114843,327.986717481622,323.93208007456,350.811535871725,372.710452043993,380.659669857741,374.867907466493,377.653928089029,376.860482463833,378.860070022027,379.860969763966,386.423361860911,388.088927536587,390.807580033444
582.037211874352,584.128888994567,603.050973396307,603.045858774612,603.357250152678,588.868067006343,588.092307203738,591.00844489707,592.554342423889,596.524648448733,601.661893063233,607.027347065683,604.591771154958,585.085035979481,586.962536653407,585.764040938477,578.108156982336,580.270736231944,578.741024161683,579.445567473161,577.531488181476,574.984769083865,574.830240470079
366.445642160332,369.172036986387,360.990122644613,334.850592935518,359.667452236922,328.877502068203,362.664941515178,359.707531120357,354.642115624247,354.654545607349,354.59997297082,360.993110723225,346.734583895756,353.564919206793,352.049964671984,356.31392281772,358.865342917138,358.801898727329,359.964265036954,359.295354615666,359.696551795419,360.148418917602,360.197190991012
216.445706586291,207.825240532296,190.123668828545,175.828403560405,183.771601615027,180.368624214635,181.792616261876,191.047929999883,194.596442683072,204.465422315166,208.521666725385,205.373674669273,222.46968887294,231.59020233944,243.836794969528,249.512649532143,244.161754395585,247.801196855464,249.515682326204,250.324805553176,252.000638588446,256.045986813662,256.028467366146
585.938161158368,543.208411805113,572.715576131018,588.891255096261,581.170674405503,577.350269849795,582.024908832083,575.502522260138,571.345442653505,590.261614104341,585.327481934369,587.859048634305,607.298753883428,614.937894479453,612.620439279598,612.493683060705,617.92819438881,614.532652583985,610.494627361188,608.835578001048,607.532674977215,606.623022939826,606.137220882155
398.341682053419,390.016414989251,423.055755289895,420.915104104016,428.263449781827,415.477244964215,395.394027232965,391.177239265023,400.455301515653,401.285108700666,413.98590155584,402.123159825525,413.725017334366,413.259367024446,417.108722616911,417.001351286313,420.742230202187,421.115753458513,418.640041252246,418.845378045508,420.897787915757,422.55115433451,423.463003101901
402.759891535518,384.547663308383,348.725744262217,383.271562093331,391.659151341384,390.41080245018,379.989562531326,389.375108892092,382.925645846552,386.14228072702,383.47533520428,380.093872836302,371.865666720617,375.484635026661,375.375461613734,370.030110364537,374.884521287075,372.769296573013,374.688255566763,373.654740414795,376.998463524083,374.436591042959,375.399842555792
206.417581542435,205.392815940376,163.175502832933,163.561714306718,156.655837431369,160.887107908874,173.889634442019,180.804893381809,201.292752251653,210.668857868028,204.772187632105,213.660280336868,229.13363597195,244.754253009671,256.859264224641,262.849773746794,267.228828196134,268.692146997055,269.118023119726,270.442546259747,276.174945903515,277.457586671188,278.605057301268
644.889276957291,654.744253269414,661.312091601827,653.717322121946,655.13992460146,621.344715200722,618.985127460188,605.376604062467,607.8958870329,618.36127214298,615.769802691146,611.452621724656,630.01681352477,631.136051809685,648.277623047089,642.638804191509,648.97641832216,649.316598950163,650.997624723534,652.351336162128,655.647778929737,655.451088659298,656.377777275511
371.492039934555,348.174218466336,356.448752591062,367.314299529298,366.099298279594,365.452019253998,356.1166029195,338.132933627039,339.875717530155,346.890474233321,360.366888376874,343.726433036813,361.468731433472,362.872983619601,365.951728070898,370.155154388471,367.595991612758,366.839695893557,366.592548239994,367.432082445997,367.508280375909,366.572351097905,366.176152089541
426.7118416227,405.258155522582,404.795801459684,434.881538347022,432.363826311698,449.689922164643,444.820035229063,444.164935079392,451.147570568694,447.570760901576,452.056061337611,460.333320577152,453.288093795273,458.26727414512,451.124091781971,459.808723025643,460.104558900395,453.990718329689,456.754400509699,456.16909975322,450.655068465434,451.462558821952,451.807955256061
501.236404977595,495.838871885748,506.693398093923,516.799405677697,505.872993204133,512.390128005277,503.296381627547,500.707957253859,501.658463337186,505.234007299407,509.901120999957,496.279848921634,512.070420735989,492.040248008559,507.315561394199,504.828696992547,510.498350488389,510.463176740943,511.801201665812,511.423973474477,513.631235883494,514.269278856249,514.333107787627
174.565987359357,149.330384436442,132.68538410791,131.558651914445,136.704195386522,134.963245873231,135.294931582532,145.490886993846,146.040430458161,155.282526354384,157.278306297569,157.872647431215,165.170762639483,172.515683221547,169.843680995746,172.022575138584,173.002644034346,172.01164631359,171.293086772944,171.175629534453,172.434148600613,172.927488781502,173.237126546896
176.264978768356,127.817476946097,101.351932496862,112.541585168354,109.630506632542,119.203793833813,125.068723498376,125.964104378819,129.985332103669,149.381645995276,157.133257612833,148.528299177145,161.638687031163,158.684262602988,158.58000272415,158.26350589923,159.122073933376,159.602635771442,159.243805623872,159.26771191128,158.09370901378,157.404428288453,157.354553125774
600.976176738914,635.409947406326,617.599859829582,597.478963949959,609.769489744705,604.810445736632,605.742794813675,624.477873159948,606.766501251169,606.700668141493,606.840843264398,611.961065907286,615.53617282265,616.35615724625,615.285564571064,617.158251047329,620.367923161397,621.333693147433,620.252230491748,622.431010308856,621.359405236049,621.616833319801,621.198509288593
112.400006749737,108.90992638409,102.600790162479,106.780933054468,94.542512384738,91.0952852021202,89.4852783037518,103.842515630963,87.6574844748517,86.0164439669938,82.1946511513609,97.0553397090355,93.7900814713893,103.248420539508,111.441309734838,118.887103000391,125.375995919186,126.342865710763,125.360708424121,127.575879530123,132.140033697878,134.362739317114,134.798908582021
283.643193599781,263.106554133129,254.931574384518,228.389200164922,223.809103975697,226.822121400502,248.367500106699,230.963025330912,238.759479679652,267.062064877119,241.1791877041,229.435938266477,258.460931685555,265.951783061309,273.278759229081,287.003540218524,287.482980867853,290.910917289625,294.681220348114,294.767667635284,301.417870383782,303.747167298012,303.54023084446
239.994527388691,244.139687166389,251.442598301043,267.068575173602,252.113072606909,248.364549589127,243.521268909716,237.527972830812,239.630180449379,235.68598428862,244.325558941436,238.546095727577,244.681455525522,242.681410081296,247.231146952354,241.085818404722,243.429710359887,239.626429164147,236.16159811404,237.194415351669,235.246821907937,234.577850017936,233.649936800476
291.451871864767,310.080321049629,253.182483060547,265.718474455285,257.937816013232,260.561583074467,272.850036069261,281.073338577942,259.116478174218,265.846110595686,294.804925546085,290.417935474718,315.915481507777,332.414371295713,339.128924917972,344.356283071561,347.002857522402,345.477448562,346.475991406311,349.146069316475,351.824538539243,351.640186525915,351.633362738027
577.816817252036,543.042028163213,559.104161661605,578.16165953459,587.53107143385,575.007885287716,594.113251844827,588.064223233627,584.078643656872,592.979052814332,585.363523221857,596.771808981744,586.037538583256,598.133188513632,592.052556860916,593.277227020577,590.147669625669,585.345444179076,586.246371208344,583.548144288111,580.26810812029,576.305684576303,574.866805274158
430.391797028927,389.246688032425,375.418898441023,364.642606298226,380.897598158211,365.676521047366,369.080147346375,387.19450759965,403.880073242117,401.579887450521,393.241826891291,416.243073559153,401.61176931058,417.987535507584,419.907058515495,430.955841824481,441.009047265622,441.676445870269,446.195132474509,443.522650485699,448.24502780346,448.836923708477,449.341324330338
462.383962292356,484.157829114087,465.063165941299,445.596350837839,465.266738456398,448.373067028703,477.78135659961,429.3674231549,424.854682702081,446.445756724389,461.068019349987,449.083395219325,468.205046730593,507.203492579111,511.777626155165,509.409119160744,517.270885329006,512.08110734248,517.478552284327,516.554075525432,519.318883155779,520.636209117769,521.37508816738
203.745377602829,196.232968949511,182.270740626941,146.475505310632,151.267540469656,124.66788365137,152.820449149828,164.022954582465,172.925033566616,189.159100655644,197.450993209972,213.267601239429,219.674505595881,251.763268863884,259.478139580322,265.471365666647,272.645729923886,274.82647682923,275.872989124519,276.968303544512,279.371962606046,279.410695619505,277.060856027707
342.875767509256,282.956034780913,338.476128235702,336.562056984659,345.126163854231,343.123893330884,342.16777312792,344.696676774808,355.181727410088,346.125718557066,347.493289791307,352.780478988409,349.760166864192,353.987240617038,357.693552828365,352.241261421151,349.603470570976,346.603923483464,344.216752204185,340.041366846082,342.051257170845,341.629465303914,341.247751880277
175.558472818888,135.081589454366,148.225921321014,128.009033220645,121.569993860834,133.176851473113,131.996826852243,143.411207173433,143.909257419612,156.38358246903,150.699615096016,148.459602261024,163.590162117692,152.756648570781,157.076014648735,156.586057941411,161.577732857946,163.991059057012,159.298747646652,162.377017893715,164.941223588754,165.663698008459,165.354778974826
440.738977093598,456.42398679653,463.868887886451,480.664255744902,469.12992837981,478.66493329354,468.739076861118,447.733376769155,461.146232103284,441.748729195935,449.516786367654,442.339420428134,445.220472346097,446.158310238149,444.594466950718,448.139720217467,447.525012206579,448.246567651718,447.273226018859,448.434233920359,447.651308967405,447.521576297141,447.352753272525
592.492999485462,597.669786001275,594.72688052483,611.101160633536,618.448094726234,607.823374124786,587.8842057619,592.833749406859,604.604160695331,597.343339529857,608.753318997571,607.744698178101,614.17620260575,628.93403405392,624.739033567361,632.115845759101,634.034798592787,631.295827827436,636.558079776463,632.105490271314,635.159542641925,633.611957085522,633.291926548071
193.988250791212,153.334897053423,131.924958215194,130.579621886999,119.975033773901,118.190773331913,127.226598772082,125.036732565451,135.940128837214,136.933698832068,142.554960346006,151.755028760975,163.1231111497,177.885427953601,174.602784843873,181.23498283717,181.05356880669,182.760287503988,183.286263281806,184.002962282173,185.228528041816,184.124664807552,184.007785104643
450.006024166509,478.246238368227,441.895701257385,443.958137249191,437.256124435027,444.600300665084,446.625758723869,458.092682436589,447.140679002979,448.414656777436,447.117720300148,446.018090211287,440.951730243702,440.000547733333,439.629701289669,437.632261496783,437.83620917762,436.964123156059,437.467604934734,436.528342923349,437.008511038863,436.476033550509,436.94980586911
268.17025541689,267.288750963468,256.651991713118,254.79861320865,249.008957309409,244.194832505036,255.649415775399,268.605085234599,257.962447478909,264.884075706967,269.354285097882,277.409037073868,297.061425390943,300.113385887775,305.423940191452,298.149994998167,296.694048032584,302.776060703631,300.95461172291,301.059209551032,300.955477746787,301.565059650069,302.090866738994
303.331402551978,223.742559282267,196.252896558057,203.227036221406,208.185387130336,209.248068165436,192.660339393795,228.727346188399,216.8111026324,209.951046022819,239.607655271397,249.376528550505,277.596290395262,295.554195264564,298.72816872569,316.553857208436,308.912342948691,312.557898551261,313.707992727555,312.049752639996,313.773504482389,312.450705893495,313.217845221246
401.166997352135,409.367303745342,366.116192815682,350.51207252817,340.960511529096,325.657864741747,330.05512035698,340.594140947678,358.890415026134,361.814779678623,366.832908668135,353.368065262325,380.572237113408,401.603674119174,411.190157747131,418.942758896654,424.008123979873,423.375767923449,424.635453926275,425.734337244217,429.992626904808,429.756097881485,430.314165296695
275.943466502794,242.157490124758,225.507689748692,223.867678053458,216.502967211011,210.857088444621,227.472091097445,224.813555689183,204.859399640796,222.376467688612,229.7926522895,225.651800654272,218.878375336225,242.262608533183,256.286010411259,265.5347023585,264.356675423284,267.964257253184,267.649054829764,267.235142190703,269.91029548575,270.850737219028,271.956550071149
296.020700661474,201.078833786728,182.070923543216,182.315766982341,173.295108828948,178.532193145628,199.505533190595,205.658634811673,216.41442584249,234.33643320327,221.208461657659,233.362632248645,227.521642293952,245.391621924462,247.771860314061,260.481357983377,262.186803616758,268.993005969048,264.47970115843,267.624338791978,272.666243468504,273.136806726869,274.075356462312
999.109366070707,1021.85125058418,1019.67279180111,989.053804111205,948.990745191923,941.272300320482,922.42060321085,917.136401290718,908.251885776209,906.175351055467,911.409014154372,916.227027898557,950.423485943293,974.820007782756,978.273452260383,1000.81317895903,1010.16290772829,1009.42325429273,1010.41589181173,1017.27415395431,1018.54678133678,1018.27772546811,1019.3741554845
940.005483160613,988.655697527356,978.972439273635,983.892132581425,961.789186183317,948.349881085454,944.277050032118,937.514254684394,954.945011342788,960.626290208883,938.295070582888,946.654068454849,946.36620094997,959.244526967276,958.275883058232,952.15785394507,956.338813079215,949.202840388892,947.76202776022,948.211947354523,947.903522505465,946.484334893596,947.937627837246
245.2686346777,196.638757059546,196.375539549881,171.469523561211,165.685495653205,169.535938528967,157.923767040254,173.139745465789,176.949187768325,180.404581917935,177.275027830304,194.922781139194,230.783396163047,246.867061938564,253.679069316786,254.966218447129,257.878419086677,263.822949862345,263.041905328894,265.184295815855,266.446297732968,267.126113946195,268.216937645429
408.911315042724,390.156908922987,360.224522239526,381.314191360622,342.927308569899,343.335193038853,338.420233572546,343.4618992928,360.902727010564,373.953127229732,372.379383292257,375.278693193961,403.793557319059,415.236468093624,421.543550146319,429.785066045621,434.593805644288,433.31177307352,433.403989854125,434.429701317597,436.236884027744,435.634247977631,436.123312975006
581.145221094541,559.328610554395,562.791545222301,619.175231145148,598.091528102671,574.470303891316,557.149644608773,571.364169467522,559.905705184863,572.224154241233,562.59888005501,581.41804684652,571.010642891502,567.486754874624,566.66560259494,564.830225389742,564.901470365623,567.957053680085,567.311673290092,568.116347815975,568.052072529602,568.423889651748,567.30631489566
378.683523624535,321.158321944567,311.167193949778,282.835180914359,297.600290890208,292.232931847914,308.051179422752,304.189031643028,322.09563403702,324.39143987855,341.610870288827,335.366993040757,370.427974216714,387.850104739458,393.243736916026,390.449221901595,404.969523260111,402.609667055053,408.92115541516,403.676216669687,405.97723373474,405.391174341886,406.079415718185
259.521589287216,179.039087422549,166.560008457048,154.684436570257,152.223159222935,152.302808977418,160.067134331047,166.217985585296,173.656383454379,179.249077206746,195.777689539061,197.203850668196,218.719935886379,244.599051176793,247.083443212032,259.383965082537,255.987932887811,259.124276407808,262.176510259331,260.41898146073,260.883794534519,259.30119817098,259.169483724985
516.131177522843,510.847573795257,523.382640475225,507.181445185385,510.898720701147,489.860752580041,499.659810647565,480.882018649799,500.247581236338,487.480250008627,489.750683082174,503.230920353826,518.453434478434,543.162680192263,540.223408818929,542.325996101508,537.082329259256,538.151220479275,538.867011563508,542.309555214531,538.659651967204,538.89135495747,539.667285903869
303.039772487227,265.630196127959,243.956897562665,237.599642135766,226.318566550771,215.696012558662,214.762998740908,229.651401205394,249.404460646437,257.063111961046,254.79929856306,251.973858698927,258.725754868775,264.951361001388,264.263239930633,262.830840070755,262.921478499405,257.865320814168,258.529483893953,257.371048004449,256.48752102633,255.148119785096,255.18963114497
344.746342093234,369.06975419969,335.154404314052,342.54981848218,311.21723346211,322.85725061131,307.613525705798,320.965405564114,317.132542637042,325.55052011954,321.835671703875,327.841875058538,355.579687700486,374.616334637349,384.273800081718,385.946013437272,393.229916187277,394.683764020108,396.185208723189,394.82150274492,398.123799908011,400.141028615052,400.224141311302
396.794156475949,389.136471445094,398.706881251843,399.29628859719,399.880509010906,409.228952103954,406.493320600435,402.039939898999,400.55171589918,402.614109238023,408.447024235048,402.891381166882,403.060834197109,405.826321602037,409.509237329777,413.696905854656,414.36045530403,414.139124398055,415.476998233114,414.254427625745,416.430376495525,416.697254915967,417.148433591196
259.835473461863,237.004120698494,233.506525590016,204.136084217335,184.456742731406,160.774180749042,185.023162568287,187.506482903169,187.041907514344,207.285774873648,194.206273230789,203.344428396585,224.719649453253,228.765541793759,246.595185055855,251.961923117989,255.955654639918,255.955392567179,261.962894695536,263.060785153069,264.801025870425,267.082334489542,267.467460875134
346.939732448218,327.72413015358,327.678454812596,314.309569934149,311.677272661691,315.301446886938,308.856637283344,325.183007491005,312.707085292913,328.592908022142,328.891409057426,343.275054689478,336.554471537567,350.087373426353,350.82742332608,359.635737755879,357.848143432991,357.700171447038,358.076730690883,359.165328796256,358.723638747437,359.001438618028,360.010655541876
527.390754504516,525.319870948418,586.416530058195,580.672231318004,603.199076000815,583.580951488449,580.617313025434,566.660976263164,583.697099994717,579.177603605914,577.050572554955,568.079585885803,567.673522247736,560.584381321902,561.680554106849,561.309850340941,558.12028122786,562.18472589438,557.957260175349,559.10007297105,560.588742010412,560.664428723313,562.425002003851
353.871958283657,304.49862769941,329.703577532658,300.842988143908,289.491225394124,278.359542426058,300.731433604275,315.328777736043,315.958445592649,329.093338082167,343.863946046259,331.756285649857,375.28793047532,389.199875469386,396.179947476265,405.297278660494,408.328364274158,407.297426325487,411.416660725331,418.675208359456,417.621392473351,418.318378740971,418.678893723732
379.737414830387,405.007378424632,408.152254989745,414.381618726955,401.183574486642,393.392438669972,393.403528946199,393.466779490182,390.559882027565,393.527914803303,386.873379586982,395.537487374076,396.61992171129,395.954087056092,393.846353469915,394.927459258116,395.080660072671,394.217077737178,391.957906158707,392.911085437739,394.880695485879,394.790837127136,393.758523734485
619.547366269024,638.621346935504,622.403224808871,643.492611752275,639.925209692834,651.142806021032,638.024751181135,641.109957421505,620.506877002802,644.979073831315,623.846194520328,631.045372811931,639.581978063525,649.144226580077,663.991980006087,663.028400262992,669.815193802083,670.036459747668,670.191516342297,672.563413689731,671.666171559631,671.689592673938,671.777965034362
410.131696927297,386.210675216202,386.993226470687,364.014072613811,376.798168348231,385.070099678496,371.056997256168,370.089254203698,370.799612103804,369.914913670681,368.824749480036,374.309900373018,384.670441040826,384.301318060128,386.821227782497,388.983212531726,388.199895879469,385.132057357523,387.353080796873,386.089383173367,384.921601526916,385.199509470158,385.307259329591
299.463936236046,269.453825628828,252.509992537227,260.519212516945,252.818684899226,244.087805582753,257.2253167238,244.99192852927,271.225913921861,273.924293356792,272.137806464613,277.365701485364,282.186548462862,286.636232620214,282.712041299833,287.836132481495,287.394651965465,288.51120962844,289.804044459613,288.634960860044,290.763484340672,290.66728120536,288.815710633964
282.126887025167,244.237558395138,221.98847790854,217.49478865634,207.755940138958,214.029913982306,226.399812998923,233.842667488799,225.875772289809,228.012486161353,227.385388472768,231.388911116234,235.773794393495,247.758133839342,255.656568203295,262.578522504312,266.924415287788,271.414804653955,273.9667931448,274.420042644949,276.080348131724,274.377937121288,273.36357619076
