"V1","V2","V3","V4","V5","V6","V7","V8","V9","V10","V11","V12","V13","V14","V15","V16","V17","V18","V19","V20","V21","V22","V23"
24.3017806316729,24.387844290176,24.3882445541744,24.3886933117856,24.3870032816506,24.3889901395199,24.3902952616164,24.3871833503562,24.3842840613124,24.3848152447542,24.3899902747603,24.3840144208068,24.3776558916796,24.3886278506488,24.3836891112335,24.3887844081143,24.3697961639108,24.3845154577012,24.3825429999757,24.3662389870252,24.3696755710022,24.3560948543349,24.3705734169762
34.348100638234,34.7711705919208,34.7716914975028,34.7716914975028,34.7716914975028,34.7716914975028,34.7716914975029,34.7716914975028,34.7716914975029,34.7716914975028,34.7716914975029,34.7716914975028,34.7716914975029,34.7716914975029,34.7716914975028,34.7716914975028,34.7716914975028,34.7716914975029,34.7716914975028,34.7716914975028,34.7716914975028,34.7716914975028,34.7716914975028
26.7309465747269,26.7424300538894,26.7424128418778,26.7424128418777,26.7424128418778,26.7424128418777,26.7424128418778,26.7424128418778,26.7424128418778,26.7424128418777,26.7424128418777,26.7424128418777,26.7424128418777,26.7424128418778,26.7424128418777,26.7424128418778,26.7424128418778,26.7424128418778,26.7424128418778,26.7424128418778,26.7424128418778,26.7424128418778,26.7424128418778
18.196418355681,18.2549859251486,18.2540626999518,18.2543169165236,18.2541833624401,18.2544390654905,18.2544469704443,18.2544390654905,18.2544390654905,18.2544390654905,18.2544390654905,18.2543944560526,18.2544390654905,18.2544390654905,18.2544600886943,18.2544390654905,18.2542178189701,18.2544390654905,18.2544390654905,18.2544821506704,18.2544356180086,18.2544390654905,18.2544390654905
36.3156552318456,36.524952641927,36.525084174652,36.5249885682586,36.5252827197161,36.525577292743,36.5250841746519,36.5250841746519,36.5250962636022,36.5251120811444,36.5250841746519,36.5250841746518,36.525084174652,36.5250449948846,36.5250841746519,36.525134306145,36.5257592995689,36.5250841746519,36.5253035001612,36.5250160435051,36.5250784494006,36.5250954475479,36.5250841746519
26.3984130226069,26.4266198989324,26.4287464489764,26.430157577795,26.4302771778282,26.4302771778282,26.4302771778282,26.4300247400856,26.4302771778282,26.4302771778282,26.4302771778282,26.4302771778282,26.4297415833847,26.4302771778282,26.4302771778282,26.4286485867072,26.4289586302031,26.4299296650152,26.4264647586004,26.4296525118543,26.4283349760697,26.4300467651461,26.4257279964136
28.1000983735147,28.2322208723703,28.232152011263,28.232143839135,28.232143839135,28.232143839135,28.232143839135,28.232143839135,28.232143839135,28.232143839135,28.232143839135,28.232143839135,28.232143839135,28.232143839135,28.232143839135,28.232143839135,28.2321102230563,28.232143839135,28.232143839135,28.232143839135,28.232143839135,28.232143839135,28.232143839135
33.4909857322836,33.5714915344121,33.5728674912433,33.5728674912432,33.5728674912432,33.5728674912432,33.5728674912433,33.5728674912432,33.5728674912432,33.5728674912433,33.5728674912432,33.5728674912432,33.5728674912433,33.5728674912433,33.5728674912432,33.5728674912432,33.5728674912432,33.5728674912432,33.5728674912432,33.5728674912432,33.5728674912432,33.5728674912432,33.5728674912432
28.9565826025933,28.9097257462514,28.9328190023464,28.9313166256732,28.9372910133429,28.9385192731407,28.9297828374655,28.9338517515457,28.9458022122925,28.915428787656,28.939509137724,28.9345445699502,28.9408516606148,28.9339393287981,28.9279666969118,28.9446370695274,28.9387843574824,28.9401858370267,28.927258693555,28.9356304832777,28.9222888708571,28.9260112590554,28.930208738361
35.3530818948309,35.4694141407794,35.4694141407795,35.4694141407796,35.4694141407795,35.4694141407795,35.4694141407795,35.4694141407795,35.4694141407795,35.4694141407795,35.4694141407795,35.4694141407795,35.4694141407795,35.4694141407794,35.4694141407795,35.4694141407795,35.4694141407795,35.4694141407795,35.4694141407794,35.4694141407795,35.4694141407794,35.4694141407795,35.4694141407795
29.3691390691166,29.5105946182697,29.5608078969738,29.563994970591,29.5678041244662,29.5695640962516,29.5702765404419,29.5704185922782,29.5698526784595,29.5702388544949,29.5704045821999,29.5699085924866,29.5704185922783,29.5702239016687,29.5704185922782,29.5704185922782,29.5704185922782,29.5701626341297,29.5688539058442,29.5697690931766,29.5702291716407,29.5704185922782,29.5704185922781
20.3239630806424,20.321997214714,20.3219121547778,20.3219121547779,20.3219121547779,20.3219121547779,20.3219121547778,20.3219121547779,20.3219121547779,20.3219121547779,20.3219121547778,20.3219121547779,20.3219121547778,20.3219121547779,20.3219121547778,20.3219121547778,20.3219121547778,20.3219121547778,20.3219121547778,20.3219121547778,20.3219121547779,20.3219121547779,20.3219121547778
12.0992079802498,14.4459919634257,14.3307939498781,14.0634382827616,13.9961670012421,13.8350466962815,13.7031352802246,13.8101170410901,13.5950636265135,13.6400680474879,13.5944473530002,13.5033676736091,13.5169165460893,13.353974304191,13.298804331274,13.2734360568371,13.2919520957076,13.2225081797525,13.2113149941425,13.2171609427985,13.136385559433,13.0780284418641,13.0762469622499
31.7158914277116,31.8272559509783,31.8274069529469,31.8274069529469,31.8274069529469,31.8274069529469,31.8274069529469,31.8274069529469,31.8274069529469,31.8274069529469,31.8274069529469,31.8274069529469,31.8274069529469,31.8274069529469,31.8274069529469,31.8274069529469,31.8274069529469,31.8274069529469,31.8274069529469,31.8274069529469,31.8274069529469,31.8274069529469,31.8274069529469
29.6071211514306,29.7422988269692,29.7362161350369,29.7437889834638,29.7406136772678,29.7405356856854,29.7376260271797,29.7408550262895,29.7381399726154,29.7376082048795,29.7392736598128,29.7333527045573,29.7329969707644,29.7335295487017,29.7317918762624,29.7305327680567,29.7350502092206,29.732187142394,29.7316654176834,29.7311171696174,29.7299983104032,29.7309069147858,29.7298101186448
20.9484897931628,21.1290591684253,21.1319070389964,21.1321162115424,21.1321162115424,21.1321162115424,21.1321162115423,21.1319891907634,21.1321162115424,21.1321162115424,21.1321162115424,21.1321162115424,21.1321162115424,21.1314243764507,21.1321162115424,21.1321162115424,21.1321162115424,21.1321162115424,21.1321162115424,21.1321162115424,21.1321162115424,21.1321162115424,21.1321162115424
23.3589365340544,23.399679266148,23.3997293974133,23.3997293974133,23.3997293974133,23.3997293974133,23.3997293974133,23.3997293974133,23.3997293974132,23.3997293974132,23.3997293974133,23.3997293974133,23.3997293974132,23.3997293974132,23.3997293974132,23.3997293974132,23.3997293974132,23.3997293974132,23.3997293974133,23.3997293974132,23.3997293974132,23.3997293974132,23.3997293974132
29.8774433588298,29.8890705492363,29.889117537381,29.889117537381,29.889117537381,29.889117537381,29.889117537381,29.889117537381,29.889117537381,29.889117537381,29.889117537381,29.889117537381,29.889117537381,29.889117537381,29.889117537381,29.889117537381,29.889117537381,29.889117537381,29.889117537381,29.889117537381,29.889117537381,29.889117537381,29.889117537381
22.5720034303542,22.7321323995841,22.7313958915397,22.7307676248689,22.7309268557205,22.7321390122329,22.7309223192699,22.7310847235068,22.729371497767,22.7304750533335,22.7278600458303,22.7274823867953,22.7254441769481,22.7299453151609,22.7223790404531,22.7219990705321,22.7235000811626,22.7171563068219,22.7203101485827,22.7182921178667,22.7027509367216,22.688233885022,22.6709380633343
21.5501105373418,21.6087011020116,21.6088347173306,21.6088633249465,21.6092634239652,21.6088347173306,21.6088347173306,21.6088254100902,21.6082538116121,21.6091032616476,21.6086223170949,21.608626637921,21.6085049052063,21.6084977819933,21.6086765126877,21.6047435558893,21.6029605456721,21.6065193807788,21.6041510746468,21.6046919258314,21.605800633228,21.6023502940776,21.5993421093167
32.7103330481317,32.8362413917045,32.8350020347149,32.8371154969326,32.8324804576141,32.8339089087367,32.8336249543101,32.8330944921159,32.8322251505761,32.8315708174981,32.835854681317,32.8346577880718,32.8323942377658,32.8326076988189,32.8315900208704,32.8349525915446,32.8314525823854,32.8300471961936,32.8315758861624,32.8322890133123,32.8299493077454,32.8283691716914,32.8301409004192
34.0373479808672,34.123459242053,34.1234592420531,34.1234592420531,34.1234592420529,34.123459242053,34.1234592420531,34.1234592420531,34.1234592420531,34.1234592420531,34.123459242053,34.1234592420532,34.1234592420531,34.1234592420531,34.1234592420532,34.123459242053,34.1234592420531,34.1234592420531,34.123459242053,34.1234592420531,34.1234592420531,34.1234592420531,34.123459242053
22.1741893495441,22.6899375241492,22.7097415056629,22.7242555841461,22.7274830080998,22.7287433486858,22.7278898333434,22.7263234642803,22.7270631888542,22.7259205083607,22.7264583015512,22.7278286527254,22.7220732341874,22.7267339730881,22.7240582042039,22.7206163671626,22.7115673862032,22.7201504688261,22.7245801991703,22.7148293260088,22.7215430720409,22.7271802031767,22.7085901515317
29.7932165091871,30.0029620785713,30.0131281945131,30.0140558033741,30.012646067368,30.0141146873452,30.014590506493,30.0114691682026,30.0101534392496,30.0011877429896,29.9980915392501,30.0061677677686,29.9974130036536,29.9864016696755,30.0024903691259,29.9878014919103,29.9884833656226,29.9851087239726,29.9778426333716,29.9704561297632,29.9516372904754,29.9435844277288,29.9647385311441
43.729010485714,43.7328454823604,43.7328454823604,43.7328454823605,43.7328454823604,43.7328454823604,43.7328454823604,43.7328454823603,43.7328454823604,43.7328454823605,43.7328454823603,43.7328454823604,43.7328454823604,43.7328454823604,43.7328454823604,43.7328454823603,43.7328454823604,43.7328454823605,43.7328454823603,43.7328454823603,43.7328454823604,43.7328454823604,43.7328454823603
22.4380249879034,22.4871297926777,22.4869946116973,22.4873312466647,22.4845736701739,22.4902152257955,22.4911529234011,22.4959639651947,22.5003717109116,22.4987371679225,22.4995466271882,22.4951172092254,22.5042164163179,22.4829273114604,22.480863960173,22.4893856219385,22.482955600204,22.496684297703,22.4828175195523,22.4809428879181,22.4837769009379,22.483640385426,22.4793275031661
26.3407731426301,26.4164535099745,26.41718755235,26.4155914483187,26.4174549549603,26.4052354900754,26.3994663931887,26.4019928797393,26.4047632756205,26.4086852747327,26.414069060956,26.4031927794082,26.3952371661377,26.3968953229976,26.3910572949698,26.3951380259136,26.3922938725203,26.3875430176127,26.3879144195376,26.3848465613882,26.3733065836834,26.3715002310364,26.3744771659267
31.8805569077302,31.9149528842253,31.9149528842253,31.9149528842253,31.9149528842253,31.9149528842253,31.9149528842253,31.9149528842253,31.9149528842253,31.9149528842252,31.9149528842253,31.9149528842253,31.9149528842253,31.9149528842253,31.9149528842253,31.9149528842252,31.9149528842253,31.9149528842253,31.9149528842253,31.9149528842253,31.9149528842253,31.9149528842252,31.9149528842252
26.7738078279202,26.9175628144283,26.9044234383919,26.8937803236995,26.892542444845,26.8948748156655,26.8900764074288,26.8891033340207,26.8714876310178,26.8877659020874,26.8723649946214,26.8776347832655,26.8707839585441,26.8685693204245,26.8657697954382,26.8643098209518,26.8638465780202,26.8714265203808,26.8709593148367,26.8606250809359,26.8686039125846,26.8631883669407,26.8650944620764
29.5814188229728,29.618019963501,29.6184620544264,29.6184620544263,29.6184620544264,29.6184620544264,29.6184620544264,29.6184620544264,29.6184620544264,29.6184620544264,29.6184620544263,29.6184620544264,29.6184620544264,29.6184620544264,29.6184620544264,29.6184620544264,29.6184620544264,29.6184620544264,29.6184620544264,29.6184620544264,29.6184620544264,29.6184620544264,29.6184620544264
28.9947993762253,29.0292415128663,29.0292415128662,29.0292415128662,29.0292415128662,29.0292415128662,29.0292415128662,29.0292415128662,29.0292415128662,29.0292415128662,29.0292415128662,29.0292415128662,29.0292415128662,29.0292415128662,29.0292415128662,29.0292415128662,29.0292415128662,29.0292415128662,29.0292415128662,29.0292415128662,29.0292415128662,29.0292415128662,29.0292415128662
25.3221860137367,25.3342958142183,25.3342958142183,25.3342958142182,25.3342958142183,25.3342958142183,25.3342958142183,25.3342958142183,25.3342958142183,25.3342958142183,25.3342958142183,25.3342958142183,25.3342958142182,25.3342958142182,25.3342958142183,25.3342958142183,25.3342958142182,25.3342958142183,25.3342958142182,25.3342958142183,25.3342958142183,25.3342958142183,25.3342958142182
27.7779754831083,27.8693505134118,27.8695435216567,27.8695435216566,27.8695435216566,27.8695435216567,27.8695435216566,27.8695435216566,27.8695435216566,27.8695435216566,27.8695435216566,27.8695435216566,27.8695435216566,27.8695435216566,27.8695435216566,27.8695435216566,27.8695435216566,27.8695435216566,27.8695435216566,27.8695435216566,27.8695435216566,27.8695435216566,27.8695435216566
26.514456502067,26.5860519336812,26.5957609657409,26.5988815262865,26.5995301779025,26.5995301779023,26.5995301779025,26.5995301779023,26.5995301779024,26.5995301779025,26.5995301779025,26.5995301779022,26.5995301779025,26.5995301779025,26.5995301779024,26.5995301779025,26.5995301779025,26.5995301779026,26.5987565380717,26.5995301779022,26.5986092445033,26.5995301779023,26.5993483889337
22.1076393013343,22.7714287662949,22.7820845745834,22.8053792861336,22.8124443349438,22.824493439057,22.8172458359779,22.805461995593,22.7749167154748,22.7998125718064,22.7638351061033,22.7483133301317,22.7613224241518,22.7861984432737,22.7567592808373,22.763863536045,22.7895526231145,22.7663252155997,22.7721915123446,22.7811882355812,22.7582699418697,22.7662048750012,22.7903304193009
39.3556831243568,39.4046509227742,39.4043996351651,39.4045807278674,39.4044987139781,39.405087005068,39.405087005068,39.405087005068,39.4050888670229,39.405087005068,39.405087005068,39.405087005068,39.40495065335,39.405087005068,39.405087005068,39.4050847137906,39.405087005068,39.405087005068,39.405087005068,39.405087005068,39.4050569419705,39.405087005068,39.405087005068
25.0200626466004,25.4678322443681,25.4692218308993,25.4700739842669,25.4661798590996,25.4681446997287,25.4639096628394,25.4544870587026,25.4621618819641,25.4403543513203,25.452249519213,25.4286823086511,25.4216000149076,25.3575392899993,25.3755030119949,25.2859277069178,25.3228346146391,25.2865356384083,25.2985403375287,25.2940486976432,25.2834589040056,25.2320098006956,25.2535104218463
21.2646643222617,21.7361479934309,21.7121051635831,21.7014705596615,21.6719806745547,21.6253390713167,21.5577383244986,21.5220151402898,21.4356736205817,21.4414078278843,21.4049977412263,21.4286608740979,21.3499101171233,21.2707164458191,21.266254598702,21.2231564057784,21.1849686073592,21.2144274573524,21.1759109785642,21.2374645153678,21.1431410676649,21.1570815843955,21.123056584206
47.1165561249842,47.3421888608977,47.3423012004527,47.3423012004527,47.3423012004526,47.3423012004527,47.3423012004527,47.3423012004526,47.3423012004526,47.3423012004527,47.3423012004527,47.3423012004527,47.3423012004527,47.3423012004527,47.3423012004526,47.3414309490232,47.3423012004527,47.3416850134168,47.3423012004526,47.3423012004527,47.3423012004527,47.3423012004527,47.3423012004526
25.0638262857262,25.0954752888232,25.0951488967218,25.0953058787607,25.0953058787607,25.0953058787607,25.0953058787607,25.0953058787607,25.0953058787607,25.0953058787607,25.0953058787607,25.0953058787607,25.0953058787607,25.0953058787607,25.0953058787607,25.0953058787607,25.0953058787607,25.0953058787607,25.0953058787607,25.0953237087397,25.0953058787607,25.0953058787607,25.0953058787606
24.8123114059994,24.9380590427538,24.9610510185967,24.9598643232482,24.949564176106,24.9529609200711,24.9302993755938,24.9427197358453,24.9300636603381,24.9184031339123,24.9263998645137,24.9305632937163,24.9179988478945,24.89516507516,24.9038188922446,24.8964074117257,24.890502852112,24.8924803764298,24.9007626228921,24.8895422954144,24.8730596179401,24.878121423879,24.8623350340861
53.1313126943671,53.7036147158506,53.6736361052556,53.7628615368186,53.6664626894939,53.733279901309,53.6589182353322,53.630901408495,53.6315146661794,53.5892046629719,53.6054768426036,53.5228661511139,53.5761029041109,53.5181588730613,53.4989497422909,53.493529202283,53.4681011390637,53.4500660540268,53.4695762708197,53.4625115641686,53.3771642366489,53.3782940205128,53.3834331504733
17.9576835365846,18.1181794966598,18.1178416068976,18.1192885344804,18.1190122873474,18.1190778806496,18.119730612456,18.1202082577656,18.1196411276636,18.1185550627725,18.1183233182733,18.1185943615497,18.119379136365,18.1122347267539,18.1181651306044,18.1175590679707,18.1116876113387,18.1149304913401,18.1065108917161,18.1141103627956,18.1055189812774,18.0988976524808,18.0955328598761
29.90860337471,29.9742605046711,29.9742681984541,29.974268198454,29.974268198454,29.974268198454,29.974268198454,29.974268198454,29.974268198454,29.974268198454,29.974268198454,29.974268198454,29.974268198454,29.974268198454,29.974268198454,29.974268198454,29.974268198454,29.974268198454,29.974268198454,29.974268198454,29.974268198454,29.9742681984539,29.974268198454
18.9880620102955,19.0972258077948,19.0972258077948,19.0972258077948,19.0972258077948,19.0972258077948,19.0972258077948,19.0972258077948,19.0972258077948,19.0972258077948,19.0972258077948,19.0972258077948,19.0972258077948,19.0972258077948,19.0972258077948,19.0972258077948,19.0972258077948,19.0972258077948,19.0972258077948,19.0972258077948,19.0972258077948,19.0972258077948,19.0972258077948
32.555702131802,32.9298059266449,32.908619731597,32.8603280357436,32.8703811482376,32.8113795605459,32.7963625474807,32.7881685916633,32.8073401075137,32.7525522483998,32.7893035161308,32.7957391610185,32.7237547019239,32.7531678919792,32.7256490502119,32.6949959668609,32.7300972728057,32.7506406781299,32.7063739122036,32.730787370891,32.6793161132595,32.6890292536853,32.7304532331486
25.473743461972,25.6971782127384,25.6947005000974,25.7062239498944,25.7010872640835,25.6802488894996,25.7132041259838,25.7024365787236,25.6983556589057,25.6923443884886,25.6950197263609,25.6781561498557,25.6904651807957,25.6938297200445,25.7221780314803,25.7096370750257,25.6716254519307,25.6957243143533,25.7055906704908,25.6762172066335,25.679117257864,25.6890856640893,25.6834044470408
18.6020623396091,18.9513246919997,18.9435433466909,18.9548591715586,18.9257710952657,18.9177313132411,18.926045660206,18.9255165755858,18.8660886209964,18.9157667477283,18.8822838997056,18.8957087281705,18.8740654115145,18.8459205991312,18.8267903404493,18.8108430941287,18.7909433743524,18.8125140333067,18.812170069618,18.7895927685597,18.7912971885983,18.7925428548947,18.7888760082149
26.8590511107029,27.1000537623509,27.1164197060703,27.1070746016476,27.0685780850196,27.0631450628568,27.031859330349,27.055862197015,27.0138337310878,27.0305592375724,26.9728121074694,27.006298230177,27.0176762376697,26.9951428649114,26.9950310967014,27.0147015591313,26.9597501079868,26.9865483029844,27.0166899079512,26.9762876130454,26.9811663167732,26.9504828127442,26.9844732537958
31.337908449578,31.7908504719697,31.8106851520355,31.8203702470621,31.8450999792928,31.8411780821616,31.8425364954057,31.8218642130654,31.8331491344266,31.8350324456806,31.8234859198094,31.8255917610889,31.8283089539776,31.8088971938077,31.8092181390539,31.7886910088264,31.8190775217467,31.8133060750796,31.7945128422371,31.799338025341,31.797119141247,31.7945511728508,31.80020105327
14.2943411506303,14.5536050800188,14.5622576208862,14.5626313470159,14.562631347016,14.5626313470159,14.5626313470159,14.5626313470159,14.5626313470159,14.5626313470159,14.5626313470159,14.5626313470159,14.5626313470159,14.5626313470159,14.5626288373806,14.5626313470159,14.5626313470159,14.5626313470159,14.5626313470159,14.5626313470159,14.5626313470159,14.5626313470159,14.5626313470159
36.3706001155056,36.3503764628373,36.3583100283169,36.3549546100385,36.3497386861731,36.3545356876465,36.3487136674527,36.3513757786064,36.3484211187387,36.3492213624606,36.3314422305815,36.3367650749211,36.322565598004,36.3250195969389,36.3147355844934,36.3240650438429,36.3310429611406,36.3442332595724,36.3324654728816,36.3357332560266,36.3208607446072,36.3177142260158,36.3115681397184
34.5201304908356,34.5718165896311,34.5737424789172,34.5734757011492,34.5758278033236,34.5748290919544,34.5696731101976,34.5694323069801,34.5671931979583,34.5742699703298,34.5678807671015,34.5738827358787,34.5711622887397,34.5702456606675,34.5703940475,34.573399788302,34.5688296594721,34.5692397854167,34.5739695743338,34.5593674789115,34.5743046569616,34.5662793848965,34.5718693325299
28.2262180629696,28.3277369039991,28.3271132355799,28.3262368892286,28.3264299848835,28.3264143013036,28.3265201302415,28.3264299848835,28.3264299848835,28.3264299848835,28.3264299848835,28.3264299848834,28.3264299848834,28.3264299848835,28.3264299848834,28.3264299848835,28.3264299848835,28.3264299848835,28.3264299848835,28.3264299848835,28.3264299848834,28.3264299848835,28.3264299848834
24.7411143589729,24.8618190731535,24.8534413706657,24.861036173701,24.854092041699,24.8538153211597,24.8524151956478,24.8535848529968,24.8515502376558,24.8523645716177,24.8478145755706,24.8571806858699,24.8528370814931,24.8594747534543,24.8544416890634,24.8524207512879,24.8531454595867,24.8515744664078,24.8505706264438,24.8563206671008,24.8442804521348,24.8329286161773,24.8328551544412
23.6709294287264,23.7313038543366,23.7691089242762,23.7628134155554,23.7584062303548,23.7774439550435,23.7724375562362,23.7650879688791,23.7655023163005,23.7612962262195,23.7717694087717,23.7585414333429,23.7593147285153,23.7535957195766,23.749509768817,23.7519939212157,23.7545888083204,23.7499362074554,23.7495017208581,23.7502837009679,23.7379163887341,23.7399906000788,23.7389685718236
28.334301395114,28.574307556238,28.5763057748364,28.5763563542831,28.5771164533043,28.5771041244238,28.5770900176607,28.5771509204728,28.5762978846994,28.5771164533043,28.5772043617732,28.5744934346423,28.5780053523818,28.5761427436229,28.5735545046617,28.5754837692675,28.5722010453977,28.5764719972815,28.5773940352277,28.5677737019959,28.572375180611,28.5665099854693,28.567818302775
31.86571277399,31.8956487166331,31.8956487166332,31.8956487166331,31.8956487166332,31.8956487166331,31.8956487166332,31.8956487166331,31.8956487166332,31.8956487166332,31.8956487166331,31.8956487166331,31.8956487166332,31.8956487166332,31.8956487166332,31.8956487166332,31.8956487166332,31.8956487166332,31.8956487166332,31.8956487166332,31.8956487166332,31.8956487166332,31.8956487166332
26.7602893412814,26.8043874627865,26.7882188015829,26.7908166458594,26.7994911608082,26.7954271486818,26.7908194890588,26.7926364989963,26.7923236827995,26.785942036327,26.7879814941794,26.7889450175727,26.7912203334952,26.7944080533494,26.7877719275527,26.7889067276958,26.7846414908953,26.7887781475908,26.7875648739527,26.7880456768882,26.78951903677,26.788853355633,26.7918867615352
21.2889867003009,21.3486548597023,21.368430698651,21.3665148910836,21.3653143700285,21.3717750910835,21.3671798252268,21.3590552960508,21.3504407649243,21.3550354192166,21.3510866953201,21.358561993976,21.3505747414294,21.3514339833344,21.3423442477038,21.3307230171829,21.3395144087813,21.3430636475536,21.3331394895458,21.3402894957316,21.341871544855,21.3233219584957,21.3255081826602
46.3999750044887,46.3810304615237,46.3923943908386,46.392457738101,46.3853369158745,46.3577632752605,46.391684685788,46.3820999623714,46.3638944707143,46.3745180786961,46.3743969393565,46.3858866037176,46.3681753080091,46.3727356690769,46.3732944678422,46.3863839819796,46.3901325790333,46.3754422196334,46.4003251611919,46.4078989340342,46.3991044048254,46.4033644145016,46.3752711994143
20.6333648743577,20.7606844824695,20.7621197556835,20.7632133003177,20.7635621148306,20.7615775583688,20.7607484337128,20.7625450845536,20.7597114088475,20.7629423936867,20.7603563751778,20.7629778422722,20.7596344984075,20.7554617000566,20.7588329291684,20.7587748941693,20.75852390005,20.7552576227532,20.757164158277,20.7544561682812,20.7575970579002,20.7575608886443,20.7537558230336
30.1893742572494,30.2563488992111,30.2583388468242,30.2593322673974,30.2537147862263,30.2589821015552,30.2537763211605,30.2554135645027,30.254521360424,30.254835083868,30.2464992853804,30.2544551115109,30.2547870518257,30.2479374578328,30.2473377558165,30.2432638698463,30.2531175011136,30.249871977495,30.2543722006326,30.2478368310404,30.2535779984565,30.2438705754061,30.2428640857775
22.7153585519508,22.7634775859979,22.7634775859979,22.7634775859979,22.7634775859979,22.7634775859979,22.7634775859979,22.7634775859979,22.7634775859979,22.7634775859979,22.7634775859979,22.7634775859979,22.7634775859979,22.7634775859979,22.7634775859979,22.7634775859979,22.7634775859979,22.7634775859979,22.7634775859979,22.7634775859979,22.7634775859979,22.7634775859979,22.7634775859979
28.9589322691012,29.0020750876158,29.0023914036688,29.0023914036689,29.0023914036688,29.0023914036688,29.0023914036689,29.0023914036688,29.0023914036688,29.0023914036688,29.0023914036688,29.0023914036688,29.0023914036688,29.0023914036688,29.0023914036688,29.0023914036688,29.0023914036688,29.0023914036688,29.0023914036688,29.0023914036688,29.0023914036688,29.0023914036688,29.0023914036688
33.1745822241232,33.1698579628579,33.1698579628578,33.1698579628579,33.1698579628579,33.169857962858,33.1698579628579,33.169857962858,33.1698579628579,33.1698579628579,33.1698579628579,33.1698579628579,33.169857962858,33.169857962858,33.169857962858,33.1698579628579,33.169857962858,33.169857962858,33.169857962858,33.1698579628579,33.1698579628579,33.1698579628579,33.1698579628579
21.6080997353612,21.9420110444827,21.9481423600733,21.9501550283128,21.9484858021126,21.9434001062497,21.9489387433432,21.9465398665925,21.9487171856862,21.9360540866952,21.9420862912081,21.9441866820979,21.9489654432403,21.9422261476931,21.947466191575,21.9490361699107,21.9497106929413,21.9467334178399,21.9318499046808,21.9348569606502,21.9333086409406,21.9239353897823,21.925728421028
26.0366311370697,26.1084144162836,26.1084475619194,26.1084475619194,26.1084475619195,26.1084475619194,26.1073939950545,26.1089151858418,26.1079139934911,26.1073144780086,26.1098256665929,26.1087333149875,26.1025658294144,26.1053136068823,26.1010545009006,26.1037534795694,26.1010723476792,26.1031579497903,26.1135755131593,26.0997738702881,26.0925585360572,26.0995578487754,26.0891758363674
31.1135523271167,31.080898901434,31.088214291741,31.0852831018138,31.0888369713155,31.0942255855531,31.093576007992,31.0982188673346,31.1028821728085,31.0977358675253,31.1080599055978,31.0936436966891,31.105547245776,31.0956289861364,31.1010720694888,31.0947759339875,31.1025757220725,31.1084356180447,31.1031435798376,31.0864702588974,31.114497601386,31.1047941465264,31.1029897839278
23.5292434452857,23.9151248632803,23.9248080062892,23.9074077943263,23.908007681232,23.9105936025059,23.8959127081553,23.8999272900207,23.8769428982002,23.8867717772764,23.8718665242351,23.861327863377,23.8612151496285,23.8486713648115,23.8373398136568,23.8355528060931,23.8432192877415,23.8340499075842,23.8423698155797,23.800167024694,23.8014672868951,23.7664449965605,23.8050619654857
21.3823240608874,21.6042579664937,21.6088977293265,21.605286130826,21.6103143925749,21.6080081727414,21.6077695264319,21.6084327739065,21.6081302030607,21.6066700533252,21.6048409591585,21.6058459264633,21.6038833905582,21.5996542676949,21.594652185821,21.590452835077,21.5907045696213,21.5957216740013,21.596788090589,21.5919377378417,21.5832239065257,21.5732184683165,21.5768472291582
30.8844296282071,30.9198974522341,30.9209643494426,30.9210469893385,30.921610082454,30.9204605689998,30.921610082454,30.9207805811271,30.9204064866073,30.9216924782055,30.9209494049546,30.9214566516999,30.9205755077094,30.9216401684712,30.9199844118788,30.9209700718791,30.917440575499,30.9202558109233,30.9204921077488,30.9180070849076,30.9152276536795,30.9095166701365,30.912490290001
34.2412669219547,34.2582359859371,34.2325159139933,34.2548100212612,34.2418294177077,34.2444565398828,34.2497376388618,34.2358597071534,34.262439499588,34.2316719658476,34.2489157314618,34.2403352295159,34.2355359255297,34.2474815098742,34.2357611665909,34.240223269808,34.2446433503776,34.2454965757979,34.2464193493861,34.2558431306902,34.2547795881887,34.247457092491,34.2565943489865
18.4991194112332,18.6995915668442,18.6974565780148,18.6996043273657,18.6929708602741,18.6954707527429,18.6879172631061,18.6819709423089,18.6836449689319,18.6677188548627,18.6752605044685,18.6736619437443,18.6602058390797,18.6598650613427,18.6518199407392,18.6423376416263,18.6441637527619,18.6445027098915,18.6336665595754,18.6358489759235,18.6184903273668,18.5914236872767,18.5954933989909
30.9626754299747,31.0024320966714,31.0025241624704,31.0025241624704,31.0025241624704,31.0025241624704,31.0025241624704,31.0025241624704,31.0025241624704,31.0025241624704,31.0025241624704,31.0025241624704,31.0025241624704,31.0043536623108,31.0061532995285,31.0025241624704,31.0026308526783,31.0091373456673,31.0041658729531,31.0038320492011,31.0118648325732,31.0085639056798,31.0114692150562
17.3685383193214,17.5048309673062,17.501637992617,17.4994214741446,17.4868850211261,17.4888698108003,17.4864768316422,17.4865465047246,17.482673904222,17.486259976163,17.474703137963,17.4754586435021,17.4667132251141,17.463902232235,17.4660663211008,17.4678547208199,17.4637677788147,17.4636509339481,17.4629001210509,17.4638115891978,17.4587391076398,17.4600496773444,17.461014642249
51.3086570976131,51.512494435985,51.5100487221773,51.5097840407949,51.5097840407947,51.5097840407946,51.509784040795,51.5097840407946,51.5097840407948,51.5097840407949,51.5097840407949,51.5097840407947,51.5097840407947,51.5097840407948,51.5097840407951,51.5097840407946,51.5097840407949,51.5097840407948,51.5097840407946,51.5097840407946,51.5097840407948,51.5097840407948,51.5097840407946
25.3802108164271,25.5148658900663,25.5154751180294,25.5154751180294,25.5154751180294,25.5154751180294,25.5154751180294,25.5154751180294,25.5154751180294,25.5154751180294,25.5154751180294,25.5154751180294,25.5154751180294,25.5154751180294,25.5154751180294,25.5154751180294,25.5154751180294,25.5154751180294,25.5154751180294,25.5154751180294,25.5154751180294,25.5154751180294,25.5154751180294
31.9379237253421,32.1358211071767,32.1358211071767,32.1358211071767,32.1358211071768,32.1358211071767,32.1358211071768,32.1358211071767,32.1358211071768,32.1358211071766,32.1358211071767,32.1358211071767,32.1358211071768,32.1358211071768,32.1358211071767,32.1358211071768,32.1358211071767,32.1358211071767,32.1358211071767,32.1358211071767,32.1358211071767,32.1358211071767,32.1358211071767
25.7882783066931,25.8926808743981,25.8881306538777,25.8879634844941,25.8886994360523,25.8892268559275,25.8884068129763,25.888182087257,25.8860233219636,25.8854961615614,25.8881765497633,25.8858690502141,25.8875288506238,25.8903503427897,25.891708731768,25.8844085915621,25.8894170983946,25.8854437999838,25.8859384886104,25.8855687171764,25.8836077636961,25.8881850321355,25.8886557033621
29.1839290741868,29.3175181854331,29.3189790959335,29.3161729647935,29.3153735714475,29.3200088305188,29.3227494797119,29.3087703784113,29.3031222498904,29.3066001251478,29.3081420080641,29.3042987540051,29.3151444779134,29.3105399160037,29.2996788724216,29.3037365840348,29.3122166577897,29.304426573745,29.3076078382528,29.3195615384217,29.3066940652253,29.3062589781955,29.2944753316424
23.3511487999591,23.6452770393714,23.6507553340964,23.6504143325387,23.6544989222137,23.6546751241531,23.6540765538115,23.6543366298325,23.6543370640511,23.6544440386612,23.6547074937743,23.6539463666007,23.6538867898297,23.6539943802189,23.6501399867694,23.6463217403319,23.6512002099863,23.6486353688536,23.6505532819661,23.6505260990019,23.644431096218,23.6425710199944,23.6476023729943
33.2169856838604,33.2920019122733,33.2921734842919,33.2921734842918,33.292173484292,33.292173484292,33.292173484292,33.2921734842919,33.292173484292,33.2921734842921,33.292173484292,33.292173484292,33.2921734842919,33.292173484292,33.2921734842921,33.2921734842919,33.292173484292,33.292173484292,33.2921734842919,33.2921734842921,33.2921734842919,33.292173484292,33.2921734842919
23.5984816668431,23.5839090850017,23.5878576456922,23.5863700292036,23.584684195609,23.5851588305821,23.5882776078691,23.5892089687202,23.5901794390715,23.5849785563565,23.5854403646201,23.5858095365912,23.5853705226387,23.586674299521,23.58960709663,23.5896103595154,23.5870533392123,23.5905606165644,23.5913855241854,23.5888834663408,23.588295035578,23.5878092771386,23.5846981016989
24.3425003819853,24.3597277897299,24.3629207703803,24.3646109781968,24.3643710708959,24.3671511370852,24.3670957378732,24.3665845044608,24.3683473436984,24.3680397734213,24.3672972323961,24.3682594696463,24.3682600014722,24.368337786293,24.3683377862929,24.3681067990596,24.3680164116006,24.3676208382589,24.3665764398976,24.3681731392854,24.3665256235525,24.3681455035638,24.3681784169442
21.6788481010919,21.6895527556606,21.6894195775467,21.6894195775467,21.6894258751948,21.6894249729044,21.6893640835799,21.6894195775467,21.6894195775467,21.6893934508177,21.6894195775467,21.6894195775467,21.6894115919693,21.6894195775467,21.6894195775467,21.6894195775467,21.689342335579,21.6894220559181,21.689409046688,21.6894195775467,21.6894195775467,21.6894400503095,21.6893937933024
44.4150900016261,44.5283906057552,44.5366561280923,44.5351901557287,44.5375097653615,44.5367478671045,44.5355694571616,44.5368716335684,44.5361737172162,44.535583974819,44.5351652946846,44.5359983271486,44.5367478671045,44.5369093062711,44.5366858815873,44.5370463898768,44.5368635704953,44.5361382767668,44.5358313875014,44.5345186122611,44.5348088285965,44.5338719003089,44.5096218394646
27.3163121083032,27.4266117010346,27.4292196629422,27.4328467287031,27.4384512861023,27.4596150176383,27.4685104862349,27.4668509256091,27.4777436109967,27.4455530100873,27.4677641749587,27.4718204024689,27.4793890791147,27.4834806697552,27.5182847575538,27.4967683119029,27.5090769107847,27.5502953077153,27.4921503788051,27.5063806244279,27.5337758379461,27.4996335415276,27.526313745769
25.73421285033,25.7886420982045,25.7889441147993,25.7885444242247,25.7881096152079,25.7829315667725,25.7923991762386,25.7921232781108,25.7897924799391,25.7852611725757,25.7838360946958,25.7844555807463,25.7875872457206,25.784110413182,25.7886683908386,25.784444158155,25.7900312636041,25.7874324143203,25.783390362201,25.7852728442776,25.7872618333592,25.7883148783433,25.7830959371528
35.5289029516922,35.553842648227,35.5536744816752,35.5536744816753,35.5536744816753,35.5536744816752,35.5536744816752,35.5536744816752,35.5536744816752,35.5536744816753,35.5536744816752,35.5536744816753,35.5536744816752,35.5536744816753,35.5536744816753,35.5536744816752,35.5536744816752,35.5536744816753,35.5536744816753,35.5536744816752,35.5536744816753,35.5536744816752,35.5536744816752
29.6116932308753,29.6905526406457,29.6957612441455,29.6978520641067,29.6980848358959,29.6935267368236,29.6854570593504,29.691637116393,29.6944746304643,29.6834776752156,29.676199524585,29.6808597189721,29.6633615096234,29.6653639521737,29.6738746943791,29.6479393488981,29.6547963613738,29.6462547129166,29.6563743713005,29.6507674434024,29.6136931125645,29.6158891510068,29.6114078928957
23.435152159454,23.4931445517609,23.4939242958585,23.4925468318036,23.492543322981,23.492543322981,23.492543322981,23.4923575697912,23.492543322981,23.492543322981,23.492543322981,23.492543322981,23.492543322981,23.492543322981,23.4927073598099,23.492554498141,23.4933676940745,23.492543322981,23.4926917356536,23.4925656144253,23.4926300213095,23.4925718219655,23.4925800280189
24.2258925479426,24.3700548803338,24.369809220966,24.3698092209661,24.3698092209661,24.3698092209661,24.3698092209661,24.3698092209661,24.3698092209661,24.369809220966,24.3698092209661,24.3698092209661,24.3698092209661,24.3698092209661,24.3698092209661,24.3698092209661,24.3698092209661,24.3698092209661,24.3698092209661,24.3698092209661,24.3698092209661,24.3698092209661,24.3698092209661
37.293531074495,37.4184233748967,37.4228234136582,37.4213867668754,37.4212685000703,37.4218014798975,37.4204979787358,37.4217551785352,37.4218711934224,37.4204797053558,37.4245255685256,37.4275239875624,37.4213552661815,37.419194509454,37.4161724793462,37.424039249152,37.4131973372874,37.419507519478,37.4205764908441,37.4184240425376,37.4183179552559,37.4116988343989,37.4071448495047
30.4248820765969,30.2974391217298,30.2968014338163,30.2968014338165,30.2953584372186,30.2968014338163,30.2940247992333,30.2944002838693,30.2952101526633,30.2960429928906,30.2950408117519,30.2940023827279,30.2946455148178,30.2942264643486,30.2961919260924,30.2920351195272,30.2956201959948,30.2946656436033,30.2945028243097,30.2957581657054,30.293580737533,30.2948571765867,30.2935548804146
30.1809881618123,30.2709443106442,30.2709290179314,30.2709290179314,30.2709290179314,30.2709290179314,30.2709290179314,30.2709290179314,30.2709290179314,30.2709290179314,30.2709290179314,30.2709290179314,30.2709290179314,30.2709290179314,30.2709290179314,30.2709290179314,30.2709290179314,30.2709290179314,30.2709290179314,30.2709290179314,30.2709290179314,30.2709290179314,30.2709290179314
30.5842211395487,30.5933296116048,30.5928776543582,30.5927738909682,30.5927387982532,30.5927387982532,30.5927387982532,30.5927387982532,30.5927387982532,30.5927387982532,30.5927387982532,30.5927387982532,30.5927387982532,30.5927387982532,30.5927387982532,30.5927387982532,30.5927387982532,30.5927387982532,30.5927387982532,30.5927387982532,30.5927387982532,30.5927387982532,30.5927387982532
23.1261941786661,23.1939171801061,23.1908823855894,23.1908823855894,23.1908823855894,23.1908823855894,23.1908823855894,23.1908823855894,23.1908823855894,23.1908823855894,23.1908823855894,23.1908823855894,23.1908823855894,23.1908823855894,23.1908823855894,23.1908823855894,23.1908823855894,23.1908823855894,23.1908823855894,23.1908823855894,23.1908823855894,23.1908823855894,23.1908823855894
32.4699197460354,32.5002414609566,32.5003476454349,32.4990198902482,32.4991045737277,32.5003108738607,32.5007030491514,32.5033639304764,32.500216639923,32.4994820212579,32.5047433122252,32.4974334569645,32.5020138625056,32.5044354287531,32.5043135113426,32.5114319608866,32.5167228350622,32.5078844054978,32.5061405312369,32.5140949167336,32.5109943019647,32.5145674923647,32.521491259565
30.9404746263115,30.9590031377538,30.9606517355006,30.9606517355007,30.9606517355007,30.9606517355006,30.9606517355007,30.9606517355007,30.9606517355007,30.9606517355006,30.9606517355006,30.9606517355007,30.9606517355007,30.9606517355007,30.9606517355007,30.9606517355006,30.9606517355007,30.9606517355006,30.9606517355007,30.9606517355006,30.9606517355006,30.9606517355007,30.9606517355007
