"V1","V2","V3","V4","V5","V6","V7","V8","V9","V10","V11","V12","V13","V14","V15","V16","V17","V18","V19","V20","V21","V22","V23"
487.634210662077,506.129339285386,500.692810753282,493.990199346292,485.023210479489,487.876398782067,488.52653291523,495.557932884169,501.331712657559,497.683992784134,501.252909073761,502.519017922441,503.178300442498,497.516835539263,501.085622750098,505.348826082545,504.292270545084,505.210247336296,503.603387087128,504.194780972609,500.703177919265,499.604590434705,498.626502779826
451.004371476219,464.712942311988,468.431997265964,467.801920212015,470.214877711853,470.973217009292,472.100306404484,473.638867938309,469.862581554624,460.561296302229,463.518619946623,460.170165580346,459.112328671974,454.753010727638,461.170793901766,459.440841099067,460.282483698787,459.311090809487,458.727965665172,460.304939895204,460.569364923609,461.101458259287,460.263560505239
237.365509280345,211.670510909883,225.533535056356,225.369632247821,231.73889260017,231.645289960368,233.749561624099,236.419769811387,239.618147121615,235.470560546364,239.111819028083,239.839040948855,242.062465129697,244.685860174793,246.034650851795,245.571376489985,246.044799723253,246.773407357113,246.540200700552,247.842171222839,247.763413543059,247.867184217852,248.912186161441
325.276898409431,277.876732421338,293.068232403219,302.184672364984,309.30014088735,278.033120693852,278.460098838556,286.624098677092,290.63931617073,290.834966123778,302.284208749386,298.331312821091,311.716331161727,315.892646058439,320.380228503213,321.880200144377,320.389613428142,321.978573375335,321.984455913272,322.114050590638,323.153196258152,322.6488028138,322.551674550813
224.815794429131,188.732256916532,163.711491999059,157.710807956886,148.903566143581,135.777067872544,137.625470750887,147.967995452139,157.753253456024,168.251968711764,166.951679048792,175.81725118174,195.531521332083,208.179636817849,217.381733896168,224.068374362396,227.370837259715,226.936074712938,226.933304815095,228.35470732928,231.794524719135,233.196522781147,232.828073336538
153.985155947449,150.258558584445,136.317682007151,141.587730571234,137.069718638787,133.529882589841,137.479401911483,144.991448799452,150.02601317939,160.280511161911,168.903508038547,177.433283249297,196.70807223744,202.544773424477,204.794714548727,205.74534091729,205.019525804096,204.75669126843,206.049799220166,205.427277784682,206.302634853323,207.467920241999,207.641727731532
388.577451184694,404.255671377834,385.540580686436,399.834065213133,385.075624262209,380.056278013797,378.923339918693,389.929013544033,374.926321649412,379.766825249938,363.536653606874,369.72227280279,383.268323827887,380.433212997599,388.990245354901,390.831126269606,391.838027754036,395.312705718493,395.556473306916,397.738778737961,395.372387468289,395.255086888147,395.344033577397
492.175028774662,491.284858906302,480.425617454741,472.438065160953,479.454177603365,476.273612311376,478.262117445022,478.397221939603,482.226784129483,486.792325811146,480.459356078461,487.418242093752,489.677908391573,488.789108152382,491.158741773011,501.102540293213,500.810552991536,500.389006183936,498.64403017994,499.776845264356,500.381514777372,500.774884507947,500.51080489666
186.384435521339,176.405988065859,165.530852254772,167.928172364166,158.348052782217,155.253326804031,156.022012259404,159.708056621823,163.565742981003,160.375263985857,165.787975770825,162.304051479875,164.112001857818,168.129363577704,167.397970341148,170.41456876433,170.027932330903,171.039237625113,171.409489850422,171.386175285067,171.476185397973,171.886897940373,172.303402588382
238.158589161849,222.526914109033,216.159095640145,214.003178636785,218.623612514313,223.503457267273,227.027463587789,216.987907160172,222.495350658026,218.054946922379,226.121615426602,220.108285801018,232.708158835472,235.125913280041,243.566050042719,244.97631490545,244.728201589,246.122977383918,244.821576386678,245.857802884598,247.262318487523,248.991383668288,248.897675980891
183.204175931461,153.904678595664,150.885112363137,148.838930682274,144.48212500052,140.290417191889,145.467182417818,145.938382712611,159.019564944577,152.874058018209,159.314383237417,161.610384145081,170.863677139012,174.470655010098,175.510342032701,176.292729207056,178.90996962538,180.34805071779,181.330005677633,180.653060243257,181.589379656799,181.822973949193,182.319888098157
233.624349139743,237.659428284955,225.620206038249,223.777401868861,216.083788725388,226.120864568952,230.554513451197,231.999937117398,229.43660525458,238.274094898414,237.899811965904,241.190037090769,255.076881600439,254.678823082401,255.775266578415,255.955111822517,257.064185744824,255.965132363848,258.370233302091,257.112887762719,258.243485220312,258.19865057585,257.920597174883
185.328438462945,173.219314134938,177.502138471936,169.608371690291,174.511056199548,205.644581317432,215.304250694536,221.084083799596,214.215007420628,210.232139581446,237.147519488865,235.907863100777,253.433265697573,272.502812004689,276.330267979711,275.28160113552,274.425556502687,278.969461589809,279.358950473332,277.748775016618,279.341607080482,279.923117748452,280.36273901335
556.286980505359,562.080599432538,565.76061467557,561.511335885323,568.151416841008,567.378055091306,569.272662183864,570.090434329084,567.434374035001,573.351852408904,568.984064442032,574.799695186213,567.851940047521,569.863837817452,566.979012766661,568.041199812921,565.267725325077,566.086845952605,564.746144419956,565.548265271811,565.266955256627,564.288741950836,564.585899406575
202.046250777747,161.267092681995,154.270140419242,151.77015999283,153.12558593489,164.859971121855,168.886309559767,168.947158264954,181.179413579093,185.400488417456,188.906825463815,190.779056821746,197.226190683126,204.567336957642,206.715726616253,206.212475883175,205.209835756006,206.854555844952,206.249527850089,206.684960368402,206.533512277031,207.775309508147,207.119959339791
206.471799882702,200.57793620852,177.242032013774,178.06123345522,195.945596077696,196.963932604506,200.88595830528,205.936825246374,206.63606836046,209.784499594909,208.87386475898,209.651583251765,204.856599463974,209.483125348755,208.720581410963,208.135433875727,210.350088176699,208.880618167797,210.012252474482,210.689206156569,210.1007263406,208.717937473977,208.47553132629
272.71684373395,252.234717982965,237.582954844385,227.743991273769,234.787376024798,224.028328458663,242.536641653291,241.930109905132,249.785880175175,245.851482831659,253.062266263881,252.728203194972,266.215596712029,270.927830969286,277.532844803885,280.653625653581,286.158968051695,283.110068579957,281.664660542939,282.627412972978,284.542727569411,284.521769426221,284.001144062951
303.392631640453,271.440221816221,267.754676685288,259.022193393968,273.568283804801,285.06616422722,294.015008873885,303.6357406397,304.733979244307,317.593883734245,313.074912955031,310.721638575812,316.111878691537,313.573655550505,322.524384730005,322.028524297864,325.795967905796,324.05677951071,322.8082788698,322.690118210463,324.597108275753,325.303976573554,325.6683621539
228.326046435022,208.375506174971,195.854672041013,181.652350012752,167.536776172791,171.152750538754,183.147839557459,175.234511867418,190.890687694433,181.824107704533,187.184991519986,192.82380635253,209.230018759355,216.709377924636,219.134337631813,224.904689499454,224.6013558575,224.975050017394,226.866738321659,225.961889178156,227.07213596654,226.175241313669,226.544846559423
126.178660625795,140.94038681133,114.967870032898,117.536815995789,114.725980026551,104.978069761985,124.666092549921,125.484595164272,125.19066094063,126.864218071075,130.829572225163,136.23562238261,143.807605140118,152.354944997251,157.920727050703,161.887581329195,167.826381538074,168.720179012663,166.936719632334,171.393063079923,175.075399121942,176.658963583537,176.252421510339
408.540499675752,422.272970308366,420.435278105228,400.776243207547,411.523176856054,404.913759647786,406.774288012657,395.361354670839,402.282840308498,392.6899862047,388.389732802735,393.960330475601,397.644774788293,395.357303165168,395.724597192865,394.586821869118,393.657486155288,394.3821403377,396.531080064137,396.046187629234,396.906965095467,396.551024676445,396.769519988403
198.947279626466,190.422356236918,194.095313633012,185.502667586162,180.781388241795,188.446727819001,185.541773290007,188.760891308518,195.683392183565,189.603011066854,197.92856766832,193.235848688231,199.923411335956,206.667858605001,210.344926958048,209.716058843906,210.867319648942,209.479120703755,209.097631018383,206.623224752892,209.368029666211,208.75846419063,208.027044455336
207.157642349016,152.726881128193,139.773812935776,158.119872597283,138.105071336168,146.711400314293,165.161948889872,143.279372456924,159.6606859382,169.574726542819,159.279802161787,167.078412280881,175.383416801862,169.933406565865,176.687757036749,179.430984027006,182.784327486498,182.867204636711,184.939452405962,185.572892800751,186.035235065921,185.776061932174,185.994130735328
203.331095387983,191.508409548894,184.85431929064,182.082048427527,172.257839380754,186.694683498386,172.741440929943,186.512181135796,191.750428166346,209.832930262908,211.405288505466,219.671909005547,235.098064373577,244.653694413724,243.228078901995,246.749616004286,246.616714813176,249.215788066585,245.602758754036,246.033196475075,245.971245268772,242.146690367343,242.393373802582
340.468782241612,339.511792046126,331.904953705233,326.153584032619,325.962590457793,317.488925118624,319.73478976233,313.549055206007,327.611566395491,323.23624356047,323.012080182503,326.629553907223,326.168551559932,331.037484533746,332.290092415889,332.589328455252,329.438582266132,334.331922225893,334.123282568527,335.638138194175,338.572690605823,338.838466978912,339.206026264317
392.344448284801,391.298040281315,387.752111137014,397.69906915658,399.683967099676,397.357752911462,398.004793626326,398.012785847621,402.218807890186,405.127747832006,412.059984580409,406.663954396688,406.36471708932,400.680412686977,401.443285289842,396.781366044407,397.581964024958,397.021581257731,396.7822689778,397.174108306144,396.863206644013,396.9864181602,396.49403560562
172.210045944788,139.018158617132,137.195064516699,129.357094996644,133.051466257534,146.969744293651,148.210250728398,152.251063583314,150.23382916742,160.707466388366,164.423775095858,166.471214118755,173.519772700828,180.588915515301,182.52227681582,183.091401969347,182.813721045002,183.882419493774,184.130992618605,182.587782651242,183.043662023244,182.121995299911,182.411103088308
237.952527361055,243.52909843654,240.34357198045,247.58446184217,263.861201277182,259.922064858124,261.732155970936,264.742041516243,264.077239406799,265.656917398814,266.223205644749,274.97844673604,271.832174382349,277.473533478267,285.164660096573,285.975819645217,287.979575439983,288.818402878609,286.247596371138,287.119575298283,289.853027346511,290.831846346812,290.528067873081
497.065425771602,498.56565483322,503.207161970101,493.574176991977,481.708762767555,483.742948834237,489.692807450151,484.998512676139,486.545469099438,492.074251255221,483.648461085924,483.752137253378,476.933665539071,471.801729321765,476.631320813427,469.879436956824,467.433159766767,465.393373610101,464.843790768964,466.190127783886,464.154861146119,465.06760920217,465.3888968962
336.531916356149,339.888916176886,342.806407668472,346.043269552623,344.129059835153,343.360836183623,345.290056629997,342.630266372081,338.364178431621,341.410001937727,339.237449437543,334.021755558941,329.353688054262,328.253556155698,325.034194125156,327.214937122314,326.640903425311,326.557183465361,325.888323960532,326.302448768474,326.294552474125,326.098146818643,325.877705917825
325.300496632794,327.08969266224,320.4533001746,331.084400470034,313.937830528891,319.803198203244,323.773183112786,323.991382343725,318.376460521877,314.790098554361,306.819440019433,307.401502634003,313.037135380572,319.45082167254,322.946315628711,326.539241981211,327.826485619545,330.760082629549,329.33092343802,331.89824331953,334.474971115382,335.449026941998,335.864812821419
192.434457738346,178.883888129812,166.935723374838,163.813594221538,163.749593729184,157.786056811395,157.311614076322,154.640169792128,158.046567351596,153.740842627743,157.175960635906,156.433389432762,162.027947155637,169.108202639207,170.510410591493,172.11723450416,172.541043772401,172.371139596469,173.856406795612,173.960126012238,175.078321508478,174.545766379195,174.259345709619
350.582510361304,345.176960866663,328.270343617673,316.37328071364,321.233331113169,319.447110877521,325.701402295401,322.184076038969,323.0074142158,330.504578873047,331.592216944157,335.023834108415,341.67811171914,343.044511867343,347.593261404142,348.442030100433,352.025395991785,355.552972392817,352.404648143685,353.033778658968,352.891654257223,353.558080058276,354.227965609479
262.348637029777,272.8442390305,276.199826527805,284.652490456922,271.258335769781,275.691470420397,273.939026629885,276.841521076881,272.841581704308,273.309130831174,270.466977769818,271.536241323523,264.789292572027,265.08384260679,264.44294745065,263.815440426677,265.073077468273,264.608682052387,262.813115123012,263.415983326956,262.825458985834,262.653555839361,262.827250568369
735.780052510759,722.004999550754,744.191820429159,753.992988366395,758.235605711545,753.66301726276,757.895405344161,754.576253924838,764.614518363809,760.48672912341,760.330010676101,758.417327650742,750.459429672851,746.763137118761,737.038982948463,735.23409634526,729.590515466137,731.753900450768,729.004276915662,730.829275379115,729.858601663196,729.363471627343,730.29857358332
108.908171095202,93.5531284258326,84.0475481894108,84.3868091039749,81.8336745862445,87.2655982878039,84.425480673659,87.3953284297755,87.6543608653303,89.4453044127581,93.7820772692797,98.0746468358509,103.762165290987,108.321339973643,109.547865200978,110.655217054439,111.248175268185,111.637578691111,112.025624257694,110.777794462811,111.181050291657,111.487644531595,111.120848304633
204.195361984114,123.915790965363,108.035251663346,105.412015802169,109.776294441421,109.445954323997,123.629758148762,136.444171408076,139.699720774463,144.234867613445,149.504616242241,151.154676105792,173.420965851743,187.797477969493,188.938783250698,191.120796786268,191.997416907337,195.11651860571,196.881440862488,195.983249410135,199.139916460194,200.507398102719,200.058010424053
267.766396652145,254.190384675455,255.000267078338,246.319184807341,240.189963972911,253.255740129391,266.082367819991,268.615103279387,261.58263751188,273.996594347744,273.919780619927,270.611075174304,276.944705453067,269.807386613685,268.861028279937,269.660749881734,265.424741250414,265.415434036174,263.929938680593,264.448284804297,263.321714874153,262.678852222798,262.818752615485
250.255378278422,205.927633667137,205.399252489073,192.934808773073,215.796203955447,220.924064110475,225.201491906545,217.70811781462,227.725641312393,236.350189172145,237.344593445163,248.282378739574,256.610981841906,261.382094426386,261.350816765654,263.739585572976,264.732314372793,266.636085144427,266.66167930941,264.924411037831,266.033353964674,266.156133470631,266.352788513992
449.852463421511,460.615867216527,447.107471589517,447.860400469087,440.83763570826,446.637051516122,452.796824490396,448.488032956367,448.551029809881,448.281765178324,452.271772671742,445.907419550177,459.663311329536,456.704018306129,454.373490776959,450.024569182246,452.829143767779,451.972834595996,451.931962840565,452.536501111785,449.223529353201,448.906547080198,448.106700418453
470.579088355586,472.856531162969,474.141629702059,476.358907612142,489.263281026313,488.815023609539,485.532721839019,470.158081007555,476.798174784695,474.978919805001,467.208561289053,475.986054715982,456.046759960228,447.939704824515,450.471141991684,448.239522309217,448.126417481641,445.81805701229,443.795842133067,445.004424376191,444.45671664813,444.196038461224,443.560170467051
207.106165004493,175.697936064637,181.013363206695,177.029802891284,171.913885744648,171.744591848807,187.471982781103,186.675014437721,184.938904597077,193.400265489326,198.634928222262,200.228841552214,202.971328818888,204.533024288628,209.924551084292,214.464403811546,211.773256072787,215.915766454312,214.480378807086,214.126305186917,214.460703292239,215.650941115886,215.642942365494
145.158008180224,135.16460673514,129.359788421887,118.649690591946,121.342950967126,117.206232637234,121.628563339658,118.761052306197,130.865972024303,132.988374908997,136.210309207655,141.652081847098,151.755942776334,156.805921695564,156.446634860338,155.614420523509,154.530149244087,155.818071286335,154.304542164512,154.273570849022,154.652355820756,153.175065072333,153.323169116701
261.160377587571,206.923159763645,195.802220713902,172.383831349704,166.450134734924,150.681434298569,162.959611327077,162.35622824925,169.519271346495,184.784679974264,194.236081550254,209.09201547368,266.265869510025,278.549951289959,305.358798071051,309.535533860069,316.928773368567,317.676228802982,317.658648571481,320.710869717412,322.065300027092,322.769001366143,322.82010432284
378.272710498321,372.268842153496,397.271460611258,396.812183696147,387.899472543283,374.102506661038,371.849197009928,369.235730053329,370.821819302157,383.683385126676,371.172393679608,380.463399069309,396.090403490724,403.780649124049,402.547849536307,407.409864281213,403.402791716814,407.038148507034,406.540126913434,407.161516588933,407.279518762929,408.206496935416,409.07087710949
213.766355622153,208.100831335071,202.250736627972,208.431945856597,212.060537886985,219.648299820708,219.720131299737,210.407008190205,226.295164071049,223.106048266147,216.636566261099,218.607860513193,223.387306578869,219.423557307419,217.37976091057,217.134402089147,216.366535633655,216.888543472358,218.892842365815,215.784256285525,216.333451300458,215.373349561219,215.531310391815
258.784425069299,256.952251432192,237.997400667613,229.188091541454,219.371683091629,224.891453559699,225.536944494671,233.532505480387,243.914715009728,246.781124713328,245.909712687778,247.784651135817,268.523811078571,278.49015089675,278.729458250286,280.95100897222,283.168866733865,283.411512542809,283.160792087017,281.552519479404,286.112790965371,288.823058940737,289.107925391976
444.768959459648,442.384852343821,452.962185629138,457.564010071401,453.239149033217,444.386871500354,446.078542724987,450.80657294729,442.80519935078,451.323352909763,446.233003532905,446.669856772333,444.505639943304,439.010215769505,438.567120146742,437.328773601947,436.018718020793,436.309631452835,435.277603997419,435.701701559006,434.365997449337,433.756965026102,433.359813079051
271.154761728731,270.292105595334,268.164970081056,255.863364510026,246.976342333171,257.946252320597,255.353522839726,265.340563150716,260.285262500781,260.203854305235,262.000713697869,264.401804368119,263.450013364107,265.813452203933,264.047200867889,270.430676177232,270.4345962165,271.468355696196,272.399985070672,271.723415630231,271.825004920564,271.727818565439,271.600701332281
168.524144725965,153.254422210405,145.331384319153,141.364334860265,136.733445041154,142.947041039574,134.491926084414,140.708392023901,145.824083824534,146.896355234461,153.952183144179,156.847461100112,167.322892317633,175.669434955688,179.236017127989,177.667759924117,180.007383434904,182.272452708785,180.66258032601,182.637221326315,183.017294448742,184.75923881799,185.577015579311
439.760769101878,417.935773339171,448.028460989777,438.698469560124,447.43206008058,434.546573701618,436.314297759219,442.817793379386,439.52952832997,441.340093894135,446.479533714921,447.076617424398,456.835429394798,460.550009574425,462.271835943115,461.058005134089,462.648633086817,461.922112487706,461.237776597742,462.194592994078,461.004915058219,461.059912251819,460.790893197741
299.266676772022,306.081501141234,318.776818290757,298.411473736666,302.34157380499,303.818940599296,314.116358874363,307.702435197276,308.400962500722,306.96543252927,305.232909641665,303.586605226925,309.460612561149,314.397863782639,309.559763509312,313.32046089173,312.547231278476,313.750316300612,312.72504528876,315.249784994169,313.415581079096,315.481361308351,314.85732978712
296.605818788771,291.426154622716,285.698140671965,286.16250431401,288.012178914744,276.939178676951,281.386978073895,280.206845576642,285.579773605556,281.004708215846,281.104956752546,279.532240438123,281.545597467958,278.159382364129,278.326840169932,279.713494147218,278.17129195436,280.780704677776,283.316256129837,280.290385657745,283.105770686669,282.03762614201,282.309995177756
166.363870083224,139.87433013447,117.979488571534,125.497317478093,128.477766124299,135.34886082733,138.981115965198,139.870771234412,152.338643579333,161.472134120143,154.704317883374,165.133435319705,174.36154151602,192.906817639674,192.575175494568,195.76810709148,199.573413997811,201.511781934859,202.036624660038,203.591640079702,205.094601692839,206.863511108747,207.022446210246
489.862898064158,498.868158612948,498.862058080433,478.147702315347,479.615006911683,471.391969594399,477.733095644875,476.728753605197,463.780027069273,470.403686732665,470.923671839539,467.034095951353,473.807799037812,481.399257971114,485.732798042695,487.103256681951,491.425255847698,492.027746219064,492.558141288629,494.502507734347,494.730205614532,495.506106816313,495.733230633259
281.941513144341,255.524441160702,263.763284227335,272.052800698125,265.925950286875,262.617153146521,261.491375389742,264.370452736945,262.118356080382,267.046860147604,272.461972026874,271.52176398127,279.198726039137,283.138185919954,285.555703361101,285.736353870031,284.939267813513,284.068288770082,284.780397519406,285.555241022945,285.646860862753,284.629729266435,285.408742634529
324.535393188216,302.678513113416,298.935015049232,315.912628055832,329.262898562301,341.274009844526,328.307880046658,319.431656752755,331.066538735323,334.089032182913,331.600569764716,333.435078897329,337.090893721597,340.878774172708,339.897674821758,337.766388077874,341.287806783737,337.647330411594,337.318379782978,337.707035588457,336.363397447703,335.112302542646,333.858435765449
368.280966510427,373.956156647074,376.076681469072,384.113655466482,373.680207660976,367.263395042084,373.280517807851,369.70139298057,385.128092376638,374.738567625356,377.233853006618,374.192193086893,380.896268299242,384.934849057779,381.923773802992,384.199591614078,384.978547589158,386.41203266792,387.403282364126,387.836956165665,389.224645562581,389.322438659307,389.523513146495
132.425370597111,114.061892720581,112.652256844245,111.306082531184,108.29974721619,112.593169274686,109.526954746895,109.100206896944,114.184910393919,117.639638744434,115.050627915261,117.28020037933,118.453805646021,122.162333297969,123.322038351407,123.123075542631,123.914907495248,124.334189947899,124.440932236458,123.93923790623,123.98636478502,124.095317903921,123.89107024942
129.221832014414,95.0360610853238,73.2814025666231,80.8302092371611,76.8322868713143,79.0795954311129,87.4637559184439,99.9554373565954,97.0602461913258,104.759301886942,110.694301786443,113.532212414921,121.322258134052,120.928251849729,121.511115512468,123.141193640668,121.522294427431,121.368279783078,119.91053346366,120.362068372835,119.75516471359,119.773310678319,119.716363010051
451.349730757289,470.232061748403,464.923968254898,467.996994352365,445.750122168135,465.499459909216,453.480328784579,457.065186897094,451.575752845792,458.050853503421,451.494047917915,452.496323648893,454.976620253444,457.726767134713,460.705131465821,461.95194360848,462.807149234606,464.113542032244,464.372771024895,464.251382308145,465.204614058007,465.085936902281,464.471796604278
90.4222999477262,74.6385399252173,82.6785330490588,74.7206384392307,82.0156882417699,71.9317783177329,72.2155124322194,61.9593252536123,66.724814091844,64.2827751158049,60.7993385460343,69.3045103581717,73.0351902304764,85.6635632897377,95.3883593619691,94.5547984586664,97.4771985411352,97.7099630351965,99.0401827518669,99.5331505983305,101.744574795112,103.766269232304,104.383451114442
218.821144613922,193.036591745547,179.483612134822,175.017630247532,169.70931444293,169.687605407473,183.439390504704,171.398732323817,181.397819560869,184.121604245688,188.541097694035,193.448051355765,198.835913960027,194.696824920018,209.151063065059,213.740290453093,218.296227815381,217.552913095442,221.440510269477,222.351585123283,223.337427993701,224.390800400164,225.14533787946
184.013315424578,186.703933894184,189.709642401123,191.589458435623,188.854231320813,184.974865401716,186.291235498205,184.977210982876,181.518020907619,187.519184563154,184.396695626477,188.006220558078,183.850694985615,180.327129110408,178.153358784811,180.761073147783,179.346424523149,178.230729469946,178.280158295604,178.84601006489,178.422017991541,177.712295243783,178.341168957724
241.376939864179,243.335399320872,197.080133769113,191.003090375201,196.742816149583,205.410507390129,206.150301992239,205.176360185888,215.053575799054,223.882257035412,220.918431120257,229.511738937375,246.855517302211,255.230476047353,258.572849523695,260.259373442113,263.726901696158,264.592467237973,264.784527203171,265.75791175858,266.473333122088,266.04255345329,266.017300951048
441.693347143222,420.156334973724,427.007110337819,429.23052630406,438.042485349077,429.823452969305,436.854341793899,435.125501092779,437.182909947062,444.312762913445,443.325157255615,443.578156821968,447.711022073809,446.484823490759,446.886796012373,447.944963173481,444.432999978546,446.592363788799,444.639195729118,443.516684604596,440.560383140185,440.85780775328,440.149391569134
323.586098301016,288.756039721689,286.277569341185,280.593184793415,290.970785356056,290.928870975615,294.795314627376,297.430839892042,290.837400909337,297.959774095155,295.620658042238,303.404723472825,306.399379018536,316.601894614768,322.498179869148,329.334183989823,333.39038363223,334.356790568561,335.528092221141,336.214927767133,338.038325534059,339.169366764104,339.362648542826
331.823931813074,357.277037161074,356.472974723892,341.766920357212,334.231982660254,333.79261569962,328.796971255412,332.639006407804,340.896405153437,350.127735493782,343.766947171558,336.406004176043,364.51816470941,374.087219809274,380.9464280488,382.728977615399,389.338469136854,389.541752963037,390.056025298498,388.637996709419,390.553083350251,390.927225389454,389.908622939105
160.532748832026,154.3434751008,126.246402034119,121.790034210574,104.625114237018,117.553838253422,116.216525960191,145.815012025302,139.130186014943,147.83099149758,147.876230555114,158.385179788156,177.521393811706,194.126258419056,197.794591104198,209.516729356387,206.60131072339,208.025183546528,208.208225967395,211.716556924979,211.586441874862,211.485071010648,211.145626050585
256.820412075443,218.541379128599,243.911514049978,244.927187021421,239.252219915934,246.275374829865,243.03035927706,250.62369113404,255.659153145461,254.427343027412,261.813093791165,261.663949184248,261.672907534594,263.50027117838,266.122682255647,263.517637149292,261.264669696858,260.491718662257,260.981654942191,260.342160001568,259.114190626548,258.985142169384,257.948576966987
134.456423135589,106.11051629655,102.964277101959,93.8244322377736,94.8551453168091,96.2233208800054,101.001756283759,101.614942624258,102.452367401713,115.058515628927,114.988764859608,113.19156136166,118.302042152383,122.016449368268,119.542436130919,123.994984605771,127.192777694688,127.611644339842,128.647049200323,130.432233318682,132.531871890537,133.193666912741,133.67191843736
325.075666301335,341.676259983591,362.59547792595,349.594838729912,348.274790844798,349.4652317507,332.696901668361,344.309430691766,336.92008396312,335.870389006978,331.498550713303,335.411020359652,337.713184955725,340.480943806733,340.653885163755,341.061648464835,340.884398983324,338.786985626644,339.225524661864,339.075737778505,339.330259796038,338.698904183811,339.055963266134
447.161609976008,454.525683373471,450.441898269672,437.781552192134,454.001955191495,450.34216436901,438.316638156368,442.269165320796,454.190927205148,447.789688043282,446.321744262538,447.369975009638,457.659873947869,460.272104541512,466.699934631289,462.294537719027,460.318937873666,462.703738917113,463.102940829023,464.111084522445,462.536539915927,462.602114858968,462.238987699389
146.361636961541,108.409666796945,103.140703643853,112.317233677242,105.343774012778,109.077970468747,119.453165413463,118.153399314419,121.914138415922,122.177147294645,126.115933615385,128.257260445379,135.882012030319,138.85897778284,140.505150617888,142.068640126563,143.003354478759,142.923082953904,142.945295497565,143.60115254765,143.268021253633,142.730861786707,142.649120405237
338.73553301066,356.382555227948,342.06597420112,338.272705853372,337.161271792191,335.667394379938,342.158852317119,338.209664538257,338.438715509952,332.847635351293,331.63549352104,337.425930080175,331.149213863205,335.046809101371,330.844585799314,332.677970920044,332.414199360916,332.611512179396,333.181776154877,333.358575073425,333.147982745976,333.552199449335,333.62119317788
204.38714528713,197.094602783829,197.515557332339,190.717542340322,189.789790861003,186.647687779425,190.903983839218,197.614906125381,198.314938855307,201.401553389961,212.283432482975,210.036593118037,222.152728485467,221.882633332266,222.622464493072,227.891155514061,227.144535198186,228.95446275258,227.792543447228,227.345313661182,228.566686750075,228.773618701313,228.79742374508
227.620218846066,159.26217668954,152.95863505706,146.828818938504,148.307081124004,146.546648999536,164.553053089831,160.350796226803,168.654582570396,175.060170775184,181.80202635702,191.833357452111,212.943972298972,216.607297634812,232.94959949908,227.736744409547,230.937551378132,234.699066240962,234.22136478734,234.051079262208,235.372588434191,234.949297978566,235.321335318221
298.78701795824,305.410589979648,282.151503153653,274.409674288237,267.858364590333,265.794636276094,267.520200414824,270.051776300071,269.053000557261,275.421331792734,275.982093746088,279.951430133452,290.180214057643,300.219191734368,301.193926900485,301.703404750784,303.321569391358,302.648952740058,301.910684883838,304.595045153312,304.874462890713,305.313708522657,305.644696502793
210.099069612325,192.568641768735,165.156176413023,166.292695254895,173.65085566971,169.022702223578,157.418520058038,175.846153056575,169.309752726398,174.039636177229,166.970338799373,175.928248850753,174.023077365296,185.283187735417,190.496240330634,192.188436237574,193.793362378103,195.407543000338,195.56096005765,196.620987517225,197.937759756668,199.222548556628,199.868280886185
211.997421552706,149.878216427919,141.407794839327,146.229495780631,145.541604040461,146.362327567688,148.585610237022,161.469922143339,167.792135203203,175.352360949257,178.100523362038,176.198166662648,183.45332855051,183.479560112121,185.215052789781,189.785941852479,191.379952260676,192.397909226078,191.538739520929,191.544274270494,191.574260868518,191.767399884308,191.930534164791
741.597889115893,755.292259425663,770.18852445465,754.069975848839,721.310523381379,703.583762867197,695.196147528483,703.254559796793,695.865292094548,706.992248950903,694.922207844379,705.077958875675,721.403672234939,728.495169715853,739.018303427206,740.075830634892,745.565803203874,747.166024080857,748.984678881373,750.543692375846,752.627408821364,753.500899952644,755.85255032132
704.674095830709,737.113299701216,742.088063805246,746.037645133485,727.263270908942,732.364280286626,717.103638791576,722.769983619822,711.286688190032,705.315509200346,710.389090017868,709.475691553049,708.598968594421,719.02821944401,716.908053854853,717.527631918019,711.951102661472,714.317070174784,713.662452714404,713.288613902745,711.108939755212,710.402343604631,710.175143240483
193.442119794014,144.65511810693,127.473183235533,121.611774205186,125.853581932735,112.590934760256,125.496085471969,125.624862908018,133.86576040722,146.678533840857,156.565200024101,160.176272579487,176.334379855539,188.762696961726,197.909182553131,195.965153457329,200.518813714525,200.286830267635,200.010002173986,200.796876510683,201.91671921929,202.849139948978,203.434436270606
305.481403219901,299.638684918055,275.137599714461,281.141406007937,271.890351826697,257.817271668874,267.981197842171,266.722378691966,283.025393374577,288.696848553127,288.8732103122,286.313121476935,307.747447252714,317.728466779932,315.314628565041,319.51214019597,322.941308707245,323.732802762253,322.663603590453,324.461191460346,325.562543702773,325.319366214762,325.983481436136
436.576756686822,420.792219301291,412.099562658027,430.390785945555,438.995982845626,430.194590006243,443.007103077569,433.908768600263,425.580288112809,432.545016519565,431.665389232201,427.810970200329,431.209655424563,427.916239938013,428.768778406993,428.65496451684,428.018782210872,428.220586158157,427.091968928199,426.269320695701,428.423632724081,428.093198401485,428.207967538333
281.412102967468,245.491529408256,232.719865064965,225.219622075904,230.874634393519,235.321489648233,246.639551867964,243.463482814826,251.101428809891,249.543164322121,262.115877896207,268.559975819152,288.793496494756,296.475657067618,293.201147304386,301.792686213066,302.666164918649,301.477610103714,305.210887601863,302.028161658908,301.598312279495,301.927098870604,301.40452715156
196.995112366545,129.98479388828,111.809665942636,117.17409781635,120.257960175244,122.887743740221,123.520350149062,137.973441286359,141.329950780561,150.130845282963,152.108485739007,160.155980850737,174.503839595398,177.613740829724,184.343047457142,186.632041579417,189.142122638468,189.505796725654,187.714041117816,189.159762021906,189.230354223151,188.225662652546,187.583771280348
395.630139901844,388.390823241361,373.527902263022,370.839741568484,366.676724369499,360.449711834721,362.943724674348,371.084317183928,369.144325083349,368.016092754582,369.80975695822,379.100955186137,395.929613883665,409.686968921258,404.37075266293,412.718799777681,412.40365764741,409.846116219639,410.159107723374,412.399675444189,410.861486010395,411.183234106609,411.380741525984
239.419132105225,196.500155598238,182.390098393094,181.082719432805,177.905393638756,172.963974855919,179.392268535775,189.555278900804,191.404505584683,185.225933311364,197.602653442088,204.619172917846,200.342974853607,195.405308362502,196.132348698738,195.255525924514,193.498914601305,195.481227307337,195.523947355259,194.16280954621,193.58073779615,194.664950144169,194.186935856887
262.397406780209,269.119695858305,254.7069408735,258.225740071192,233.177366816877,244.82039719576,241.900863633488,242.769948995952,244.719363500226,246.723693611271,243.167751974249,255.179899172481,277.47081188183,287.418197236863,294.759777884289,294.242246593584,296.942435496567,297.149157853273,297.986030749285,299.649561002149,301.237723583878,302.946719250599,303.507193820359
302.337751796711,293.783744568686,295.767411583777,297.418424125497,299.735535700205,300.797812705213,300.671514380177,299.118830991668,302.707574459494,299.543337050542,302.592442808344,304.414806845268,306.610185804674,306.78346851969,307.541891702897,310.069576552287,310.894296369009,312.228818902307,312.801123858314,311.964705139455,312.644374836589,312.967562526009,313.102312144845
211.998844069378,170.241009835153,166.478364258036,153.39484322823,135.134684374793,134.90803817607,133.860021721765,150.170929801729,147.301865133989,149.413771139876,146.081052232731,153.055229326016,172.799550895216,180.619137356535,191.944671170046,191.356427574475,194.017155804546,196.230652577407,196.035605037642,195.388529354514,198.347845070676,199.902758630331,200.696843217726
258.837012239231,244.152754211938,245.403743718741,235.006207723531,234.504927936888,239.285624142926,240.24682737549,237.803857459392,242.109155359726,246.278738321453,247.738175435856,246.476340808603,254.871322743024,258.791945239352,265.772844318048,264.926706841134,266.507695545764,266.325978195035,267.406094711211,267.564305201127,267.423415086881,267.826630638909,268.449821509623
397.437024303568,402.222654642578,421.427866764157,428.094891711004,436.183170532763,424.437058390177,424.81463701546,425.606232308454,426.677198451895,426.746949129561,416.373197491627,418.023349154454,420.431426944021,418.32314941591,419.126227503762,422.108790299738,420.345826394115,419.099942275736,419.442832343484,418.703957850489,419.075092635995,418.644100365645,419.379822599458
254.921297466795,230.862786051428,208.843110113293,219.276981911466,207.330683735118,214.922135520625,239.174847657026,243.550627710319,245.88658366403,254.866735079724,260.40435892471,264.981273105375,285.241767424814,293.607651671019,297.152388846691,303.806923387,302.948905965814,307.326239639097,312.032533447824,310.683905190351,313.088458598635,314.118842921598,314.405075761438
283.939723380719,294.263975452949,293.622117119722,295.181914796743,290.391192633937,295.832999950548,289.942457036902,288.368889502628,289.245703504609,292.064060575218,292.855889938918,291.079141948961,290.471576786335,293.509515211723,294.529932310955,294.850226590888,293.185221254139,293.224452356723,293.277866050544,294.142456985942,293.869522299088,294.673296703455,294.557394300751
471.425522518411,471.538645242061,447.027586561206,479.328353167455,480.600455495177,473.054056881404,483.37230760161,466.039451738893,463.972604970487,469.106796660007,468.784906522421,466.097171779168,478.16653201279,494.053043592001,498.999190311693,500.007590541715,501.467138226917,503.177783696882,502.696772115553,503.605947278407,502.762496729107,503.066232255945,502.599659431325
308.840228141319,293.199333344434,288.249481563859,278.503324344293,281.240036517272,274.07909649199,283.580875529996,279.745910400282,276.817480884389,282.802033266896,282.235707301564,276.866773693529,294.461128939428,302.765570514348,302.394774352395,299.644156160024,299.644514745507,301.43846019965,299.896745744231,301.203470985103,300.835830488572,299.857892480221,298.796223576888
221.434658497824,194.669421007585,191.9264651874,183.208128861188,180.217020990211,187.194839416516,199.502656878875,196.459006360373,204.742927691311,211.793339394726,206.320137230915,210.238219256264,218.738624857456,220.447063869748,221.762906307551,220.093566016356,221.815199350888,221.170500037914,221.709825562037,222.2712402838,222.53694606705,223.295814140667,223.263355291843
210.276032608534,173.004627427745,172.256773720139,156.204677134368,162.864578327686,168.234917451191,173.50426409526,177.238260337563,178.557536038231,170.924429805584,174.940154667261,183.377666600585,185.212316563179,191.755905644733,199.989656433759,199.337930568928,202.969766375998,202.19122693279,207.621688864769,207.08774642855,208.519797226506,207.622956650949,207.159010607519
