"V1","V2","V3","V4","V5","V6","V7","V8","V9","V10","V11","V12","V13","V14","V15","V16","V17","V18","V19","V20","V21","V22","V23"
24.5061681986014,24.4976251294628,24.5209340727639,24.5199043564648,24.5300869751746,24.5297897757323,24.5252609631391,24.5359963929594,24.5377628065688,24.531470889254,24.5360874465363,24.5346306493876,24.538884507291,24.5421669585539,24.5344624003559,24.5326789413386,24.5419922523862,24.5354745077817,24.5434068475051,24.5424431352231,24.5385598221673,24.538887168473,24.5416342424435
19.5046563161869,20.0335421751266,20.1404880913975,20.1206062498898,20.1277058482956,20.1248296205203,20.1075920416147,20.0999930350278,20.1562562639166,20.1471843544459,20.1339884769972,20.1428713540103,20.1476984928112,20.1359375901232,20.1305473322814,20.1315158041258,20.131102852475,20.145152323863,20.131685968198,20.1325018365605,20.1324007775503,20.1143808721774,20.1143995895263
51.4148760291878,51.7300296385888,51.7209753564767,51.7060775790768,51.7378567463086,51.7649227507781,51.7691195732732,51.7660458693181,51.7695841953372,51.7734318848188,51.7310219329086,51.7525096581144,51.7372343423011,51.7468919105832,51.7649598493755,51.7662223430249,51.7421852216214,51.7234075628388,51.7471294764387,51.7585022192167,51.7461723722958,51.7451189742498,51.7544153938963
13.6724818300482,14.0582925660527,14.0748582347925,14.0374562480814,14.0737001261028,14.0799828093246,14.083536750577,14.0871054415575,14.0826804847131,14.0711002798221,14.0774203213129,14.079236228863,14.0814524844902,14.0698759596096,14.0790897693664,14.0563668030839,14.0719312463361,14.0605677454601,14.0595388452739,14.0715655508473,14.0544584490512,14.0460684991036,14.0553582945501
34.6519465807928,35.6760654217306,35.7584419945704,35.836585083011,35.8759731511969,35.8222804260369,35.8479959775082,35.8966327569672,35.9360544579978,35.8538266068788,36.0033368071539,35.8571887644565,35.9855442575611,35.8734125262083,35.8849732284006,35.7594786734495,35.8964231552086,35.9476232044586,35.8310177152679,35.8479221340233,35.8107307243615,35.8355970602406,35.7678023131595
43.5027684123527,43.745152954798,43.7321686809035,43.72128658768,43.7322872154295,43.7167656935727,43.7102424271782,43.7046362144304,43.7279641237482,43.7169652836364,43.7042770006912,43.7032045569805,43.7046618977116,43.7096794123762,43.705826423323,43.7173134237129,43.7018143942061,43.7092330052281,43.6984872897847,43.7054972411946,43.7256654283116,43.7132165309957,43.7176973337103
19.9251260450295,20.0412903443769,20.0809875211844,20.0881019444356,20.1066552406899,20.1102046280377,20.102542432589,20.1094037703024,20.1036053288985,20.1169781071518,20.1185455032996,20.1241186466825,20.1159741414361,20.1071633472015,20.1253436501325,20.1164163354852,20.1143184976352,20.1198865761609,20.1145987523578,20.1147300260566,20.1133878046431,20.1187359123805,20.113181117515
33.8259150241725,34.207546027553,34.1945685221624,34.2421588194789,34.2713692734038,34.2512331899613,34.2554614615737,34.2893061778193,34.2909813105221,34.2579068070115,34.3536737383448,34.2640428184166,34.3290029171431,34.3314719317785,34.335180743199,34.3759594195989,34.3178939105945,34.3340875963004,34.3166657198692,34.276343819754,34.2706111955707,34.2925131763736,34.3479655088854
36.5131686832598,36.6499238346832,36.5998681757892,36.6101359651487,36.6108605590389,36.567462352032,36.5685816805323,36.6059389565009,36.56746647583,36.6225058448597,36.5868080320171,36.5739004834822,36.5701390011043,36.5775497672507,36.5605543405663,36.5475139118765,36.5506057658418,36.5514550801558,36.5518236340601,36.5609361192013,36.5483237733908,36.5502645726738,36.5298901177769
29.2938078787209,29.4467789989755,29.5464372835746,29.5223200783832,29.5353118398808,29.5170796446462,29.5090025456802,29.5532554790306,29.529375456223,29.5193574731512,29.5151752159859,29.5058112866697,29.5071490673663,29.5218018203404,29.492657273893,29.5240574566605,29.5212802085257,29.5368075206479,29.5388678322385,29.5512936401775,29.5226016774946,29.5524234513715,29.5113268618355
29.9393786439191,30.3699605536191,30.3832255001387,30.4358074411034,30.4671047370461,30.4288100116769,30.4088864871343,30.4854292715939,30.4654066833756,30.4584987271686,30.4687842888108,30.4686328301386,30.4760911534966,30.4755473645352,30.4720788605132,30.4563938962861,30.4599722912331,30.4636428460274,30.4646096800196,30.4692903817884,30.4739401635031,30.4639321761584,30.4774171399727
22.3832125088315,22.7263247566926,22.8203377614047,22.8240126162567,22.81136782259,22.7886844472247,22.7897667405051,22.787820974015,22.7928547668639,22.7895435785489,22.8529052651522,22.7651822271474,22.7321592028405,22.7597320383487,22.7922259210565,22.6705803627954,22.7071479128729,22.7117625657479,22.7172658076763,22.7020866366012,22.6601036134386,22.6317258337444,22.6144636341845
20.9790901403293,21.6619538255111,22.0253957322069,22.1045241398593,22.0585470278166,22.3811628856443,22.2458751123105,22.3944878669193,22.3219436805042,22.3585561852332,22.2917121834201,22.2382732687611,22.377178912692,22.3587277292499,22.3789839489472,22.3639299869702,22.384160610452,22.379515098784,22.3684535694693,22.4167745688466,22.322345196246,22.3800169219523,22.3527855280985
39.7869874560981,40.0249103200207,40.0053645969764,39.9647401202319,40.0084827000845,39.8884477152924,39.9656146376211,39.9415851064304,39.9477973877528,40.0263171113828,39.9150853945325,39.956782185753,39.8878101322201,39.9924714759864,39.865409954055,39.9215991505768,39.8038339128906,39.9334955697924,39.8888160378772,39.971000430884,39.8476708277424,40.0019787747483,40.0909177684206
26.885309772057,27.1891095990185,27.1597640039412,27.1163872623667,27.1675930672603,27.115386195298,27.1558019332817,27.1371828228513,27.1424144204455,27.0884554440377,27.0803611231821,27.130450042942,27.0968556257575,27.0802662491218,27.0529469099502,27.0650006778521,27.0747394733622,27.0833771218341,27.0877147420416,27.0795107020959,27.0765944480872,27.0351599729299,27.0620368780948
27.0945931982659,27.3668816734379,27.4462036141366,27.4688069652377,27.4559896385493,27.4780158954138,27.4683475817801,27.4702899311357,27.4955348298434,27.4928517382786,27.4794800831032,27.4872823303549,27.4737184945838,27.4846793536833,27.4811503008587,27.495229105373,27.4907524060533,27.492136225299,27.4893880939602,27.5042541282941,27.4726692142549,27.5103253726844,27.470951424843
33.2258628111893,33.3116920108632,33.3254477137475,33.3357941877125,33.3354857960833,33.3297256700145,33.3420158532517,33.3255611280953,33.3286854351342,33.3271330118032,33.325675988181,33.3239104485512,33.3405356723999,33.3212773056406,33.3367029751412,33.3265627664707,33.3241209379885,33.3242493622805,33.3292235896069,33.3210977182405,33.3266037509305,33.3373931706556,33.3206688621929
26.8547560414299,27.0178040784749,27.106237970258,27.0863253820756,27.0189603520765,27.0247337078268,27.0358917947309,27.0393606867597,27.0390439403077,27.0486298182185,27.0099721804343,27.0328975828324,27.0353866380963,27.0349777612747,27.0368541677919,27.0331960888688,27.0402936006748,27.05012699418,27.0341330165978,27.0327778980603,27.0361153002651,27.0579164941716,27.0375406356857
29.3434607824319,29.6857927904732,29.7747616960196,29.7510734104101,29.7992822648029,29.7675456768865,29.835467527455,29.8708319967991,29.8353146678999,29.8183460741983,29.8157812743783,29.8060368702328,29.8824851678438,29.8520012222058,29.8350198692825,29.8935252690975,29.9047011710249,29.8835037705048,29.9059053491934,29.8401146699947,29.8747624486254,29.8745266469215,29.9102780291369
40.7542315485874,40.7750171563502,40.845443344384,40.8713531298663,40.8906571678094,40.9159377594634,40.9012481981612,40.9011432373349,40.9121024968471,40.9164949015615,40.9267444108108,40.9134467369203,40.9218711038894,40.9068852716465,40.9193971684228,40.9044052907734,40.9123368581335,40.9147978502634,40.925406706596,40.9103654314737,40.9210315632188,40.9151117843982,40.9030326340728
26.6795447575752,27.6302463880176,27.8232532019029,27.9017598493015,27.9518140955739,27.954504446935,27.8107259743759,27.9937656424006,27.9045656513685,27.8454653222589,27.8168445358656,28.0072470481116,27.8263683694048,27.8120448320082,27.8320391797142,27.8313577389954,27.7528536752959,27.6476589660731,27.7289148786687,27.6371583124606,27.6207971277534,27.6342707417805,27.6912625511628
25.3683942821618,25.6911133844515,25.7056950069595,25.7125954115354,25.7176409084947,25.693942052718,25.7500147258309,25.8188885202141,25.6940824460129,25.6627568025206,25.6351856620166,25.738420046692,25.6576371824516,25.5322635872155,25.6697783231476,25.6383467663398,25.6352151369177,25.540900431982,25.5865288229676,25.8078531651002,25.7144918486321,25.6626117461949,25.6127469758422
20.0595827800351,20.0646953317554,20.089813584144,20.0777012460231,20.080291536622,20.0729382622972,20.0863740233789,20.0933337345463,20.0942465155129,20.0924747510048,20.1018771232791,20.098729377083,20.0985036615714,20.0948364801143,20.0882137646778,20.0901870214867,20.0898082598584,20.1050140793235,20.0944821197388,20.0954134879788,20.0984126607513,20.096410352319,20.0936634710661
75.2295750972398,75.8912490452813,75.9303337331582,75.905112521098,75.9851468114049,76.0146579836211,76.0105456565061,76.0023023788025,76.003536829117,76.0259008962995,75.9918673935151,76.0214290260558,75.9773832125778,75.9877070147023,75.9997990200735,76.0061941936139,76.0012088456295,75.9871127659165,76.0002089276265,75.9820165162523,75.9653590185817,75.9748262212566,75.985058647777
27.2778296657753,27.3627875763092,27.3731270917197,27.3811260671287,27.371108016522,27.3783388419645,27.3861295863375,27.3897589446149,27.3787658478511,27.3872322252728,27.3801653527177,27.3715335057911,27.3778870935842,27.3766732194466,27.3856874082681,27.3827710335004,27.3742615824614,27.3790286151578,27.3813929042483,27.3789592590816,27.3742531816186,27.3830419215013,27.3759963465792
32.3471222246927,32.9273688924451,32.9507695414973,32.9283219670203,32.9347721223528,32.9316817795683,32.940255596336,32.9269552414626,32.938523198899,32.939664781977,32.9279197709242,32.9392255502513,32.9339374919046,32.9399227710923,32.9424443200326,32.9312227383311,32.9396666503631,32.9377871804459,32.9390613249248,32.9459293219667,32.9312874906699,32.9479658564065,32.9399683368411
31.7736009791381,32.4659760451605,32.4937934404826,32.4860238759284,32.4933985099046,32.4821659700202,32.4706145114029,32.4690886916939,32.4778756429257,32.4738550595139,32.48289873315,32.47339655919,32.4752110782218,32.4696150495799,32.473079832856,32.4695338282384,32.4740173975711,32.4691859533622,32.4779959377988,32.4700913113656,32.4626327289974,32.4662795475081,32.4745900849768
34.7686369638194,35.075594850564,35.0784543566319,35.0659664398726,35.0535177857146,35.0494057807969,35.0796477677335,35.0644215046427,35.020399626911,35.046880132852,35.0441763143593,35.0743748881777,35.0516491560963,35.0388759967134,35.0309162266803,35.0205138477786,35.0361020208453,35.0473814649575,34.9989102129013,35.0446954252818,35.0400195845051,35.0188910527239,34.985858677621
37.811162954494,38.0541881045922,38.0547039737981,38.0721951974342,38.0621515353221,38.0515789257915,38.055376449531,38.0660724829814,38.0552301015349,38.0933108260126,38.0080785775034,38.0635883464607,38.0505833717669,38.0437977948801,38.0672680801914,38.0444514776121,38.0521635164578,38.0031864152471,38.0285099926497,38.0366197752248,38.0456452382564,38.0530995957382,38.0801082711578
26.2956253044287,26.3665181005164,26.3651304909048,26.3803955704748,26.3719379820247,26.3816179489178,26.3900953565662,26.3711392648314,26.3792024823961,26.3984370129558,26.3992619276746,26.379909964004,26.3920873003558,26.3786671069487,26.3767172904256,26.3846857064148,26.3897646785636,26.3678558731408,26.3805068624012,26.3830511741843,26.3761886948522,26.3771694709959,26.3976422753489
34.2726394602545,34.545904958554,34.5387651405692,34.5687866395633,34.5489295058328,34.5674960012294,34.5826165480891,34.5541973691859,34.5469354787312,34.5509426698056,34.5476996372988,34.5686868782192,34.552539236583,34.5599871006445,34.5497592028577,34.5539797608078,34.5442530503243,34.5442983869254,34.5469567755886,34.5592902405836,34.5484035248105,34.5501430302369,34.540781127018
40.0972094841665,40.2028894592456,40.1954527929736,40.1881407733374,40.1864930797962,40.2044548193017,40.2046670510859,40.2039398954255,40.193134957889,40.2120777040544,40.2034964924843,40.2006514162674,40.2030639238321,40.1968857490724,40.1956981059155,40.2066064942723,40.2000285103932,40.2036711108171,40.1992133389828,40.203895784225,40.2016139990351,40.1963412148861,40.2001633790986
34.2529385114661,34.5652289950187,34.5716693810104,34.6428415065995,34.6112540599574,34.6067324742268,34.567652246113,34.6122820134228,34.5946853969925,34.5970849179423,34.585283792753,34.6263377805663,34.5923932442556,34.607650959004,34.6036081043782,34.5912937427459,34.5918874232147,34.5945952313802,34.6111708372501,34.5875574009012,34.6186263644967,34.5981721063067,34.5976975100563
30.6936269514508,30.8231530441429,30.9280542543189,30.9146050986586,30.9179047375974,30.9270768837416,30.918396518728,30.9064660243301,30.9227446571628,30.9401855099213,30.9276250972411,30.9328840213092,30.9406982318168,30.9075508140651,30.9230187646147,30.9100788285633,30.9171475791071,30.9350591229288,30.9440797897651,30.8864784209946,30.8751750196453,30.887792088448,30.8735724575055
30.2838671138761,30.5043500597802,30.5591993277111,30.5514502901474,30.5581784599756,30.5706284353191,30.5589081754798,30.5526874617803,30.556097317964,30.5480912714145,30.5584548384207,30.5588467761722,30.5536138812533,30.5467786307011,30.5593385650913,30.5561335536492,30.5553132620264,30.5594913618114,30.5612404545259,30.5629659802467,30.5573995733273,30.5594998823594,30.5589842688299
40.4037621628934,40.793753504201,40.7709799452598,40.8025056472225,40.7535528519815,40.7502656922713,40.7880553421156,40.7794894897543,40.7811415571461,40.7757972293003,40.7629316719309,40.7916738109346,40.8112011037134,40.7841793211962,40.7597833071051,40.7642894160751,40.7802299936596,40.7643520677807,40.8022453444036,40.8157201041362,40.7674436417172,40.8212304221485,40.8344020170228
37.1102029858529,38.0635916660619,38.1027392155567,38.0487270514995,38.1641052478629,38.1272274847504,38.1100440465228,38.165001548048,38.1643080374557,38.1527933130704,38.1526959283605,38.1723851231706,38.1800278332843,38.1742910271065,38.1952377773494,38.181353913469,38.1920807323814,38.1738111350752,38.1753782194089,38.1788110000978,38.1811357425671,38.1835790535907,38.1844931594811
21.0447717533081,23.0913903097601,23.4771617070028,23.6019963157293,23.5773308645113,23.5796152745366,23.5676189782919,23.5878380074257,23.5836677305431,23.5783125359322,23.547816094334,23.5841714652269,23.5590941994027,23.5922262061484,23.6007737216422,23.6131230424245,23.6013173453124,23.5939587946347,23.6026270155047,23.6517506788559,23.612215788198,23.6528849549689,23.6163535958723
33.1952362898573,33.3392363825819,33.3470399822113,33.3489643426532,33.3599348066381,33.3465228810043,33.3510386855668,33.3655616262674,33.3514341036671,33.3510623775921,33.3563576045329,33.3670565787511,33.3603909206648,33.366902741909,33.3648996668565,33.3658468809168,33.3459337006824,33.3527487517073,33.3759881622738,33.3664288450236,33.3836447862504,33.3803505415952,33.3772149279738
24.1127051689187,24.2641157388698,24.2911591642044,24.3046728388109,24.3042304772507,24.2942084626484,24.2980563452899,24.299546031499,24.2903459680596,24.2984678290171,24.2973339911123,24.2953567617382,24.3010935469658,24.299387359296,24.3024391312812,24.2991319861913,24.2996455307857,24.3021794898078,24.2979044925627,24.2975196949656,24.2978936365496,24.3001646368218,24.3001964575699
24.273803422746,24.6477997553132,24.6386031259667,24.6456313039764,24.603429348896,24.6023597975879,24.596623591824,24.5963400523947,24.6015991263062,24.59072838651,24.5972283452053,24.6033339579681,24.600382484981,24.5976901423449,24.6006949744483,24.5959571643443,24.6032041270382,24.5927256913439,24.6181163758059,24.5958686984077,24.5965474318916,24.5884073113373,24.5917416964479
44.8414674506695,45.1207209387923,45.0674450546953,45.1968003948703,45.146589729962,45.2349706801516,45.1638968011275,45.1800999822447,45.1655566666747,45.1858218795042,45.0327583794396,45.2546319137685,45.186767604618,45.1491765004744,45.2441917980771,45.1637530312395,45.1600277454812,45.1776354987305,45.0980453019051,45.1256559275355,45.1205935418738,45.1118596084491,45.1090215882241
29.8543137924942,29.8533671871828,29.8571921315075,29.8477522813561,29.8364921079399,29.8424370769466,29.8538776994037,29.8442972822835,29.840129482791,29.8369748954748,29.8426054573857,29.8432476530714,29.8471343197683,29.852985084119,29.8417258233999,29.8509909930775,29.8463398749305,29.8488449079403,29.8411408116179,29.8399974452492,29.8415019689553,29.8529289257254,29.8511308576414
57.7566398623255,58.0861317643172,58.1315091931311,58.1647632736343,58.1645426187122,58.1747393140024,58.1653401392619,58.181495538378,58.1447260348328,58.191177506387,58.2008978100498,58.1979163787169,58.2162821322363,58.2257988134542,58.1886373043966,58.1689193112197,58.1642054835928,58.1832148484518,58.1736100376978,58.1874810636013,58.1918482417378,58.187627891584,58.1936804615187
57.6421168734008,57.9744663856505,57.9152541207347,57.8555757910953,57.8934934406679,57.8580649354579,57.8631041080969,57.8637617812739,57.8813882212922,57.866496660691,57.8603950154105,57.8631316136688,57.8717935290279,57.8616237234548,57.8611136796407,57.8559999375567,57.8747039675244,57.8582207656917,57.8634271452403,57.8581902130821,57.8415249107325,57.8432615708591,57.8377325236514
46.5860267640106,47.0697835244488,47.2863208490066,47.7235361692014,47.4852074627189,47.4747701377964,47.4577004968187,47.6262075720659,47.5075274992648,47.4866490963261,47.5415713467967,47.6226538784874,47.5499286890345,47.4896535682854,47.6005775893282,47.5471869636648,47.4898836610492,47.4980453342868,47.4953341117772,47.5296956558091,47.4078132748846,47.5615846027633,47.5077583902699
27.6299843854219,27.8949593532949,27.904863584755,27.8594321261689,27.8704208028752,27.8582050263514,27.855268795906,27.8525527022938,27.8489697058048,27.8516421061797,27.8513261293437,27.8476485685812,27.8484975141824,27.8488896188951,27.844709356847,27.8494810361281,27.8360213101874,27.8498149054086,27.8475291915041,27.8481551574709,27.847804168937,27.8392112545925,27.8453990893057
25.4574691137921,25.7770359518212,25.8064042038669,25.7909522941663,25.7689532660951,25.7679191861866,25.7643488179648,25.7629643173177,25.7684271942478,25.756495622168,25.7591812357572,25.7626352715144,25.7562589292257,25.7369779452709,25.7632689085978,25.7516259638659,25.7459221375202,25.7540491029496,25.7666049596615,25.756114721794,25.7487121601341,25.7477852858347,25.7588540529984
47.1247318210967,47.3130182083821,47.3667770445086,47.4287483512194,47.4107123570849,47.3884208986471,47.4149582049085,47.3630399318293,47.3085265802509,47.3126951370211,47.3535367442267,47.3609684490891,47.2474423851612,47.1857070436636,47.2521762266946,47.2319077165301,47.1783985054823,47.2701408492029,47.1338439323532,47.1955805403495,47.1496322028508,47.123071138893,47.0925850248748
51.58708368922,51.8614822882687,51.7723420295577,51.8029268263222,51.8099349556404,51.8525513483857,51.8035959914786,51.7989612308005,51.8465500335734,51.8482807631966,51.8404506736948,51.8078069737409,51.8009644141947,51.8247032867957,51.8383238944029,51.8436426288041,51.8332066013474,51.8172878367204,51.834297583187,51.8030509056212,51.844836479043,51.8505771337913,51.8171712934706
23.9392429716442,23.9587691451548,23.9665437788458,23.9688031809412,23.9633388455407,23.9636481626706,23.9632926515599,23.9646931797666,23.9689630571521,23.9682351584818,23.9685066242067,23.9634523337092,23.9646810302176,23.9671122543099,23.9701765649537,23.9703796206645,23.9647985480751,23.9649605385878,23.9640064467997,23.9658561114806,23.9663839700753,23.9663229459077,23.9678936125632
30.0215778153377,30.1252204052622,30.1397538771621,30.1051561981704,30.1323179432225,30.1273020791586,30.1308938825973,30.1283847030667,30.1279718833086,30.144947705171,30.137054723431,30.128227013149,30.1348865772156,30.1363050138505,30.1166116522144,30.1342200100739,30.1417676036452,30.1278577862898,30.1376519042768,30.1289468978842,30.1396463537744,30.134195974428,30.1344131878938
33.0904437962315,33.1855799596855,33.1783151013561,33.2028420677334,33.1884638800544,33.1812595417743,33.1906475187658,33.194714271734,33.1938828455212,33.1919929039827,33.1846747448853,33.1799183925891,33.1969389252505,33.1894956214478,33.18791614295,33.1904964993611,33.1867546779183,33.1896481609935,33.189726820361,33.1877841454556,33.188676853716,33.182617007839,33.1783635642427
34.4784162017801,34.7682892996495,34.7535114574536,34.758687047996,34.73407609234,34.7230123245461,34.7541732056819,34.730806530035,34.7419775762079,34.7497654787716,34.7340375382208,34.7376775344004,34.7316538936069,34.7274884553794,34.7312135120928,34.7455267475977,34.7341846242343,34.7346729581111,34.7248597399171,34.7210678835266,34.7398295058173,34.7372343575255,34.7277964807156
29.5213503968226,29.661386784537,29.6684531807104,29.6633367486098,29.667397074364,29.674961070077,29.6733489773995,29.6818196804664,29.7033886314703,29.6883517682555,29.6864484353177,29.6861032218494,29.7079986153326,29.702844857653,29.6850834682986,29.6847937037154,29.6788830292347,29.6750680262335,29.6850455399894,29.667747820495,29.6811935859878,29.6759800772369,29.6695285319801
28.4211329388968,28.4594511305866,28.4658059857668,28.4541567428413,28.4553155972573,28.4442385447897,28.4538304076037,28.4562401277066,28.4435845382542,28.4489551300419,28.4516485479463,28.4458687701502,28.4493604506159,28.4455106981549,28.4463222173818,28.4505854843417,28.4546276680827,28.446619810103,28.4493800072144,28.4418373230838,28.4500638637976,28.4500706828515,28.4435639679256
20.2491130092382,20.787805452926,20.7603060092948,20.800687152293,20.7822489839541,20.7625222417829,20.746820111734,20.756164844066,20.7410950013509,20.7799033704746,20.7547643228073,20.737734943669,20.6453795644197,20.7681062618663,20.6729417363054,20.6319570859536,20.6765423782738,20.6457940213544,20.629123756159,20.6142785773496,20.7083810442997,20.5693605008738,20.555382639118
25.9038144049733,26.6866068263883,26.811624062377,26.747589132032,26.8645113468835,26.76796622013,26.8035508305524,26.8068395428524,26.8492467181618,26.8194245208958,26.791808614808,26.8168818831803,26.8315705367333,26.8194804054172,26.7960221644243,26.8164927922296,26.8532635202307,26.8194972281795,26.8307226062904,26.8083527545493,26.8035587312244,26.8230323031148,26.8193800552767
53.5850887187679,54.247203788947,54.5432900820722,54.5485823227709,54.552454751935,54.4775257879043,54.5052650194104,54.613631087285,54.4490157740413,54.518598719699,54.5803873839321,54.519254873677,54.4298098962013,54.5383563386129,54.3830967616002,54.428432719788,54.3830425067774,54.3529166688845,54.3429259205493,54.3721920454697,54.3884041829842,54.3777894329375,54.3203784727027
22.0399604384633,22.670768554129,22.7303717313673,22.7878661283739,22.7954443202398,22.853288677324,22.7812113165054,22.824449431466,22.7454401497916,22.7873301653239,22.8787305985146,22.8694634861889,22.7412084330486,22.7530158433321,22.7907814760647,22.821928332774,22.8210797573503,22.7846257390611,22.7782148785547,22.7498180752656,22.7481626155771,22.7894865653006,22.7280344568178
24.9977738251138,25.2580030052395,25.2885939650494,25.3166505536239,25.3471072319986,25.3540041288771,25.3529852317956,25.356980696045,25.3633360893886,25.3116072142431,25.3242185278873,25.3183543994656,25.3183093222092,25.3721327230783,25.2954961906217,25.3090355692315,25.3452818795154,25.3407395729505,25.3091847087398,25.3732971159813,25.3357992864537,25.3291133362133,25.3044212930285
53.4888425501827,54.4848472853257,54.6199945600083,54.6195042110377,54.6249016343804,54.658606648189,54.5292342807668,54.5764755915474,54.647529058007,54.5868803956313,54.6603175150155,54.6037835695394,54.6518644610069,54.6540529380389,54.6551921535999,54.6686731678752,54.6395048674887,54.6483505026611,54.6775350339647,54.662556745872,54.7212960884622,54.668265439718,54.7447463075635
35.9876565046735,36.0732220644049,35.9946489822118,36.0514247148459,36.0111896480647,36.0060785250696,36.0174853474212,35.9940096413516,36.0112398877935,36.0070134816735,35.9941677848356,36.010455409142,35.9888766819256,36.0239633523298,36.0038170621391,35.9930728924763,35.9883306694791,36.0053823916322,36.0002637482768,36.0220679208793,36.0061023202985,35.992940686042,36.0105360896955
35.2320072691139,34.9811238646859,35.0094215728985,35.0253061812412,35.0507193856342,35.0474616117359,35.0335047586023,35.0342300199255,35.0363556516883,35.04712947574,35.0338292397923,35.0422358285914,35.0418371144184,35.0488705375932,35.0641367784543,35.0485572658668,35.0449644457557,35.0486257844808,35.043601082597,35.0546314491727,35.0495240726575,35.0460890446256,35.0424117536009
21.6709500386433,21.7267658255168,21.7513292033351,21.7369530878803,21.7419481488941,21.7413345380074,21.7440905732687,21.7532167938977,21.7539871697562,21.7415847676112,21.7447455438883,21.7573354706756,21.7465955223829,21.7492674244866,21.7549346091557,21.7523862944606,21.7475781358229,21.7451439572947,21.7478823399915,21.7524435819231,21.7473443627038,21.7477910758645,21.7463907322135
41.042013771601,41.4309476195715,41.3719941717787,41.446001204974,41.4598254181018,41.5072039440334,41.4780638910718,41.5019117605368,41.5142385095193,41.5049110758144,41.5106283041363,41.5081372176465,41.5264802401184,41.5215311821176,41.5240704607276,41.5346043594614,41.5339562910815,41.5287880397434,41.5367682973108,41.5320283635418,41.5321587167598,41.5354294043405,41.5271926475846
20.3191244458278,20.39417853539,20.3879838574772,20.382140127766,20.3958686351465,20.3837101147814,20.3827400280492,20.3952828032851,20.3935938733478,20.3910652010371,20.3870971636551,20.3856867569355,20.3879306009944,20.3844680330597,20.3843186942271,20.3904778173133,20.3935707989116,20.3848003274605,20.3804823373022,20.3889866617335,20.3877272048483,20.3851153715775,20.3863440541021
22.6117408878457,23.1399495309333,23.132918653847,23.1530767719064,23.1484126135223,23.14529951371,23.1418307286675,23.1526486639433,23.153604126793,23.1564500338571,23.1506056142545,23.1553042673844,23.1543900269669,23.1613651532759,23.1558665008605,23.1548443851774,23.1498682477756,23.1525647768634,23.1525431281017,23.1528678019333,23.1579035003267,23.1515832452257,23.1569420623759
46.0256529850223,46.2532795878218,46.2726575409344,46.2875042326938,46.2956311942277,46.3468395692588,46.3218643222358,46.3022270447618,46.2309436243719,46.2818541025128,46.2715928553571,46.283488737936,46.2871559558716,46.2911434018967,46.2877393400562,46.2755853406304,46.3114722292725,46.2781984196651,46.2905849099295,46.2519021753026,46.274749329341,46.3102035712842,46.27529007566
19.9679588828568,21.5863639545367,21.5515421943327,21.6032197891907,21.5883865146723,21.6185031640265,21.5662800478868,21.6363038196546,21.5671477834581,21.5909773920713,21.5451044786521,21.5724894262972,21.5668581153518,21.5343703325153,21.5638078095179,21.5978014870152,21.5104202473209,21.5418452674033,21.5807948324305,21.4177652981624,21.4603666139576,21.4665146707654,21.4976321272414
35.1990880496814,35.3857434526976,35.41754919517,35.4036680120277,35.4299331627309,35.418316960797,35.4144465650481,35.4280074073941,35.4202292792313,35.4294606609186,35.4292075596419,35.431386238032,35.4285844524287,35.4185875880293,35.4219403701038,35.4361121329804,35.4228586402179,35.4191954963114,35.4427902790572,35.4301623867826,35.4302949477092,35.4334120367077,35.4364164002746
30.327726675588,30.6551553852902,30.7190326016037,30.6939479805195,30.7521379458636,30.7589435352605,30.8076277124971,30.7997270766053,30.7730440548015,30.7706763997387,30.8051619567806,30.7789251169343,30.8205736342089,30.8368133411542,30.8395010502806,30.8189674846664,30.8027424190799,30.8290568515088,30.8159331656623,30.8179763604655,30.8128321251641,30.8172018109981,30.8306574231017
44.1409171073341,44.4618158342246,44.4155070697842,44.4812329696496,44.4087477425756,44.4412187257407,44.4169145403234,44.4279792022315,44.4281562751099,44.4278914881135,44.3964814623581,44.3970049793462,44.4393168660004,44.4798850149763,44.4760622693064,44.4123916409416,44.4428101250813,44.4451529891833,44.4365771702413,44.4603406601415,44.483688447566,44.5133986381227,44.5831092181411
27.7833104349519,27.8654814829965,27.9690033443435,27.9779437442646,28.0328483279824,28.1047407135842,28.08790272855,28.0978715987133,28.1012429315715,28.1119981065628,28.1268719780964,28.1139734038471,28.0911506464696,28.1220154215001,28.1381899300685,28.1178766165532,28.1341100829391,28.1338996228933,28.1258526963329,28.1124747808002,28.1215284939813,28.111172395543,28.1328704651417
36.6170494600666,37.0095985457319,37.0111466111773,36.9727703237808,36.9785975843557,37.0077039081781,36.9536958582824,37.0090711633841,36.9638157901703,37.0043424150419,37.0254553022809,36.9769689632893,37.0124382149827,36.9861307271433,37.0036821580564,37.0096385994438,37.0087249924708,36.998012575443,37.0258071780474,37.0320222748247,37.0067198401746,37.0464143883958,37.0205071559243
29.7989811772688,30.0408984634761,30.0364212630842,30.0183128538145,30.0369489172728,30.04352631403,30.0438746098112,30.0408663155353,30.0391793737532,30.0271896099741,30.0287391106927,30.0408305762397,30.0325829171616,30.0371053089855,30.0346218872394,30.0248460659633,30.0405028786587,30.0324965045127,30.0422780729648,30.0343032235821,30.0269759245961,30.0529579275709,30.0381514078745
25.5640648806299,26.8547215440491,26.8863159554937,26.982079172448,27.0217960484216,27.0470399278568,27.0074151275539,27.0189829455646,27.0744987562101,27.0338178438392,27.0472175543693,27.032387386547,27.0690458189901,27.0125689988615,27.0049265370173,27.0247222650279,27.0532263646703,27.0504324677101,27.0734086638267,27.0771199167903,27.0438494483995,27.0569086256483,27.0612993798913
37.9886008775753,38.6968974336497,38.737432550234,38.7462815006225,38.7481814678904,38.7774484641728,38.7265953355655,38.7473476989719,38.7442799069662,38.6274836066666,38.7517021088969,38.6591595470671,38.6766845197201,38.6853901207847,38.5796247701266,38.6761100393659,38.6812624871365,38.5893686606803,38.659860371142,38.6736448214067,38.7154166237175,38.6317971238775,38.6117339427412
36.9566677526862,37.2825013794981,37.3359592864749,37.3214292269295,37.3236160409299,37.3641028044603,37.3714227125407,37.3848218974321,37.435199756026,37.3565774402446,37.3762574630858,37.4188696281499,37.376179426041,37.3970716051067,37.3943134585497,37.3592920132998,37.40832987316,37.401409216831,37.3572004851251,37.3561160492182,37.3459666393357,37.3669513680666,37.3681964410385
19.6486830399749,19.7691923495817,19.8634404566337,19.8632901225016,19.8697390386879,19.8529641390722,19.8933465937357,19.8994914250651,19.900080981452,19.8549897801816,19.8889039741813,19.9139650559343,19.8864722254091,19.8922203294933,19.8715437688315,19.8834772086546,19.8622992615884,19.8637186572413,19.8906528660646,19.876949865758,19.8818915971714,19.8673711576076,19.850029063335
41.9318235747993,42.1707104624264,42.1573530526416,42.1590069539978,42.1857126040496,42.1626301928516,42.1884974888052,42.160028918247,42.1497215546954,42.1407021229604,42.1736511980901,42.1722826865752,42.1798735860939,42.1577970338988,42.1205960628451,42.1280735691823,42.1148163830293,42.131388945824,42.1343635250578,42.1275279868225,42.0460460859352,42.0023901606639,42.0415226443868
61.7895104359757,61.9166145121945,62.2035200893811,62.0839852600283,61.9580435437869,61.9427576584291,61.9236735155572,61.8719887820243,61.8398918261606,61.8173855512033,61.8936078772736,61.9750845954811,61.8447490452095,61.7773106644425,61.9441171691086,62.0328489269767,61.9915342966529,61.8362950334931,61.7699320331496,61.8627962138733,61.998101541971,61.8819804664162,61.9352961545165
30.3268261261232,30.6715400063046,30.7141082560323,30.6519143321487,30.7170334746342,30.6945322618449,30.7076602093656,30.7036895138795,30.6693202405907,30.7693127837109,30.7435734285476,30.6186893939403,30.7389117922525,30.6430305427185,30.6729731729983,30.6176754829642,30.6621437366853,30.668125577902,30.6528299112992,30.6134578996327,30.6098999707243,30.5899603705784,30.585056965804
25.0790337418428,26.3655478179443,26.4333080607028,26.3860777837139,26.4006041681081,26.3843447726135,26.3813953963431,26.383304948057,26.368041287861,26.2651613660443,26.3624735370658,26.2729104044063,26.3238372287657,26.2248207113617,26.266128119056,26.2473054924691,26.2031935192016,26.1652474061348,26.2582860180887,26.2072040923486,26.205630103151,26.060130563595,26.0560968612262
22.0855246673064,22.1379020007342,22.1706077008394,22.163071904576,22.1619481831779,22.1629507768124,22.1676339880191,22.1585093545946,22.1632440974452,22.166841127083,22.1724869726484,22.1699637592505,22.1662308176878,22.1638041525453,22.1656535862547,22.1644906587335,22.162923975758,22.1645869485004,22.1653853636268,22.1648209873587,22.1701916509529,22.1665903032626,22.165003380723
31.9491951119985,31.9092618740385,31.9847177770336,32.0196521619228,32.0181812171729,32.0122441466509,32.0211460075652,32.028032940226,32.0310527867783,32.0064872726729,32.0236887202775,32.0270748836317,32.0239866456106,32.0291478479486,32.0335802657411,32.0284864781035,32.0304138942867,32.0296880420709,32.0357622261716,32.0215729779642,32.0365175786857,32.0349484304752,32.0351405980336
33.8232840768232,33.8691564499093,33.9118824104148,33.9061255111539,33.9122846576615,33.9127317139001,33.9021188285261,33.9180482469788,33.9143046569645,33.9279488390213,33.9101006830252,33.906656259799,33.9122094548685,33.9043328810897,33.9164675463341,33.9162265645627,33.9148901174144,33.9115762228442,33.9105850930667,33.9074303264784,33.9153002443286,33.9129049347342,33.9092795815445
49.3986386204538,50.670435641605,51.1679202402562,51.1738649766897,51.2621574808287,51.2227848770713,51.2325787729392,51.2160138295623,51.2488204282569,51.2230564539531,51.1716417724913,51.1699390441116,51.2515614559343,51.2084242426158,51.0835244513464,51.1086917696876,51.0002329576919,51.0352201230642,50.9464676989307,50.9550634609025,50.9306476161694,50.6715070871862,50.4525661497318
46.4719264565818,47.2440156296694,47.1805323780388,47.3321542474556,47.3042311194063,47.1880200049788,47.2341060393162,47.177337504042,47.1586737818589,47.1394946265111,47.2392084768297,47.2868701430753,47.2585052607261,47.2117851635276,47.1634792383856,47.2426448952716,47.1063375313133,47.1216215685167,47.1678825016434,47.1557194120191,47.027156933639,47.0459388294862,47.0051885146533
25.7160160621396,26.7498025641448,26.732986375218,26.7770342082674,26.8351538580445,26.7620737923824,26.7997433139655,26.752179922638,26.8012588514643,26.8648393379436,26.839609801632,26.7859745773459,26.7831113736332,26.8287656378563,26.8376816919,26.8229847700213,26.8254949812442,26.8074749725568,26.8196163532825,26.7985003446093,26.7941936628664,26.8220390706278,26.7559526372602
39.5112486706228,39.6070143316012,39.5928539398602,39.6141562807214,39.5938478688611,39.5756627503327,39.5513765656947,39.5502571692598,39.5532164141541,39.5322749281865,39.5407571538592,39.5534007448372,39.5471837978366,39.4844349809889,39.4985060736722,39.496196333429,39.5043563059537,39.4883427809333,39.5040118790698,39.4940097513402,39.5000031570669,39.4748044815921,39.464031027387
31.0364196685808,31.2193404146729,31.1988207641324,31.203539105807,31.184770570013,31.1921577702103,31.2115111732508,31.2198936208215,31.2246094938682,31.2083777662086,31.2448606224601,31.2151850557228,31.2138636737119,31.2393414768626,31.2301461213469,31.2346060567771,31.2390720345438,31.2603275533672,31.2243475644931,31.2350488194621,31.2440521284532,31.2465561138264,31.2379535091275
21.0141319553924,21.4421968484324,21.5424449630697,21.5028673960527,21.4569263602645,21.4802106730505,21.5323779968834,21.5520618084156,21.4352317592959,21.5960247539381,21.6146191552165,21.5524392642461,21.4976735378869,21.5431032881913,21.538638504763,21.5546753565516,21.5161624163683,21.6027206233352,21.606151810856,21.5552736399444,21.5545193656449,21.5183725902416,21.5394591237752
36.511252272579,37.1124047001513,37.1065314855714,37.174116038409,37.1638491842863,37.183479982179,37.1601954596164,37.176586176514,37.1702452359575,37.180405256197,37.1888005617614,37.1803587959144,37.1760592561078,37.1961648389342,37.1913776104939,37.173827341376,37.1913652905184,37.1951091022602,37.1734646594546,37.1734151779903,37.1929923828898,37.1844540444009,37.190507155544
35.0009639128861,35.3224664935906,35.4339875164682,35.3733041495131,35.4404277742184,35.4276835675131,35.4558982007739,35.4573031785126,35.466324517985,35.4600129023287,35.4238122526935,35.4765017829623,35.4275877288773,35.4314495611516,35.4489780923885,35.4186715456394,35.4895958705232,35.4643036515825,35.4782825531919,35.4355182849703,35.3895834088057,35.421570040933,35.4213009652037
31.5015498422881,31.5956403662041,31.5901293281889,31.6045208244332,31.6197653907751,31.6235396726903,31.5978801418956,31.6333602790201,31.6154166156684,31.6205985575669,31.6088944481397,31.6226442919004,31.6165676611662,31.6323995829962,31.6194510860068,31.6218622250202,31.6246439440285,31.6167799110036,31.6377404763381,31.6291294529031,31.6295142680187,31.6127944207685,31.6263306452384
28.2165667967024,28.5214250021887,28.5480298757302,28.5157056166117,28.5324055149602,28.5541294449808,28.5271568828737,28.541036581793,28.5408275927139,28.5137843840961,28.5166652134507,28.528477395244,28.5186286223486,28.4971405777742,28.5181737656396,28.5482909144247,28.5316741189258,28.5249888283425,28.5601078568594,28.5542384120326,28.5487874358484,28.5156602345817,28.5300644325689
25.9193738151404,26.0032356530132,26.0401572999073,26.0480556105981,26.0616329951273,26.0564528735199,26.0584923212554,26.0580443036672,26.0621895186715,26.0493428336706,26.0572547600999,26.054616443472,26.0540913389556,26.05838400365,26.0544083376168,26.056025169863,26.058036264772,26.054224528032,26.0546285996811,26.0576758579193,26.0554343124233,26.0542948159355,26.0454952456723
48.7021216641889,48.7920248747666,48.8919745286775,49.0385191777715,49.0862614099217,49.0631170449354,48.998870605999,49.0656077388932,48.9811100005815,49.0741775364085,49.1219728726155,49.0040509673155,49.0390665559835,49.0437235415801,49.015616551116,49.0853667818549,48.9636907116756,49.0428685500347,49.0391070546077,49.022680221768,49.007197206755,48.99662947621,48.9565557124971
38.8848048118182,39.0490757975412,39.0355382306788,39.0575068680405,39.0419135060301,39.0250303694704,39.0180231592142,39.042423168545,39.0181852268874,39.0325043867259,39.0261810898823,39.022684723344,39.0179644701121,39.0013401446691,39.0285109176386,39.0306649398906,39.0254620311552,39.0365281444524,39.0587195136387,39.0303201883297,39.0410996814409,39.0301279585337,39.0661299867924
