"V1","V2","V3","V4","V5","V6","V7","V8","V9","V10","V11","V12","V13","V14","V15","V16","V17","V18","V19","V20","V21","V22","V23"
659.625602010913,677.489115358699,668.833659975215,655.610017402022,647.037407198369,661.055310415395,636.471255695237,661.884343879994,662.738203791994,676.278240782667,669.734258064233,671.556387049887,679.656654112028,682.32488143577,671.480600979581,680.335429435109,672.210733212454,670.804234610515,670.345943781619,670.000137884069,668.940430373558,667.11861110639,665.640969745679
609.218872137541,633.775361173155,609.316296685336,628.923735534443,627.717012358108,632.970467526721,630.700937195211,647.500461927411,632.16914083141,640.466873485556,621.153253469702,642.408161021003,613.476011864046,621.001314842167,612.124763156078,617.532161967021,615.611905425971,619.106580328301,617.686200289019,617.707602668161,620.070190393258,622.701916147786,622.755121590534
328.640329408259,292.824580552933,311.308303331955,314.487757212671,320.818057543284,325.828101267284,325.499142829574,335.61891891057,325.593529861411,333.552604814537,331.584407053279,340.44356680132,341.708963776427,345.15142560675,352.011765421345,355.536902775547,357.833454141438,362.860230245561,362.309215467929,364.886354199623,365.144508109542,364.257716245624,365.13849001665
403.409388365317,374.227293153989,380.087843214849,394.884883187928,388.457313565723,383.235049802137,381.004027290818,378.755349890798,372.8525748967,397.199371579778,395.965520636479,397.673223287682,416.911558871984,423.346275270942,422.518132369285,425.333050537323,427.576520669212,426.000060768402,426.406053677803,428.397285483877,427.041392368695,427.5730732279,427.890509240987
282.036882399624,244.426281275496,239.272303012545,181.747778044482,177.502116960618,196.690226365046,182.885048588036,196.254070434911,201.732848521561,216.611670319112,223.930354576984,255.556422675852,258.774358193844,275.409473969453,289.180179877221,302.654554684865,302.77604704811,306.611066277897,307.29846056269,306.991877545439,309.18718761979,310.669042809438,311.564749198352
187.810112014508,209.562358525458,169.434821278732,162.247837579493,173.25649549572,172.855106809931,178.701107604505,201.297436985326,206.735079318073,207.394564102846,218.378215590298,226.242514605019,254.069870054258,256.228745820944,265.358778729984,266.2799859629,264.985167236162,266.843701014436,266.855988972185,266.599695361768,266.898867724561,268.167841626964,268.265933565305
499.158304419098,548.594440320373,500.503663088337,535.373096051883,504.862159380018,486.515568602335,508.146060818824,505.202603755208,493.517405729468,486.68150192562,496.524003638598,501.163775085987,503.697073473389,514.891146514508,511.823280308024,516.982821125016,520.616954145148,518.894980344141,519.068968891213,518.184863008447,520.234156404976,519.544477952155,519.410144974886
655.097486994357,672.399073187961,642.538314743208,619.227937681994,628.810918004393,632.728259757212,631.417122131085,629.043929981147,639.141325082463,630.376006029027,633.697424303267,637.970898684477,640.44248866347,649.884136664667,651.910312886699,652.251255077138,657.149240435299,659.923219125174,659.720736555549,661.774910267253,669.699635868545,670.13265895537,671.212660138018
243.422812884279,216.787767929176,211.405219186213,197.784783915268,205.033443600037,196.373430320338,190.368580223474,203.867427242911,199.864951548153,195.500363878619,196.884413658331,205.512676408552,200.16919470798,208.018451077647,214.541753251794,218.998122620699,218.374978663314,222.007853701639,222.663713141019,222.529441823916,223.95480367073,224.528424331655,224.028263754825
329.009079291381,308.802698155618,329.575462732657,306.068355378211,310.262587474342,317.382354452353,292.562522154068,313.259020629433,293.964909153054,298.352149726754,289.518541330064,304.467679828191,317.594034810906,325.17930318797,335.262013923697,336.347456446233,336.183697677656,335.960997753885,341.093411216042,341.701170300801,342.814003360059,343.9194232544,344.766707132588
236.006993216002,188.329807499717,171.915652463515,161.886642161334,167.789634603635,151.922327001074,158.712427192922,170.589733609301,176.805567934354,180.390366489391,179.872101092718,192.522552432702,208.077692760693,214.586629841977,220.624162170727,223.725093107594,226.559274447608,226.701875498833,227.8482667846,226.985268823869,229.463627242824,230.388580090273,230.529176854952
322.970856702186,326.054847458175,322.123400862449,293.052462423071,316.147564106159,318.354273737792,325.794120807254,317.918490715652,328.461532165844,331.83627583323,333.935492659711,331.556856175825,343.459742247541,348.177763443133,347.379765185389,349.567416308395,348.743585888124,347.532963518965,348.959603339036,347.928094501118,348.360731986167,346.459972861696,345.616806198737
241.700870863544,249.509156165626,234.403694124857,235.363360262949,253.478051812823,272.206266152273,276.198483780385,302.682385810762,300.592116824204,320.593169960812,315.884914094222,334.189220794795,358.640749111168,366.59198129616,366.09794253965,377.966800143729,377.889184482587,374.277849165538,382.323721675556,382.357212026783,384.99117737438,383.384637923405,383.277882395289
737.009188246622,745.448151778767,745.002915215149,757.659704402406,754.610553492436,746.61617528258,757.810947695488,762.510294679905,756.183576906236,763.341689473188,761.479240062714,762.205737992495,762.74281632692,754.284609033153,749.872139662845,751.075259830665,751.199128177723,749.5486513865,748.642550927496,748.217606513481,749.193552013843,748.683274147206,749.167520567014
260.91881890399,207.393180503025,206.885775603993,197.411407356593,205.493045611495,197.048465693131,209.190674824952,229.378067388854,244.052830955982,239.625574119729,252.760931776551,258.57839896281,268.29752076824,273.188842476056,282.786695716257,288.25649703101,289.79805057228,287.747826211602,289.515330282956,289.946697291017,290.785671019384,290.970414846294,292.158977815186
285.1463280333,267.939635800701,237.221403970125,248.972993579972,262.987562268433,269.742608751718,267.256120594691,280.982644940556,276.691938851985,288.796385175186,283.929254196086,279.590666999136,278.372719234436,280.132303513311,283.017272363609,286.239611467936,287.214376201986,287.011505305458,287.114431651909,286.892220100621,287.09853095214,286.390095963005,286.091343962907
355.808571547072,324.757280740682,322.241931546616,293.402323291541,275.901567484037,290.151239696643,301.869052931695,307.965409489363,295.391571882411,324.739370999848,321.002057914993,310.078844397588,336.365010815301,357.210429772751,357.412473904761,357.531298397283,362.095645422587,360.522838758741,365.834308833431,364.417803344777,362.950189912,363.594486356959,362.305301721348
386.346066149124,344.906800240266,340.78120582238,350.174933111989,342.789451333571,363.790100584834,373.515655654736,388.890638824216,387.047497493377,398.073137436501,406.866354677585,417.066733034248,426.651272772589,421.970995292721,430.440403605056,432.34289790115,434.395000834062,437.163286876461,440.40281884607,440.294195809313,442.907375650223,443.470136874973,443.055994687793
245.011615939695,290.948165797035,248.035313003952,253.547505236677,221.494242067645,221.967174640161,234.457426490462,235.911761551343,250.805401403038,251.659347301378,265.058178571417,253.926629595276,266.038753542492,271.271067056075,285.312470983913,289.352371443182,291.305306842602,293.950141259386,294.821756904931,295.454916505481,296.898734263221,297.585367191579,298.004118380157
161.522620928386,181.159232377979,133.030844727103,142.762488387399,117.93398880897,147.787502224768,153.387871529032,141.358556138832,173.106091314505,163.613874586302,165.874671684542,179.150493208595,196.6181646116,215.377598144398,219.681645876159,221.119107323409,228.462759806189,228.267448524439,231.621127370907,230.370120240322,240.344781526739,244.998197725056,243.471399559676
513.584429805622,522.677151066847,523.339543483614,507.121234155035,487.235894288005,507.279331421683,522.774842399167,514.835152122794,511.113110696093,507.167095486196,507.129037443217,497.640831650978,505.266734343291,486.275810486089,482.443591882134,482.981451357843,479.218960126716,479.534703752185,479.696855986798,479.911139462223,480.184986251844,480.638158301218,480.740863042023
249.305612938789,235.496055364345,244.55119894393,229.403816714469,230.438285470701,219.827925331285,240.877866647674,248.312417538328,249.262925965647,249.841475631565,264.355638485744,264.706865599201,272.522528774128,278.190193655744,278.218047187883,279.66350420552,276.294258530406,278.124412952459,276.138071087852,274.405999563664,274.37753320327,276.206233291072,275.689541418276
262.992713857469,210.555442215131,188.320400807565,175.657046002129,170.87472486145,187.419513599756,194.202074964476,213.612054285753,194.212088451225,223.86831301678,216.292918916762,201.781250939609,224.549235833078,218.639349741061,217.772834500561,213.436161982977,222.940014702598,220.084265036391,223.65595435375,224.150776576311,226.796275454816,227.980090408639,228.321457727179
253.50685177182,243.212305782493,227.833807676933,234.811494589391,222.6874266672,222.105607661625,271.302479926065,232.323290059315,250.553310353482,270.483116973685,279.207028310839,280.15570833577,311.232381289941,326.477263791244,324.000148851484,327.122961716148,331.744568223239,331.515160280657,332.419757017633,334.758958249099,333.772765635313,330.733525515177,330.476245832182
459.385956379137,453.1265078679,449.05600702894,425.531256398467,425.778914795767,432.220747743737,432.721486908229,425.165185756903,435.541721047078,437.802740116124,433.527687571077,429.02906209974,442.221276863885,443.391589365381,442.095476941085,446.122620824682,445.978923903671,452.619995699886,448.942274981248,449.170737318408,453.773090660261,453.501128988584,453.982895493644
530.486040770966,528.522272516293,521.384324764291,553.149429645338,541.903458940253,525.607985193553,548.684781660018,540.864914748732,542.631594583866,553.574820905436,545.621435112218,560.51676906246,545.000703385437,538.968154208129,543.47417510849,541.976250326091,547.913176272425,548.54443120504,547.613521116873,549.933464041756,549.382777255997,550.01677196273,549.856800132417
224.654990350511,205.731225557416,168.254463714121,172.041187197381,172.414264458182,157.696714127394,192.621827968971,196.302899082257,215.930066125452,214.463294187544,223.127439073913,223.248495466346,236.409060962004,249.641114429919,253.145224624412,260.443927781749,260.638899956764,261.350629308,263.821587046287,261.698401986389,264.729271358941,264.357313867903,264.462744445632
294.67619402776,344.186085276385,324.238223661728,315.283949548131,336.606067115611,333.120377261461,361.901754911118,355.411953113683,366.114676401846,351.352079105169,356.336993846152,378.584987103551,364.293323677453,380.593113676393,389.391608432247,387.687935138843,385.998767927301,388.852754673143,389.532114166925,395.888628290218,394.960005087114,396.363629169553,397.63349171743
635.47786617971,629.58088567275,642.001122770305,625.301269974306,616.079173799919,626.261564238502,618.250345402906,616.173694721564,626.502893048323,624.297423709801,611.142721680157,605.642373416281,602.993757269414,600.897518177715,598.758505493156,591.492735379882,584.161879125912,587.32621788849,584.629961214316,582.993830539282,586.353282149058,585.057447734779,588.589912282808
455.192215568617,458.985654053643,459.082514627954,467.974360449664,456.536019097268,458.214467373761,457.292502165918,452.077949595079,455.278715335357,451.078272212147,456.010783225096,442.161659728514,434.276573012239,428.992556120872,433.697380630893,432.124051350497,435.615419393036,433.975385100647,434.557670491171,434.47163825903,436.579787245042,436.283836456868,437.009764574541
419.398602757183,435.885794771421,439.436559268956,455.067559167556,437.950517471978,445.697557867942,434.04762005123,438.386203241789,422.834057190155,431.278167828889,435.601756775088,407.073281033263,416.398895766737,419.604031759728,425.732124447789,424.055207709082,434.289329498038,433.577459103752,434.329056067755,434.782873386311,441.45694814581,442.490152433569,440.160174040694
247.953882713123,220.214692254413,198.330973694344,200.286538951834,188.283956073983,186.524366063561,190.391747663769,192.135368933428,186.139099378764,190.760236846388,184.372333313578,188.471373743915,193.399616035273,200.939596870417,210.026384988874,214.327110647452,213.745079050981,217.931595136515,217.843043864083,220.973120251698,221.814530154546,222.799538488403,223.413316200394
451.307753914405,439.799638778211,398.80630936895,367.879794778809,385.920493941392,391.070603536832,399.067789314685,404.295822059505,400.148659137717,405.3287802729,416.553049477187,426.695704758005,439.935340063481,436.13946705858,449.083069390264,454.538875052083,456.366654900196,453.5245432901,457.200187109016,458.450802828748,458.00223645874,458.94156497483,457.992699383936
344.900264095599,349.377870011863,372.368765570548,365.472830204911,363.51149223776,357.523138356609,359.413407475507,367.960494470357,368.759976002818,363.359616199166,362.185168569335,354.162054582694,344.747644441697,348.553288956623,345.700193048136,344.3478561645,340.301845501538,340.875645097763,342.390688399229,340.169927647957,338.926889092188,339.151964881987,338.655865385873
973.648733024178,965.178345451702,1017.37610184791,1022.82487627903,1007.74275314806,1002.1271597814,1012.94326878705,1017.84166811234,1024.85326949334,1028.37355543713,1021.82113022636,1035.03282280989,1002.00037362115,995.189586300264,988.888362751526,986.608333910803,977.096237545562,973.825466130402,979.316679191097,975.437618856274,977.18991672946,978.554460372024,978.983041516261
136.814057150096,108.304820052806,101.322908487149,100.625189041928,101.415569453451,102.777779350357,102.244096882127,106.105969071994,121.860317315084,122.472092406656,109.223007931452,116.491562626295,135.000490387914,140.615164559998,141.445363660509,145.094174756987,147.11112691672,148.480891127786,150.265323745775,150.808726919532,152.522117035945,150.672843682563,151.293935706021
263.071885075174,157.020361518043,140.463517383759,145.377742881582,134.275162568498,139.229227515465,150.918020090086,158.936771800022,171.779503134988,174.471029544054,179.303581702724,195.483683866512,230.075119661469,239.477067605274,242.260221890562,252.249258355846,252.957374608586,257.811533090952,257.869197325482,257.001146931624,260.737042455195,260.633929236567,261.749946065567
367.124339714738,372.546966208519,356.612318555917,351.891234117791,327.560849300678,357.890384135464,361.978641218063,358.561404355922,383.018930085822,387.910064451306,364.135862148665,384.204994844122,392.865294835854,384.516170009577,384.523516223503,377.270806378665,376.720275066802,378.765826270535,376.202221128632,374.038710869465,373.524436385749,374.009554957124,374.035197838333
323.333003791293,279.509664099985,299.139568445427,293.318526444569,304.072699041169,306.867053185206,298.856134344653,321.83145169069,323.002913528366,327.651248005446,334.305496513672,343.817962942025,365.605776008945,371.981237148078,372.088789832866,378.034606708225,379.795383527628,379.768854739703,384.317892154835,383.402687199513,384.69446955359,386.77096585449,386.81310566578
564.331281600862,586.865880656063,564.177544533203,569.839572153948,590.788631256356,563.271953857461,577.736711857928,583.879428922686,568.3889447315,594.067640990241,588.293681919076,596.636995507866,589.582165314453,591.326227764454,590.003765705852,585.046826683196,580.907873434035,584.196514488795,582.887358443742,581.440124641175,578.143507462904,577.054162616331,577.665735689832
640.854279326443,655.859088209045,659.052508774218,652.43597782277,662.460896697953,672.470426946973,667.216329081242,650.318061575176,656.816996309617,651.293949562601,629.283421167471,639.801416750327,622.40473898694,609.735327787233,608.225264730896,612.560337073774,603.421884750971,599.884551719086,605.642932531467,605.147735357152,603.461598754921,603.392195300234,603.148277886782
292.208412605366,255.978777308024,227.343310887306,233.849970623951,226.741245206353,245.639769377703,259.909643318006,260.065969149116,262.480560951113,272.604534353137,282.510764092762,276.385456504635,296.371332750452,302.967469494989,299.512485152885,308.331972902035,307.438580823723,312.993778756366,314.158145950829,309.92097627501,314.190546104305,313.999653936803,314.568291131164
203.93963857766,194.591811190129,179.680656356852,193.594221841463,180.740801066502,172.08542217838,173.128047715034,176.984328974035,184.236112524871,188.452839393078,184.503910982057,192.798019752838,208.248516992405,217.04336368533,217.62163398382,223.158829448945,221.18147813444,220.403147528295,221.526902965153,221.477500598715,220.900496052982,218.31730419295,219.750564386319
363.936978125471,255.783470787639,259.579620589396,227.389418807235,214.632154158735,192.148218714646,197.04046391256,220.317920019672,207.985225097149,247.044260799247,230.219998932554,269.169701503566,327.311528899102,375.465884251087,393.84440772149,407.319073418658,416.737571179376,413.152173688566,418.964709582922,418.563171889868,423.581655957867,424.385686579453,422.308127808878
512.333742237772,507.804786495501,535.410789663103,547.870227283644,530.487991930714,501.199488534646,510.986795908414,498.167893168248,496.564772682843,500.272562186851,505.308670919903,489.982792363484,504.662373058053,522.260469807544,530.315667124411,535.47633435624,542.09932682145,541.351391620049,536.784436597195,542.879130847741,539.606975464693,537.195708282676,536.201400879277
295.454363259367,292.028010590646,286.271411684233,287.350398047956,308.676556415013,292.006340988977,287.558640732266,313.006915706242,299.886140702936,309.417388744424,311.591476221836,303.046211707403,305.834028463509,301.351436586028,298.869196233465,296.834918427958,297.624783750415,297.110483194205,297.837303937351,295.059816269072,295.476958855155,295.520546945083,295.982393059612
327.879786032087,349.132328095305,318.757508201247,295.02285920414,288.245471863213,296.852712271623,312.97382469993,301.64991705855,311.813142309928,327.926205668777,333.205855633839,335.200938287053,364.323008787119,371.947365146743,374.329188741861,381.988521131963,384.023593706532,383.621693295117,385.46921578151,393.387869976452,393.202926563589,393.999918183567,396.990264683976
582.37374491293,588.775582777238,590.971125608067,594.676219320467,593.184645459054,592.910372960764,580.2251361332,588.85088688415,592.147716565683,591.817141487175,584.026666680852,586.761440675373,585.57345130638,581.173959696598,568.900487847141,567.363918723386,566.891047989185,562.896783758794,562.459190506362,563.057269814939,559.339263186637,558.233563359874,558.868009334994
365.99615746263,351.574225386747,361.728822566051,353.704734410316,343.227572900105,348.576609001668,356.883965794448,360.732465504383,365.862936573757,363.537887540762,352.444989076013,356.872730059242,347.547475626087,346.262281896164,356.424041992634,360.593797362239,361.755340236477,362.756279301115,362.698176215338,364.109304745516,366.223469062498,367.346619020533,366.521715489731
222.967836032872,199.319740458054,185.590848995972,182.486836153102,189.671375572075,181.802509151961,181.133373572588,192.793887451576,191.757553058574,198.503583577804,202.572602393239,198.205109471391,217.789515492257,228.731098497308,239.680439530816,245.290692306868,242.299433393015,243.557342407116,245.148208337076,247.974867639637,250.438796246206,253.309887502618,253.024855172089
589.919697972302,561.552352222951,565.77036621327,584.725898351063,586.094476772607,582.602551306828,588.132230859967,585.587287844178,588.275782949466,584.346298156771,600.111807158771,591.590439570464,614.455103494827,622.036826333373,617.298779764704,624.052421482768,619.267807945956,619.941931352861,622.980128826438,624.125147910187,623.086146570647,621.573056371564,622.188537080112
398.747763725262,393.181501360221,427.430495100388,409.03927667847,414.011392440558,416.869144617267,425.551265744274,403.008078642383,408.856206684725,418.780243107652,408.580503307527,419.819844198052,417.152624551171,420.631840445872,421.122268332431,419.849190797541,429.601157749592,420.786247502514,427.393974502823,426.293223007629,427.053950512792,430.172256238189,428.218701207807
406.964773108942,377.285191644049,354.482380143252,369.225940133842,384.271462323718,380.85525437509,382.312115356873,369.311408472067,385.937547605916,377.242154341981,369.271738134728,380.454099056697,376.276825001373,364.574922459812,374.094210458662,370.170719700089,375.903405332222,375.982375809257,378.546041530853,380.060178392125,380.772377010242,379.491111211844,379.714754757725
210.516032898085,201.409925700767,152.359680691873,165.737456114899,157.231900095032,174.236271187205,189.341572883321,192.0959982773,210.088895311786,223.544930866972,220.133515236904,225.845593965563,253.552843661772,264.555269348476,277.005144602594,290.034783059677,293.884142605817,299.9543187056,296.92794473021,300.883563917912,306.08240144355,306.398146870256,305.95004587092
673.313232475039,675.480463673094,657.889183331214,656.57379751365,666.514293588907,660.319781784214,660.955367655472,631.546563436305,647.164840392768,641.551603747005,656.559858720978,658.086738439736,655.982077365547,668.482104731331,679.11738951592,673.147542882951,680.622804639328,675.635069352329,682.740622214056,681.441058945685,683.012518627315,682.086078727699,681.616696179159
364.28747069042,329.809232958248,352.770945469431,345.769173144109,348.397979793838,346.402771579776,334.061973233498,335.023361778705,331.424269516967,343.472405793145,338.873325829983,357.925731603787,354.53964327872,366.709455043644,362.13596080568,361.813311143236,365.920315990079,365.124559550993,365.302913855276,366.043727634652,363.424653687028,362.857665006087,361.070552375903
422.461559054403,398.988496056414,396.278191196479,408.656896638621,415.824951869303,416.166765002407,418.256352292783,433.639570862117,431.796666639956,433.801019109921,439.516565067441,430.092108385232,443.2951418624,445.698080509667,453.50982938688,438.189163427255,448.695496703491,443.205770316853,445.667966531027,444.038515977703,443.401234051543,441.979258367985,443.157522328327
513.249195614216,498.412380275838,526.247862996074,529.497319974206,520.203687609896,526.639966135515,524.506817355407,509.347973822743,512.656462404027,524.594747359166,515.761668066533,506.757151235421,516.709569613934,527.402415681272,525.176541754755,521.044721357677,524.160444144892,526.327607463908,527.85831169956,525.509384504996,527.751170960299,529.362483559078,529.698822139684
176.114882036907,137.888360815533,115.302021646812,140.107047619999,128.533970640226,140.305645892019,134.816764570338,135.336020527686,144.624506841329,152.825756568618,153.816354647403,153.349269695014,149.905176912154,154.104145769435,155.526691478133,155.454331900036,155.627443832764,155.38592396634,156.468407147913,157.043862620059,157.508014318898,157.971887724599,158.027093901355
157.786641455928,108.926835307043,85.2954730238055,85.2301588719704,93.1332705068188,96.4886782762245,105.735055428099,111.993746085173,123.89082208494,133.039049678399,130.723257206765,140.099455911015,150.794722803591,143.485870872577,153.101562986698,153.393691734965,150.35923158819,149.14188013408,152.374919318959,149.240821719831,147.656312519799,147.944332716218,147.43020915746
642.670264023335,694.380893521877,649.930381475151,677.339405230144,649.211206328494,662.685861869245,664.749737544194,669.356247524582,669.284895686515,650.026834741393,667.522198170106,671.295619682497,662.296288321564,662.926987100247,668.524084712272,670.105847309276,672.216751583405,674.4224781307,674.546656915321,675.900317130425,675.12185653654,672.270607822182,671.32859847636
117.599321127479,120.604685662825,114.932209527687,110.731561573276,108.57683620848,91.1009465231933,96.561547922622,98.375372872646,98.0635523571176,94.6154171901883,88.2332576683129,98.2866254591892,101.44488660085,124.936601426954,127.494097098972,135.14576380423,137.744713360104,136.298399871939,138.552507874772,139.744094577971,143.387983131714,146.13666626604,148.112426802403
303.960613872641,278.351404824503,255.678977114851,245.036656266921,239.552873837617,249.357038827828,250.794012618176,237.816348901484,249.79651828645,266.749118417761,269.710464785208,266.452558007548,274.576696955121,279.088420446182,300.472144805318,294.060628528236,309.586397078235,314.895833537233,312.594435082864,315.229075398787,320.081212700979,324.493742834596,325.211757444871
242.138642170226,247.454816617926,256.690659039303,255.328829261999,238.813277995343,234.5911951917,251.336425079359,245.935196481541,265.667847227523,241.77485339988,243.659358998096,237.949973968643,233.965901443224,239.395402412366,234.984617067297,231.901152874598,229.858740057179,230.597061978741,230.289747665551,229.870404743159,227.044593665511,227.308199644094,226.521664508485
276.670273084645,287.279869752465,229.884376522132,235.686945973302,257.663719340218,250.089355368248,246.296096610661,248.02349947665,264.530578436755,272.855242822833,284.45112490926,301.662239590615,323.417174099755,337.649079117631,333.714835730871,337.134925243612,342.595121227856,341.024541205922,338.086024316527,339.497939200061,341.160119493163,338.625866096282,338.226033280397
605.418687055819,587.577781434558,600.407472051245,598.0819270021,617.281229377481,606.126956736403,617.363184459358,608.797271856305,616.457813040686,628.166440570272,619.879857404385,619.646729677864,629.416497107376,627.155839592617,622.834378324979,619.594291541744,613.957912675994,612.596000680232,610.184832186639,607.898902067608,604.874881017625,602.962212011152,602.677120811119
429.928662558764,408.920744693981,387.013695081259,385.374366463583,400.540249698799,383.734213117275,403.061051301129,394.358940631595,399.684345167719,421.576661362792,417.027914402979,404.332230109196,414.309796619194,419.439354494732,433.524839865105,440.144086331093,451.703990391956,454.035991005251,454.457269362643,455.582435746799,459.592320519155,461.194971994224,462.157120229285
436.860476638393,453.807738044119,425.381512475019,446.494310110408,433.585499044726,443.676903751163,445.273284892412,448.525850627243,405.695233777708,434.105828351233,422.590463332463,425.433526565226,452.393124156603,478.53648714552,497.227962369271,496.814987790908,497.826543698707,502.095834166843,498.560718659449,504.569163804047,505.440008490269,506.448084587665,507.287680831157
199.661509638524,184.785714373907,152.440710119932,131.056172425738,126.640969976963,149.590202006944,166.086770696313,162.374977805025,193.717891453218,184.175253441962,200.772476282807,203.868027571475,242.100191722329,257.533986044529,258.515745228845,261.126569651913,263.428748522305,263.501742635823,263.948949417611,266.268217647019,261.076208240658,263.602815118259,261.681734621009
332.676926080393,289.85034977814,327.082056570603,335.400066095424,335.896274560364,326.523863776848,341.024583486857,339.516799636687,333.274864636376,346.384949053502,346.493781936766,347.857017457001,354.197672882054,350.353965983967,344.049410646798,347.356121542979,352.046256246794,348.238185294016,344.282797207413,345.316390196579,343.52860236387,342.620546886939,342.93789029463
179.316668459332,134.318961436805,140.768891593919,119.167152763253,126.104059243367,125.669272333486,132.769091798334,140.056877643162,140.548432910899,147.852918095505,155.215126738976,156.397341907825,165.461041628133,168.447028830664,172.001611647046,169.909755797485,176.711547552639,182.716085143882,186.556866824407,184.510121960278,184.490546584112,185.363126050797,185.053465584732
456.55455221043,469.081861980474,488.486332573406,491.902577822107,497.055248221743,485.629913093089,484.24196011698,484.599065297978,460.059012367666,472.54507462859,470.262350072328,458.631143645791,463.780023866914,477.727044974876,479.258611472598,477.374813721354,480.882290895686,481.161612973899,482.344735619612,481.613791007813,482.329583676114,482.181107921012,481.524157725615
608.291554735475,603.428394169431,600.844235513583,626.739372701014,613.422750461021,612.249099903646,612.918127292737,623.366122095898,608.932524980334,598.032274770541,603.075950919752,613.863155179093,634.828395394497,636.20873894821,643.15559927026,641.211000591421,644.47456365426,645.766593725697,645.386070005793,644.514541382189,647.508352872419,645.384576720337,645.599928742782
191.997129412968,130.43681727317,128.163696405576,108.914640331313,115.83066949333,103.678960784996,122.335372461004,130.226273928417,134.082219537651,140.622848982678,142.998696210179,152.130588112471,162.976372197246,170.82994292864,175.883964623669,178.863757163217,179.919057240968,179.645931303904,182.234340231011,182.663239468807,182.11050858623,181.823893300893,181.901993805558
451.515358251654,469.922750306642,450.656547970382,451.518873121953,451.646942715295,436.478461435457,442.15391633237,442.929332586482,442.774346685235,442.26297800586,448.215258888555,440.957676558997,438.835471586314,441.991180710058,439.119022585717,438.460839947287,438.470638850103,439.627676246178,439.965304044564,440.826954586398,441.260857208948,441.273685543481,441.473895998635
276.55327316299,254.199143377347,264.861843086178,270.826403023516,266.406017712915,265.802991324772,260.631501478955,267.001506314358,262.385779016023,272.173814789805,283.158332665485,283.246276521991,293.430988528366,299.092465393297,295.187268206169,301.134666262774,300.563669568158,304.132188018012,304.486435411305,307.745333292296,307.903793333179,307.834768109383,307.810222121658
296.437016152229,193.779146758328,190.700807228774,191.079892656949,185.721087316416,197.925634696865,194.789046366763,212.208683840267,221.447624416212,216.247068627908,229.628419440879,246.80228229637,271.373038025032,303.103200854221,305.681808638198,306.249507599181,311.163855958462,311.121826149856,309.145378379681,314.164736998425,314.923782282879,317.492284442702,319.663375864404
426.17202516177,417.064957071047,384.851016263615,370.085144304757,364.999569306003,370.663251828671,358.468379186283,362.042112709414,372.65399822881,374.509450000092,378.686915682583,381.513048672085,394.790696888579,409.826552145919,420.201494849553,427.378883753769,428.942192050595,431.329887147113,434.727523836723,431.908903941055,437.660582974598,437.606351797426,438.18318695841
273.125729314855,246.948165646974,226.826809769992,209.61260892849,210.557611296684,204.879862443785,201.605266288995,223.999140908093,218.563148343536,230.182591346115,215.307558951712,238.175479520501,235.251786558047,258.904753449423,269.960743070395,270.278066842805,277.573730376593,276.163263769258,272.736780537844,278.2711760279,277.262599028938,280.003213771691,278.815592518126
283.410073421303,188.717317927973,171.934414574239,159.31345683884,181.983241785541,171.189725380846,189.76216491074,186.792937887097,214.483701034289,219.0085214239,224.2546396453,218.339658136935,235.418699425014,232.481426176726,242.736686288873,239.512261612533,246.611344125656,244.796118686649,245.085275678469,245.110086446976,248.41943482909,247.228335812505,247.522231614399
1004.94941168752,1027.26738211979,1027.11654710203,996.480764733089,969.127531120605,954.434681913743,947.169537917403,951.126003765112,920.5187000738,941.712073355384,926.103933557256,942.214656092949,960.797134360691,991.840571546354,995.929600234544,1002.2792514475,1011.1934191071,1012.72459524292,1019.19748784121,1020.20224378701,1024.42908322385,1024.72009329381,1025.81035415288
899.338479864153,940.370023392944,939.364898233862,954.133073616021,916.266026450893,923.084935400465,893.4519955925,894.13789678357,911.6131637884,914.85283841695,917.517171721264,918.407864410825,902.324968485201,919.443441299993,908.588686659122,902.551357291003,906.31038114713,913.031276959955,911.220290012383,913.935693175804,910.529687782816,910.130547235012,911.585146470848
234.03111311142,183.894655739534,177.513506782621,168.558625930929,149.520117414103,157.062443022609,161.609502011617,161.469345752777,174.825729127307,171.223563496376,173.706627707173,188.198308255831,228.70831038022,233.702589021696,248.933931736447,253.104246055515,254.979519979966,256.02239586904,256.834535529948,257.17476498157,259.119804294519,260.706258540096,261.020430208054
370.136038011478,355.156503806157,343.049127663491,325.058585983664,305.736673329613,305.258860894084,306.020902213222,323.378481402636,322.020380548605,341.876129943655,340.122765520792,348.219588820806,367.462798755946,372.725798360695,381.996573842539,380.870536247238,388.580324324383,385.788931871085,383.417169735515,386.30749170166,384.982171193682,384.535069977148,385.538746040877
587.468642982229,572.995399260441,569.458230173206,598.167103239632,602.810514789765,583.89445769698,563.212782160033,573.201234761939,559.800757702644,571.404037577816,576.491986831226,577.473509752175,580.118475660474,573.064195374089,570.390057959061,571.615873123221,570.362830648867,567.011597257705,568.38593937387,568.544538138325,569.700910058976,568.773012508139,568.99624623291
386.981621190786,325.212369782628,314.686103488854,287.335827054525,297.531027315423,305.352363413695,293.079200368564,311.796273917397,334.969280178692,344.544201838585,342.343483084798,363.102055414253,383.601904345787,392.967235040119,406.988616268636,408.256920706141,414.413694846659,416.913678166843,421.006097067203,423.578955415701,425.396170706204,426.277745119248,426.322554405443
262.054810394542,183.150142100159,149.867041508758,140.974102094214,133.80150262444,146.105303675666,152.202790560828,158.134837151813,173.441031978726,173.759616436169,198.851307963264,206.577789308722,225.979186312028,235.688653255303,241.725732183796,249.284518705363,251.387098347828,250.37456019073,248.922864320177,249.979388727701,249.113445364825,250.707851006247,250.009362399832
511.745577133722,490.657778833733,498.441123536104,506.525036536225,499.626972816612,505.704712894008,473.584107222691,493.134573797779,500.450971619383,501.09288614764,500.543797866659,496.124943970821,512.347018720719,531.609472960675,535.674228810069,542.304108679866,534.414252018049,542.555035274628,533.176118080061,540.157665849248,541.70555187029,543.267571871498,543.129042917403
313.931873785662,264.615181311388,235.618189303412,222.885469515818,218.996239070463,231.763989383162,229.21826156196,231.288399175452,243.545025652763,229.195720387308,240.195141471804,244.962680339035,263.554143411344,256.626219851559,254.165188798945,251.458618338897,250.403117500626,249.687703674285,250.991005593463,251.960210017137,249.906682584884,250.74284922092,250.471155638971
376.799568392524,390.474534821871,340.681852437203,366.35809895002,334.088053399152,335.668424028695,336.883539696722,344.646778846602,353.171016464311,336.83867958221,350.076355576307,354.31630030941,383.261567050523,405.576051796805,413.523513735408,418.982649525856,419.327054947075,418.654625627204,423.501984042025,424.472304321718,428.791233712491,429.055144683797,429.934821494735
381.491832685482,379.73160907942,385.156875265529,385.069705035681,385.524656491106,390.689831603156,385.296381414529,393.376258509129,388.336850745746,398.837586926008,391.226775887872,389.746550528557,400.272846414489,408.577933958806,416.071969352197,414.636121322196,418.207308868085,418.653084605368,420.614550215429,420.272478788295,423.48540056839,424.122243758347,424.937419532256
291.169682475799,250.827834420795,223.744184565476,219.427243958868,198.919555960554,189.871999287867,201.898765416154,209.82025429166,199.835926611542,198.842186401797,217.888980406174,222.075551182932,238.360127703607,233.836987422956,234.611646612199,235.971836167291,237.041103459835,234.65327591788,233.44338498277,238.757191768775,238.072648739697,236.347139770793,237.195841363105
359.036640051908,333.892207383701,335.673894202664,317.28320803948,329.720389130756,332.68851939134,329.931578809971,328.038722461982,330.875612155851,332.23135123418,335.224584745907,339.497895577845,341.425590136803,358.160841528849,359.857739737959,359.383205364169,359.854513891092,361.001203931073,359.505637674983,358.387061779127,360.695103904244,359.280645714578,360.134169252726
529.947405116706,526.85481656229,567.033761092709,578.459690851103,578.045728777918,584.230073177584,581.77878805691,573.783351356504,569.248622638805,577.29416888403,583.142368769189,579.168891830603,578.215757063149,584.34634270744,578.579437784766,575.384182349173,574.2042833911,574.649696581962,572.711124935486,576.75383247873,576.428225532573,576.01921941225,577.496133066574
373.30519982025,303.873803537323,301.105502315967,273.776646739779,290.864861348766,300.117805266063,299.067034140396,310.31975065942,318.949818886937,338.524419171814,329.725218921373,333.387344188862,381.790399483195,399.188865701874,404.527911801964,416.164682943483,426.551463630872,429.575805557487,432.765183783579,433.401261830771,437.605201927007,437.921148123264,438.45924877073
362.707506866323,380.131719447077,392.721257348905,384.184898709881,378.445689199612,372.832030606202,374.336356292698,369.97398171376,376.6756820846,375.897538950711,372.732550992784,378.465968574537,380.976404198105,384.46141055577,382.540102106938,384.768030388527,383.302452944386,384.609949783276,382.637996698802,384.933496954817,384.152353029913,383.444288846819,384.358868536264
620.279565556944,612.657122658949,598.649373065192,635.021328744384,633.563947833816,606.065469415922,624.036331602722,626.948315615869,617.490649901316,620.747131330771,636.796571265654,618.946180099047,635.638615387356,639.175816916837,659.777720947625,659.460840825987,661.28328725923,661.44357811665,662.404774389995,663.745155578644,663.747277139924,663.752035124158,662.78928825961
418.213609113925,383.361289251285,378.929996801646,370.446915015989,369.513445057039,388.970119919782,374.586016338639,362.927165667942,376.686140964304,375.697438224196,358.927424374023,383.194543293546,376.296209619702,384.202075547079,391.169309836382,394.187369279098,384.475194639772,385.871264305809,385.263796069058,384.137824517109,384.878652779657,384.549641027983,383.418899238811
293.198229260632,250.682080722893,241.695149308805,252.07254830142,250.454429460459,253.547851419182,251.788274481628,266.232160288155,260.115940855792,270.764907219203,273.244264457628,284.81385192166,283.845286377714,289.682929690807,293.448580352626,293.659971847732,292.779001632828,292.431239977045,294.066361140365,293.38221847368,295.321454915965,294.23610708031,295.031016890698
289.27194605079,255.64700015665,236.523316511139,237.316404449067,224.299204169214,243.61272188629,238.457469483525,245.707657176447,241.439550211562,247.928950948062,245.625214260532,240.084463114289,256.07551335325,260.82583447933,264.186042808282,265.095204052461,273.295418868991,274.095780133995,273.972322879991,272.936173329737,274.459964837839,273.991678051727,273.911053822835
