"V1","V2","V3","V4","V5","V6","V7","V8","V9","V10","V11","V12","V13","V14","V15","V16","V17","V18","V19","V20","V21","V22","V23"
649.33366908626,662.346158290153,651.763317870474,638.920740059948,658.574284172288,659.233334224487,663.440233023129,658.446248165367,645.135674797714,661.113827288501,662.125229818663,665.292225863468,663.582790439951,656.949468460161,662.657734396704,658.004063484616,664.488306798664,661.726651668868,662.929495913782,658.288753094002,665.131911151304,661.847399731976,661.868828513039
636.939030210823,626.761910512237,608.735610708894,620.812147954776,620.753900469407,630.603258265194,622.446857647264,619.901994486668,612.775127133048,605.983698297375,606.763155058996,618.943857041008,608.691883498079,617.654006294437,620.912188806071,617.546656940069,618.448198178283,618.842160586351,616.804425824207,621.075438230065,618.892181721335,618.38334055778,619.19482469683
322.237799000815,320.446502774506,315.433371699239,323.917810513267,314.826630728694,321.528882969625,322.931705574769,326.344635808295,333.387417199213,323.417666407344,322.374155373113,338.326257322527,336.71359604709,336.530191738979,331.309913937314,330.003511325716,335.47466062234,334.406643930449,331.569194806365,338.525266186507,330.677454014875,335.458767396215,333.643541614506
448.747569574529,423.820682816272,431.209930675293,430.373030669992,420.201959020664,424.699743300314,417.526971051931,423.091953303845,421.882217209645,430.456624495793,426.712853401913,432.956491417999,433.292464071714,434.902883335014,431.191389778868,432.110039281758,432.584153537432,431.848100003639,433.73858696909,432.144634582977,431.061342501824,430.910622175837,431.583901708139
375.380382577951,357.057358619454,360.667274560469,360.474420295154,361.171724208301,372.015426542644,328.869037032039,313.002971626286,314.524016076945,324.064540266226,313.819333258044,323.498900683723,326.178696869104,317.593944783163,322.528586096781,323.408401055516,322.740728803935,321.98155795113,323.681677811957,323.390585893221,321.37058423847,320.120519422488,319.187685300001
295.453121278106,302.408809131021,304.046464411495,303.845179854391,300.13346001971,285.601192810052,287.439964787736,269.913605611511,267.709894426309,261.838356049581,272.070906424637,273.167606240809,281.788832148442,280.36822521362,282.60941091861,280.57549354799,281.959318543924,280.805120460896,280.351353258259,281.814073371915,282.057571417613,281.940241761796,282.622791954834
522.251999823209,547.773607840429,546.927001891586,548.442213412309,547.704262655072,526.228295070341,532.760637029077,538.566018238153,556.42601612052,532.10836262457,546.689388763933,540.288382009686,535.052392531049,531.09846588695,528.653796393203,529.331114554432,525.272203275491,524.42612333502,522.181293715904,527.338384880949,524.176169438556,523.824311749521,527.522754025388
654.434720271271,653.179761437325,644.649993035796,663.572279628972,644.906521582751,642.106398147578,653.509091058012,642.973006310167,635.839052131642,637.539572339327,643.184487579968,635.31933924268,661.883783692643,657.245615107645,655.492033722006,658.734752098411,659.420546241518,660.929520514064,664.690127748986,661.711475516465,665.023896649283,660.247777929653,664.523681197498
260.92345716036,258.621651514449,255.67522539442,257.055260154846,264.040569168575,236.537256913092,233.862704983703,230.712729584273,241.756096560927,230.433310517388,235.379081208022,227.437265683028,228.935780690877,230.74612664863,230.666924075135,230.160402339354,227.410292129324,226.084267546579,225.812357624354,226.290125102094,226.00719396201,226.490548186725,225.912851328124
347.95302976854,352.665388174334,353.910875035981,348.589745337889,346.137720924393,329.590232348487,324.090900584455,344.517164006886,333.597563572366,340.594934158454,341.106033624976,346.238980061069,342.302572199673,341.16979108004,336.631970269253,341.135521823188,333.970817604117,340.477291486974,333.136541824231,339.001637493389,336.02703954797,339.386259153044,338.060292854855
264.369412373286,263.337524131482,260.886346836607,260.797666846285,259.237583293626,254.136767790442,232.488820597067,235.665631905576,244.071864955811,238.636686252692,240.073467914664,240.646344489928,243.801700684106,243.698490914766,244.051842261011,242.883550105753,242.402648397405,242.79671978313,244.645098446021,243.527702278116,243.240566343628,240.341605348777,241.01384035691
325.398454896572,327.799130377207,324.449975638255,323.169604678133,309.49261271302,273.646962119485,303.175973104223,315.244728325837,329.785155614138,325.56741588537,343.095051982026,341.359565684229,347.236314493128,341.41404192664,343.761572923315,342.396903727527,343.874828030423,345.058661147874,342.181906244455,344.147314757966,344.101162989164,345.10901842025,343.891489580212
342.349403177644,353.049517915148,377.574037652303,373.425300399561,364.66882114008,303.153930590473,325.61410462981,331.279436966088,341.070153166042,382.79205779257,380.776611250907,386.538534708893,378.809431931599,375.147774713764,378.82234895121,380.46544979779,373.497868166136,379.757315020426,376.757070292497,379.810436748209,377.3806942162,376.502203545157,379.402251141129
747.457292817761,746.149928901645,743.807447316072,752.116857884911,763.090402096439,762.096111340363,747.68524480267,755.338858545813,745.300464518442,747.833532248926,747.121981693058,752.365499041762,746.915479702443,746.439491009247,747.216088007999,747.681360763582,747.741267487317,750.369073004437,749.810611005009,749.855741228553,750.641977050217,750.296986846987,748.909970278804
296.599714798255,293.649698315884,293.668501040689,265.663123260059,275.824141012624,264.323617578161,262.999532045063,270.966472962363,270.589508649766,274.036810128376,279.696345821998,280.364247253143,282.529450107054,277.356834679405,281.192067232261,282.263688917597,285.609749063457,281.762048147803,283.483833485644,281.882911324576,283.963117982722,285.030834543246,286.999931948281
298.185951354465,289.667711028566,265.147414092515,262.92147591626,267.986816794367,269.140221482471,294.549296652083,292.328955198706,282.404429924928,289.366332917204,279.687690770212,277.390701061085,281.441935265053,275.955246442436,277.838242730034,281.337702221742,280.513876993636,278.917778206689,281.397768839199,278.086992107728,277.959288100539,278.144922062063,279.034020620331
391.870069388069,393.349063308054,405.670190969974,397.782939883643,378.363094069901,378.41739326011,365.86355000762,366.741008579708,364.671140358899,348.846126077734,361.490332548679,371.360901837389,379.285667683955,376.486608221644,380.395948249341,380.919019212242,374.285757941313,380.882226317838,378.237494954095,375.475870751592,378.758867143889,378.396238382335,378.595248724197
430.343194577895,432.320720253974,428.804919447353,434.937034851881,423.855953848619,451.17650023741,451.404596507853,454.379459462742,443.561259539539,449.014501128289,436.917326582803,429.514782251363,445.280572754439,442.037564875701,447.996653766907,439.811740575069,444.019506678277,441.49557176374,438.87570403343,444.451075781241,445.916608862388,444.056724023487,443.297858875272
358.5579712392,352.699818797331,351.573756609384,338.943402322237,319.957758399745,285.893843407496,299.420547703218,302.143840989227,291.309805373117,312.859472759105,309.59948111802,311.896609865005,311.334808292476,313.340466826615,311.290556427266,307.99478242019,310.074172658472,311.32503485021,309.735322709998,307.942642100629,311.456981572738,309.83556476352,310.675900337907
241.119378524562,268.501357397244,263.772625800741,263.431960993329,231.359223921231,264.382754339589,226.685327966822,219.32969655048,235.09090324398,245.535361144495,215.424440575241,233.303077690241,233.035204852905,230.519402829066,232.023232427011,238.279212091178,231.065352761256,235.830793025826,234.705724419341,233.826563390846,237.261799209767,236.190509910047,236.408772815293
542.089654277122,556.35415173023,554.513828737425,553.882395432944,561.710197662847,546.862693123547,515.8967275745,535.704385430181,525.655294172317,510.575462503844,524.711945896803,531.39620151085,529.35047586502,519.370005779781,524.997878900416,528.732993611612,530.292180900491,524.790190689289,528.609549458483,528.603299056035,530.223362181309,530.681792886437,531.280561166242
304.654371311745,312.180766367503,309.488469126736,307.188255454139,298.784381629333,308.68053237392,299.792693591517,283.51530445876,287.593929705836,283.034408496602,285.326410887674,276.339572612005,290.905176039969,289.841499414439,281.266043373593,283.041772717879,287.839757932744,283.484966845904,286.281285115759,279.38507408399,279.23275932428,281.895186331681,279.854055399436
308.834259549177,309.500373699688,300.160734433642,302.12982971809,246.772543070506,261.635438522136,252.906969575726,250.111883687101,273.528349434736,257.422549563636,258.228033536124,266.178513800041,256.582501347934,259.302514913995,257.061608554229,254.504838105093,253.438469188046,254.984358085566,253.816993178352,251.241185000206,249.971468175413,247.584691347252,246.048664091291
361.623761593483,362.532854434757,364.747032733359,364.079674060853,353.644141615132,314.025952705498,325.091458917913,325.829656680919,330.317989698546,327.743463814275,333.537065837449,338.302369245083,336.312963377282,338.183712532944,334.666350399349,337.921704578407,336.723661700744,336.450738183584,336.345896046505,339.801159207682,332.751894287237,334.331280748158,330.669169925152
445.712035590004,446.340616201591,444.757636134709,450.966013886084,453.545783833582,452.20572889509,453.539060091685,456.555460620382,458.534949448862,449.003296289989,463.618734120813,464.98540486075,453.110508692616,454.660815455004,454.384524631829,454.304405170384,452.272332680986,458.791211450904,456.12619393039,455.40196899945,458.605432944107,455.891315603889,456.707638181721
537.854165140353,535.550774220352,535.386579799758,531.36337283867,524.46142440214,535.065374197878,531.982924247326,538.585436441206,525.355802126995,535.326398772596,533.456420116053,536.690499150627,538.494891287618,535.974286792524,538.897287720439,537.926074871901,537.274114838939,536.637385275301,537.444646492548,537.650400895888,539.19294463915,538.526579889082,536.188373874705
299.91841213481,299.074840401653,290.74999586739,263.355003136734,260.05492612021,215.602281171748,223.212959247457,237.506180419383,242.72778972943,249.374662142593,249.817113782747,250.449110152872,255.684250599722,265.240846612199,257.68392077175,252.06783558415,250.273281228132,253.534892797362,253.394780559114,251.232053526809,250.984700607552,248.14621999077,245.882496617336
394.314249385931,409.023899429164,416.174386109742,421.831801332435,407.666561463918,393.249433473449,418.962719198837,407.394988041493,376.830484969147,399.723510741495,410.942317236009,406.311444362834,398.369935267374,391.836414321715,396.389802891608,391.183754836587,396.482387062747,394.865005286898,389.298586698304,391.108496658201,388.893722764441,397.07640142311,396.143629725808
661.860326339435,668.169631153261,655.491525151607,655.294236181087,653.674181699203,642.08366381725,650.653723984682,633.708769575754,639.226793412169,646.104561852256,635.199186236571,628.692844452212,619.758414761007,622.386297616376,614.404262467723,611.632745906954,617.767040173018,622.663720397322,616.125924040062,616.125811601751,619.550344133144,618.848910615208,616.987983460139
458.400842367542,458.080669013087,447.847889467843,459.162806278563,447.373337127922,458.593402815035,439.135147364859,443.818813014704,421.787231581653,434.274797868817,435.778932662399,438.743292419697,440.884984980861,447.856190152157,446.612943288097,448.639201564117,448.305118473141,449.565396197895,445.892594622474,448.300622681708,449.703428709521,452.677656410818,453.544121785388
483.098354053727,472.815272797421,469.728433526054,469.337895713711,461.041385813511,451.705436125427,440.368154075629,442.86450221862,434.049492358203,450.112496421057,437.422385189867,444.355576650251,455.166179713502,452.355731727792,455.987307005656,456.733111926115,455.971554743751,454.915330051667,454.463555314546,456.799871804805,456.155831664233,453.542409629677,455.742120151929
255.132040045366,252.423187082223,234.298540865765,250.03171815203,232.763279575571,228.203404431174,232.115680396255,224.259369976594,224.185112245307,219.794520147915,227.516299378041,238.931606650023,227.953256277149,231.96329078241,229.821400790499,228.298300878257,233.858443152182,232.911182160309,233.913314240044,230.373620484911,232.68727989112,233.756126728018,229.362634208225
489.205335868447,483.900699973419,475.152434911145,453.47553170462,464.285654779718,466.552682242828,477.224693172027,463.209792357868,460.888856094569,471.573206889063,469.833637927651,466.203112333779,464.696236393791,474.975304199827,467.843274305392,473.708163186105,477.294554590005,467.178022324829,474.685894195926,472.928932398669,475.357020289228,474.09046128763,471.102727870962
353.35924621708,355.490647868907,349.616309671227,356.902343055084,351.620508402412,351.187829870507,354.275624582177,347.663673821026,361.077818418566,356.870999587123,360.340704985617,354.344799256959,349.882194730866,344.555782902048,351.813648576976,346.666694327433,347.939213616611,348.738705110842,346.016906891047,349.426741376603,349.736005576708,352.277374274313,351.758628915479
964.658289723105,995.931656425211,990.28009160426,987.021887926217,979.746762953042,971.199318642898,1010.22396821022,966.744459395805,996.488461386119,1002.83619895798,982.917289801468,989.966478531374,992.679782609159,994.22223201725,992.463182696644,992.216152748934,992.210517528501,990.596826017818,995.96540500394,990.067372702002,996.125870442652,994.693355729174,998.008443365379
150.942400005288,150.549468046952,155.339521729073,149.842283799946,150.540043909282,157.277201034464,152.895470551449,153.245853488524,151.770518597023,157.420569020754,152.434038886898,142.634693336868,146.852683641331,147.187285355625,150.224189360174,151.103962998782,150.239644978964,148.801402034646,152.902381201222,148.813517328942,150.997140258061,151.266855092121,149.547529425964
317.122868784765,320.895083647921,309.64470441108,288.047171975905,291.871505452702,272.123908744536,268.689606874086,265.131810634397,263.980582727623,260.95905217446,264.473191175255,270.689296557514,259.589534483684,270.604643508234,269.632011153662,265.95898398797,268.280191004524,268.393742248927,267.151767192363,269.134172586555,268.775459448147,266.768975017186,264.096102371047
404.841571386957,412.518513954658,403.969523985442,395.659734358596,382.691181092188,375.614378936063,370.649528019959,373.107344172965,386.440602162931,372.730755542759,368.76992939122,368.621283587703,354.268945109009,355.422816580188,356.282375884433,353.434008565425,349.755308340548,351.483384749689,352.638210913814,351.408375660653,347.739572602137,345.123012754793,345.873635166989
331.711971116906,369.08494931273,360.64893480988,358.188197889415,368.927722475132,332.79054952706,356.92103324184,341.48754510085,361.796029933174,341.230832867383,340.237180485126,338.298299248343,340.432632582792,345.630701873131,347.62527507742,347.283368659495,343.599776699812,348.393515566608,342.348143727658,343.455381033414,344.676552421628,346.792696661967,342.331088906785
609.374646474212,611.414954841947,610.656026422181,598.886487322187,602.289063453584,605.1439020342,594.855311021119,607.092635031994,608.527118612001,604.207037266666,607.076991647141,601.324018912537,601.004933080817,606.872788539,603.617290796907,609.35258578028,606.834197202868,602.134351920973,610.021747526688,602.364339337549,601.639609540247,600.747265521891,595.74707240026
625.381092436955,622.816748288715,626.778745653676,615.388837406038,611.931495473183,629.414892029342,616.021072741616,624.323893272746,617.231464316068,587.828802347907,591.872083270415,590.370199481589,590.508282084063,587.686968767766,597.250280256998,594.109288190101,592.233323655388,591.233165603456,593.624776823764,587.062959000665,589.733297242428,588.150484717848,586.821278549576
334.006213152652,323.663318118094,304.344274206231,305.350528380575,301.386018781285,266.536095722502,281.361351667244,297.660272125307,270.849325181325,256.763512828254,264.635823229593,269.13089675977,263.261314637763,274.74619743554,272.233696099365,272.086359847346,275.867010237277,272.935966716596,269.028090466948,275.450945188637,272.985269775064,271.275392241359,270.449211848505
215.344771718056,214.457571970632,212.849859838413,213.438222301182,221.190636231478,196.189786862021,200.187969478213,208.372055685007,205.396322739877,198.572250365472,212.1701798836,211.030732800531,210.375145366193,208.969733246366,204.147024496041,208.760249179499,210.119982266079,208.947390712066,210.713617981643,207.29075344379,211.278422551496,209.452928633023,210.576956728476
456.302737518923,447.901762471803,454.309039579701,455.872194405814,441.91546824271,430.960430903641,439.626892617652,433.835261179298,419.580217965847,432.696944946633,435.494606767896,437.48836080966,431.327478687008,436.932435858016,427.951039137896,431.009480846899,436.847693768915,437.719994999182,433.594408810754,434.275218892876,437.226028756867,436.907659429511,434.562251136963
552.982718089557,556.027536447157,582.019623424353,526.395610197708,559.638237123124,523.177904416628,524.885567620761,531.255686619886,532.779153727541,535.761163337546,527.623843288593,540.648980008066,537.072910658577,545.242739183855,540.659441576628,541.294281187841,536.023831900109,536.773688088355,540.541471910468,537.774684576302,540.434063501535,535.833026355069,537.460547693084
296.021742381777,298.918324325013,300.002036567279,308.756069657103,291.542606121629,310.304738434246,315.623013626585,296.390677348891,307.978738020575,302.301019071388,296.319063777124,299.452764106907,292.828933245198,292.024310362899,293.882423019222,293.632367511405,294.333188629595,294.392512198705,293.333811921727,293.933154754796,293.91146464934,294.934434778698,296.523309504465
355.102253371378,340.773944766824,352.982318885834,343.274658648422,333.703933959326,368.188005352329,371.708878108955,391.39656365306,381.591953872704,389.729692068231,387.832273471137,377.252255603539,383.599617973341,392.156161849791,390.160145774791,392.745093224108,390.497776761834,390.757255826512,393.705558987543,389.953144481238,394.013303069397,392.238293944852,391.399715977075
589.577109211651,598.461262124763,582.591373607527,588.39048058336,575.915747516473,592.018293918803,571.35384614906,576.62876197279,573.34556835098,576.064270493945,573.847251528708,575.616506703499,568.628481036871,571.626426494362,571.303088787076,573.341964200918,573.454222621039,571.092097968079,573.66732222224,573.82204591354,574.419002667004,574.3865129645,572.320645193699
404.576742638364,396.054817917478,386.562901206028,374.304653132306,386.715131263626,381.046091503751,361.89900896047,370.663271922586,357.349763003469,361.885912342604,358.902559895671,356.428320216161,359.149618101697,365.653668216901,362.574870642597,361.953360822529,363.639804676422,363.474450573075,360.137760837993,363.431808692451,364.443754397409,363.645822276016,362.731590453826
251.670398392201,256.309203894548,230.970886372529,218.972782891106,236.255314704981,231.476940317647,217.827859429151,225.528463816599,239.067712659478,238.14929228193,243.250843545016,246.057577264429,247.812386208627,241.049460178249,249.110424885951,247.209301230854,244.245782563345,249.458123449056,246.112053497935,246.634599978456,253.330653933602,253.641611086528,253.703027756278
592.866270685912,601.140939394962,586.508033979391,606.791190828766,566.899454445537,584.857612116547,623.203814548288,611.754255781566,585.111959747696,609.015213244707,615.265300734063,606.399363862687,616.494088408026,615.965579931146,616.416887140373,617.827673687598,614.784049901937,614.028970232753,615.732577428294,615.291449393929,616.156021416583,614.052652845048,609.155213540391
427.932721533683,440.853036352592,431.2737340593,425.374668241183,406.682046352479,415.656713749198,422.835453443677,426.065182384408,417.812958882525,418.193690232452,413.571627894471,413.656411214595,419.925738985277,429.274854826452,426.268944622543,427.389201384546,429.861925623713,432.616788799108,426.951566735493,428.722028163944,428.479554643642,431.749903358763,434.754841914351
395.439217341363,391.79560384169,359.965622043213,371.979783801365,370.915229064457,375.076596089508,361.630247053009,382.297856085662,370.368479969922,368.712970325221,380.668967892754,386.579603283687,385.658196119039,383.944514391933,380.608871896749,381.500343392885,383.137153381526,382.775963746179,379.73328072153,380.981531253766,379.5205304553,377.4388327,374.792878476027
136.227664159766,253.980796235585,272.809521295738,271.252552105678,267.491377098141,272.869257797537,250.479724523011,264.389144782539,235.107503269283,262.866773979301,259.276429510068,261.765892033454,266.223142932222,270.214118564484,269.463261129544,270.120662716553,273.500107610505,269.590176998739,276.57400599765,273.764496962772,276.033783754659,269.627792117838,269.943186918436
679.763583847187,674.990476377063,673.111922389863,673.609101503147,666.997164941352,657.27892541937,656.022367221904,665.466790763991,652.541725345666,664.256210629759,659.55847650278,665.078980965722,670.877576748107,665.897628012966,667.282256175068,668.295251324861,666.123306451759,663.931208104726,666.098564632906,665.068767911636,665.286625322086,664.792855477364,663.527282479217
388.478707490678,382.99695536591,384.787572318443,381.786205914107,384.017409774167,386.175317339926,374.122176845899,381.276524028897,389.079576039882,378.723712042948,390.504643891581,386.848316046584,380.463174891532,381.018355789649,375.672698631431,378.703521762881,380.84207664864,375.759936945992,374.155008231752,378.75856370276,380.650104903754,376.460929778163,382.455172364228
452.440943451718,458.691630073347,448.906868472583,430.221286887536,420.3049650398,473.655148895065,473.87788338228,481.419923160504,486.634692069382,472.517094446186,445.43143098502,445.864887508915,445.765862201868,441.256693710781,446.706557640414,443.910160797724,446.889721157523,446.80301755624,450.111002969828,448.130670834707,449.36625667238,448.303700212119,451.641875357386
522.203867094542,510.819061562546,503.717215238824,503.35089507661,535.137373900155,526.591447349626,541.915294047636,515.953761848143,512.638847831499,505.241267179003,515.503123641203,512.785272361445,521.784200478841,526.766665254817,527.638307440863,528.022734698167,525.293061455665,524.718258378527,523.618608365893,526.621950124886,528.843807047748,525.860098258661,522.011069386443
174.708389423041,161.653662340663,162.701618435887,156.828835049135,165.96072862831,150.577279521778,165.954328958412,162.648569868662,159.866286468801,156.657405244517,166.9337650436,160.365712699119,162.457473658944,161.696188577637,164.494696252042,164.774625900431,163.898099034183,157.712608056313,162.967159853907,166.276184189211,166.196171454675,169.493656610855,168.377155272091
175.269233058293,176.879678526923,170.112939767498,169.068155483302,160.180362041192,146.501290819118,139.664599715169,149.582356974002,151.974534231325,154.644545370818,155.232984573493,154.156974135319,157.137484448923,157.00769115697,157.948468774158,160.61255983697,159.810965780329,158.546405934779,159.650990484887,157.175574097839,157.771824037048,159.705740419578,159.08262594536
604.792454830507,599.150917256914,603.28130977846,626.388051793581,597.273720525779,599.935078337233,603.428946390639,606.008391285901,608.740850370256,612.095166413838,623.719867380088,616.134082982709,631.20263467412,631.568380792386,627.335770769003,633.100538158453,628.816687501341,628.626036949295,630.935295889075,629.81486776169,629.369860740725,623.071427740688,624.531080751846
141.30043631026,154.879059459874,140.694909282839,150.65764608379,138.590777301974,142.781807632776,131.297727720813,129.949590143843,131.457740668626,134.476483634253,138.168821160488,137.175795896454,140.644456715161,137.638288940092,138.418559076649,136.289157495943,136.40654359794,136.258519761937,138.005812181631,137.076705939578,138.314656661278,138.538880214119,141.667718028422
303.867910191093,292.003747607993,291.440124975862,295.942990940819,281.349780766061,286.697794000594,309.4238686107,289.850494387188,278.720181449539,293.303841027884,300.838384930986,305.007999857119,300.903336968886,300.423856034823,306.537633272457,303.320686586476,303.988294938683,304.900915753316,302.944956114764,303.171397365468,307.608387658684,306.059554712727,304.720024204112
254.187626615372,256.672218417003,257.816053877265,262.9058881614,254.273865163454,255.187977764325,251.97178714597,256.079119230161,248.036359380775,246.191172267902,248.442910349273,244.721140439826,243.642681284697,248.30948623077,244.307259985379,246.340545335282,242.707113605367,244.149327248032,243.659059849081,240.857352215099,239.8556257269,241.787065910492,238.528107067224
344.528574402989,366.601820246156,368.633834925642,368.383122856091,375.564280098432,332.664585705253,338.852360401044,334.479331937211,333.02288738113,340.146365384895,337.573031139978,346.249240693156,348.792935779162,348.425993552702,346.994111739307,347.363935660944,350.290010816608,350.333016780686,351.368396559351,347.535970964859,350.947950170405,353.754137115837,354.977751960923
594.155677557945,594.547239131941,571.803880044138,584.793875677401,585.660931222951,589.395834624993,590.714903390495,602.709411659861,591.799471558872,582.602513425042,572.441008412504,585.717344867704,580.938003457981,586.07393367634,584.43190621073,579.928308053329,580.917372847116,581.52369894182,580.559446040989,581.195728560355,581.269478583836,578.061754363876,578.969480539729
474.237188875423,477.196696354757,471.877409088719,460.370358452205,462.133742634969,443.27179072299,445.484159222382,455.945815106075,447.963746231477,463.223975197123,461.095405474707,454.703316742185,462.039952379334,456.66226854674,457.536546399182,460.803856597488,456.645627130836,457.430521975329,455.53487557052,458.06888781907,454.252714826886,456.650001418019,455.759854777906
547.319917425708,555.699904751686,541.47893221591,538.848215963478,547.165705039325,510.332742584812,524.77149594914,498.180290709064,530.60144609997,517.339018261338,518.940152729381,529.147177015395,521.985793341355,524.885868468613,525.612145610721,522.818037906459,520.317898947713,523.077765811791,519.535039588231,521.208652406358,516.943003826554,518.760663446047,518.268723545424
282.71996355962,315.589730683611,322.261067600956,272.903838495241,282.026906899676,281.309958630258,282.931033994593,270.303306888281,277.900514127248,266.234473567634,274.201491399129,266.848241532473,289.400086192328,286.132976510307,285.574076135239,286.023499276116,284.609029343218,286.203738193925,289.269955366369,281.352879591321,289.407601261386,284.810819351891,284.617062295902
360.210726984994,346.220803454021,346.495382967175,355.455482671332,331.190092891635,337.238611288922,336.54324295057,337.383060814046,327.243764571974,339.992155549028,346.913714074123,338.29545585392,343.938368289582,342.695516940039,339.236449256435,341.882854429785,341.907329953858,342.333119662758,342.423725831404,340.870138553517,341.180893629914,343.855903490152,342.03661948858
196.937301808492,189.318790230383,169.589272018881,138.316383624632,149.526697059468,168.023954515047,155.930050441729,178.334814719175,180.382949419327,179.09957411111,184.772247460915,174.785909777092,182.282947106263,183.033947031305,184.054158162757,183.899376430265,182.506129435628,182.283339933847,185.14387456552,182.551966354864,181.277391791514,181.036833357762,182.24952059166
449.5766252646,448.031035334726,452.23130459589,452.23972033665,464.356776736445,469.919389615699,447.793361291756,458.801726585646,447.221889087665,453.91144055884,446.345537016242,443.787698173557,451.315867488524,449.098110267656,452.433211338371,449.470742715435,446.706117044043,451.479707373814,448.364407034741,448.3585301008,449.342796354928,449.401125833793,448.077137636557
610.451236255158,602.554780759739,608.604593742614,608.604593742611,612.234387505297,610.068372757069,632.93562453247,602.119519805279,608.989939636799,609.601986488777,623.765946290234,619.980597223799,643.076001651673,629.238819581564,638.4896604361,634.690905068205,634.301362679799,637.979820069943,640.699312909557,629.302834587471,640.750673299421,646.971279038808,643.059360409895
199.104754488885,202.720919633235,191.023293850044,180.806581493143,182.313792887637,183.167682155548,191.091301736328,179.777949902557,178.601718009667,177.977520355272,180.418101640606,180.74314142686,183.850052271306,186.161270510479,188.640442304649,187.444902257778,189.551488355,188.58704165539,188.272011675551,185.491137958157,190.129321326213,188.783644825379,184.02769447171
454.47547947155,455.334106233905,445.678836152617,448.582117589099,452.885302786767,458.310954854135,448.079895036238,455.506147617054,444.228320869823,447.8755615416,445.081311353288,449.096949702602,442.643486337132,440.978507501426,444.206641900831,444.017427235964,443.656364882734,445.040717139508,444.064930891742,443.802166471585,444.495904822365,441.713720512132,443.151937574163
272.942339291818,275.072831568118,272.358411372576,271.299714275389,259.555698116383,297.517166199466,283.631459115205,297.009439314782,315.83321346965,302.453600254518,289.196190120939,305.475739520804,296.891231626554,301.992648530656,294.140328073101,301.481081380383,295.802952425612,297.36252299442,301.539529769066,293.681870126105,299.263466827631,301.736944511903,303.457425338236
329.427767899911,327.096974820878,329.501843151599,332.020759812996,334.192426033089,327.616251573091,314.598291869273,319.064557635506,290.810434323077,300.57461777903,307.740213633243,322.463629815033,311.417014133204,310.821132055478,316.557316791564,313.981824252819,310.492725148229,311.47326260782,308.972687710301,307.089010407124,308.732331462516,310.876889329691,315.120998794664
397.016697348231,398.659990580742,395.375846436731,391.71820898142,399.22656785937,393.513010151446,381.451151625097,400.196453635905,390.887001416081,399.48506060297,390.228857372093,389.359918769747,395.728158933527,394.431090458219,399.019484567044,397.411980725292,393.918813998616,397.240656008221,393.973319518663,397.054674899595,399.585703016746,397.759934711123,400.859959337802
312.411122044329,294.426200644314,291.443259159892,293.470204252506,285.176399561685,288.070737724684,281.74843188841,265.648180244979,272.326931786558,270.771972786081,265.460220525105,261.888722043158,257.563298855037,262.871085243148,263.003198603915,260.019448373969,265.619438914101,265.776098976226,261.625057931265,264.970467576678,266.057089744101,265.791295324911,263.411331783868
322.298178254117,325.251648360486,309.894294090268,281.428411989712,256.983524656479,263.602343228869,263.740648140459,277.517768694875,262.901025194062,279.551512938149,272.272227768436,265.94189806854,266.922801769422,273.585534503085,267.969567660536,266.521245484626,263.061626316975,263.247232401129,260.857942572514,262.124520354791,268.107499079009,262.190443076487,260.481750584251
958.060680285608,943.273210907303,925.759579184804,974.350399414809,965.510680957704,964.652716528831,968.517940784567,977.77086236129,977.839235330299,980.992851154019,988.932140900665,992.765211257689,987.375486264369,979.033334316616,979.696813511498,983.906411477269,982.891519973576,989.091988316051,986.481867148259,976.691030089572,986.704627571282,984.451776437078,988.445668944395
961.461962644631,960.607080102234,962.266296038252,955.481162901193,963.091951066324,957.71406526903,959.756545017349,959.761596196957,965.931500825864,967.497891433821,942.885147877146,944.305052394394,945.634245268775,945.519023267142,947.874433331938,939.648772884934,945.712314430654,940.168937780779,940.806248661936,940.785989791771,948.087377293101,944.075281329221,941.754146378138
298.58047270261,294.471780961446,289.717809417277,289.717838487647,274.752016696959,269.231729362582,261.388734129429,274.820315303923,278.560616940798,273.821982698748,269.155846192558,276.497863161739,273.304697195711,270.945811513113,272.417299997849,272.2166436854,270.4605385551,271.575611912087,268.685053173511,270.811060353058,270.506259458736,272.901627569994,273.595632096574
441.734401331338,442.86675476722,435.893695722709,430.267671653798,426.380507982467,424.957804091316,425.134764454198,435.483813007645,431.514494208077,436.931229617171,430.973434231611,434.696893006539,435.782814433424,435.193716709495,439.118573542368,437.437433880317,439.800286443377,437.16557626049,435.329977766158,436.319150298837,437.157612562332,436.21667126576,437.499138939999
571.669665426829,575.35972465143,577.428464769775,579.134444825319,576.31065996657,563.00097669362,559.461042815818,563.800463733399,562.388003183127,561.144196049309,577.194378015056,572.289340519282,568.051895471527,569.857776843585,572.158643089914,569.686619967327,573.633170817071,568.119060800877,571.127556182254,571.758678783406,570.601851421196,575.641848334687,570.899574560926
387.539588459392,410.000481607047,444.565602397346,444.040476118849,420.304571482307,408.765919951446,384.595903012145,409.110525092692,399.879204260833,410.341669763776,408.379115151206,406.570921924519,407.583849347078,398.808095351853,395.023072210478,401.229713745261,394.507410817662,395.881327783775,393.111650184529,399.898377874839,396.911778984135,397.114081022726,397.440133038468
303.595836706703,310.836760708026,294.098735274359,291.764305563809,266.916949980775,286.130795342334,239.478591562693,262.164819539862,260.57920052186,260.621864147497,267.731104336746,265.166169968019,263.277087538731,261.720948494183,258.694059057098,264.4322585893,263.818840794515,265.851759127154,255.078791194959,261.043944817006,256.248137374912,252.677045614617,253.912319466441
555.675136065703,532.683025029867,548.918026733498,548.495712294444,549.047366082758,536.832065908598,533.866208752511,529.163552423875,512.666022190836,524.858408977457,533.007038604987,550.523171805364,538.343845213513,549.403859611105,548.288430662502,548.937271342489,552.333546592493,549.670319331062,553.747524049687,547.058900245898,548.167925739642,547.248915093673,547.091791689707
320.546448616249,301.417635509456,333.856889950591,332.252214830657,334.817667162769,314.295836996534,312.986350611368,293.749068792623,271.745387066615,257.087854180151,269.916210748157,265.320382590853,251.297422419908,255.363222526767,257.065700281741,262.54228578974,254.79961177942,261.736278740561,261.384343468491,260.559829134246,260.57043869981,263.101540228741,265.810148381052
434.45908977504,411.35349991613,413.97317071708,414.411565683128,404.639973377791,399.857054887332,398.953559171262,404.489901440629,401.658631343624,400.283671718244,405.564975303993,405.879013185452,406.692391465071,407.413245261319,410.861089979085,409.730979944322,410.072192707433,412.368678185417,407.96794707983,410.812104058128,410.567758979193,407.299575346995,408.307454057472
404.169555572596,412.593809245404,410.054779655116,402.470408184736,391.856767652628,389.899189098363,407.623536002619,390.910489051832,399.178132818769,400.072599853503,402.451960462892,403.729989018749,410.145777041678,413.955487989411,413.081653997131,414.413416365026,412.885085851219,413.137952461783,415.201751123758,414.985682900824,412.626777109279,414.265334252389,412.672918777984
326.003079343521,314.691471905308,312.033751178411,307.498125243468,298.675717635535,310.566869925893,295.677848902457,276.306568194628,268.735869966234,244.91319586164,262.245920496802,273.744797054889,271.130624928935,267.620775612611,270.95018830301,265.487078277697,271.513075586693,272.432253967809,270.517192625385,268.284359941946,269.194306377318,268.580989790505,267.393047404156
353.655157330119,353.540454211344,367.18618926446,359.35220310188,367.069358509499,371.328371606872,356.311707992835,369.917206922554,377.988851444245,369.927775544653,370.0442058548,366.692225230099,358.120130137572,362.419918621411,360.137880005039,358.759022222167,355.849413852477,357.208066680731,358.345278075433,357.327946292226,362.860887938004,361.483995145182,360.586356663044
532.136406544234,532.795722023948,539.078886296853,555.632374203937,537.289755743923,550.430029550083,563.845860805744,547.116831184197,558.942331529165,563.235744328186,558.799498224797,563.114680284551,558.223088444788,559.854712091644,557.723570064005,560.695507704482,560.226362840633,558.065751477072,559.473395217928,560.724107344122,562.045188688811,566.821083229745,566.700175568634
423.532175182759,413.073671010834,427.425337801209,420.850596518572,394.234498967186,392.023544980149,398.894317072766,405.968029091514,410.972642491233,433.168207739977,440.599038082823,428.768654046698,427.952184041929,431.143900004872,433.256868717572,429.462882126351,429.004082835643,428.604458951557,436.049381763582,428.326679494693,427.871992607076,426.627539013682,426.596268112435
383.620375328503,383.742470191155,364.571929437713,377.187559841622,369.180872315871,374.495425707111,392.402460060374,381.450494904273,395.129937265693,389.318226236017,388.851628525832,388.696027696766,397.831935668695,396.184065655713,400.324743566854,394.636469299533,394.761834582486,400.659056506778,397.224928709826,394.781242415206,394.939872234581,394.59552782655,397.374628069104
668.517442752614,662.904923607797,670.804404797083,675.146418518976,689.351830196634,670.925197005713,676.945845491513,694.903729569052,696.691964691267,695.132013299549,687.040758086722,686.868526560336,683.61318814027,683.106299524847,684.164031889105,679.887337426307,680.843896064484,679.929713777992,678.896461633469,679.541609731864,679.307874601201,677.169866218642,676.525937448015
426.276168037711,430.106417836859,429.322989763527,432.077134988478,425.157306996641,419.757884414639,402.153217383698,394.876703126203,407.605723265912,401.814052305474,395.290224947201,400.202569234372,396.116880501684,398.703527444559,399.625416944312,401.785991578812,397.655055868388,395.403900950937,398.975932393383,398.160767388664,393.82109164523,396.496256849174,392.241696703087
335.13798224968,339.121214366908,328.995111406665,323.87968810956,318.561283692982,299.503051256527,314.020976495346,301.840176746468,297.366938216571,299.914876695177,297.961610109006,301.29386872244,297.644099900398,301.604254351846,304.300595922586,299.202105950077,299.993596817229,298.591444226243,298.650993359805,303.70731659313,301.220276932801,298.215065901758,294.502823197576
286.608456025826,294.854315610737,271.433978373007,266.749580360748,271.230043454914,240.128319591139,257.110576019597,252.405400434914,264.088379345928,265.717169400836,256.43058957048,259.307507911943,268.160968168744,273.462407369856,270.794993178013,269.018737486905,272.673454890163,272.273521982786,270.639005946819,273.112758850701,273.263576416809,270.138770406363,273.604943888031
