"V1","V2","V3","V4","V5","V6","V7","V8","V9","V10","V11","V12","V13","V14","V15","V16","V17","V18","V19","V20","V21","V22","V23"
24.0948429826663,24.2336102125325,24.2509747954896,24.2868998246284,24.3141840765581,24.3960342939512,24.3977422568445,24.3654177124764,24.3956922961504,24.382717695505,24.3888732331323,24.4086589559981,24.4061664088268,24.3979561313616,24.403306230194,24.4259684715606,24.3998023608422,24.4137676499939,24.4109397162205,24.4231783993093,24.4200381704664,24.4182590768263,24.4084838421572
30.0886756798579,30.0156403114431,29.9925080398223,30.0324123213942,30.0090611170431,30.0293502796678,30.0022474495976,29.9963824661069,29.9948450068181,29.9896337242858,29.9903534766308,29.9989543565482,29.9907838232891,29.9915165782993,29.9978603753649,30.0069934378555,29.9992658838901,29.9929236554485,30.0002949946581,29.9915673579019,29.9923085381321,30.0069795051375,29.9854637232106
24.9839902787402,25.01394235085,25.1586544626797,25.1502311387172,25.1072230214138,25.1274253476344,25.1358687509293,25.1376579392045,25.1601721479522,25.1516280349481,25.1649744204781,25.1640284421362,25.1768417424364,25.1534841994023,25.1641802280693,25.1667899547034,25.1663367523476,25.1555755674251,25.1661364489032,25.1702393952702,25.1564120492077,25.1795444706381,25.1549389088448
20.5299297198358,20.5560572510744,20.5487985925312,20.5431013750571,20.5332428371161,20.5306937683592,20.5328202298465,20.534013597452,20.5193292512435,20.5171233966967,20.5106125809608,20.5393126194863,20.5275341005999,20.5368868928177,20.537630696064,20.5301419328888,20.5291078138333,20.5347005294806,20.5225424861437,20.5338075070999,20.5274302570753,20.5331599713834,20.5339485889433
31.3463435499935,31.3462583191824,31.3303359881106,31.3307784400339,31.3191419486038,31.32215579295,31.3322868201935,31.3341585505452,31.3218791506606,31.33205313813,31.3351741927935,31.3234404527801,31.3382660885069,31.3284894826306,31.326267076168,31.3361024144793,31.3177237121963,31.323566966725,31.3393362244527,31.3300099216317,31.3068896887477,31.3376412020159,31.3438795343014
22.5232729233629,22.5930041511998,22.7740275409467,22.4857110184473,22.475675090438,22.4827031647136,22.4416906951093,22.5117586343965,22.4968985304314,22.5330539085895,22.4781572913623,22.4569342944157,22.4919206874892,22.4773295029756,22.5455080722343,22.5335121114845,22.4712360253664,22.4490269026581,22.4656714275754,22.4624552112725,22.4810970710299,22.4901389564922,22.4986684710913
30.7839178351253,30.8316076297561,30.8316019901168,30.8262987958272,30.8565660855435,30.8622544361885,30.8655832229032,30.8377424673757,30.8862883128417,30.8616788151896,30.8886337706677,30.856451136613,30.8647228075192,30.8787007942503,30.866154902008,30.8521238906643,30.8688717834464,30.8697466279927,30.8643862321967,30.8516809018196,30.8706903996691,30.8658509667356,30.8687492341735
28.6454648359512,28.1546449722331,28.1789831148687,28.0967745085598,28.0640771557024,28.0257888914222,28.0422205898822,28.0118022715216,28.0501227230867,28.0459886816074,28.0408347390082,28.0245345482332,28.0236829778673,28.0303119819697,28.0291076185322,28.0394814084591,28.0154896710443,28.034939346346,28.0062376949358,28.0164682880639,28.024974130242,28.0205172061779,28.0365231939965
21.1601689716213,21.2447614938529,21.2585780733772,21.2780903645536,21.2401563738163,21.2224672319418,21.1792247849818,21.2613232865305,21.190581958286,21.2427661272171,21.2273188603783,21.2515343613524,21.2200539607311,21.2593069105609,21.248686861949,21.2427849149223,21.2341258420424,21.2435001235742,21.2350564801801,21.2495519172097,21.2393364198217,21.2467849591854,21.2392230732909
24.9720035539008,24.9888302363489,25.0725930021644,25.0628680009736,25.0604393015973,25.0338104599034,25.0108503997546,25.0587183603692,25.0906449762388,25.1035868538337,25.0433442797326,25.0648733370919,25.0924449717561,25.0845140130945,25.0620476691142,25.0565204688941,25.0770906372812,25.0787074154293,25.0438936463344,25.0775139421819,25.0839700753083,25.0862857002349,25.091976360983
26.8427950816472,27.1446199360381,27.2585891866968,27.2997125382739,27.3675588366328,27.343088646173,27.4056860535682,27.4008786468087,27.3871588393351,27.3792699795984,27.4248810916476,27.4017371325132,27.4296918355749,27.4269400453163,27.4104051399956,27.4219322095068,27.4217841347873,27.4049311494195,27.4296804252878,27.4018155351525,27.4132414540063,27.4225640264257,27.4284226525359
18.2665448086499,18.3867063744661,18.3517953385033,18.3839654368774,18.3753042503619,18.3435176760962,18.3910096084793,18.3494522868678,18.3646531398642,18.3656416283113,18.3630915207592,18.3648181381498,18.3785972250286,18.3530710055389,18.3534243261487,18.3846826234558,18.3662570380297,18.3687775037184,18.3638406184616,18.382636465008,18.3729161463758,18.3818636211785,18.3774202361174
14.791599223377,14.800059706114,14.7586268083585,14.7707807406697,14.7392742690712,14.765222512433,14.7365081725369,14.7395832334296,14.7502361931451,14.743516913943,14.7392320536937,14.7460789554249,14.7378575791592,14.7379780079961,14.7398016808117,14.747124959765,14.7364328728694,14.7370689880816,14.7412285296987,14.744800893534,14.7437640904281,14.7364287165914,14.7476746512723
35.6025663348081,35.0492899965291,35.0305151763963,34.88525089317,34.8260433463711,34.8197925170674,34.8319148684087,34.8409508907665,34.8528538101215,34.8194947380794,34.8588583488041,34.8195705589244,34.8300769279065,34.81533060665,34.8299445074406,34.8092491781728,34.812756331561,34.8038111610701,34.840050035966,34.8180768504717,34.8282205908132,34.8256745722259,34.8181488526214
23.910038611214,23.9451176749459,23.9289629248857,23.8965802645026,23.9229512274977,23.951185201507,23.916997990459,23.9367149736582,23.9315818320511,23.9185650563042,23.9221328429365,23.8986003890966,23.9183409794865,23.9044252122639,23.9094701519116,23.9017113180624,23.9067306744957,23.9219408189931,23.9155245091343,23.915884413554,23.8882487403336,23.9169375902995,23.9193152644254
16.2879441513569,16.5446194065373,16.488371111338,16.5132897921079,16.4595311686958,16.5155900072766,16.5067793686253,16.5081462241638,16.4663082348246,16.4839756253922,16.520755475117,16.496346313414,16.5085721184044,16.5035159290952,16.5096406940607,16.4985853672265,16.5160428613528,16.5138285177272,16.4937484983706,16.4981961189035,16.4984820216951,16.5139349102882,16.5075259480499
27.2223428128442,27.3012345115743,27.3236193171762,27.3302479017291,27.3425374389291,27.3366332119282,27.3449956819747,27.3238974411361,27.3313249459319,27.3357538445672,27.3344406243451,27.3370805569811,27.3359311260358,27.3416759310224,27.3456804326606,27.3366857203239,27.3358957327521,27.3404261199277,27.3376819151067,27.3336321266401,27.3411631421443,27.3389491293086,27.3375658128433
32.5655364771317,32.5855286973419,32.5298404844943,32.5501724025139,32.535372159915,32.5192344590254,32.5725917012311,32.5404363891679,32.5567088071597,32.5560427964712,32.5646092077847,32.5690834825241,32.5468277591716,32.5357589750286,32.5531249985058,32.5601067501606,32.5646147081429,32.5628638507915,32.5431849414433,32.5483443245111,32.5568988554989,32.5401527404796,32.5524580262336
26.6449676764498,26.753750775295,26.878795091586,26.9713852756179,27.0337130505134,27.0199138579165,26.9283246540522,27.0096342159904,27.0278646194805,26.9656498543392,26.9768326686637,26.9713788210572,27.0213686825998,26.9731736529308,26.9908650649413,27.0009807020601,27.0051435825853,26.9900080264426,26.9847074698053,26.9775694177899,27.0015057574207,26.9999413665757,26.9977194224013
19.4483430870135,19.5250403895567,19.6495975238906,19.562381948406,19.5745464550456,19.5382314997032,19.5435564253912,19.5539352745326,19.6475654602555,19.6012548995593,19.5767164180242,19.5913421771312,19.5902835491595,19.5686472211839,19.5758592634442,19.5774903345674,19.6096807107682,19.5733134994106,19.6037797356378,19.6414474923516,19.5917889357703,19.5902186560245,19.6088835398296
20.1445563867475,20.3458447394451,20.2247338681745,20.3772030192519,20.1472949497343,20.2132248355268,20.276915324764,20.2744196732839,20.1865927285522,20.2560881037013,20.2636973793766,20.2354122363649,20.2429846528834,20.2129172332612,20.223607392354,20.2426755801142,20.1898114383328,20.2533986220014,20.218487239572,20.2581431829386,20.2460586453631,20.2339013712213,20.2427430214845
19.7466947709108,20.3716239582891,20.2718098383811,20.255710505164,20.3484941533553,20.4382823783227,20.4026506548906,20.327428124694,20.4137885887577,20.4298324308797,20.4701859388507,20.4010913873647,20.4273132216796,20.4352673774926,20.4080591679814,20.44443991373,20.4800052491386,20.4109344158085,20.4442314872651,20.4082775024786,20.4235564339495,20.4360216851851,20.4186164938848
33.6641564443372,33.585704106596,33.639443419883,33.730436226124,33.6916753849616,33.7542767533917,33.7545532099132,33.6954797782053,33.6996358503924,33.7106233486758,33.7127960495748,33.6977590171325,33.7461571236652,33.6813746835006,33.6898390250271,33.6938840117875,33.7394447543888,33.732818237409,33.734575640426,33.713190244371,33.7080085311987,33.7159232507824,33.7175242418243
21.5552693544316,21.4432956479043,21.4460605119086,21.4566110930983,21.4961781997372,21.4995821676706,21.487147876787,21.5059990646374,21.4662681262141,21.5001819649455,21.4965672505123,21.4700807571183,21.5000207242271,21.4852233826395,21.5009825856423,21.4923311095356,21.5005602427824,21.488061458308,21.4962810212063,21.5000239826397,21.4964659493844,21.4917947169019,21.4967164186016
27.4049351164422,27.0537098296762,27.1341870758562,27.2078062067874,27.0860456380885,27.0106333353257,27.1040411473234,27.0406189939348,27.0651128265351,27.163659797783,27.1173257725355,27.126540128793,27.1634415717113,27.1310326715211,27.1091655369611,27.10840682138,27.1430966520599,27.0898701912507,27.1229306342392,27.1140850028507,27.0856315501992,27.1036638526954,27.0980656348122
23.1361020884453,23.2112452202102,23.1736438648903,23.1568096894735,23.2276230171985,23.2197479420315,23.1989204105056,23.1591509734796,23.2120077629446,23.2232680092412,23.20621528047,23.1867513241682,23.2166459245724,23.2460830226356,23.1815181451864,23.2247835266388,23.2247285214651,23.2087881501432,23.2125036738954,23.2138072171014,23.1963706996596,23.214356848855,23.2201014291006
19.9368914485094,19.7902614256818,19.7852608111399,19.8156222968475,19.7886338518203,19.7910520380057,19.7648785806016,19.7884364039231,19.7856595382204,19.7648352329648,19.75086449693,19.7745112183845,19.7779976868395,19.7687482881664,19.7715587923768,19.7775364540312,19.751852246227,19.7730533075519,19.7657665895923,19.763976105924,19.7627938934586,19.782111718773,19.7530157240675
24.8572290495259,24.8348099806478,24.8309059027069,24.821776738812,24.8176779237562,24.8188879948921,24.8238745017679,24.8217526372766,24.8244721043067,24.831402237872,24.8239866548747,24.8336209581593,24.8268504956238,24.8274198169127,24.8277328113929,24.8303865538034,24.8291910210586,24.828118827719,24.8158191249082,24.8189492982325,24.8231240062691,24.823778608644,24.8304651423961
18.6768174008811,18.728596965864,18.7317013236116,18.8140564004837,18.8489667212168,18.8578634485081,18.8423290356174,18.8114972180508,18.8240995718375,18.8411935540753,18.8615841909877,18.8302797119922,18.8179548253884,18.8251078183499,18.8318929691637,18.8367045234767,18.8352691020367,18.829118859926,18.8520340589891,18.8340500211722,18.831790396412,18.8252767364682,18.8313540788935
17.6679003746613,17.6075406653212,17.6227139747752,17.6255636792701,17.6270384495163,17.6434172998205,17.6108583996617,17.6302675437535,17.6366040834892,17.6383900864405,17.6049688911637,17.6267933488384,17.6470141037969,17.6466759041291,17.6261023874329,17.6268287300483,17.6333337034012,17.6304607388717,17.6271729711581,17.6320726366738,17.6295128158247,17.6502741843536,17.6352120073829
19.6437241296358,19.6896519912463,19.7034387423944,19.7405519470119,19.720722231469,19.7319414293945,19.7096312583938,19.7213124394187,19.7335476790267,19.748442111707,19.7438234575355,19.72743933999,19.7348203029231,19.730085079434,19.749541066477,19.7257115041447,19.7567438528924,19.7419187791954,19.7345429821812,19.7429870074187,19.7386341052931,19.7504859053247,19.7346875059985
22.8212023284849,22.7646512222179,22.7908799726283,22.7512114768694,22.7729477694512,22.73334936009,22.7658708266785,22.7521433632103,22.7342542741196,22.7547583838993,22.7593267368217,22.7555783065745,22.7672606328553,22.7621864921826,22.7494360650327,22.7562479135223,22.7558242058187,22.7452979352814,22.7470092296438,22.7598125520922,22.7619261723885,22.7584785242231,22.761411691574
23.8108084545611,23.7732435429819,23.7812427180256,23.7822569702919,23.806942667894,23.7798930731325,23.7898189600442,23.7779109550818,23.7835074866882,23.7874642022088,23.7903098758149,23.7826563924429,23.795842376121,23.7863085586028,23.7959351676821,23.7880145021023,23.7814293353505,23.7897100052768,23.8010363179865,23.8096678997323,23.799539629793,23.7909493168319,23.7924861236021
10.7368897165434,10.7944784029563,10.7500881921037,10.7956373470566,10.7613515268014,10.7673777541713,10.780613408499,10.7695323988448,10.7628056007854,10.7899102760993,10.7754920156815,10.7536089749633,10.7594318749348,10.754148066459,10.7749726472022,10.7654636017132,10.7658071130503,10.7546444179514,10.7656798767455,10.7733069274238,10.7750886383194,10.7657532977013,10.7703403287528
22.8048207756187,22.7078643924919,22.6603249419205,22.6977291729232,22.6743211402426,22.6556932527045,22.6613341096944,22.6683425067325,22.6492480918186,22.6494948239719,22.6514430415457,22.6419307741147,22.6538895568517,22.6486421336368,22.6601136043707,22.6403653524724,22.6380734083013,22.6154274021076,22.6427937136143,22.6394229104465,22.6279549452337,22.6285203852796,22.6416222886204
24.1628753547806,23.6349741612356,23.6395694868104,23.5848466401919,23.5557643847277,23.547321511558,23.4912790633679,23.4964778678503,23.5529466143665,23.5828563936916,23.5093889591171,23.560656095964,23.5454941379301,23.5392451993444,23.559844343806,23.5147949813713,23.5227202632214,23.5288744357414,23.5390827892315,23.5274082783997,23.5541944342459,23.5305108655894,23.5310840719986
25.0697964211035,25.0379340603305,25.0485762007518,25.0570443070709,25.071793020378,25.0765967479099,25.0818164835534,25.0748000970738,25.0700222118888,25.0734875268853,25.0896447521179,25.0714118536815,25.0859381196864,25.0715747529002,25.0825125666389,25.0672230408388,25.070139851149,25.0777074092973,25.0745337965568,25.0771305028669,25.0950693416616,25.0692777030236,25.0769360641933
16.342468592428,16.3063135029017,16.4083798058111,16.3831330052904,16.3327848683862,16.3401550963118,16.3926083486993,16.3720315387972,16.3698257151182,16.3712758441608,16.3862292451724,16.3530451823262,16.3612628800212,16.3681678066048,16.3596272858071,16.3610265019279,16.3495589822206,16.3678203125633,16.3681410074913,16.3525932245068,16.3649326800131,16.3657819116486,16.3597895227054
27.5473697364849,27.1781923101023,27.1861343478262,27.1564703925077,27.070658436295,27.1061235182412,27.0630377641424,27.1237767191741,27.0542001325909,27.158015475494,27.0848866358603,27.0877711739791,27.0722605683335,27.0911545495382,27.0724796539505,27.0589729749136,27.0663230540824,27.0901605409922,27.0682973518629,27.099173134519,27.0770694445186,27.07391061282,27.0771972266475
23.9797286759064,23.7956873976837,23.8469027382715,23.7586814241473,23.783116088749,23.7534339451505,23.7800353801394,23.761592127473,23.762403314938,23.7424026983042,23.7976883899309,23.7513999873869,23.7539537663459,23.7565967094912,23.7466263758708,23.7728491075345,23.7591166374039,23.7693846893477,23.7631910862401,23.7615841792993,23.7564044939959,23.751837802227,23.7547007594422
21.6722410806872,21.6451694028535,21.6798290388459,21.7079933358667,21.6877011507918,21.6931157075538,21.6861399480845,21.7048138067587,21.6957795059758,21.6974090770281,21.6740356640634,21.6965840856008,21.6990935150212,21.7041235847159,21.6938427654691,21.6953841302026,21.6918386977375,21.7002656995155,21.7005726168556,21.7081781538275,21.6897693382528,21.7023884111021,21.6903588880346
27.3716899752771,27.3999400227661,27.2425372962872,27.2956082656285,27.3283681871172,27.2903893196224,27.2887915132965,27.3119205356634,27.3371972847157,27.2979079160329,27.2776777292819,27.3231692870098,27.284517652779,27.301665828641,27.2921731639033,27.3102039210808,27.3126539903152,27.3335035258677,27.3202386339915,27.2941244453001,27.3274250433844,27.3139136284523,27.3232449167089
12.400322895077,12.3826550216442,12.2810125667097,12.2790341027777,12.238356950334,12.2682289955864,12.280435937947,12.2567451945427,12.234455434362,12.2637855088967,12.2562738000607,12.2631458095523,12.2526213698144,12.2579413434955,12.2541314055342,12.243830938795,12.2497349443668,12.253574458987,12.2502248044881,12.2658773700311,12.2563479825681,12.2460071640048,12.2452822256124
30.8276738878146,30.5705753771134,30.5865415552928,30.5431510355582,30.5584956129371,30.5665501849879,30.562664789099,30.5568884339418,30.5462801882183,30.5698866727669,30.5811331666934,30.5316777032809,30.549503614116,30.5523496769885,30.563441693561,30.5341675065495,30.5647588097008,30.5484117010016,30.5716462646331,30.5605308930187,30.5657917926682,30.5509856661467,30.5332261864416
25.357220294076,25.41048003699,25.3910189898725,25.4577164891332,25.4564880192479,25.4513699165968,25.4151351685452,25.4184563243956,25.4487566590326,25.4363113676983,25.4510388035928,25.4480335660485,25.4186909194894,25.416284156408,25.437839130599,25.430284149166,25.4306956559668,25.4300362181115,25.4253860922548,25.4145017949952,25.4304732788974,25.4372693011299,25.436395349679
24.0575599924523,23.9256506978901,24.1276547827068,24.0184247553351,24.0196015933874,24.0496398950241,24.0275744893376,24.086853673195,24.0835845494108,24.0245441828009,24.0343562514385,24.0339807098448,24.038411146693,24.030629135818,24.0183012214011,23.992743711243,24.0314682874952,24.0246826909632,24.060850621048,24.0468166825751,24.0360855705244,24.0277330816669,24.0201980555053
16.3365098695721,16.4324822022553,16.5467605336902,16.5175511099275,16.5440782030631,16.6594529070156,16.6187326699957,16.5972993977832,16.6162261042739,16.6144354125191,16.5958861956294,16.6118390940037,16.5984111249355,16.6261487715754,16.6135781749296,16.6291890549294,16.6069866089776,16.632139260827,16.6259350225139,16.6136878397045,16.6226746600827,16.6271556691396,16.6301222828948
24.1354521048921,23.4562316578888,23.5281159211664,23.6262293775211,23.6164693759987,23.6328051775698,23.4629774969459,23.5549348226343,23.6112959857354,23.5016523965903,23.6581030930185,23.5515938009438,23.5819086430523,23.6067206075026,23.6640511171218,23.6392929069469,23.5592247887606,23.6562433224405,23.5939805305304,23.591887260271,23.6094093444274,23.6253677172074,23.6083477618774
26.226263487054,26.2738191481042,26.3715948529492,26.3811563978885,26.3870217964437,26.4203095258574,26.3842809031248,26.4263350283084,26.4230530583139,26.4342570200849,26.4237599307636,26.4098905397869,26.430508565442,26.4340585089246,26.4235711619452,26.437086829525,26.4328267128104,26.4414067056297,26.4342976260126,26.4288944798282,26.4408789021714,26.4184158491436,26.4408263112062
19.366839283937,19.4597724135571,19.5247366470618,19.4886544182089,19.5424127427153,19.5205908315572,19.521297996915,19.5638825010693,19.5224300443629,19.5363874114857,19.5329790002226,19.541138629933,19.5508043564039,19.5533014566128,19.5563423656531,19.5561805109772,19.5513315922107,19.5312147621102,19.5378626631987,19.5560555378789,19.5597195777445,19.5568395277039,19.5333161796496
16.3878424679339,16.4623597281402,16.4353323109855,16.4588924358867,16.4526651859464,16.4621224031944,16.4711316996766,16.4735956969648,16.4829508929192,16.4871045853424,16.4821988488481,16.4803786718174,16.4801443983636,16.4702859984715,16.4789769751226,16.486387737185,16.4791715893227,16.4841176402175,16.4882759330778,16.4806338357931,16.4849573421914,16.4793234875197,16.4751073358615
28.7364896803411,28.7071608165033,28.7045736846094,28.6783934459416,28.6875155838705,28.7085637324544,28.689279215776,28.7042165642701,28.6888028635891,28.6999495979551,28.6970453025134,28.7033237622015,28.698867926895,28.6925992558753,28.6934018382244,28.7085697634518,28.7012585982046,28.7048559297847,28.6974445107462,28.6892679442861,28.7026269213713,28.6996729519464,28.6965191042456
15.0587168612111,15.1273243546868,15.1606010268412,15.1479591973026,15.1656254906019,15.1613287837959,15.1607586271184,15.1419409857715,15.1713253342543,15.1590430062111,15.1641700385871,15.1695533855297,15.1812499937129,15.1591286114496,15.1634761937843,15.1589183937719,15.1772812592375,15.165106385156,15.1656662598872,15.1786062164191,15.1802078669263,15.1784069684168,15.1720437722024
18.1760457828825,18.222215747681,18.1468378788287,18.1819604171331,18.1682393132871,18.1653638028005,18.1576439767228,18.1750289368095,18.1473857868954,18.1666899700834,18.1483915294868,18.1493283056606,18.1661467834946,18.1665342019336,18.1513607204463,18.1518539096181,18.1623801103494,18.1547493189389,18.1643465817498,18.1586131195629,18.1674988923146,18.1544318236537,18.1677947307612
22.985066949426,22.9478863437449,22.9168680716509,22.9217410554212,22.9308911713667,22.9247771648865,22.9383638455614,22.9435546121811,22.9512091273986,22.9512707456212,22.9291011106439,22.9174536473963,22.9305444123281,22.9398551537249,22.9543418868226,22.9490415568384,22.9093617715428,22.933049213338,22.9371761486115,22.9364337807761,22.919510692588,22.9272763392228,22.9405510249267
28.0513470800493,27.9722705971759,28.1727982725398,28.1441873240198,28.1487657963374,28.1349529967024,28.1841835438976,28.1526931921588,28.1616306861956,28.1324045212503,28.1857645777869,28.1719588464018,28.1534722290463,28.1706870891408,28.1813696599317,28.1606767680491,28.1580488865414,28.1821291837256,28.1918098352905,28.1745822172161,28.1737911601279,28.1881190643215,28.190096998177
32.8254782032145,32.9062516712682,32.9196022410482,32.8713135528243,32.8987412873229,32.9117575546509,32.9036352127381,32.8973563394006,32.8908548710872,32.886040405025,32.8882567176139,32.8689288061351,32.8792375280782,32.8858236288167,32.8776821569323,32.8959962555052,32.9025984174207,32.8973641642416,32.8952839625255,32.8893675927176,32.8815114073724,32.8787171433018,32.8860061785797
22.2418954564952,22.0805917187703,22.0398687120333,22.0082650166901,22.0335082457864,21.9810421454869,22.0024504746658,21.9988065693373,22.0008107076683,21.9969282288819,21.9615491500472,21.9961090355753,21.9750187061895,21.9827163863718,21.9778209494084,21.9718794659796,21.9787894011495,21.977685653256,21.9890549199006,21.9755812631833,21.9934153620909,21.9816174312041,21.9949398180177
22.1953741580426,21.6051417140467,21.7440129280685,21.612494618953,21.5027483222327,21.5235321304781,21.5630388194448,21.5821236182974,21.5432342297116,21.4971161911039,21.5050152040718,21.5659961527123,21.5734918861139,21.5235768531372,21.5703410998677,21.544421851048,21.5497104991744,21.5252014731523,21.5301920613782,21.5211906104194,21.5489570148419,21.5504360933204,21.5190499783669
27.2012218858714,27.3182550528108,27.5015534435977,27.547205666594,27.5928209247746,27.6883809107888,27.741197697181,27.6401899982654,27.5524155134821,27.4836927997331,27.7029214180726,27.611646314508,27.612422080633,27.674620802896,27.6938350464864,27.6561379429643,27.6310369105837,27.6726789672644,27.6488893401493,27.6870443948704,27.655422482298,27.6651178490459,27.6724036502534
23.7378743120477,23.6031897637411,23.563930926566,23.5646229778543,23.5307522599625,23.5171492719959,23.519016488032,23.5064592771714,23.5101710223914,23.5159583907283,23.527388462305,23.5111437403763,23.5097997006879,23.4874143269174,23.5120849081221,23.4985085992284,23.495588405454,23.5113461320594,23.5034456221459,23.5145217812755,23.4926781887332,23.5064540403158,23.5095853867728
9.29063113037826,9.25799724267461,9.33409268706349,9.337111680815,9.29698427796812,9.33387454612953,9.32143203886569,9.3452195659483,9.32508797293628,9.38284852851702,9.37144901505037,9.32415428293075,9.32677078083457,9.34849912048419,9.34882766668772,9.351251158338,9.34311861658392,9.34685421851375,9.35183274629056,9.33838714389229,9.34361213662132,9.35170737354674,9.35228737524458
28.0304671579607,28.1042536698786,28.1287121645912,28.1325825539954,28.0577153555765,28.0889329485191,28.0625557598023,28.056387796097,28.1009126022618,28.1234753503427,28.0956037552409,28.0953585580227,28.1089111319348,28.08876229757,28.1150597829065,28.0951369256486,28.1168512751676,28.095724250228,28.1070901515548,28.1038086985597,28.1071239270863,28.1001483543094,28.0882287850922
27.6968250938538,27.6880485772751,27.6764834830076,27.6795066833864,27.6692512960139,27.6818597866107,27.6751654078894,27.675216162595,27.6726842813277,27.6777329540013,27.6722195300539,27.6807841906614,27.666542986632,27.6624974964159,27.6604128883598,27.6710414398293,27.6643085376141,27.6649017564913,27.6739983787146,27.6709024138205,27.6688220420937,27.6659869174869,27.6677763533132
22.3364673631367,22.2966546692865,22.2861010773052,22.2903647064713,22.2845476546216,22.2805217924134,22.2732050629192,22.2790902691696,22.2758910228266,22.2650950843657,22.2679361082322,22.2773820458519,22.2801297529942,22.2679523140485,22.2720843016256,22.2728734804769,22.2585413006318,22.2817636133974,22.2667737846595,22.2652391345014,22.2633176489139,22.279785412534,22.2610099149226
20.6161980151738,20.4696786878285,20.4824553140456,20.5242197192486,20.4791544684154,20.458100456152,20.4505356277228,20.4716411869411,20.4555307051981,20.45970845716,20.4572063714442,20.4699236977868,20.4613305876758,20.4694345677551,20.4545920871747,20.457130102561,20.461832167424,20.474169295212,20.4581000589667,20.4605538657849,20.4636323159484,20.4646132952472,20.4709295772335
20.0826698473494,20.2596089725585,20.2669443705133,20.3344439876114,20.352863437616,20.3662754331831,20.4193079130937,20.3944016650579,20.4194909358958,20.4095343656009,20.4158647327271,20.422259937792,20.4064953612982,20.4027315291097,20.4282121998846,20.4267157223964,20.4229110511861,20.4213804093601,20.4387127503724,20.4370715015241,20.4320557036709,20.424805659002,20.4565603747615
23.640900202357,23.6236243327904,23.6146670720408,23.6221500109611,23.6261766823907,23.6303551424076,23.6441382731192,23.6421424863577,23.6342754255631,23.6333495073235,23.6417422905955,23.6345020527468,23.632933111324,23.6416251195606,23.6349812299866,23.6336029067882,23.6391260310143,23.6284220567759,23.6370972614653,23.6479983480078,23.6377581312167,23.6237695376895,23.639219905987
24.0322248910429,23.9448326165823,23.9675483705945,23.9601065656968,23.9154195209037,23.9577123435203,23.9122246879644,23.9237038630729,23.9496876437644,23.9358910030886,23.9278812249486,23.9203831062111,23.9158913704759,23.9484140268607,23.9336922854587,23.9197044046503,23.9275502587941,23.9359147676216,23.9362173133569,23.9256678796731,23.9147144474122,23.9342649797039,23.9286278309387
21.3543516872707,20.9881679477287,20.8367770320128,20.8682398292457,20.8420030098986,20.8447120988289,20.768963855427,20.7775960277758,20.7532769071806,20.769528169513,20.7448904393372,20.7481312209629,20.7447449360636,20.7427308684801,20.7532312459859,20.7430789935872,20.7698081133275,20.7298234635313,20.754526369645,20.757322541513,20.7328169466278,20.7485004765586,20.7552312749043
19.7911954409159,19.7214814073129,19.7333733251219,19.6648463664554,19.6881244551272,19.7809395763096,19.7036256053603,19.7355223789985,19.680253139672,19.7208696782484,19.6927551325047,19.7052762630895,19.7322288779483,19.6899236946622,19.6901371514716,19.6845239224271,19.6761375248436,19.693640082621,19.6863251092813,19.7069284802294,19.6872991347383,19.6961861353391,19.7062725629087
17.8127116190828,17.9498414723886,18.0119545077517,17.9939632079568,18.0050494790749,18.0294972934555,18.0332882601835,18.022133321495,18.0315723953137,18.0165698739543,18.03183706594,18.0402536133774,18.024754741678,18.0331599615081,18.0260844065271,18.0266127926004,18.0455079689768,18.0456790226853,18.0313307394714,18.0336160484718,18.027557610025,18.0331857919586,18.0386969596486
24.6985599058359,24.8062919232324,24.7424070956259,24.7529528060255,24.8103924863596,24.7822277326613,24.7849345940487,24.8341984158237,24.7900638369049,24.8080861885725,24.8193850858646,24.8523794632869,24.8097571518982,24.8257137639859,24.8503948229738,24.8420781693632,24.8085703280235,24.8236068652017,24.8395499715004,24.8418400919157,24.8179777800889,24.834140577301,24.839980068862
23.1124202368341,22.9668637596076,22.9099585618882,22.9054228992331,22.8574877038554,22.8497573487839,22.8724438180968,22.8763690938246,22.8472607614431,22.8771790006601,22.8540526229419,22.8742413051259,22.8571192444886,22.8754550591627,22.8678009102888,22.8562155226649,22.8434625008833,22.8659146311052,22.876870775637,22.8503810748341,22.8485122336693,22.8654421152802,22.8527779795034
25.2931867710978,25.0307775180478,25.2292689286207,24.9176803226921,25.041148757152,24.9500453988102,25.0061636931453,25.0340532834939,25.0224143845589,25.0072613014285,24.9653359881073,25.0106304723703,24.9426434892813,24.969093849853,24.9514567233409,24.986765591207,24.9697816234648,24.9824395361559,24.9845026911427,24.9859498803518,25.002965361383,24.9846508809895,24.9745516650361
40.5200739050363,40.3615774689581,40.2326315074829,40.2733756944342,40.4111869362778,40.411089382589,40.5240298847654,40.3618244334063,40.3904049705109,40.2755073563294,40.4064917988148,40.41870039771,40.3995947010643,40.3769678240356,40.4088608806987,40.4202264543747,40.4059670048876,40.440424706336,40.3912112349404,40.428523938799,40.4050575428972,40.4052119373568,40.4124669167125
29.9564746582461,29.8393991073585,29.8722080300757,29.8231960254756,29.8153342609085,29.801200673211,29.787606587746,29.8115306553463,29.7881846122509,29.7998438830695,29.7835913921346,29.7768672589027,29.7924036472043,29.7831288350973,29.7803085233491,29.7867629529172,29.7814785676637,29.7994576902532,29.7861917506002,29.7654036594846,29.7802921782292,29.7962864500432,29.7800330044242
35.5411511843699,35.6591628255042,35.6598827329493,35.679852334987,35.7120011493278,35.7248488698162,35.7223322688643,35.7085556825987,35.7135728076641,35.7151164511402,35.7094404585689,35.7233197315316,35.7282590912939,35.7293087902817,35.7196529515146,35.7221686302088,35.7305401916924,35.7297513703892,35.7305595668076,35.7160504251023,35.7227109669883,35.7207195405443,35.7146395855154
25.1042394204488,25.2584982818222,25.2447065405842,25.2900282163413,25.3068982677129,25.3232592583019,25.2995478957007,25.2799003845049,25.3140519216134,25.3144957747416,25.3101985605494,25.2946579321763,25.3087821092685,25.2986822263641,25.2987544851502,25.3126062735179,25.312455398553,25.3110198313498,25.3119301852053,25.3142632515238,25.3086715646604,25.3065148821877,25.3121663889994
30.3648285084242,30.5452542625577,30.5838775029166,30.5999252914413,30.5944741647095,30.651110951304,30.6215153852391,30.5728557590867,30.5949185610493,30.5624757303867,30.6110156705411,30.5801031562137,30.5902839775107,30.60711577219,30.6044745003735,30.6068647927183,30.593971571535,30.5771168606524,30.5923491561381,30.614085170996,30.6043827578708,30.6012034515616,30.6057065740891
24.6307817480671,24.6865432686863,24.6144762582975,24.6843768997528,24.6559700518375,24.6696330743608,24.6253867490274,24.6499442440366,24.6932646150389,24.6991206644649,24.6853816622036,24.6580424664309,24.6494317777316,24.654388379492,24.6584857599124,24.6693084848802,24.6828965779234,24.6572819053565,24.6935548940737,24.6723633680924,24.6719671627943,24.6691157797428,24.6598512355255
28.1074597841971,28.1778208754669,28.2321063777963,28.3159549718182,28.33239579948,28.3583391662284,28.347715222682,28.3377413681935,28.3700642316018,28.3491480333056,28.3608213198054,28.3553888966399,28.3571593512103,28.3733592224413,28.3720878866293,28.3685057038694,28.3727844997142,28.3731562935249,28.3907117686592,28.3830459890385,28.3712841287375,28.3956053441446,28.3803646333185
32.2340782697968,31.5521890170076,30.9393024143238,30.9136908875752,30.9510103943654,30.8522168068341,30.9816063804123,30.8972982046326,30.9159670652555,30.8741240058887,30.8562289656562,30.862759644523,30.8259897146997,30.7817775105429,30.8582038780513,30.8670017448184,30.8169803996053,30.8440776169399,30.8490291447592,30.8530328568726,30.8382659753465,30.8393186551866,30.8251080022756
20.5341770502865,20.4995587539047,20.4655350500729,20.455143640951,20.4599298064829,20.4521261102335,20.4645320786309,20.4535699105017,20.458248582475,20.4503384425249,20.4494210483021,20.4560339079262,20.4394128181278,20.4433254452726,20.4364620783964,20.4564384968855,20.4497370322831,20.4482367770789,20.4481394066343,20.4527742363576,20.453328455853,20.4514418669213,20.4569173648746
19.2968640935469,19.1255018392757,18.9383528565992,19.0342983382545,19.0519044466706,18.9907697199412,18.9121984750713,18.8831116912043,18.9598985224288,18.9566462862967,18.9591640094875,18.9410283768167,18.9405741247398,18.9318736378331,18.8887074669132,18.931877316583,18.9444060882728,18.9245061558703,18.9218241218096,18.9329099425086,18.8816144089955,18.9126824640976,18.8949858822825
25.9634739920086,25.8466694603184,25.7757171499326,25.7682620991922,25.7685935955912,25.7722797359991,25.7726199101456,25.7346563209811,25.7584405012502,25.7336972063514,25.7330396578868,25.7582204243639,25.7307086159815,25.7483663122046,25.7601929031868,25.7487809249107,25.7547387947383,25.7529741335425,25.745490345666,25.743485123605,25.7456497524472,25.7555168952039,25.73769204254
27.7959493824742,27.6907793630129,27.7028757748362,27.7136394154058,27.732451902944,27.7408240129149,27.7769127892036,27.7592636728544,27.7718449682377,27.7938785948369,27.7659805307906,27.7635120806506,27.7841174671898,27.7748150627678,27.7873583022842,27.7737212027447,27.7797867199893,27.7759843055274,27.7901173787792,27.7785313459002,27.7854880561178,27.7812391910927,27.7798850192274
36.3952345568795,35.9828077821551,35.9485695681859,35.8205024552302,36.0315238727358,35.9755097608742,35.9429936545675,35.9501718511004,35.9413562681055,35.9757513268069,35.973537077879,35.9149776290186,36.0260140152181,35.9645486987167,36.0267716623472,35.9531848837352,35.9537984883541,35.9673241231965,35.9716200090286,35.9586725533561,35.9487373603808,35.9410979979187,35.9602314004096
29.2535092101102,29.5078708111421,29.4612553964454,29.483494463932,29.4932932698207,29.5402389529915,29.5077854435013,29.5193637983748,29.5252162182529,29.5024021089618,29.5750515391524,29.5488290280319,29.5368188755587,29.5492180108032,29.5038477651919,29.5095083367724,29.4893660655811,29.5071091496975,29.4953160830601,29.5048226871494,29.5312867169692,29.5081411071179,29.5254882599515
22.3385436817657,22.4970018359792,22.5120783784157,22.4991356184519,22.5167591543689,22.5722691991435,22.5307329490214,22.6079447591998,22.5787878480603,22.596362879085,22.6022043569349,22.5974284025034,22.5779667677244,22.5825204943793,22.5940033357009,22.5941698350222,22.5518009070286,22.5360896034519,22.5954769549803,22.5619986576259,22.5629716517732,22.5517333318955,22.5493998936413
19.0730098025596,19.2413902227388,19.1420406662544,19.2114138107013,19.1546775616508,19.2094988130391,19.2252929728076,19.2156642173124,19.2565146964142,19.1621511061976,19.2176098040256,19.1820944106428,19.2024245739806,19.2160388113617,19.2589780532568,19.2177086927484,19.1980815317584,19.2174592583312,19.2026942215258,19.2131611618541,19.2301403305118,19.2208451996896,19.219090528374
24.8972487425721,24.8787525155528,24.8690816270213,24.8650935816183,24.8524451079052,24.8451328553488,24.8642178272803,24.8534862043006,24.8371863328214,24.8764334422045,24.8344998473983,24.8699871682033,24.8239693644657,24.8411727137377,24.8429778647714,24.8654035451763,24.8477610062225,24.8389336485169,24.8594695493336,24.8381406364205,24.8375004455351,24.8422901631183,24.8391126063109
24.630130444672,25.2897475615938,25.330116963532,25.2201359590826,25.3972890703591,25.4332051605242,25.3960177863971,25.290136836068,25.4017151322784,25.3648681853115,25.397084140609,25.3867390839078,25.4319968287829,25.3952932097936,25.4101544422325,25.4253038693168,25.4368440178637,25.4388807335694,25.4016223491137,25.4037557209144,25.4149140919194,25.4180445944438,25.4065964947835
31.5568777093739,31.5678954857257,31.5711062878763,31.5770700545224,31.5694990084504,31.5322018339839,31.5549661566021,31.5565373899532,31.5183827163778,31.5598132514288,31.5439395447023,31.5528932022314,31.5409624110853,31.5442006996922,31.5339347996499,31.5419719769104,31.543193862161,31.5364317587582,31.5285902404948,31.5198997871069,31.5357470621964,31.5301017573571,31.5371583164444
25.3098813262349,25.2567248568492,25.2674598500115,25.2369135199552,25.1908554121977,25.2186693509704,25.2145791061088,25.2146715805594,25.1956936545291,25.2075068163997,25.1931824910521,25.1927513370833,25.2022207988547,25.1871131720966,25.196490922183,25.1969701346735,25.2033097459272,25.1959468713393,25.1925122449833,25.190091964101,25.1792858353626,25.1846920641715,25.1839207676784
21.0735759867627,21.1663743386383,21.1335911706686,21.1796245555856,21.2001414263049,21.222529965536,21.2444492702695,21.2396730522559,21.2455814984335,21.2319807263426,21.2463776620252,21.2048555212045,21.2182282904842,21.2307307395579,21.2220235766157,21.2172931923714,21.2450532423278,21.230535202817,21.2192382585575,21.2144552356666,21.2223070642919,21.2221383400006,21.2273255664422
34.0467245987824,33.9764249566161,34.070751925201,33.9168520557316,33.8845092935326,33.9712496637912,33.9625343435292,34.0132677132962,33.9842075791099,33.9886970406464,33.9149139290114,33.9871684886356,34.0331310402246,33.9567589097986,33.9824195574516,33.9976093659282,33.9612496096991,33.9771856761721,33.9850391975856,33.9670873444067,33.9638689449539,33.9788965951272,33.9712289231528
24.4115416555436,24.3094344634927,24.253947172354,24.1751708034338,24.1820128136419,24.2350114861544,24.2022667096871,24.2178819097582,24.2366193948171,24.2147109850329,24.2453083923029,24.1921835101812,24.2348616689178,24.1985295727595,24.2069111943704,24.2181648867153,24.2013647269464,24.2121223497142,24.226397599315,24.2122772453011,24.2195581050888,24.211121894937,24.2136753118349
23.9161193456685,23.4262487061727,23.6310436653871,23.4264114769073,23.51962843581,23.3677604563354,23.4208376532049,23.4300004147127,23.3458651212498,23.3554360179257,23.3985937745934,23.4015121323375,23.4576685174303,23.3932912441203,23.3805221898321,23.3675896906352,23.4005749371032,23.3750408428672,23.4343817035024,23.4007926032476,23.3921911081093,23.4022157100918,23.3930013981924
18.9667297183611,18.8971433304291,18.9244122774296,18.9123034580986,18.9107790530392,18.9089868472729,18.9160279552578,18.9074609552125,18.8865502693679,18.8944577804894,18.8874012968605,18.8893198092614,18.8987358828974,18.8982174143016,18.9054225345123,18.8948538868235,18.887515423479,18.8976914405628,18.8913376739206,18.8994207590843,18.8959097814046,18.8992361057032,18.896992777564
