"V1","V2","V3","V4","V5","V6","V7","V8","V9","V10","V11","V12","V13","V14","V15","V16","V17","V18","V19","V20","V21","V22","V23"
42.1975262168602,44.1610924142138,44.3544998852836,44.9702546859131,45.5741904229436,44.6535346781809,45.5456278564563,46.1304755876951,44.9457443527796,45.3172682970192,45.6253761502891,45.7453484562607,45.5903200263779,45.7773781256587,45.6917384483743,45.7470347964841,45.8654926064672,45.8714492844373,45.9135705187635,45.7428908009058,45.9664419321562,46.0756461985711,45.9822590336578
37.4058705726446,36.2259192580264,36.47994619258,36.0286350604325,36.7114107567491,36.7957229777505,35.7065086048686,36.9554799256412,36.1913857035153,36.5376337613638,36.3750385048336,36.445489115362,36.6195812565467,36.5583046460903,36.6171428016098,36.5002241156168,36.7536833407347,36.5822524411481,36.784961553994,36.5693325878465,36.6192665985713,36.5980284002865,36.767397347739
33.0352544800049,35.8335566450209,34.5435235252909,34.6584395512371,33.0838459743627,33.4243603323167,33.6140788821218,33.1428846257734,33.9601348481021,33.358378433081,33.7495988372926,33.4560827084484,33.6501879895192,33.4925801151811,33.6189448121457,33.3481369201213,33.4858434669187,33.5714713790056,33.4272243102293,33.5104510236772,33.5853789258525,33.5244869549452,33.4964839049884
26.2798229034029,25.8340384209916,26.2178332176274,26.1384706009315,26.8115434935699,26.3777633459441,26.6290524026495,26.5686846431761,26.2115679608772,26.5337701546812,26.8787614303743,26.649136979356,26.4501099011944,26.6831944034547,26.6285950533292,26.483878833895,26.5764810239376,26.4625904013501,26.7029374957649,26.6870572167655,26.5670931491249,26.6436076056694,26.6263868226828
33.6342426563066,33.3055182295653,32.4260449987072,31.8541970290776,31.3810064108073,31.4870758754934,31.064622649183,31.0298256552433,30.8915480822019,30.9420330084659,31.0136155011938,30.9831435345694,31.0885752462402,31.1558429190523,31.0056250372414,30.9768744070007,31.0265259939871,30.931419741232,30.9256382469465,30.9920497237275,30.9249233971453,30.9741561793828,31.0447117211505
64.9883283891853,64.3514647701257,61.4875138728022,61.8662137022026,61.2347482962927,61.1128136152894,62.0909025192225,61.6124906501654,62.3323416830862,60.7770644596189,62.2759557368132,62.366743646424,61.7017799663718,62.4117174338388,62.3377122262678,61.7594812915751,61.9951964293867,61.8042708223984,62.1015177961368,62.0052988425042,61.9287184836403,62.0506200092431,62.0733458336579
38.3670985959492,37.9375858133675,37.737715889272,37.287094209623,37.3397892865803,36.93572753665,36.7696504075308,37.0105134983979,36.8011774693532,37.2141644605418,36.843950734725,36.8300367040913,36.7731596733376,36.774670511673,36.6668816377301,36.7346919059545,36.9341706396853,36.6241224446677,36.7820038048922,36.8666310060115,36.6608117727396,36.7522189345033,36.7591464475124
58.7873108391085,51.6177862692648,50.647062801416,50.7905721130505,48.5296618148804,49.379951484389,49.1702959466414,48.2019669406573,48.7022997235999,48.610726727453,48.4681311880962,48.7956179005219,48.4162595769677,48.0233736478977,48.1451945848055,48.1625265059345,48.3040933903242,48.214240101048,48.0268048650111,48.3956278756396,48.3868201991081,48.2958791164243,48.2262025614695
36.9277698382341,33.2871796751916,33.2600311014051,32.0936953193851,32.093209773941,32.6993045365692,32.4839203281734,32.2580294874761,32.2813704752318,32.2823437883576,31.2955693966657,31.9046331076968,32.2183037978954,31.9840492401543,31.8396270958259,32.1193670182999,31.8030073446724,31.7720714272585,31.7351322728844,31.9051529297202,32.0050401605108,32.0258149861445,32.0073003245307
40.4220887134431,40.0040234902821,38.3266431269177,37.7745916650414,37.2030160499914,36.4976262038672,37.2260817907263,37.5714568879268,36.8182794718479,36.5261706763672,36.9099577666841,36.5891551937262,37.2596824356259,36.6164453058489,36.9646676591849,37.1164378612392,37.3724552341613,36.7666179605488,36.7393771086149,36.5911264119287,36.7085571670257,36.8736630595433,36.8899625613381
33.3790471642835,38.0075701680939,38.7311808756898,38.4853503150745,38.5168117357592,39.2484120890652,39.4979681467819,39.3139241463988,39.4435319607134,39.4224761037842,39.5367496462708,39.7476479963284,39.7815601422089,39.5692366559917,39.6709899276151,39.6921375897304,39.6806980002968,39.6122897531415,39.6591039832113,39.5543651772069,39.8305625699834,39.6714064254115,39.7482424667038
30.4795538070602,30.2596572350766,28.7292720323966,28.5825163042078,28.6951831034998,29.4093793892726,28.8269737420025,28.8240778032467,28.5325769164371,28.2536488879747,29.2452912241613,28.6571208840847,28.8184012581029,28.6847499325651,28.9057539712705,28.8764557350935,28.6290299466709,28.7473411755427,28.9456267259344,28.8643418739001,28.6282527406723,28.7624858102357,28.7193220054022
19.3251147425509,21.078708953094,20.9159870920206,19.9841912284163,18.8597422289962,18.428532830721,18.404518437831,18.2465180852789,17.7888242819343,17.9878549479894,17.7650001785581,17.7244135391059,17.8817149831794,18.1140264505594,17.7721264256944,17.7108370333036,17.7140435417525,17.7668635948261,17.7795039987752,17.7490073294655,17.7137855884292,17.7420691476481,17.7671104285818
74.0695181496417,72.076183798303,70.8837250867968,70.3089789910262,68.793796819702,68.9590823534837,68.4487106156566,68.9948803737871,68.8243389133566,68.7541512703856,68.5541310701575,69.1822423957489,68.7509777509326,68.7059239969893,68.7337191246765,68.4292371898838,68.5888990268428,68.4647749379529,68.444096920446,68.6402534168127,68.5092012061632,68.5472914875329,68.3224448752993
32.5587241133143,31.9654540223442,30.5606632809949,30.2291865091845,28.4433036545048,29.151318877223,28.8968669784392,28.9410146103305,28.5673363519234,28.615223973213,28.6133948228155,28.5113367004377,28.37700535067,28.7101618562605,28.5086461675416,28.5947813599781,28.8527700009673,28.5079182233842,28.8021498680026,28.4662137378746,28.447745958244,28.6304792306462,28.4808014763824
25.747537990686,26.6072663294965,26.1278286466033,26.2084149394704,26.2604995974202,26.1939631765676,25.7895107232095,26.1017935812612,26.7462716599378,26.2469114605097,26.1022635905179,26.3919827720543,26.1774144512155,26.1944704984667,26.3521892499878,26.1811099917445,26.3473679847865,26.3603728519282,26.3856062205205,26.1977569572649,26.4140784628905,26.3569578809769,26.3524460408324
28.5724391255413,28.8444491992743,28.6736288674185,28.4682953065317,28.3290098304653,28.293796547511,28.191214927876,28.3923372505081,28.1856526681486,28.2630269898211,28.2051739889904,28.1732757166987,28.1339644335289,28.2231134388212,28.2134110868692,28.1997739741514,28.2079296546195,28.3149093546522,28.22665712121,28.209241112892,28.188623457644,28.1261606692645,28.1961790527629
44.8813484910548,44.7099345327222,44.7334034841936,44.548328814571,44.3418731282975,44.6628523430163,44.4702015032576,44.715167681361,44.5295961086194,44.3111185824389,44.2474708114898,44.1388020434722,44.8504393138586,44.571828909795,44.449985477567,44.6383881092034,44.4704606491543,44.5540566265472,44.6912078585693,44.5933745065465,44.4853508624393,44.4992163463107,44.5240562835371
57.0691018601039,58.0909877688087,57.3034111233935,58.1190849402586,58.5563431248529,57.0358415745191,59.1158765850548,57.3129854227071,58.1335031144843,57.2339111680501,57.8120317822795,58.1107999175108,57.7656243894103,58.3800017215067,57.7603101006562,58.011779538425,58.162613670963,58.0353718129121,57.8626628027356,57.9017894011722,58.1783789036162,57.9406122434497,58.0339334875207
49.4190026334612,53.4845464272765,51.0260077582198,51.8134135295914,50.2627015745089,50.547829354448,49.6437108128641,49.0237263078982,50.204404642984,51.502737173134,49.7085443640673,50.3055839221833,49.9911178846576,50.3841759091954,50.3001276014955,50.001211624493,50.3676773924625,50.4226841873823,50.3287383585634,50.0787867933292,50.7357893026221,50.3036750645661,50.2558371336282
49.7758344491765,50.3630362325103,50.5102914260533,49.7964329100483,50.8156153029699,50.0785146846434,50.1575181498533,49.4359122086274,49.5195209106471,50.6114472441842,49.7591265609448,49.3243039415437,50.3554247932471,50.2562280050986,49.7149389017046,50.176587170603,50.3052605315734,49.6816248446023,49.6007762801983,50.4303630704998,50.1613139479171,49.9883896350172,50.1630495216233
36.5550816826349,43.2415196126383,42.1490860175651,42.3512326031807,44.0281113196602,41.7815446563855,42.5832171168969,42.9491721831206,42.8054376009452,42.6254528703696,42.5742864047172,43.5761674319212,42.3273685161782,42.3940968335306,43.004543310197,42.3520338378785,42.9302905233152,42.7781958083806,42.8543776927232,43.0614232966655,42.9660524226635,43.0931278620018,43.0523803238747
67.7565349720228,72.1607601658792,71.6768098584308,71.8400292009472,72.1078253388092,72.1730246007324,71.8578655583877,72.3969260215696,71.7131586923709,72.5390255117027,72.1258080532891,72.4319076705784,72.7599692646944,72.1134463175657,72.074084792559,71.9032994740218,71.8187907761216,71.9752081095208,72.010941747323,71.9586603646897,72.1933472681539,72.2287456797992,72.3602347727694
31.2168282909017,30.0305704236527,28.4759686382557,27.084656023308,26.4461576331061,26.6188048990543,26.1141696126009,25.9652083097256,26.5241670546102,25.9918338115097,26.5032395561321,26.6817530054539,26.1512409589667,26.0742247778846,26.2129207666607,25.7953065934266,26.2063009699485,26.313779606432,25.9325660056358,26.2292192869053,26.1837587592473,25.9830920115573,26.1365885510203
64.7384148075253,67.0167394782217,64.274414888432,65.5002425256065,68.4262901615838,67.2920011108041,68.4535477502958,67.9593153759953,68.0291657736858,68.584379371873,68.4167847622466,68.7688845724764,68.0519664885234,68.4647676581289,68.2729820577316,68.49080438984,68.0827098110059,68.5902551593877,68.5301706706012,68.5243661097388,68.4670824608165,68.1993863183868,68.2302571893136
43.6735542251164,44.1140530373557,43.2153065243661,41.3520358153775,41.8285182217588,41.8475353275191,41.3832699250491,41.7929380704703,41.7058819573031,41.6416425130628,41.8056171953269,41.5090089655591,41.0998846705286,41.8265271317865,41.08222058856,41.5034463158508,41.1872961882775,41.5029954973335,41.4419953631353,41.4803381614202,41.4155968546461,41.5514979642446,41.4568147788335
28.5070936341271,26.7927222942222,25.9169490866573,24.2510613870886,24.4384107963136,24.4726852785763,23.9825739461124,23.7837811032545,23.9604536087576,23.5985752967358,23.3013586600717,23.3025368664966,23.2341995176946,23.2055435671895,23.0519464178667,23.3536443504964,23.1541505523647,23.2355364634463,23.1301976150254,23.1364920015016,23.2157244575506,23.3100793906443,23.1621596900728
26.4394798103888,26.5047954066796,26.317803348968,26.1093612224802,26.030814743846,25.9705712228228,25.9341687899086,25.8816812160386,25.886789764554,25.9583002846057,25.8809251226724,25.8485483730909,25.8105744527175,25.8541831522413,25.7809979834772,25.8273330791807,25.8053205011504,25.8255982059048,25.8001732444458,25.8974553425025,25.8417964849898,25.8130493284038,25.8516826843034
27.9968524549155,29.450764351244,29.1761782974278,29.5040131784425,30.3021351266261,30.1511071941798,29.9901957462415,30.4590145142618,29.6655255034747,29.9048957382167,29.991489813566,30.2743459313462,30.320182025546,29.9566769550372,30.1240670714501,30.1873877117922,30.3102311257769,30.2081736452624,30.3639859315473,30.3980116676489,29.9958002391192,30.235567753598,30.2622625273028
22.8373829016891,21.4528305890304,20.8096886676389,20.6531958533647,18.9526886111873,18.885305531857,18.5693354118846,18.7366129046333,18.6535238194929,18.7573302982523,18.6290081111612,18.684757708041,18.6865443711785,18.7380067336309,18.6430838595347,18.6634431874347,18.6041041900443,18.6326180441929,18.6244456466897,18.6836054738638,18.7512417354822,18.8750926531021,18.6601336132078
26.5584203478449,27.2917395942246,26.2886070416518,25.2832037630297,24.5359160976696,23.5481101500332,24.0975624053793,23.8171341000038,23.8839122098047,23.4710463383132,23.7117932345905,23.6358682699341,23.5170894501491,23.7706692300568,23.5983680204236,23.4912324150711,23.6120406309187,23.6091686446802,23.6000393500973,23.5560195594222,23.6101783085977,23.4863301284286,23.6477897448845
31.8271287145848,28.2205202482664,27.5032594128465,27.1269265943768,26.8906880606109,26.9888899179536,26.4335931523985,26.1776742386703,26.4647950476726,26.8481479036987,26.3244833444193,26.5182064572787,26.3189617046424,26.1937780908436,26.2134354604511,26.3458404447108,26.2595264052963,26.0655601844655,26.3443530153095,26.2964011670377,26.1477443905449,26.2871623681617,26.2113408219191
28.6735052045546,29.1885441266278,28.2460094888475,26.8669712487822,26.5257190141843,26.4349487162179,26.5047651412769,26.5040163593319,26.3331626107765,26.1196101096775,26.4892039937365,26.3985630739297,26.3705404582437,26.3320271426421,26.411714318233,26.374198812501,26.2810932083644,26.5067592811382,26.3291748923025,26.3915153186328,26.3497955971897,26.5010010727677,26.3815733753616
17.6551465983765,17.2095097332342,15.955575811621,16.1788846648986,15.3576092495687,14.5543421222734,14.598641181241,14.7594253640984,14.3955248144061,14.4733803451112,14.8000221001093,14.5168446851532,14.3019149373432,14.1663051821598,14.3521661257747,14.3691823247621,14.4132658881605,14.2787366398039,14.4188456216213,14.3362210115911,14.2733323399575,14.3178385267688,14.231066040833
29.5440830453095,27.0236780733467,26.8463224295702,26.0173312419618,24.669527475456,23.815172789614,23.9177037108779,23.4773916314479,23.7766248473304,23.5141813240629,23.4477134519076,23.7945655750709,23.5663216774049,23.2179118299005,23.2412712875513,23.5418676079095,23.4170728709016,23.1870860127034,23.1376995836952,23.1743858450985,23.3467345326586,23.3164791004621,23.2126470363301
53.8154471501948,47.1738865814957,44.3270462382465,43.5177320769815,43.7350995340536,42.7766083046767,42.9373303032405,43.0105944146037,42.8304916555876,42.9845578208196,43.3240637104134,43.1724815149312,43.2430445921698,42.9770142473214,43.12738967414,43.0351006076727,42.8943185209653,43.0272195648596,43.1146357079157,42.9444181652592,43.0714803713824,43.0550468519666,42.9136282609209
31.0374223895053,31.5524739814143,30.9867687063508,30.4621683809423,29.7580046870525,29.7066614776291,30.430888824401,29.9290760098242,29.676367566772,29.7563783605858,29.8674165875863,29.641852590977,29.829367932598,29.864100054989,29.9090031568801,29.8111652058655,29.7851721029696,29.761627267008,29.8544302815631,29.7668659611529,29.7622239956722,29.7063103030869,29.7914644468045
21.2815403758788,21.4171074338309,21.0574784111953,20.8844006002391,21.1453951059146,20.6283245145626,20.7613953751936,20.8789444439796,20.5405913268832,20.6728354097003,20.0282847794793,20.2490803670923,20.2719116713775,20.3544467638635,20.5470033440088,20.3964704340111,20.556394678926,20.3786608976341,20.3899844709854,20.4767239371221,20.3627863227688,20.4148006624608,20.4755443634194
61.4604728557242,57.1498445119344,56.2961385667416,57.0204709999889,57.6544995765358,57.1367296355579,57.5485868000398,57.9525995079671,56.5514942779326,56.1705418704436,57.121794630221,57.9974439097434,57.1270424693758,57.0313466389075,57.3944348623521,56.8170476308601,57.1532322305505,56.8482407306617,56.9590394424878,57.4708675962574,57.026978182624,57.0526408440998,57.0570279246052
47.8979798574871,41.7587691207681,40.7020377713123,40.9952015090307,40.4638875610555,39.6730434774496,39.2125848388213,39.7636766375606,39.5518166591029,39.2383976486293,39.6421562454582,39.5583401088645,39.3583013020699,39.3435171800272,39.3686039997381,39.3692696208731,39.4517394764238,39.0651873376619,39.4157861857707,39.3367588271421,39.3839885270087,39.3242193836898,39.4021116524486
30.0343521152255,29.7476055875835,29.1460250128725,28.7852879829395,27.0483953267097,27.3312739575077,27.4044863964463,27.127756617477,26.8390107087973,26.7908152064827,27.1760812091186,27.1627880090664,27.109140663362,26.9486620559497,26.9341777223118,26.8787543966391,26.6594496495499,26.8324584854085,26.6837684546396,26.8527297664337,26.8389086796785,26.7842845635488,26.7712224431945
57.0251053181972,54.1709661230662,52.8024097395752,52.5304454411039,52.2328506528519,52.2637579297486,52.6500333750435,51.9754159385886,52.182792347562,51.9954414141575,52.0825459178144,51.545529125378,52.1837184495388,52.2318336648742,51.8132604311129,52.236145056814,52.0528664190411,52.207854748006,52.5423982022338,52.5458270700819,52.3928854004846,52.2190629227903,52.2733268061838
20.7618118286374,18.3545164563219,19.1670385406677,19.1671485775377,18.8211084387652,18.6953813237652,18.7654418734972,18.9728858108986,19.0362771329611,19.242317366737,18.8127366293285,18.7998678168402,19.3720147800002,18.9013058565544,19.019915439242,18.88009544559,18.8555422529873,19.0730256826606,19.1422912390085,18.9626503967635,18.9134420292491,19.0100970661549,19.0000221094169
42.0124666609158,37.0342079148007,34.6295404441613,32.1963167809041,30.2636488897651,30.5993269023607,30.846605664809,30.3687613296081,30.1471930323752,30.0015091613518,29.8590004920995,30.2959826289352,29.9565143601389,30.0230712215717,30.1385915977624,29.9438676701744,29.9509617352233,29.9306736701344,29.8467562086693,29.9796024804578,30.1269518128541,29.8929772141854,29.8788858112836
36.0689244747678,33.6835861284614,33.4530625868766,33.5695226435789,32.8654570147067,32.97431984977,33.8179445816464,33.7275913245275,33.2568509829438,33.4272561005475,33.6421480017965,33.7232742236871,33.869358912587,33.4128612401255,33.1737195132874,33.5349196628765,33.6047856335759,33.5223969987349,33.6397156197571,33.5881812937094,33.4240101223578,33.5620771110116,33.5004368953493
71.2865820618568,71.1239203241355,70.4658696490485,70.4680030998361,69.4251994232329,68.6604167825346,68.5180232017377,67.7797030006573,68.5902986423827,69.1860030549708,68.9917239214361,68.9995294980518,68.1730275007294,68.3622402190094,68.7474063980146,68.3380934918381,68.7404325775607,68.0129230367244,68.115476398545,68.2867618001661,68.6033640618366,68.4140258903171,68.4343738824042
24.1049939115227,27.4936813276432,26.9247763850343,27.0926116085978,27.4066767522562,26.6080178409653,26.7717346627626,26.7019226319361,26.8540249991311,26.7029731153609,26.7138096448806,26.7771368387605,26.6527380349704,26.6524779468397,26.7706221178389,27.0092007185601,26.9056370720951,26.7589801052622,26.8552370533595,26.9493344533296,26.7902311765363,26.7443135375003,26.8772427636332
65.1540719535562,64.7490138792798,62.9768463466595,64.3125102232352,62.6059900655172,63.1579241889721,63.0244661389794,62.472007769529,61.8107606146222,62.5047008761767,62.2105449962346,62.6578686902418,62.1623846444621,62.5389942520322,62.098640611017,62.1259972618554,62.7610748590439,62.3652993692637,62.3579515629323,62.3810848017812,62.6101293778885,62.4515325088924,62.513719106739
34.9644343480906,36.0448044011016,35.7472590988927,36.4199475483848,36.8426033891243,36.0836609825701,36.0978848225802,36.4731610526713,36.633209307912,36.3904342210639,36.6115450629176,36.6056148447684,36.5204209404576,36.3844227871325,36.3518201900833,36.4038610981909,36.2103193553825,36.3908465106546,36.4785715267248,36.2897063422489,36.3623890312159,36.3794448057721,36.3486671881428
26.6867588409479,28.1577702048939,26.2582893851811,25.1525312468386,25.3608600154288,26.079383684045,24.5003824563373,25.0006155574238,24.1038046068253,24.8239635603512,24.7142227670295,25.0244126379607,24.9468266959872,24.6934638342024,24.8994855499862,24.6880902588479,24.8548649349484,24.5913966216554,24.7911334588188,24.6556202837043,24.7513536113961,24.63817408867,24.7601219367482
18.7039085895202,20.3994342706944,19.1603292403433,18.8060346043046,18.564727560813,17.9981369120997,18.0794402145672,18.037783322421,18.0227205753735,18.0076552199615,18.1064604023486,18.0314231296922,17.8909908584928,17.9565389190789,17.875711817098,17.9750940488001,17.9664626952737,17.9048621347927,17.8089833719932,17.8613485403933,17.9011807996727,17.9025838864421,17.8885430652267
31.7024979888357,31.1726984236897,30.1401390172263,29.8740197176688,29.5014647206266,29.4259374671446,29.3624560453187,29.1484715996066,29.2596831286577,29.2438797896308,29.2431119946353,29.2267866202008,29.221300176367,29.0975387824208,29.1779699827142,29.2472747535351,29.3134908835929,29.120448345072,29.1400272381581,29.1248245262066,29.1031888629082,29.1681903990974,29.1691691963807
23.2011942771906,23.8920049165404,24.0144554620161,24.4472210408522,24.6555565661524,24.2399905462665,24.7028270766577,24.5313383272057,24.6453805339755,24.4693345823594,24.4253499700084,24.2857581202724,24.7414141372508,24.6171554528247,24.5570533603324,24.7161711645222,24.7872023092382,24.8619904994045,24.7625636319472,24.8101576633061,24.7147180766382,24.6991364133535,24.6922854154538
24.6362507946838,24.3057585648509,23.9526484132501,24.5650937129976,24.0262668263958,24.0162701955243,23.9600789331058,23.8700748132403,23.7543190405303,24.1058566652042,23.9158326188175,23.9837565510343,24.0519801982199,23.7762585104984,23.828268623426,23.7829568458438,23.7533820472981,23.9013365021507,23.8726441135002,24.0274796216612,23.9171680912537,23.8889963969792,23.8842739581864
26.3240917666092,28.1242602306915,26.0064995940558,24.7217250761063,24.4231949110793,24.0694234401353,23.4132419636462,23.5484228663858,23.4334603261884,23.5426641850262,23.3810740126053,23.6535306492908,23.4606455520725,23.2232691416393,23.3653876641224,23.2444809166107,23.2415557130047,23.2596127033349,23.1958241532647,23.3240774317284,23.126262738835,23.1268669035153,23.3030488291635
41.0958835535954,43.5303235284566,44.5193574023979,45.0899020073776,44.9370504042358,44.7129103544657,45.2351983109592,45.1302617601579,44.553342424179,45.8503679248063,44.8113210933265,44.3365194832301,44.8445547116285,44.6321046134442,44.9398735583733,44.9434917496873,45.0397360190901,44.8986045134443,45.0313142746165,44.7844388022809,44.8564617778365,44.9787067863538,44.7684600855748
41.2329994435446,48.18362711946,46.695434290886,46.8954900166526,46.8966600701517,46.3133111908179,45.8496132733813,46.1283363607864,45.8672633470985,45.9875275211214,45.7031502193537,45.8902100112741,45.8635282950139,46.0042300469968,45.9424658333551,45.987780422771,46.0142582360105,45.8714283285314,45.8909905458799,46.1412282891599,45.8852385560386,45.9096138010245,46.0020511610971
27.3407852817394,26.8922964821911,24.1404804756867,24.2105517009778,23.7108156527764,23.0762464538862,23.4628244712713,23.1225103958626,22.9968084170671,22.99545068051,23.1328280381306,23.2825791264697,23.2602746327216,22.9311305284635,22.904834256916,23.0772539141496,22.9967707561489,22.9136432368695,23.0013034865534,22.9020497465007,22.9254409503121,22.9773009731471,22.9602867806987
52.8381362403107,37.5873803828166,37.6114065380356,36.0920838421887,38.0199805835953,35.4070851127293,36.7180915650133,36.1436029423847,36.6904507454233,36.4176700154065,36.2322173038566,36.3960166343184,36.5021724740976,36.3731723887655,36.2600786549257,36.1706422960276,36.632574498614,36.2537459469851,36.1964070183116,36.4688849297368,36.4766642030009,36.0762805990655,36.2748533960037
81.5223098269366,79.2653786862733,80.167655389704,79.6710320613579,80.7818609828845,79.8068686536814,80.069174975561,79.9592283900164,79.9775382051149,79.5041307704057,79.6112982061901,79.9196137561071,80.3062889143768,79.953788411022,80.0594638216811,79.9762292861266,80.0529404183299,80.2909952651679,80.1373261214082,79.9454276840812,79.8897317953789,80.0223610735034,79.9465846646622
31.9467411638148,30.1423508320338,28.1164201067095,27.9633253709324,27.4778936358973,27.0503873055193,26.71408626783,27.1053170175816,26.5823109655208,26.6463628016882,26.5096643331803,26.5616701143836,26.2968652829841,26.3589688387334,26.4427134173703,26.3899488087375,26.3389575171369,26.566878657156,26.2597494829739,26.3410398879992,26.4069055524488,26.3834163644825,26.4183923982088
18.7781376538802,16.1396065524885,15.8479185372982,15.5096965412159,15.881592480324,16.1015854090462,16.0563714637315,15.8128905845422,16.0684418043005,15.9155067528917,15.5968125355078,15.9138542510576,15.6316956368016,15.7450342829541,16.1045188283293,15.827881449657,15.8252902709293,15.942793399222,15.8252464229945,15.7253332634771,15.8655206146567,15.8960049690218,15.8358677572918
44.1655376917656,46.1513448637111,43.0339705596668,42.359996291795,42.5227865703977,41.7518150883688,42.7829705060829,41.7230648072725,42.328442018196,42.358039876754,42.3110049420692,41.8815036506301,42.0355716218459,42.2150120404948,41.9881927467059,42.145517456158,41.8849752388593,41.90527711711,42.0068138734744,42.1316401693921,41.9732968256692,42.0400500996817,42.0685222017925
29.1027398961219,29.5451799816321,28.84097784465,28.6722351384098,28.2786947273759,28.3992380849691,28.2239314537692,28.1328574173723,28.1281511710313,28.2719514064493,28.1975202399716,28.123800333973,28.1255458755583,28.0083197601386,28.169647450892,28.0630315014173,28.077421249863,28.0549290846146,28.0853100836141,28.0634401183047,28.0019994270249,27.9849648559787,28.0487269923334
25.4058394668655,23.2899688990004,23.0136174006369,22.9511206626656,22.8627858617811,22.640680646769,22.4196609927704,22.5174632939273,22.5222723629387,22.5377894099135,22.5345615108488,22.4352419900319,22.4320077446007,22.4409791755611,22.3857235580773,22.4216365832319,22.4524683774792,22.4063030459544,22.3472443984957,22.3072488397137,22.4357652506189,22.3800739683817,22.3032748555927
31.0678496090582,27.0062689111797,26.8339604227129,26.5069164045185,25.1395207610047,25.3866679659428,25.6753991178019,25.3485717893342,25.237049052401,25.1814355044104,25.101343492184,24.9793066470203,25.2081143562282,25.0009319131277,24.8946693535085,24.920884604207,24.9732547630433,24.8663638676719,24.9490860191314,24.9239347068268,25.0244432859124,24.9911842811719,24.9977936755646
26.5672097750795,26.7197294620428,25.0453132936076,24.7301078802321,23.6772665847226,23.7802284819587,23.3856412146164,23.4998894623606,23.2774451006433,23.4215230511691,23.228820454666,23.4328174962615,23.19289158538,23.1766017201214,23.0287077693283,23.1811250135767,23.374972027948,23.3023529830272,23.2788961145466,23.310280981609,23.4658459242886,23.4723575523226,23.3146313599836
27.4097793458767,25.2888869470854,24.4126702893844,24.2276221995184,24.2676891975085,24.2426963636041,24.0012606816463,24.1656555383503,23.9383524148389,24.0520946259323,24.0301246171611,24.029563124926,24.0848188423599,23.9686066528402,24.0268157677208,24.0163874747476,23.9815466242265,24.1243336692522,24.0158620573033,24.0803270229224,23.9616841356526,24.0905215469229,24.065472543035
34.8084592008246,34.6011882605385,34.7439522259288,34.5586193608233,34.2152443141045,34.265288180268,34.7866647966644,34.1546046484896,33.9159207881286,34.1504121787524,34.5478347956704,34.3122336322544,33.9233736951792,34.3246559120252,34.2783025190419,34.1667955768607,34.4001174217676,34.3360677247135,34.2758550307835,34.0314910321422,34.259374674258,34.1711681855497,34.2057675280068
50.7272346793341,45.5888737643582,44.6923436497981,43.9930352953556,43.8853764723624,43.8524287378875,43.4467949294131,43.5285675291824,42.8471372706721,43.2097260000381,43.1641058021955,43.3029568356941,42.8707879462066,42.7354935461751,43.0120118223005,43.2843208439064,42.9859200313815,43.020287380857,42.9449853152228,42.8543002802473,43.0414245862416,42.8670276707528,42.7138701585208
34.3641323024029,28.8582166805153,28.3430044304421,29.1533913963043,28.0243849467272,28.6240926844005,29.076159875681,29.4362145615458,28.547472822219,28.575467849446,29.8020399062682,28.5071066337266,28.6762009530149,28.6816064807989,28.8616729366562,28.5314489460116,28.6521194389319,28.5675924029454,28.3483894280111,28.6852569283176,28.6968444714711,28.8331189288134,28.7059707893165
28.2878222084063,26.7081566463013,27.1235414274793,26.9407145471245,27.2427043175548,26.6340198289323,26.6933704511841,26.7296510892806,26.8932117299645,27.2118577626977,26.8782741962553,26.6648708652334,26.7770069632504,26.7054944105689,26.6595181311248,26.6767350507105,26.9231568783755,26.5681404990292,26.898094939727,26.7625004904705,26.7649624555437,26.800193518113,26.7616234041559
42.5942287407236,41.7694714681155,40.6270217632249,40.8258090444465,41.0550546521508,42.1417643113538,41.1510625924201,41.6245279144617,41.1011511344813,41.8159147796361,41.5734243184121,40.9134909151282,41.6707847868919,41.5359187488725,41.1233037315728,41.7785641429604,41.3731788228989,41.2870686942269,41.5669303335683,41.3730581284748,41.5232370071957,41.5256361822997,41.520447886633
46.5026270087601,45.6404868765174,45.2471207199489,44.2354189783708,44.227318495278,43.8790942503433,43.6317170741978,43.3673963210495,43.6967256531655,43.6380910836226,43.5102881904159,44.4250317186742,43.4384134380259,43.513813750104,43.5069541811311,43.2560072589132,43.4896971562545,43.6121073273934,43.5536319278233,43.4248708417531,43.4473328815854,43.5061636704449,43.4179476525959
43.6429714369462,41.7446353447638,42.073934650164,41.469202539474,41.8304876397733,40.0827305718661,41.7500409781928,41.2139491190338,42.4155562919872,41.7506738931515,42.0006144716824,42.59410253318,42.1175777379432,41.9949387283563,42.1364887022976,42.0422765853018,42.0076318082332,41.8502335065464,42.1761022055203,42.3278018358455,42.1165415706351,42.0273819599335,41.9661407823863
104.141219513637,105.731040943948,104.582030905805,105.806821531041,106.067413153267,106.087260571079,106.134886385013,105.686251746087,105.952158466292,105.508646275031,105.824148973569,105.845833405201,106.410349089396,106.115303444468,105.911917571345,105.970329937491,106.048222557932,105.800845832251,105.628710681583,105.660510451771,105.821915997556,105.793738244234,105.725007082453
31.2338606401741,32.5767330578393,30.7491292884356,30.7090081256554,29.9303300069962,29.9778170904044,29.6338472572871,29.700239131562,29.8688670917486,29.8230581163219,29.7447443343063,29.756328098517,29.5915139109991,29.6768539838029,29.859186505619,29.669346544025,29.8783851622273,29.7217589108387,29.6576330754854,29.6204029555232,29.7344512576008,29.7703890033069,29.6844730017205
49.7920519178558,51.6285682602008,51.848745370152,51.5768880437839,51.4213638857385,51.6932161464992,51.637831308315,51.5093481564843,51.6812039706559,52.0168589882686,51.8647920258982,51.6611310591431,51.7031319694595,51.7032961195922,51.5133395164396,51.5532519502157,51.6412329779189,51.7678550410557,51.6833136758129,51.7479560231345,51.7263812108109,51.7626283032327,51.6890597884628
36.1529995537751,39.9868914634853,40.3007752383455,40.6619718976148,40.69789698711,40.389144929756,40.7097267827405,40.5751091388783,40.7529312573325,40.9181548916745,40.7508618922553,40.7290251935999,40.5715412357013,40.6498097382148,40.9433850014955,40.683141045189,40.9200337772613,40.8232555172472,40.8551114861814,40.8167687290456,40.7554675517347,40.7395138473137,40.6915783979564
40.8172223255464,43.1137325760716,44.03794533851,45.0484845101291,44.4589730168956,44.6380571874195,46.2324452234044,44.5909852299895,45.4624942381141,45.1845560661644,45.2121353041114,45.5190662208007,45.5840095528397,45.4436886640278,44.8482569861767,45.496354015563,45.8052141590463,45.1159259530801,45.4104054364697,45.4294231967773,45.4240434339977,45.438634563255,45.3711857336071
33.0298075153808,34.2691113720735,32.4730326878048,33.7029134388832,33.6560640057389,33.1435271889327,33.8530840883507,34.0482426726682,32.9483620360835,33.9117026607471,33.5707022299218,33.4016860295147,33.3003890282866,34.1060307996367,33.6798646786781,33.776936681271,33.8196547100798,33.6884935358423,33.896409291396,33.8817700141457,33.6622290160459,33.7368154983794,33.6289379339213
36.020332226679,40.9183289384826,37.7064220477693,38.0963989970082,38.063689658522,37.8432576050859,37.6309695956925,37.219689785455,37.4871825944266,37.2437642854214,37.0650795459351,37.2603275363741,37.1558534485329,37.3071081575007,37.2006588695702,37.4146145753312,37.0486637623725,37.4072879756638,37.2385511230751,37.2262592515407,37.2734194052415,37.2835731940139,37.2106344951285
95.5020839901083,87.2470072768193,85.7284998078632,87.2606122834614,84.5822926222742,84.2126468684582,86.422750069679,85.776373871072,84.9290833548102,85.0103257779071,84.6996653105433,85.017328946713,84.8034740494396,84.9387874441105,84.687517963391,84.4436707897685,84.4637467209265,84.6225117446665,84.4481469421892,84.4855340956792,84.290588793013,84.429432639312,84.3188714186956
21.7317853206637,22.7521731652713,20.9602958946605,20.6053943348675,20.4232186574354,20.3839580712463,20.343790479889,20.1027849632102,20.1278766288883,20.2305413505468,20.1066422640783,20.1215005688736,20.0943627707356,20.1436047546473,20.0361770774534,19.9777900252862,20.0772822088771,20.0035134458517,20.0588691761126,20.0538175192186,19.9907949448467,19.9309656732962,20.1437154098768
46.2160221930174,42.5271193331278,39.6766744635646,41.5406538736941,41.233368457446,40.394974080494,41.367256712805,40.9407950383613,40.4141362126258,41.1420224221959,40.3461953688589,40.949504989002,40.8969699001501,40.7899804750554,41.081351388343,40.6348158644384,40.4016482183131,40.9954343303589,40.899666130136,40.5936181343509,40.5814710079581,40.8655108467924,40.826174733269
40.1816409604015,38.1955868726996,37.8465995061628,37.64425700499,36.7717841278641,36.8253877971707,35.8638053552347,36.5481226730013,36.6062135273278,36.5974870196833,36.5208498537021,36.7798011178708,36.3523624822104,36.3897173364859,36.104177170398,36.4687522793289,36.2424533836575,36.3061342551154,36.289308696341,36.4811786736779,36.3704664093066,36.3201067795336,36.2890383493648
38.3046100562369,35.6600236272622,33.95434694235,32.4795070046442,31.7475407801626,31.1521206080874,31.0427412897648,30.8098399620023,30.9859215499855,30.5133757223903,31.0179803486642,30.9104371320382,30.9327428616984,30.6417566254218,30.742449404009,30.9738704399424,30.9876571309834,30.9109713545702,30.8409707643168,30.9240787539415,30.6245728740978,30.8577444287785,30.8546407029598
73.3402159929301,62.950639168161,63.3149844772258,64.6520358353088,62.6405245324642,64.3470356948817,63.9215437124126,63.2997379625056,63.2311353262559,63.661182308327,64.095544600227,63.296216632178,63.7629187965412,63.661585470609,63.7681995064638,63.8696972313363,64.3545422832848,63.8599770373458,63.8849650067604,63.7577277072866,63.9899001552985,63.8809423918418,64.1441141442475
48.0186391257913,43.9364291633752,46.5862282331476,46.9434165187831,48.1683052223354,48.249671597129,48.4001001221215,49.4625185410431,48.8264241355143,49.5377394411571,48.7980773900215,48.7932623886639,48.8601752007286,49.2803186255613,48.864142936211,49.1043222137261,49.0558240134864,49.0957517131652,48.9442927157271,49.2016873743886,49.2122970157533,49.1888431622073,49.1900097449008
59.9481446053206,59.060629989779,59.1661955654265,57.4178599772908,59.5946328185458,58.1619110698653,58.8620440362153,57.6720208499133,57.8244522863934,58.1353605662374,58.1942718954031,58.2325696288963,58.0943091151285,58.1872103405756,57.8625831703549,58.0276691426354,58.3636161100035,58.1025206423485,58.0301067998178,58.1144338538204,58.0966704240217,58.1711466670833,58.1450863468201
29.4827728883158,35.5134501627971,33.7502811000469,33.2509627090606,34.4740801592742,32.6819232633262,33.1042818324985,33.1603946813835,33.7084289400493,33.7896447670766,33.3881645058687,32.9274160946922,33.5319275904132,33.4798389915514,33.7100649020598,33.8017739432254,33.4282221671759,33.4580847952201,33.5657786616806,33.9036234861295,33.5959393046415,33.6166985555426,33.5322855265635
28.547767331239,30.2199074992665,29.3870136205863,28.7551197761604,27.7112804960163,27.4749496538403,27.8004157598384,26.9162450670615,26.946793225758,27.5859855800047,27.4456831032313,26.8084714894341,27.137901934794,27.1659616468788,27.027170591523,26.8785026886068,27.4772913990279,27.2827664194329,27.1453127750257,27.3272301353089,27.2630358108495,27.2247969552903,27.1308456301531
57.6049717708069,65.1195633984001,65.4317307655692,66.2709214211342,66.3158191119561,66.9339770118294,66.7676192152573,65.8330559464907,66.7715031761476,66.7240769269518,66.0018754252653,66.114947874065,67.0522483370199,66.3874298154557,65.9751049445714,65.9816152373986,66.460877421115,66.4049151370844,66.5548109996585,66.506428612412,66.4787839204284,66.2849948579912,66.546151678175
36.3337111617514,36.8164007226978,35.9569681118998,36.6492154386529,37.3619992617592,36.735952703767,36.7728582926283,37.2543002261942,37.5530403397372,37.2720636939699,37.346656448188,37.2130611720453,37.3077032539015,37.2118701841821,37.4033732315653,37.2631682308365,37.5468212529953,37.2826438561929,37.3137538556023,37.3162160566437,37.4512041760862,37.2988662473572,37.4035525843186
30.2975401748384,28.9409076221125,27.1612538070863,26.6073051793161,26.6417299347103,26.2461043370546,26.2135899814986,26.6096137202559,26.2174364896087,25.845258081598,25.7848612537036,26.0174923429145,25.8268195866461,25.8212733285035,26.1450645155549,26.139031809228,26.2047469784385,25.8814113459699,25.9004906757011,25.899486838753,25.8189341055605,25.8802055796661,25.8799491737173
43.2184801539035,41.3700840633699,40.8824161138044,41.3091419029547,41.4196671621284,41.3700372912524,41.1893187262886,41.5030447653766,41.4663861512356,41.4203548828469,41.3596071480592,41.3884996730978,41.2692058237903,41.2712308212478,41.459706342487,41.4476728721737,41.2569297989954,41.4665116960472,41.3030196786694,41.4846095906854,41.3625788000978,41.3993712390503,41.4024862077695
71.2345088553958,69.4860428399438,69.0426569837885,68.5142020824603,69.3986252292783,69.054583068074,69.1130426883041,68.2852048424585,69.1907209774587,69.57675557865,68.5248598465538,68.540944365329,69.0032112306612,68.5787204774821,68.9815554426719,69.0328119714132,68.9456716560038,68.6703976912967,68.6754475240782,68.820217477021,68.5629058233925,68.6817770007667,68.7295287379153
41.8914497143302,36.8756851603862,36.6429134213292,35.7217970962277,34.2811912304047,34.5517340728588,34.4801075831932,34.3526245052775,34.3309373897753,34.9631826534477,33.8717465767735,34.7392153503443,34.4701051331709,34.108409148928,34.3573358640875,34.479300619238,34.5447972652955,34.6873985986344,34.5230308822359,34.4935325041719,34.4842523580464,34.4875007563733,34.5051044778328
64.2820363966749,64.5665066593495,62.4838243409245,64.7076572873924,63.3404910298254,63.5475515162237,63.4889405549396,63.1482932675954,63.2601820358251,63.6016696673464,63.2076456658503,63.004813349801,62.3218067993816,62.7279533965921,62.7556370291006,63.0267210205831,63.0329062578564,63.0524311662158,63.3206581747375,63.3561797416589,63.0661120889889,63.0296288612458,62.918787226294
34.3672717780393,34.2435700092542,35.1610766232875,34.1166429594051,34.7075421501174,35.0293154103355,34.5738516167364,34.7235133858396,34.4181624030106,34.5315236153422,34.2407971624198,34.8779239975919,34.5322728570838,34.5485364014755,34.4504891561351,34.4435897514384,34.389371578805,34.3917051919849,34.5744107263075,34.4189347481441,34.5181829666056,34.4788906514112,34.4243825566177
