"V1","V2","V3","V4","V5","V6","V7","V8","V9","V10","V11","V12","V13","V14","V15","V16","V17","V18","V19","V20","V21","V22","V23"
652.41006242803,685.298638754742,667.785254535297,667.633900191823,654.492709010257,673.925267304406,653.45417991881,695.58238117933,683.946849484706,684.910556177303,681.754110081374,683.100642940269,687.028898305251,673.754465272306,669.970945203719,670.00781889433,668.854848774815,663.795457710771,664.010161080547,666.078461107418,671.887996588165,667.321007327198,666.680091086885
632.722906580062,606.913668729589,608.18713334139,649.354644869998,592.527372224898,593.628833779523,633.982818717242,603.415040296537,612.395093646999,607.000960496475,610.118160805105,623.364558379653,600.598874461714,612.038731756138,615.482259557299,615.46219357105,608.632794812993,615.393126172533,626.308596899746,622.56069965591,621.884772097538,622.55875363995,621.581913160465
331.659271125635,338.488488600439,333.368890852426,332.016451565463,333.506244909839,342.328116133958,336.157700448482,367.313061327491,353.618347851805,347.994755706515,346.429313524302,349.06144250076,366.642770202742,358.936275927511,349.915398079542,362.374266399357,359.521168249593,354.789526720614,361.265297729561,363.361793855719,363.968393213209,360.372543649434,367.731995327734
445.957666784247,456.380963775353,430.930363566046,434.4006052004,418.131341842848,421.986368928618,411.874777358847,417.210047443779,423.32885050303,428.230700018083,427.487531638873,433.524953853045,437.412121652357,431.695475664285,432.173770196593,433.805963868116,433.301917148662,431.652093098756,432.641223708732,431.705493038265,431.312693815549,430.589643577557,431.527294830163
376.278317954543,330.430635056573,373.832794771282,339.71887328421,321.131766925216,323.1911330138,282.288046378929,315.356650392735,304.805651894333,321.899640042079,321.900151096465,308.577321753289,314.018372270259,315.122909800945,320.836343881317,331.487462170645,321.114679965391,315.912189048458,317.757582573379,319.730489454624,319.578840400651,318.688652606994,318.259276256501
293.669300102026,302.640814071777,301.656265498959,230.299372092393,253.167776063161,285.103700763778,252.88380701489,269.75918455654,256.089333142227,262.66133599227,271.126207080749,267.364254649683,272.20061598188,271.802123265435,271.988915145226,269.616308437205,266.347086268508,269.01768709264,272.716530529603,271.143638167128,272.515040740167,274.074432363703,272.474609747429
524.974663991793,540.096354836715,555.286156161829,476.627892501206,509.764662766192,479.582883471138,508.557841797865,531.527380705095,485.055827583897,511.309218774136,515.788794689927,525.405744506948,525.066223925566,521.853979951697,521.816592368321,522.658746836024,516.208384960876,519.566349059164,519.917992833826,517.815406755666,520.253003104569,518.975209384794,518.52864416956
645.554988058258,648.117433071217,644.617317979767,625.675988108132,661.691244613063,624.473212880253,636.724747764433,653.02067301205,639.80541098561,647.370865186041,618.630589507075,628.102371158508,655.023000546319,667.439568699739,652.789631618165,652.530831158502,660.743428097721,659.077911947875,661.569687295434,652.910589493207,665.952733116669,666.479991852806,666.40556323503
253.680470679032,253.476418093003,253.359980734647,225.56419151713,280.777628280265,219.246414678317,234.239898414319,213.600048079575,229.933185265521,211.313011358399,221.911469090042,204.98064738748,226.140433471034,220.494288798934,225.813670868314,224.69620662297,226.320599551947,224.035616604757,226.146110588982,225.312637567632,225.961013410241,227.073477780591,226.080593178162
356.951430232709,415.886125982733,355.987773180199,383.283250118095,375.850846189087,333.348041028632,317.367651535287,324.065961360464,324.488821826837,326.137715277024,329.788886475263,338.111165247344,350.61833559205,347.016734510607,347.322408054065,351.75284837357,348.589854768915,346.488839061478,349.829707381909,348.050991086607,348.861833456414,350.875043291224,350.508704512972
262.757344844111,273.472044488701,262.938851824766,241.346142508642,226.485241872588,217.367303262245,234.248612590358,217.298630544995,219.289330381593,222.19487202802,224.997689224564,231.521290751754,235.94152020845,234.806532141792,233.31422195266,234.339258390349,236.653042446416,233.781919864929,234.108668342307,235.14791739444,233.646736362847,234.591586434711,233.988692515623
341.43470779635,346.632421480869,335.251973177867,341.408472068903,346.810365731779,343.035558317405,318.224876248886,331.148750711186,347.138559593317,334.351309136657,350.781549013219,355.638894633435,355.367295424939,347.421414566409,343.808010427407,347.599166731646,343.426199073634,345.912823691111,345.357728452131,346.940142722773,348.216415867925,345.978415845769,345.44045514066
346.670917555576,353.843997755965,288.274629681802,350.061271389998,380.585976525975,386.731227039799,346.196952848818,370.415916819369,391.207974743783,403.300479156222,420.008170501372,397.766237850054,389.113385452536,382.927721376178,392.248357519606,383.090221110252,385.998544994646,384.378330944415,391.669782942581,381.097188860408,387.958523579136,388.59157512049,385.56595314149
745.951174914696,751.900031101478,749.784086258087,729.037564998475,730.850422855344,756.911896359875,727.445325198593,755.638838175438,755.277754111634,745.809543391565,754.6487135139,761.099396698857,751.657669369382,752.349813610513,746.868956412373,745.287886037501,743.349412174121,742.36357895593,745.159449531416,745.708554942845,747.581665976458,748.036371048104,747.606748036481
299.669333846936,306.589573813946,293.433314648873,291.721004398584,275.609305210166,245.229473361288,260.100923403641,275.180072146376,270.128993314551,287.695384673747,279.823538876737,279.934540260825,293.84917411718,287.871722856838,288.956608567906,293.293325976684,286.773004119778,289.629200936485,285.902962421484,284.620630801378,288.070273770412,289.597386768992,290.472262790035
294.774788640124,300.564170760469,297.665729942532,299.047913894462,304.029858771604,276.778214109801,273.561762306057,289.166795782241,287.606361080892,309.500925801904,294.013829257674,287.697303515359,296.406011893037,290.227717069019,288.002696305853,288.696884683692,287.93163089311,284.715351823583,290.502066719536,287.729287159578,287.011642208522,288.434837039208,287.421916591517
386.909859062226,374.99991482482,364.151113181226,329.862369610691,346.117060476141,338.6817230736,354.133128199926,340.999040767163,325.086370719916,374.355144644418,349.756145809182,368.280744947975,351.32212856273,365.168838808912,363.70136214145,365.356360059937,371.910667899412,363.163630950789,368.56180419102,363.431992650944,363.423373643768,370.430654529635,361.960141044883
429.360460265425,431.588560717134,414.676018157689,448.115849357379,439.834430384168,447.804630839348,438.216051369794,446.399285691894,425.354417169419,476.318202527321,417.544913421097,447.843497681976,435.40204649726,439.068425815561,438.592483849558,440.707875567177,438.414843987948,441.364685803874,443.342007883484,439.640683423904,443.333330736291,443.81731167653,442.471740445791
332.734369997664,308.495129834121,291.33703698356,345.432932702693,242.874190233239,251.987806226534,283.376243666719,289.294940219204,295.278984277076,269.078066319477,298.62286670252,274.952086895078,304.538516800534,303.051852179213,303.361213103079,302.659932317328,302.469677853816,306.008808775798,298.952608295753,297.227854817095,303.186367267312,301.842746725706,302.010730905302
246.547960872926,253.590235301894,202.104531300467,234.26699388403,163.793340071685,227.401950170012,222.446903161384,190.91342404572,211.360625205322,224.627741994177,221.127429890697,244.882750473704,232.98412516654,239.449379178728,246.621497006021,239.460400894826,241.621222155496,240.339625144456,233.628810510607,243.405016189767,250.133685534444,248.80092607492,252.111976874013
519.920864618711,487.553589709061,484.088630799979,506.568963790763,543.850816932841,495.958532313479,504.451489435466,501.055890118938,518.434014837582,485.370907481367,502.029722497067,479.890877532241,474.349820871812,480.014034207726,475.929253712762,476.401218439294,478.331319136725,481.025155455714,474.007942630696,477.589414137117,475.433803083422,479.058438690104,480.419826334896
308.687613761287,287.318570382257,293.515917033255,303.130037273009,280.009379243391,280.633160837063,313.213278675395,295.400217824787,280.267391011265,286.982361460699,281.479966472967,284.714280789965,285.856529423165,276.763982810389,278.821572084665,279.695489541331,280.981380886197,285.142943200847,280.447807178559,278.573626218334,278.478946749284,278.141229839214,274.959385474301
302.543704510329,291.762742017505,303.507129351562,294.300666717512,258.758393680453,260.319818193421,238.722555216015,236.25791648936,229.800265154171,234.348289777946,230.9038397188,230.924769471131,245.46285255939,238.568615118582,248.140121401067,247.47979570562,246.633137140515,243.648051909327,246.728070613505,243.695535606998,245.617085202049,241.938528336446,239.627256833727
361.275399693868,331.803546384072,374.906987234264,319.036175829031,332.327167968614,330.083883904,388.780973866558,309.596542219229,324.907676278375,345.903555533042,332.075326974148,326.589358625499,337.561448685149,339.562643959495,335.519032816431,334.252870581079,339.595872163395,335.951001063923,335.504385084173,334.390313562593,330.561820514886,332.195600254529,338.095530947933
445.290244663668,436.983466018672,418.144302130923,414.569514322262,448.074410511514,412.753543260631,433.961080144197,429.092111529581,438.624189728791,434.100138397368,443.908020695554,440.625913128414,454.7804157635,453.735114690086,456.142066520739,456.519988947181,454.60990569858,451.114632236757,458.08269776622,450.603459815813,453.156290174743,452.589350976436,453.853823912609
556.220457342915,541.700720881534,548.579423329457,486.91681865788,554.509322737832,537.767768972349,549.801708722442,540.853422730079,531.597262808549,535.215479880876,544.483932650759,537.256851996099,547.538621556981,547.389312087493,551.089535808749,549.98527080517,552.090874707517,550.587275686953,553.063671248474,551.009343342468,550.591387424604,553.561817451161,551.838905068344
310.000554749921,320.220788347734,303.608469618191,297.499057325979,253.336798816739,254.98909451094,260.197333692128,246.549035771561,252.742128108918,270.406941123693,255.71113273205,268.873128426831,265.865550293659,266.831307855481,267.608838742194,270.12766728127,267.152537123489,272.511703138249,269.356315229879,268.544444856942,268.252124745844,267.779465549732,268.260125344407
405.233851256179,410.757228856098,395.462173377818,380.141844479566,444.837027123833,409.950674480981,428.65609156512,444.428285322741,402.732599327101,405.988321599741,389.982813432082,426.01577380909,387.85772633387,393.627873648172,418.324250702885,406.144781351223,406.991829889701,407.687270730385,397.077858663623,397.007202638187,407.712632583273,399.733692606189,401.707754829508
630.764362484542,617.943919936428,599.862048034654,626.801907826961,548.864034085992,608.461929836753,612.169994218834,605.626138531713,605.393299175427,617.791109856312,600.691986536293,574.273700590975,573.18841263573,576.289772480028,576.548657075888,585.954218237591,593.545594956104,595.238448489264,589.674312734807,588.518860960315,596.522857946484,588.428024781945,591.71252936804
461.434964271328,477.781448607013,478.88374712857,481.178511459567,447.60429608918,453.076794363849,450.693527676196,445.467840801585,457.000016652325,432.780686732991,436.534518796051,437.965349129056,435.312628214785,442.100443100554,437.094323707115,438.754762531304,438.241654317059,439.007789624319,438.075913849334,435.914327917856,441.235932698881,443.835042622956,439.423498392073
484.695300290384,456.362125196817,470.450808742004,470.473203651752,439.962856545879,424.587349147389,389.998287259745,401.697462747273,430.548503796951,437.548886219242,439.61802508392,419.942859503822,445.402587365236,455.909129843325,457.638356920454,444.295748052946,461.0121922742,448.184618049376,456.871204689475,458.29473888809,461.658203484009,458.757490502791,453.362529069022
246.687593944909,248.610276546668,213.141802040216,219.345987803947,204.822938876779,198.747628842686,195.158771423044,219.498319731221,205.060257967815,206.445676413388,216.653904600674,207.27456349551,222.885942101221,227.947140351536,222.583052500111,224.372315666465,222.229865083517,227.118578441255,224.808744750221,226.105425453515,223.749167164257,222.785566387597,224.871872181316
474.926888551595,456.714263299612,459.318071019713,438.960189173261,408.837116264522,456.917177024769,421.823261529511,412.538919828156,438.051354548214,437.868450142875,449.093916966367,462.65923385829,465.671516023265,460.908098277249,449.804155586419,458.538242104719,454.154313135256,455.341869038786,461.740468889889,454.400285518931,456.906609639056,456.516504390915,459.926574567165
355.253218619774,352.613443635622,363.321883044107,364.775519443529,362.655476048164,345.188117820259,353.621096976715,353.392605992924,360.740840633933,344.812912535532,352.592766607161,349.836715098697,336.07336290906,330.134760538816,337.061747841936,334.070781857191,336.865175485415,332.573424174695,334.809344942018,334.109779741291,336.305325719901,337.340660929385,338.024310596745
1001.80465676887,996.365770455596,1027.7388703055,1069.81794312839,990.807996389194,985.756581869464,982.631525132905,969.782733959736,1001.87127203803,1012.32888763023,1011.64674504846,998.534551766492,979.983970426392,978.85237548901,976.093837134586,973.22643181443,973.018530686932,971.048741083295,972.085488399344,980.251595484776,983.720872860008,975.356934646024,983.834829786291
142.482417818673,155.859695065696,124.124205384267,145.864139821253,139.303506701352,141.459914948778,128.99895702344,147.360393149831,143.24653817078,150.667553171381,130.02729096827,145.23249224833,151.060994212202,147.836919984108,144.340969013481,150.106385246723,145.950326541276,149.335977379798,151.059255284889,152.136934497884,152.2873536318,147.221061775629,151.952086795436
305.572102324926,271.415899639231,248.93055363521,250.837083552802,216.722338699544,236.60752177824,245.815033298578,244.650078998827,247.814284884853,228.460107160514,258.513896197993,239.797497041433,268.072070718917,269.873301054564,260.622742221224,260.72908882732,258.745255161695,257.871680116807,266.889497977109,262.102328582846,265.514678895615,266.071552459751,262.597602289043
387.145751066788,353.584533438558,371.558960362189,378.827128511686,315.597005697,362.376170614008,389.377247628384,395.067389304792,370.09884433314,378.099396283031,387.93902800786,383.343573930445,378.080115273097,376.529025004114,378.890836698643,377.98005347126,379.461083833739,372.527341403662,374.299281512807,375.026658622767,374.164911255884,372.714854411836,374.139017915749
362.044789176072,382.267289279917,396.032270909841,354.037797078434,352.546975402375,368.973755707186,342.994987521978,383.494206938351,347.136298338293,359.993910503177,365.282702394707,380.368917625234,386.44450521262,385.78036651429,386.127508417066,393.215774701736,394.852154769088,393.352915125371,389.724484064351,389.461187841439,394.934112751495,393.469327525778,397.612138834438
592.480081671739,579.74783973543,583.984949844292,528.448923744722,587.683580134444,601.869184250203,590.846723521329,580.764128572338,565.837947476573,591.119964224901,570.416111106799,563.632833588474,576.90673378859,586.830858506686,582.807067755975,580.516439349271,576.023936363895,579.225434587971,578.37641843647,574.520724794588,577.159062050093,576.48294328981,576.496764340319
638.597425613783,641.557914173347,600.771895215283,583.284833573656,648.119776244795,631.367725402341,596.828604809584,620.390957743775,619.392927862867,612.595383647087,599.020259530996,620.257857647894,618.319208555434,599.991675890618,607.716426221679,607.978390982751,597.767031700414,603.266898347677,607.538615395724,601.281305923179,604.245936043069,606.493340764293,603.761010262504
328.216272054972,321.637857993649,387.273273041921,307.423596305537,314.640042305068,309.829211708022,285.153837645896,286.118073815669,285.342976420272,332.207890822912,307.402741262358,306.614908325623,319.521672468208,310.649484112771,319.383432375859,308.743132256622,308.388536299257,319.971583163978,318.179204421412,319.122126918903,314.315090518144,316.484596840968,316.764861444958
224.116084054448,226.776000460528,236.6563372202,203.376181639191,221.611063718903,180.550773123964,183.194472861405,194.204834660359,199.565848299883,203.620756562171,197.068951550743,207.161976263717,217.080727966741,220.879977540347,218.732919274083,218.836192108379,214.935342924771,221.952503058667,222.893429386809,214.516348795223,222.198414975585,217.162735102237,218.745230703609
469.744117292446,418.780650394209,406.759267949038,400.115077649835,371.49809771555,351.002822260004,315.616039213302,335.493189844708,385.75175909095,374.820244468372,407.456799433715,413.104540671864,427.044257345105,434.993447739506,430.326836433183,424.968987952413,427.699909219538,434.127405080859,424.863618636628,431.984916916571,433.716636223845,435.461131168354,431.844441739036
528.225323229443,514.366044837657,513.81368902325,495.044873484805,544.46266032086,507.736877309686,509.847815323117,492.960517421502,550.91509993791,528.504421989996,566.280905573427,502.843960586106,560.603431302345,541.853727787972,543.0543536419,539.371461373435,544.448525673719,545.094516930139,546.847539611726,551.319832774731,543.470047250149,542.272323675165,542.354074784023
336.415563865864,352.271617380036,347.359945366874,306.465019833564,348.089555480339,312.14130948245,310.891193814652,328.718580085158,315.466243900968,315.938556411659,310.532562221604,295.602415408892,300.934416227865,295.173342138205,299.011949127946,307.390714253562,300.785788328558,301.340033608732,299.080452327411,301.896308340516,297.938589177948,296.632065417917,298.102464212228
362.411052575366,350.223465789204,295.435605489957,335.14027735554,344.363002126021,333.055254925887,358.213077222144,382.647444923992,376.778698605566,384.861714029971,372.856850287562,379.124117181195,394.354731498157,397.536469792026,391.735767036866,394.699303061507,392.042603778828,391.530750643716,395.644453078007,399.680090167281,396.729954658498,394.180520195302,399.124873082982
586.20035679864,581.665758693594,563.78042084919,580.868221411696,613.090414176775,581.08938530047,574.112146338365,577.392413059282,572.511345902037,576.445786747522,566.759411779123,568.169513688927,568.632381982975,558.740463231686,560.15781097288,561.690734438066,568.763018230539,560.813339606695,556.023832982361,559.876343901067,559.143487053914,558.180310264596,558.557077506242
404.750171716046,374.791338994843,310.030722066291,361.77867079192,362.684073693369,363.627074197661,363.78138597518,381.895858169926,329.58506200087,362.050864793279,366.399676201668,350.755993397627,359.240041633993,371.723650718572,372.165417711331,368.341422321394,368.710846757867,368.123616642821,371.209030185521,370.095440953139,372.030451583048,370.534420370877,368.417259897832
255.884526040809,224.515277908567,227.368201780362,223.983646411212,201.18428226763,229.503576118447,217.652696379429,232.835279262104,213.542929236788,238.069539571496,221.081567376221,250.400868255865,234.737852561535,245.085534957702,247.582741702888,252.791914196565,239.66750380893,244.981724850248,252.23773976672,249.385761964758,253.034578726651,251.960708530072,253.200144655874
610.404811400981,578.821482411712,596.293197955096,610.439831660212,570.610367918015,578.253280999534,585.562415052591,577.781779764285,592.44404905233,609.725181986752,624.281178965116,616.665410463522,635.702056241651,621.671506953521,625.95858002139,622.281258828662,621.690496332964,620.960819396946,625.264080476123,627.355709264047,621.129451003336,627.425709822477,624.452343301543
425.256674983407,414.297974633392,467.319223142616,430.859689280211,450.580489399345,429.404436795819,423.932787559867,406.133327136046,425.03078494708,438.292444799173,421.859414927713,414.261324140129,440.481108505637,423.114250513134,422.823760730632,436.365515884615,423.392916953118,426.536984410879,430.204520598049,432.159906031358,427.296208134441,433.507916830132,429.746170607988
403.977881699744,401.629812272504,412.816348795431,384.525775130882,381.719920504063,420.766642018627,397.262792898143,383.773105884519,396.938297601936,374.569867602987,376.146686389992,372.542080015554,380.15175904006,381.692801454165,388.242845228518,383.321191565253,383.167071721149,387.554856306046,386.840822770581,378.794491554049,385.925082913721,383.784123065762,380.961274864328
266.004047298613,244.714866739301,245.51547231289,241.248523032795,213.381299535582,228.691308577494,231.529764846017,264.390178150923,243.380493458514,271.320307957198,279.32550199332,272.229463324979,294.240718622318,303.783322753667,304.332046942096,305.308457838986,303.583583865072,306.239990113161,302.233895656083,303.618547235372,312.133648225274,309.716575791467,306.352687195769
699.797064620509,680.655977862402,682.388772087434,679.603980238787,707.844875397695,680.235608550861,641.996818501875,665.530968885582,681.511755366317,661.396280615113,672.562382231338,680.47274424649,683.750432712045,686.306588537401,690.262447626485,686.231442030376,684.618279763771,685.350375037421,683.377488577337,683.021076677169,687.405110463021,683.543471500277,684.762522940981
375.008353911558,380.252750834108,399.160805064828,374.407098297708,337.105542658684,388.309982038068,363.009632447846,368.592603186916,374.927166672144,365.159159345181,365.389486923248,372.316798801945,361.471431541294,369.266425688047,367.072088788036,363.105488522877,366.796713631626,365.769563528332,369.65383790061,371.017341081986,363.701012483148,366.630656991511,362.943700763128
448.531744499097,451.567384637913,423.189934858695,391.991641178375,389.670352556331,413.105062275493,412.838400783814,481.041113740146,446.32195955093,452.591768550796,428.524215620377,426.305104577788,438.906448642386,437.223075992426,435.940267819615,437.855895372345,433.967501646704,434.271355920252,442.503861244409,440.934004738013,439.186577117247,440.89762014378,440.759012324479
533.027962904171,510.072709718201,543.35458563182,538.304165508883,540.649461325471,577.761623270616,555.040664319207,512.239195330232,519.057540716909,519.648395689786,520.153558732106,547.417584189295,529.013093371829,529.043735056632,536.886437106266,531.54210976376,530.881014828872,538.613401749426,532.425419949337,535.685755091812,531.294253770153,532.061153158436,534.657599211483
171.174236853132,160.365922098135,159.802686609722,153.145966445081,162.105397908093,169.819473254261,164.213727262589,160.181642574951,157.826071154288,157.888157797088,149.906109137522,155.994888243488,156.041485038328,153.406295379632,154.169166960972,152.963385993534,154.077209959195,155.044679490856,155.046558776066,151.146041584076,156.417994650436,156.213891747052,158.064680215239
153.299401007365,156.888671516713,153.456705993975,143.60290749016,120.132468902594,130.988316547689,132.230805439034,138.094821167069,133.022281936263,164.405590858004,141.494525048202,156.286842878591,149.313071913769,152.404158196218,153.13861296791,149.427756566313,151.866020296679,147.045623321719,147.920719750586,144.508313208105,147.786168677312,147.526791882882,146.969004565256
646.443577627256,654.466021825619,590.328813472886,660.658779471238,655.518681052122,661.357318234898,656.092342590968,673.832792614338,692.949363824658,665.475057316099,674.925659566834,689.80491044635,666.456633488795,685.275761169016,690.92037550423,686.760224878479,676.604551728808,689.356716955575,682.839874093032,679.632335927835,673.760023578663,671.744809831025,669.918642441908
152.51390442531,155.257150324195,153.380174448281,139.016749004622,127.325693886103,114.943357013944,121.996396815477,109.037680968749,116.970155495212,125.663326610464,115.699619701657,138.894384738595,150.134574886361,143.103403269722,143.438059144598,141.093610594127,146.231498090321,144.506417312321,143.122653501651,141.24807590935,144.757337829729,146.817004646417,149.192855870623
312.098317360697,306.253713220809,301.043397716561,256.799221435378,268.024050510314,299.921714116644,279.949487876623,308.342771553262,287.059834856708,304.182480482277,294.822879016735,290.952446558335,312.800083535482,313.566540722745,318.803095632615,326.438420141911,326.476301373026,319.156395082747,320.169146603002,323.881159689845,328.227072012849,326.477380934679,327.620347681406
262.157074806675,270.738682540427,252.385308539886,273.427261037846,267.923237581455,244.631616493271,260.921257408565,250.213004788489,263.924774470719,244.003519671212,247.605089076825,226.32745535889,237.321446734911,238.276545630197,234.124082771991,233.252145075703,236.329630984476,240.19379767568,235.727949625689,243.478674733366,222.052902802345,233.872996570681,233.294660510876
338.508130942977,317.721382570507,306.345440043879,297.487331292215,336.261689414637,277.941214435847,317.262618494278,323.193031957365,292.062338719144,330.792396023925,320.523648965293,336.173931661707,336.936232266687,340.032594561304,342.029846092469,337.365016968783,342.009999368468,338.426714364462,332.96398347722,337.357468263585,340.25257963979,339.465582743153,339.253592426867
620.738513790529,623.496462021779,616.529265068553,631.124844646037,629.383807159541,609.619024239809,664.535112240086,620.188741854132,626.268334258171,636.780317156084,625.441830456453,625.53286177411,598.877648928985,602.213934937884,610.027376486276,605.977841050019,603.924844841907,606.324636051226,606.84556590955,612.239912909631,604.971712277264,600.812869712339,603.662712899135
488.379665123987,502.610501813994,451.700051616201,436.653176483559,472.088281786221,498.435417770071,440.726490573038,453.281778851395,448.832746157549,463.620884558282,450.371653329657,460.074211226038,461.215767738,469.724213936689,461.106849175571,468.816756807558,477.860558415631,472.651164058054,470.840913107683,469.89852577512,469.415240882213,468.065491751754,467.781385036568
540.123335824993,519.416133849993,537.649760949255,592.723908041007,546.065254562483,474.890292583279,458.759686302573,472.176494806576,487.213376619805,529.880090929026,502.294384409361,499.530982416087,516.307436079222,504.850598311491,508.33161716476,508.539801293213,506.655173893554,512.177304141652,506.317067714341,515.017985801778,512.225802924019,505.499881123952,509.667076710537
279.00492072482,310.591117934154,275.155965420353,274.190060038338,277.396708646726,296.841563248443,275.505292533874,233.828114992982,265.933330756521,270.236022073049,259.595684641541,255.431304336965,269.038544764626,260.244971188118,269.320652550199,272.090901447549,273.946098667846,271.406534857945,275.35913139182,276.982184935727,272.289066613385,272.959824788667,271.563492896416
348.640018622396,319.125597607233,332.912948542092,293.950937734493,325.113478385249,336.953788708412,318.658989565561,340.016691160668,346.866794203332,324.763380173375,337.965249585124,348.287829119907,346.541228311733,340.463454043906,343.086880177944,342.753829233108,340.83072059772,344.377650618771,349.977593633009,344.090722646724,341.475525821299,346.191416516816,340.532315475969
190.550181734633,168.0646896086,146.208831871599,133.046324356832,155.782750728362,163.074608801834,157.509281783745,147.745761386186,187.595648411072,160.982370716287,187.529519642807,167.480077265857,187.355389547494,186.539190417503,182.706421558923,187.452906837599,184.973514185109,187.562849939681,186.987539484111,187.161751823201,185.108577963316,185.900414130453,186.632247115117
466.411887608011,484.56780852011,490.770308093064,478.825426232175,473.257561803104,469.136944658485,466.829500662447,478.662369133748,479.742361099551,482.499273498826,472.779866252618,479.255571972585,484.22021233759,484.148950548445,485.327516162081,484.339290024585,483.009721431991,482.918440977495,483.304053793696,486.430795275421,484.946039873769,483.052437033415,482.956643274966
628.347685944811,627.451299341321,630.618995924809,600.610787077275,598.030257409805,610.730819696295,605.204578357587,607.654135372997,608.875888880853,614.253092219649,621.04503816471,630.454706861285,627.268742364658,637.21055410478,633.424604404868,639.945655902402,635.973419731053,634.858426500659,634.888978262418,642.150686668665,641.303306006196,642.530088802686,643.632628395754
198.214047366653,202.990338550914,177.718305904378,158.712820498319,165.135841267272,153.707562031119,175.240035044381,177.417224969148,172.797688163939,172.146485598104,170.550643946886,182.214825866422,181.438432045544,186.106059892411,189.352417910513,190.603701997092,186.731581036193,185.261309087959,185.447843682834,189.24823711131,183.499800594006,185.221707100839,187.836900804851
451.451962029956,454.734752504507,415.855086578832,442.379980765975,443.474651224589,438.114585889609,450.023043219162,451.97079362529,446.228970752446,463.234011595767,453.543033178659,453.267456343835,442.74496840157,443.846221620365,440.319286478333,441.694902462583,441.363017401732,441.349167376485,439.056379043123,438.356448776385,439.526076122746,442.355702944472,441.682106278701
280.491965241497,279.990693367684,298.701430198013,292.536074939514,298.552924720329,285.704795325267,287.922570236808,297.182177996416,290.346297952506,329.537402927368,308.060068011833,306.864232569955,311.970921944024,310.902882965478,308.915341203011,305.071867344691,303.194787198656,303.409688014114,308.23783920986,308.173694296517,303.473848843596,309.64436104125,309.892357031151
319.464726898505,313.57327067842,299.538975439624,245.180792710253,289.660555102268,247.893185960745,260.323797104267,270.323360222294,286.731063926755,289.314843450907,287.921551667981,277.615426891221,307.102683927509,314.683415826307,308.807823916441,316.246430417276,313.76489057526,306.814540682179,309.164776468695,311.224193776378,313.455581769392,315.459697453265,320.162804741909
406.139489405783,373.954426151784,417.291583600916,414.009639993753,403.977450212597,415.019258500242,409.997760669725,427.022659728267,418.688862992004,407.045220184977,428.471894521379,436.054825510119,431.798676304797,430.917347009582,427.055150152386,432.123512277531,428.523561303401,431.20033184087,430.251874354392,426.98026748752,434.231180472168,431.423455444584,431.423220692409
307.781415226229,279.10747708437,248.265099669702,239.838908103547,234.923703101848,270.828035767297,240.988565740199,255.817763088294,261.447400084455,259.219080614377,241.430886987883,259.769446293265,264.765824469117,271.490351966525,276.095379555669,279.371743942084,279.41054339562,266.467407458684,280.718864063897,276.79417889727,275.728032898376,282.251706411235,277.255413223431
287.919621455753,236.211493848721,294.604338287871,277.442342983014,295.957871940044,243.110360572795,255.679265731496,223.621781924121,268.682160601614,230.18216778424,268.169006771081,258.552744086685,257.130680002461,257.14399773062,252.006371584516,249.34525112628,255.662824035546,254.917813020735,258.320432880314,260.317950424035,253.415576036162,253.208551130214,247.48601607923
958.713881276502,968.086046518795,985.076879469544,947.37009093736,866.893217573897,955.724467954004,943.279614467171,972.003379414082,970.098826439739,972.150719483761,989.929326767692,981.734772428954,1014.72237281087,1024.18289284614,1003.32969554249,1000.16935395919,1012.65634725793,1013.38611529618,1010.91835326595,1023.44008057301,1020.81878387153,1028.04149315753,1025.90044380665
913.302240843421,915.351427039216,963.703061523983,923.600883176833,933.985396413747,947.867857832436,911.12431548664,864.089075964092,938.295801578112,916.678563175573,925.878542612339,910.917758009236,903.600513550688,910.992619753968,901.757716972037,902.225687552719,909.745480716892,908.588681901886,905.205191231837,906.388353739226,908.408977560257,909.164077859744,908.649916342036
285.311690043765,269.831363289828,272.722704154122,234.744246120254,227.037340727751,229.69336803322,254.739587693972,247.261240488864,264.189828645931,264.563179816947,253.938684711749,266.533016902324,267.17768983461,260.444421440835,270.653552789192,266.965173338681,259.773979699646,268.889238621017,267.685364309677,262.70177415026,265.083952063698,267.612055292433,264.915865148972
417.091339744571,414.951567197614,407.370826462716,445.273350143854,368.924722312476,364.591170927697,364.381515027283,356.796129095895,386.434172763785,374.894418086197,382.78142187258,388.69567489023,393.052747230159,384.161720763891,389.570256616254,391.446776380565,392.85252346414,391.617361925222,390.438984201034,390.983527364965,387.422297833471,386.763511268268,387.19333569246
581.004063757464,583.381394195467,593.489943355058,594.480330593724,586.714730247865,574.73327413751,563.387817012933,542.395622219062,554.532917989097,556.792778248172,575.124452027264,560.350492873944,571.203708724023,567.469283375007,571.107487260142,569.204591543549,572.332960056045,570.153655046973,572.969585997862,563.005135859956,567.662943570505,570.355507081132,567.479916687788
422.446360824642,410.003433115618,365.550284539346,352.394960994584,390.275764351179,372.526534199072,355.37479012233,406.036291825308,411.395680061925,391.756733156533,405.792038357,406.320419232716,435.220644061529,434.811789362413,428.11582554576,431.873355797316,436.709836337524,435.563794486067,439.426704125021,433.09432550383,433.24745739237,431.38776607222,433.844808395632
294.125262895248,308.232452563772,277.814885974225,243.209134930575,251.268944161751,220.398443995073,280.168184005833,250.528641417327,269.567054685653,252.563839637911,238.782777365332,255.410162753316,247.904306312569,245.511224708433,250.10926238973,251.756902656205,250.889573681768,248.528806819234,254.249909762979,255.164181192115,247.993054799196,257.906490737785,253.373530188854
556.894971399804,518.704879059744,469.874307646472,546.553571358595,578.96073213394,574.139631370204,509.011007228663,499.49213275965,541.839137849939,520.928729924745,555.042387477748,536.441493896063,542.30571847421,552.904778415133,539.273154856794,547.972489641592,540.202670608457,544.791165190652,549.866669223301,532.566762820672,548.898316808075,551.917127063264,546.089213811184
322.336653240278,338.984146944962,325.694061212047,297.342959051785,295.354542601521,283.361521737673,277.484155994191,260.213751629402,277.316020236433,254.12304016915,266.323452202402,257.926950602901,260.761968068016,259.215545530738,253.758123309831,258.980669637664,259.380547872015,256.703763153999,255.651044986345,261.112170842262,254.743856227828,258.10427483215,256.75082372233
430.470963907198,421.170305712052,423.918908291084,385.701682558683,379.850519400995,383.11532070474,374.847725148124,391.034314421294,412.482287402307,417.086122647805,405.710867452596,420.818688010345,429.341775149987,433.797413354675,434.88379609932,430.943381388201,433.050650221426,433.957767760439,434.579947504752,434.273741243539,436.041248364874,433.846748404998,434.174784192043
384.291641298113,385.959985535556,386.83165515741,401.165883080868,392.31647919457,394.279031836547,388.156522684948,389.935791290319,390.627602184641,410.099883743087,393.464440527697,402.744066626064,413.061822667223,416.992506611509,418.995669277829,418.15422356707,418.888873245062,416.320572221838,416.845355719714,416.963658409622,419.705295434211,420.435858994892,420.791633139699
320.122788643705,310.050668584468,324.266892022217,337.176935795676,266.913272070132,257.355091677912,291.512672855156,225.734474248839,227.583203547772,234.395873063874,250.375157259805,241.232709284593,243.891697293117,231.757239983554,248.748545774846,256.231387740699,242.608168731274,259.123490242715,244.410947377484,246.991282649569,244.385564826238,240.020945315871,238.754747751304
363.652659353198,376.86586164561,378.430282643353,379.083886670201,377.403002237547,356.527239485543,356.769778317376,360.172412228743,360.804812764748,366.18601265372,363.145815491343,365.360037435426,365.505800664179,360.057711887003,363.670880061462,362.535179038571,362.526239991412,357.685776060532,358.702020184437,358.972787442725,361.336703589726,358.157559440329,359.609922222907
539.466417087771,555.847393598091,552.72781513346,572.665370699484,573.742272451864,595.260253149004,568.607783978595,583.419127190645,582.134053035105,580.42827939658,576.623728413059,575.830299310101,581.997414753211,565.845248536875,563.031814558334,572.877246808258,568.768372533717,571.122261540917,574.602776998037,574.075634258052,571.952253399271,570.799478161408,573.890531447853
413.952830559205,409.775900344351,378.359923302227,383.398236161076,403.894891459882,390.95324372934,383.302942580065,364.629091254012,407.28537662886,403.273059120677,421.855197651983,420.197639434714,452.988505939797,439.561983466543,446.60354229061,446.434727571428,450.539931187487,454.474618193656,450.760579457144,454.203024837377,447.575314490319,443.356418224653,441.390738551293
359.511808319702,339.33760700048,374.375584405192,366.166790555512,366.605344221077,361.924682574814,366.295136475264,373.379614739499,375.245290196909,371.418126112059,376.626016293088,380.028341502245,384.049537099178,381.971327098418,387.464222253602,388.110567149069,384.293255835565,386.193485864073,386.423755811042,386.25342356238,381.510576013479,383.356731681439,384.475810769366
657.861203225745,646.324761890279,663.959597384566,639.850820070388,611.977020231681,676.182593860959,658.453923687166,660.876695965159,687.946810861593,652.289931716818,687.933407226391,665.125721417819,676.613499682386,666.140766667222,672.652286386032,669.958548720116,667.060420269816,663.44365418423,664.936409774918,664.19231883221,667.504619695532,666.874071051261,666.751907059603
433.895120457431,431.363526760912,460.240672671673,416.781025107111,400.610177937029,414.610054405768,397.384878557048,403.740274178647,411.347486290358,416.098886144041,381.459678862183,384.470101088854,384.373130694469,388.847128858533,394.06329089376,389.811541440039,391.576994306607,393.479747897042,395.068381425349,393.458014304439,390.229701870209,389.967591526436,388.825962901977
336.338231345016,322.071920689311,295.754779618743,300.612960013837,313.023021729169,286.505872362464,272.033779293641,303.29311888243,287.900448428341,296.032409335123,292.032074275897,291.013901591332,299.763681060467,300.323030150024,293.454909227881,293.564127814181,295.214972154056,301.112274066504,300.05033746742,296.946506408124,295.901623500037,297.261933065114,300.637908000196
302.900461545056,326.142527378122,299.867500408067,278.978346374835,238.962549411773,282.715726266744,283.957095145008,282.365328233053,279.524661895547,264.092640308983,281.16986985065,270.203061366655,264.985080005042,273.788846746747,279.961291251866,274.042087405456,281.641476227888,277.118434934359,273.231397478776,280.180114200415,277.671383110723,275.13920191456,271.434822056089
