"V1","V2","V3","V4","V5","V6","V7","V8","V9","V10","V11","V12","V13","V14","V15","V16","V17","V18","V19","V20","V21","V22","V23"
69.9974728435487,70.7490127319558,70.9913828592788,70.9962837107331,71.0017680309963,71.0080232990139,71.0113490780787,71.010588955629,71.0071933336371,71.0126386910134,71.0061873701437,71.0087766767629,71.0067732607583,71.0088158049651,71.0049764074197,71.0031735524193,70.9994036947497,71.0026564983556,71.0042160623045,71.0022244101654,71.0055028414955,70.9935565648619,71.0054221967059
95.8693303843454,97.9240465708783,98.1834584006201,98.0387954149063,98.0478949508297,98.0530998150954,98.0512591128037,98.0529075850113,98.0433423673241,98.0466049674139,98.0450868778224,98.0452116097303,98.0430546721167,98.0458774629382,98.0510744639546,98.0632463204797,98.0401987732837,98.0580280501918,98.0514102346316,98.0590918690232,98.0504344085563,98.0543873116898,98.042961410719
50.3133024881132,53.9279995344352,53.5039802856746,53.5027633635391,53.5028218078707,53.5001899318213,53.5001449191966,53.4999248327754,53.5000247840323,53.5000348747005,53.5000536645644,53.5000459255311,53.5002654177991,53.4990240015312,53.4999800215831,53.4992815665708,53.4991377340227,53.4993094318283,53.500077828582,53.4981113148463,53.4982401976337,53.4988580655622,53.4978284966008
65.8130913986233,64.9225106607735,63.8398541043886,62.3954757849842,62.3862662907256,62.3743416782749,62.3817975171198,62.3840536762108,62.3863941810675,62.378065308287,62.3733329187795,62.3757284429215,62.3693112659594,62.3826817336981,62.3750788671549,62.3709236828177,62.3649520048677,62.370691740564,62.3760435386161,62.3562142839308,62.3838325273169,62.3592011450317,62.3792542271519
104.66330870401,104.97342983344,105.2148412544,105.286710388487,105.320302937813,105.332337246524,105.328649818173,105.344980097653,105.337465112389,105.328319690883,105.315586527547,105.334742657008,105.334348514339,105.323504637644,105.296621738516,105.332112433954,105.333316334285,105.306256983561,105.325619784784,105.313559654518,105.291524886466,105.297184377902,105.301056175673
95.1090109676242,94.3344929773083,94.3569744869281,94.3096013202047,94.3043833936637,94.3121732803923,94.3124429014239,94.3019552977516,94.3036431716045,94.2931733739081,94.3109083270786,94.327273845492,94.2871103604823,94.2982507584063,94.3023494503566,94.2925602937643,94.2937618445143,94.3107560001008,94.3097668595823,94.2759843868649,94.2942737361026,94.2730941464319,94.2937926393294
172.445364532343,175.447147302021,175.675925702821,175.659052181787,175.635061663791,175.655791151154,175.622577659221,175.608674368306,175.608806260182,175.629436078107,175.565470488716,175.60909468756,175.549057901613,175.584333339246,175.604779428856,175.598772666576,175.628780830066,175.552733913628,175.61507021186,175.646172497186,175.615695542227,175.581192281873,175.567810020969
113.975098065957,107.730768754147,106.686626234901,106.598306075601,106.581805169521,106.572295423379,106.562696089635,106.566713792121,106.552025596042,106.532582525856,106.534406691086,106.51654674053,106.489346814765,106.511869658325,106.507573639614,106.477321661762,106.495183489781,106.494980918613,106.475800012922,106.502166904036,106.478987776359,106.475244237407,106.482854613611
119.541677674015,124.255247016417,124.769175978724,126.11067949537,126.101310955062,126.113816556285,126.102311630114,126.117868475662,126.109345193946,126.107351012074,126.117342585481,126.104221156989,126.047462844971,126.107538152273,126.101549315042,126.110541035784,126.093992151538,126.09594773836,126.143756249249,126.084944821694,126.126936924872,126.055045118505,126.152605260796
104.622192305194,104.64034006091,103.744717229092,103.410729235995,103.379419587563,103.374365012334,103.377059756592,103.373143710455,103.376443344703,103.362854213225,103.372018427969,103.365100302543,103.365384528322,103.363553273841,103.373708382697,103.369466018633,103.371637821589,103.355214371423,103.368251768275,103.368560056221,103.358017347795,103.350815312611,103.363184473303
31.6337248017255,29.2851527386639,29.745056031998,29.8686005770292,29.8755389254623,29.878783420547,29.8788280994402,29.8787677699549,29.878783420547,29.8788469837961,29.878783420547,29.8789446773105,29.8787834205469,29.8787010811153,29.878783420547,29.8783890030787,29.878783420547,29.8786049037781,29.8787855711548,29.8787874965299,29.8778700646211,29.878753097129,29.877304252163
68.5290711628208,78.4191290545134,79.0522343957335,78.9617593592359,78.9640478407819,78.9763811286053,78.9677339229719,78.9718921979081,78.9695592058293,78.9630351341509,78.9622008498209,78.9472797077725,78.9387563875416,78.9534803237227,78.9715014936096,78.9698507039896,78.9521181880297,78.9689682531288,78.9493023992522,78.9721355071622,78.944311765242,78.9706090960299,78.9530204479811
90.2808587107908,92.5007846314014,92.5222625649365,92.5181112547008,92.5090448046585,92.5147917913633,92.5073666319543,92.5120827675081,92.5059424764032,92.4991146940845,92.5188482060011,92.4969207927025,92.4499112776517,92.4611919084443,92.4625277744552,92.4957861560981,92.4375929501497,92.4240134268624,92.4462275141381,92.4441749761815,92.3951225119518,92.4419204299585,92.4364661007019
154.949327800638,150.954473103756,150.961852195547,150.948018711554,150.932430045345,150.922214135989,150.916582940699,150.917116805073,150.86748623343,150.888015391182,150.865699848059,150.844956025388,150.874694044373,150.872064658879,150.868089578188,150.869621178028,150.899357356107,150.901019652778,150.833226744521,150.81795637896,150.818879830838,150.880915535862,150.900446334239
88.4546173113261,85.283904062537,84.8780563469401,84.7813118561534,84.7638171093625,84.749131976841,84.7504147616061,84.7326297588485,84.7507714066053,84.747549326868,84.747183021717,84.7573665318013,84.7569711768528,84.7461166831489,84.766487594199,84.7642066398656,84.7592940926801,84.7805746958664,84.7515140380404,84.7437283801225,84.7641702298358,84.7704421970475,84.7740523056759
79.3742286880456,78.9717798725368,78.7087051006228,78.7403301615501,78.7487075896353,78.7483113250765,78.7413213061177,78.7306708105173,78.7266415427825,78.7351732782249,78.7199015278833,78.7157979535957,78.7255762492884,78.7376687081136,78.7298911339769,78.7075174137008,78.7176926526528,78.7005901594229,78.7163982513606,78.6970569681131,78.698976960911,78.7302072160469,78.7018466153664
77.7700194068064,77.8917473900474,77.7898681128797,77.2836679951847,77.2792750497773,77.2793007356327,77.2778906173581,77.2789294581928,77.2786123841539,77.2787662418128,77.2788742473945,77.2787389334768,77.2790592309226,77.2788407035446,77.2787481125098,77.2798938041863,77.278815428447,77.2786054638999,77.2786684796885,77.2783212778093,77.2784088932501,77.2784241852794,77.2777073982804
142.047319220608,143.840979415209,143.885898174459,143.983637967822,144.044304403746,144.037913987402,144.053626410214,144.04581610793,144.045882971585,144.048933097194,144.02988458272,144.045207107483,144.033410300096,144.038233765049,144.051733089143,144.040597422456,144.05057321251,144.037749185052,144.056444000987,144.060803979192,144.03078115202,144.044572201593,144.025746345977
24.5374804689152,27.1908297609847,27.5967639358346,27.6276028985637,27.6336423329359,27.6345322571156,27.634622623406,27.6347171630028,27.6347171630028,27.6344213266997,27.6347171630028,27.6347171630028,27.6347171630028,27.6347171630028,27.6344231999753,27.6347171630027,27.6347171630027,27.6347026459778,27.6347171630028,27.6344843069476,27.6347171630027,27.6345668486134,27.6345864047851
107.032039658046,106.014141172568,105.899925087745,105.847675399289,105.702818445036,105.709153978986,105.662891572151,105.624756256366,105.632125351193,105.603481620779,105.602720408912,105.60284724925,105.612916227502,105.617390579883,105.662685624764,105.666973850114,105.663986944623,105.666066548451,105.610310712792,105.683938200208,105.653458896957,105.69084796935,105.701649892635
114.072292585817,114.302184176392,114.250230081328,114.327327848397,114.356676103363,114.37444477677,114.366001418228,114.365385770337,114.392893731703,114.378066788579,114.376107972489,114.372759697243,114.387146881724,114.393782921692,114.403438647578,114.362551378238,114.372189251083,114.387576544836,114.353201509867,114.383279785312,114.386729539336,114.379585078281,114.371202277696
91.1615181684292,92.05943056912,91.2156361528121,91.1970409521098,91.1823196978528,91.1825142747147,91.1837752119898,91.1824631113247,91.1842401500354,91.184969392864,91.1833403121748,91.1886801159165,91.1875685349071,91.184299797558,91.1876414481937,91.1878142870599,91.1842756828197,91.1799362045067,91.1912524010158,91.1846744081578,91.1818549403096,91.1849511951988,91.1788457098224
76.1451828881047,77.4722062174765,77.4637851160111,77.4309657652861,77.4049216759906,77.4048963785837,77.4017289662374,77.4020685445097,77.3953940864887,77.383001948894,77.3720080638093,77.3817553559148,77.3811743964844,77.3818004674339,77.3779910947025,77.3934868937749,77.387299680756,77.3618020509431,77.3976832494548,77.3999669442246,77.3971881530756,77.4249943876101,77.3877630529499
88.0679530599354,92.6877957207481,92.9122854770474,92.8795088234479,92.896199109896,92.8777053974459,92.8767200349854,92.8755214506084,92.8710917591533,92.8584757527917,92.8513888954997,92.8669275267479,92.850381075276,92.8675582917716,92.9075513707498,92.8641447261324,92.8361740743672,92.8477340840171,92.8065269380525,92.8246244900022,92.8374570567045,92.8087564508324,92.8385646738826
83.4815797941422,80.7315129888541,80.4439236009901,80.4104315433311,80.3836892715982,80.3836694152221,80.3781258283703,80.3744066227937,80.3682586438152,80.3594553735143,80.3588588059626,80.3502843846594,80.3618250673687,80.3416402779616,80.3531546253177,80.3525172199529,80.3744489187696,80.3539459873463,80.3665079765527,80.3316822052346,80.3364158866626,80.3475484603862,80.3549290396347
88.5029290244142,89.0827354816643,89.2897233445448,89.2663452384215,89.257877505238,89.2474748957433,89.2495303148554,89.2381860054553,89.2249323847302,89.2333753271181,89.2018870401873,89.2132797601919,89.2282944107701,89.2316037439367,89.2515072812987,89.2147326180711,89.2303868139239,89.195527350866,89.2368107229289,89.1738655099307,89.2133541751484,89.2084280815779,89.2290855348398
184.317257342368,184.326165003198,184.334788890231,184.323610615164,184.346990039774,184.333471470755,184.310157478375,184.259582126524,184.237074345077,184.253568954027,184.27176998335,184.255735790583,184.237817676742,184.272928775076,184.21460601575,184.208951022562,184.231288722396,184.210675276084,184.255912384718,184.177604275138,184.315315814813,184.149340726285,184.250419113535
95.4156306704677,91.6748476380923,91.705325132679,91.6657874037717,91.6788417054147,91.6788000045771,91.6856040416851,91.6818941251964,91.6716411667055,91.6700591249011,91.659011247311,91.6732005182499,91.6692931334775,91.6614035965039,91.669512297261,91.6882172433478,91.6779345387384,91.679894682933,91.6409129024773,91.6798332226849,91.6783251480364,91.6665539037185,91.7001123838649
82.6035056039408,80.0532132827517,80.5717795694754,80.5702818049434,80.5586737603346,80.5664187748824,80.5583200497645,80.5610322156481,80.5656279677952,80.5619016877475,80.5626730706297,80.5596720221972,80.5619294718129,80.5559788637965,80.5750583326357,80.5462196460428,80.5457546436011,80.5588915107324,80.546415819674,80.5501727478922,80.5548877941151,80.5502191391271,80.5509313115583
39.8181626291415,30.3579802090774,28.7529836991982,28.5999317810801,28.5995398348565,28.5991313708449,28.599131370845,28.5991313708449,28.599131370845,28.5991313708449,28.5991313708449,28.599131370845,28.599131370845,28.599131370845,28.599131370845,28.5991313708449,28.599131370845,28.599131370845,28.599131370845,28.599131370845,28.599131370845,28.599131370845,28.5991313708449
148.004342272108,147.603564787443,147.565887650453,147.536726509433,147.542757008326,147.532309814968,147.521570661042,147.513138543662,147.504572230384,147.495725421111,147.471633025441,147.506334326669,147.490838483162,147.514643236528,147.477752826183,147.471144499752,147.462534231668,147.484951549503,147.501333094964,147.470221372799,147.495696818781,147.501529237491,147.502353860645
85.6978660765168,86.8787792374696,87.1540456626143,86.9935373087895,87.0279064907991,87.0298134890014,87.0195198747351,87.0234772459186,87.025173737754,87.0320746642097,87.0210001130865,87.0219389900065,87.0212138326969,87.015224729498,87.0168483389959,87.0292829281388,87.0256629866534,87.0289176521198,87.0072584603981,87.0105854148979,87.0053564597232,87.020604040397,87.0003652241901
61.0101011777242,51.8904737019841,50.3331160094656,50.023792547589,50.0476584454918,50.0515025081871,50.0533997234248,50.0522802227464,50.0583638887351,50.0526413543595,50.0432387946051,50.0490476711927,50.051758912911,50.0473939337495,50.0501963240893,50.04216314701,50.0419805521013,50.0352593895621,50.0381546524688,50.0404459066931,50.0266494944076,50.0517244229383,50.0467360658923
127.710800386399,139.838952162471,139.82896669945,139.818812367719,139.814588639595,139.700822404913,139.696831937693,139.683742341284,139.616793444092,139.686380232642,139.623457617284,139.595833702765,139.595739897123,139.580928112718,139.635048855974,139.709460598935,139.646296563533,139.574553905866,139.622041564688,139.598675022727,139.672724007403,139.634858447585,139.605098046034
69.721048324453,69.3019841431573,69.365769492969,69.3624143129695,69.3603287749641,69.3505793391717,69.3460651364992,69.337990878236,69.3368247531891,69.3324681438166,69.3292951501193,69.332909075844,69.3339289155335,69.3051693102511,69.3075409606587,69.325247045185,69.3246574912852,69.3071006371609,69.3192873993701,69.2986462196176,69.3090186589068,69.3192773653834,69.3213604436182
100.446824351055,101.331618158553,101.357202096982,101.350474237079,101.336748239141,101.305725619995,101.307600242962,101.293002369557,101.285557355802,101.295199891053,101.286512720748,101.298506406361,101.281574456444,101.266766321987,101.299877538335,101.299638236577,101.290124556568,101.269369885896,101.305532334087,101.307741027596,101.310358555558,101.299646972799,101.28720848741
143.121643229779,141.763001060717,141.409724381484,141.398556121309,141.375689420024,141.38549462691,141.379701960311,141.351286333419,141.360581864335,141.324395672577,141.312589309796,141.34412847467,141.32503809652,141.240528405619,141.262665457831,141.169432510367,141.246550688759,141.276433510082,141.242667173381,141.289327813445,141.244603227903,141.215017666522,141.249087028128
131.061311013083,132.110729256135,132.215026535339,132.230578217599,132.229266453416,132.229699956507,132.223869939734,132.219969825248,132.227915730691,132.215762918725,132.238990006772,132.215177726123,132.207557892701,132.202533172571,132.199115404197,132.208094839007,132.214016434039,132.212903508101,132.230924807723,132.261481228001,132.249339445029,132.212266875192,132.217045336658
135.054650536154,133.394202908862,133.337493956753,133.320500754474,133.31675522158,133.31151786423,133.297613717544,133.285456679575,133.24432156892,133.22987582272,133.205448685129,133.240748598864,133.235219473394,133.232441035731,133.22053103252,133.253201645889,133.210317956571,133.256532205324,133.234123107189,133.246100654278,133.267234077504,133.242278731289,133.225483050392
67.7080960198417,60.4756951382712,60.1090186933616,60.0526670143929,60.0297413784479,60.0255935631278,60.0298090351362,60.0230644086133,60.0221639026462,60.0237850031344,60.0172833825927,60.0200649123939,60.0118854826992,60.0228752566376,60.0049369014243,60.0029787530628,60.0077568051756,60.0071695244745,60.0177300435486,60.0056870047928,59.9956768113331,60.0022787999861,60.0133834226138
102.911975798087,102.452787072699,102.400467907936,102.377497349447,102.378592717969,102.379426395892,102.370108561152,102.374014033788,102.361613036737,102.360395416415,102.361518305005,102.371702112911,102.379201062163,102.378264626887,102.370411960306,102.36429024213,102.388685373445,102.351371161247,102.352197468158,102.355346257702,102.349038327108,102.344952677625,102.31557812604
158.432241912106,158.353630110589,158.756860134175,158.768052620116,158.811203848824,158.809977134916,158.809730049819,158.812663483294,158.809849936556,158.813966374375,158.802521793934,158.823873791805,158.77504682682,158.789037394343,158.818825548943,158.788744568138,158.767900109034,158.784874039089,158.799879407286,158.774685226548,158.750089263735,158.780972990981,158.762420120941
78.5658111877137,81.4332293179669,79.2453082180936,79.5303570654422,79.5614722052146,79.5597737411249,79.5656662131108,79.5672555508378,79.5670567591972,79.5633545459681,79.5603388318061,79.5580667897126,79.5659362409537,79.5586663807963,79.5628267582826,79.5588461239752,79.5653575391291,79.5697338041438,79.5568176731825,79.5470128243243,79.5686022846728,79.5525761708033,79.5629631647061
67.7799553149997,70.2719373679335,71.2708521826175,71.2673590442868,71.2735465046043,71.2813502269242,71.2835353136845,71.2877935510751,71.28569921056,71.285175599564,71.2855502422405,71.2855927743523,71.2838683839371,71.2836483754529,71.2866703094985,71.281817759109,71.2867634839493,71.2851611474735,71.2868581538764,71.2863645952728,71.2810466415079,71.2844609797326,71.2825387613204
110.509929085503,107.646546812239,106.899104641425,106.48923381826,106.486081301415,106.460779251497,106.4643665552,106.43454681228,106.427982700436,106.426740661732,106.418222453146,106.40562942093,106.419862238034,106.389865346194,106.410555343973,106.423317572843,106.412828425872,106.424887582269,106.399547019662,106.381258831954,106.448609850161,106.441518344522,106.429990052411
42.1364292353505,57.6773417087664,58.4889970888673,58.6569597465187,58.727468372671,58.7274267617217,58.7238660375634,58.7330184957558,58.7290376576261,58.7266328091509,58.7252898440171,58.7223795358317,58.7293511309904,58.7149419951091,58.7237889805305,58.734360189412,58.714736537709,58.7219938725866,58.7246085300117,58.723341710883,58.7205627628331,58.7308009198887,58.7150981379329
111.233138402766,111.237418786891,111.116288887993,111.029100727137,111.000314920594,111.014593960827,111.014438330546,111.013691291301,111.00936378563,111.016815716571,110.990664684363,111.006549382021,110.976638141425,111.002859182031,111.011429746084,111.005048888479,111.000032921153,111.026681673676,111.014116639298,111.004452813949,111.004730416412,111.038403039241,110.997274323987
183.223928845838,176.626837369659,176.653266210154,176.647473464939,176.645419976712,176.643730958039,176.638896412172,176.633084778975,176.643138548071,176.65250596923,176.632663235066,176.59655891813,176.653930475087,176.6387911474,176.665960127689,176.662341705805,176.601785370071,176.650522220643,176.631787884974,176.621439107329,176.618213893104,176.659523777169,176.605457821101
56.5008310176511,56.9539808659065,59.529261317841,59.7379360551663,59.7192210911378,59.7420600307638,59.7329889063484,59.7288479076738,59.7272916207596,59.7264490698548,59.7216472047753,59.7392842293284,59.7223862230235,59.7385217605382,59.72379474428,59.739242609519,59.7242358745914,59.731413061541,59.7407289440122,59.736193044268,59.7423244752273,59.7061730750986,59.7125195960691
76.1614963109325,86.1941880394647,77.5290189266052,76.5049860737121,76.5215187608963,76.521888021419,76.5264490826199,76.5192684825798,76.5157002671488,76.5123458044428,76.5142530715955,76.5146270143261,76.5256425990091,76.513414502651,76.5177886907319,76.5105817360555,76.5115038106204,76.5240580680722,76.5146404571254,76.5036984790577,76.4959762699141,76.4830920280878,76.5221956754479
48.719431285401,48.6673658752865,48.6947105039191,48.6810252745923,48.6778830944327,48.6777135502153,48.6777270457687,48.6776978781982,48.6779156528858,48.6777332750763,48.6773954720007,48.6776770932226,48.6774848404986,48.6783918939698,48.6770343265695,48.6788826511508,48.6763721771544,48.6775568446712,48.6772186552183,48.6772569525969,48.6781125581864,48.6762088677493,48.677195327923
59.6866790724955,61.3082789661869,62.4721390441487,62.6198858033962,62.6518128426511,62.6629403139974,62.6637969523285,62.6637969523285,62.6637969523286,62.6637969523285,62.6636272128349,62.6637969523287,62.6637969523287,62.6637969523286,62.6637969523287,62.6637969523286,62.6637969523286,62.6637969523287,62.6637969523286,62.6637969523286,62.6637969523286,62.6637969523286,62.6637969523286
64.9120096161263,71.2843835489629,71.5799577957463,71.4905566411059,71.4851388262159,71.4772040676186,71.4739401398745,71.4813083781947,71.4811259445572,71.4728822746702,71.466773823657,71.4697122524142,71.4689062082924,71.4702938964607,71.4782421023638,71.4641144190454,71.4639929649118,71.4634169883601,71.4782148916037,71.4596210166135,71.4741012406747,71.484878797789,71.4733020649662
46.3258660806458,46.6387098118405,45.5701185939948,45.3179613131761,45.3134945401123,45.3135125151447,45.3131303928901,45.3131311781204,45.3131311781204,45.3131311781204,45.3131311781204,45.3131311781204,45.3131045855289,45.3131311781204,45.313066602848,45.3131311781204,45.3130739978076,45.3129710383368,45.3130426426382,45.3130598261686,45.3131311781204,45.313012810642,45.3130777334448
45.39296285861,52.2334176676258,52.6517790706128,52.6461521250005,52.6522928329569,52.6521444397437,52.653018160332,52.6527719079895,52.6521475979328,52.6521865875689,52.6534350857993,52.652477116458,52.6526394745617,52.6524580268054,52.6546244625783,52.6520020064331,52.653641173085,52.6527800127336,52.6525294967302,52.6519789052199,52.6528397028904,52.6518707719076,52.6522656443574
90.7669526446655,85.1899816401365,84.5162034620924,84.4446217779455,84.4246753026772,84.4139110112953,84.4082316509444,84.4118339068963,84.410145985944,84.4130949130023,84.4022657405925,84.4054812847788,84.3887072958453,84.4118137228743,84.4070203305964,84.4073836959428,84.397656554895,84.3859835441599,84.3861759428294,84.3914321060965,84.3975388139798,84.3827602823307,84.391905357735
62.0730897948711,64.8064822154839,64.6535983600936,64.5996753954282,64.590060123282,64.5842973831428,64.5876448293068,64.5862068603688,64.5860695273652,64.5872426994861,64.5865649633012,64.5827306590462,64.5836301831157,64.5844406266504,64.5872216818919,64.5839738836955,64.5865185062816,64.5768500744425,64.5807578045497,64.5825726263943,64.5836914456493,64.5822370520324,64.5704589878197
18.0885689021071,38.3024676367635,38.5651158788293,38.7352193556746,38.740213570202,38.745514610783,38.7449039683411,38.7455776823339,38.7452431441757,38.7449966945543,38.7452044682672,38.7450553492662,38.7447939294881,38.7439953057746,38.7454405393927,38.7436726406129,38.7458134263079,38.7444770289621,38.743858374169,38.7436151339296,38.7439415194341,38.7435450196223,38.7448973765133
66.7703028529378,68.2424127715124,68.4897906808193,68.4841807784928,68.5219920461656,68.5317292781031,68.5217749489841,68.5197243007583,68.5389155470315,68.5154928167982,68.5180829071701,68.4934895936401,68.4935218291415,68.4713990806294,68.4809254611416,68.4823745445556,68.4808362790381,68.5071645683557,68.532650345155,68.5035935184081,68.4847058630458,68.5232070364207,68.5025138723393
50.1555007817115,50.6648295173752,50.8175436917419,50.9744620745713,50.9762318709601,50.9784992981522,50.983992150378,50.9786962005265,50.9799005309609,50.9811274718594,50.9761816076559,50.9787773295605,50.966745332205,50.9727342919008,50.9690288390951,50.9682781274175,50.9628919118622,50.9625688377524,50.9694912206011,50.9651711468937,50.982586850108,50.9567808561669,50.9699777564759
48.6734710121172,48.2638086770464,48.0426959590163,48.1358591562919,48.1373717903766,48.1285544139153,48.1311935568335,48.1275389052074,48.131393564248,48.1298018500772,48.1298361666522,48.1352914185755,48.1197751881647,48.1240198251278,48.1222426945117,48.1182687108826,48.1273030721257,48.1310225577501,48.1215282715704,48.1292515585914,48.1287440656506,48.126405719243,48.1227145658253
187.368811995203,181.18188319831,181.287893852052,181.425162125832,181.422701721146,181.292002451121,181.201453373136,181.175591725035,181.187843104349,181.216622484816,181.155118462889,181.104026827261,181.138415992349,181.045917300496,181.011316066688,181.161380778373,181.146939153279,181.165218210826,181.092846058643,181.19853710576,181.10567458735,180.969012346638,181.07285413572
43.304646035512,43.829731769125,43.830004059697,43.7722191722119,43.7715789735083,43.7728701100913,43.7711670986349,43.7696815014338,43.769271885677,43.7635958330904,43.7684870520155,43.7628464458901,43.7630542330292,43.7723362527943,43.7695518723968,43.7653561967212,43.7706013097159,43.7708479342489,43.7675951866573,43.7681376246725,43.7623736740757,43.7675936941449,43.7879810850039
44.3357475256564,44.2016950402163,44.0072001577465,43.9668836786379,43.9693705794772,43.9729124132381,43.9724430030613,43.9701242929504,43.9676904901624,43.9647046655228,43.9679227813903,43.9704535007831,43.9710705739419,43.968902344158,43.9731898368714,43.9710865154195,43.9677067990976,43.9717481649979,43.9679617541538,43.9707813075235,43.9693802615835,43.9708605154256,43.9708175427338
84.3426696992513,84.8564834879296,85.7366432873864,85.9834521694006,85.9849613236423,85.988769473334,85.9850442105077,85.9848555000883,85.9865368559866,85.9863507424517,85.9769678178505,85.986719960041,85.9712554703104,85.9935856467264,85.9830870136733,85.9892918092683,85.9746369271634,85.9762700423532,85.9736612133968,85.9713252436828,85.981368296701,85.9858449370839,85.9770112293601
89.8347776308797,89.4755682069237,91.7756047551656,92.7462099535238,92.8830439333713,92.9002937796144,92.9001588527475,92.9027426671545,92.9092209840145,92.9151615504948,92.887502943399,92.8974275799553,92.9074855699458,92.8815193273587,92.9294799464816,92.9234303690034,92.9174125067368,92.9451072193125,92.9007993309445,92.8924191357104,92.8742109979377,92.9292372739979,92.9014866953667
75.2798051774679,75.0980110450966,74.9562288542972,74.8962565628366,74.8853538156385,74.8828976652139,74.8764909657547,74.8618878298255,74.8679804680847,74.8465022250554,74.8396160775754,74.8365924919662,74.8376217644834,74.8342996853714,74.8295161783488,74.8432354386756,74.8295423436233,74.8549298658641,74.8363851623666,74.8297320644094,74.8252185455947,74.8452249126069,74.8200646505013
72.8358388211395,74.4003862321311,74.4413680232944,74.4182924072326,74.3906362919484,74.3862576559447,74.3866259374368,74.3819442646654,74.3732152771663,74.3842766294991,74.3782330084668,74.3920528154587,74.3745051784636,74.3855808244175,74.3699824049188,74.3783196252255,74.3817696213632,74.3623378823777,74.3755547005218,74.3729500641625,74.3667403378001,74.3586649202227,74.3810636386619
159.054843262597,160.366854984903,160.258134105488,160.176743779631,160.177317421263,160.174118455907,160.167177902856,160.18466137173,160.166541431848,160.143424629388,160.137955128898,160.152628657184,160.085648458967,160.138036651426,160.150047130169,160.122201001906,160.166234309231,160.129050684042,160.122585500686,160.116244220486,160.113166879608,160.194423693866,160.144523279154
74.8676837914247,73.6963436555422,73.5965526894013,73.5846850465575,73.511600936953,73.5034877796859,73.5282252942274,73.5388200202939,73.5127007273034,73.4885830565358,73.5248443563323,73.5336988928445,73.5242413681553,73.5082533882784,73.5001320361824,73.4900729240269,73.4808806676474,73.5003274181496,73.4920837660912,73.4947092214404,73.5126639510377,73.4737210354072,73.4637449958468
149.604835074558,149.297983658397,149.072059637372,149.019946116838,148.971933323451,148.976560890867,148.978394006544,148.954934353232,148.973738130823,148.989111052988,148.968701974222,148.982451510834,148.985230080549,148.960195492255,148.936512359865,148.951407092741,148.927117836858,148.996257606497,148.951561186195,148.941741279687,148.920836535814,148.938243317158,148.989383114386
197.129102742614,197.139906260847,198.295607190477,198.32376610549,198.275713335946,198.20234314581,198.09975117859,198.084838231385,198.057207797682,198.147910955703,197.986813653934,197.884540397858,197.96786961876,197.823372464882,198.029686762058,198.002289136475,198.020534135691,198.169450812741,197.905577318418,197.971582244329,198.035705379409,198.029100848487,197.944851775738
124.552282398126,120.989861100642,120.440264231812,120.465315383955,120.438050866048,120.441315021069,120.4384373861,120.432481730122,120.439107873048,120.423309664508,120.420409722078,120.414657507894,120.44089857776,120.420523489153,120.428643368739,120.417580765892,120.420123446868,120.434432198122,120.412311006185,120.420960956324,120.43536599175,120.421198940818,120.414429872435
82.2879211501133,83.4086491814546,83.3385338065446,83.3323313000282,83.3503791296948,83.3365573696723,83.3460792016218,83.3334920463593,83.3194251618842,83.3117310985706,83.3210893570805,83.3260673261743,83.3424620190976,83.3298158382163,83.3223470457574,83.30303659307,83.3236267485377,83.2639521329225,83.3316369843639,83.2777569264325,83.300905742106,83.3308257201697,83.316072596942
43.2482862564772,42.2860693325718,42.6650684268183,42.7855858419209,42.7850889054685,42.7897062172032,42.793551612792,42.793096299574,42.7926691531235,42.7948348942546,42.7921432756962,42.7923929859718,42.7934963025787,42.7899159255723,42.7912320068173,42.7874798514083,42.7907270631514,42.7885442369684,42.7927551028883,42.7920965391421,42.7874429891112,42.7918604197404,42.7896054061569
99.8777718418451,98.5650465375901,97.9068968266609,97.782892955256,97.7402101571854,97.7338317384259,97.7392929103159,97.7182378793306,97.7324798761768,97.7092895477503,97.7098839479848,97.72584483961,97.7406650655131,97.7105587521787,97.7263275872278,97.7060181820575,97.7008573841857,97.7415078549985,97.7110346260762,97.7207716368321,97.7080444024964,97.7228448491873,97.7168676658559
98.9822029235656,98.108464516712,96.829144534765,96.9402649892423,96.9722079513833,96.9816485956588,96.9790838898437,96.9824896411196,96.9665846024474,96.9827171030634,96.9800088866133,96.9749202708546,96.9772099407067,96.9790063294647,96.9674510916292,96.9623309782419,96.9735171560199,96.96523587839,96.9761537658045,96.9724378450777,96.981628222571,96.9796292249765,96.9786872446248
74.7522495518716,74.8371814002276,74.8896793548679,74.8786578443082,74.8813588045319,74.8811532409616,74.8813588045319,74.8813588045318,74.8813588045318,74.8813588045318,74.8813588045317,74.8813212660913,74.8809121685105,74.881027470595,74.881014572498,74.8813606556043,74.8804212627946,74.880726058165,74.8810962774742,74.8806471204152,74.8808714667213,74.8811136081346,74.8789315024867
89.2678816800705,94.4012066877174,94.9189622283642,93.6025056491267,93.6222492824948,93.6008597019062,93.6031103564932,93.6065404990863,93.5998600844932,93.5921080353618,93.6143781402543,93.5900393108152,93.578408188143,93.5820919058999,93.5884321695397,93.6021952168872,93.5958685980201,93.5976770649299,93.5788822324045,93.5828886772542,93.5773728152902,93.5799740861625,93.577422462676
79.4316185762781,79.8037505163726,79.7335701454386,79.7555038327161,79.745244158793,79.7576096071132,79.7427226184813,79.7373720552643,79.7284436088381,79.7190682951128,79.7322565901248,79.7209258622437,79.7159956351955,79.714025696498,79.7090567038718,79.7185052034765,79.7092305090503,79.7298895192115,79.7095882016983,79.6958427725458,79.7120896516471,79.7233743448646,79.7196860977846
71.8087476551942,70.1500499831805,76.8891002547555,76.7227833828198,76.7214595133209,76.7405793833594,76.7556490972467,76.7395406377124,76.7625790890805,76.7333523616525,76.7409164478875,76.7522409193322,76.7568262122702,76.7498383210748,76.7656749760914,76.7238138353214,76.7451304513313,76.7468500039283,76.7398737118281,76.7665419713586,76.7287502682883,76.7396584614754,76.7205687711135
141.498896929805,141.42854262743,141.384766570843,141.37959171564,141.364661742397,141.371032602976,141.370647039527,141.355239437927,141.298481882173,141.293352789935,141.305090825114,141.295362891124,141.227314790965,141.34455055389,141.24665405056,141.263085780985,141.272799721377,141.240814885381,141.273231435357,141.265448821685,141.260074641574,141.275513049803,141.321739600427
86.5147779783759,85.2627689923735,86.7645229300183,84.3390275734987,84.3464046407978,84.3442988531801,84.3447835417679,84.3479124943363,84.3340515765596,84.3400303086861,84.338253989503,84.3319416548204,84.3340023505907,84.3391902728705,84.3375977929886,84.3302532456655,84.3410792927862,84.3401064099745,84.3369067993338,84.3217731987246,84.3391389483852,84.3330003402285,84.3393769859171
108.850185113247,108.533656385297,108.219319598201,108.29701775665,108.279150561511,108.276880495805,108.280148636288,108.280014166797,108.286871722454,108.272466116051,108.281007317291,108.274125930665,108.281644065532,108.278982353763,108.274499828485,108.261923202867,108.257847784507,108.2544189363,108.288098329355,108.282276704281,108.251832394462,108.284193385284,108.278766618849
50.0943759852643,49.6343407472935,49.3751283271205,49.357571181704,49.3492344885262,49.3484568646728,49.3483520794176,49.3475987480277,49.3482073386458,49.3448645892632,49.3425762259515,49.3416997881997,49.335317355031,49.3349715245308,49.3368463999448,49.3334470654658,49.3325003940466,49.3345960103707,49.3338450150911,49.3335958786076,49.3295106429518,49.3272858613966,49.3300928073426
82.3301848603535,78.9974156486365,82.2293389665531,82.5348985829659,82.5613353348905,82.5642060757196,82.5668194319558,82.5641025888017,82.5633628644535,82.5674672719116,82.5704972126115,82.5716956709715,82.5531792806963,82.5553458402273,82.5678284327913,82.5597387709192,82.5690221980615,82.5680344761682,82.5681615088375,82.5601745144549,82.55533068451,82.5323110187962,82.5450955953768
163.301567349159,162.967500124563,162.577826476551,162.553509950364,162.546687125642,162.549093654698,162.548842088491,162.539724928585,162.546280164226,162.54674081692,162.541923471299,162.541809365011,162.533528072859,162.567306286927,162.519907430728,162.561305186269,162.522928284431,162.504772653982,162.518495852291,162.539256068249,162.556919843457,162.55845192798,162.51642333102
145.110650449617,141.900785442699,141.755151447161,141.602449754264,141.593856755237,141.587129044319,141.586375426545,141.586976732884,141.570820509414,141.559209805958,141.548544048665,141.532643114717,141.551289926198,141.573631495812,141.519671804492,141.539551957149,141.53274536744,141.5186839891,141.513791272461,141.54124179087,141.534650522035,141.544816805914,141.52565173557
66.2076615356467,65.5843757510534,65.3802613815529,65.3594483699443,65.3439702960724,65.3461495866679,65.3467938725725,65.3479559386294,65.3480776147629,65.3454410428085,65.3426247314798,65.350812216466,65.3584626797767,65.3440007252236,65.3551190158256,65.3352065232075,65.3412503187558,65.348261244409,65.3579161746316,65.3495657611869,65.3387179891263,65.3531090312063,65.3509080807913
91.8699610031967,94.6465718402154,93.0212970819762,92.8665196179712,92.8497753505441,92.8445115862232,92.8473274830971,92.8290199424951,92.8307468915874,92.8297956219461,92.8301236128896,92.8421829589945,92.8546266240126,92.8161541314274,92.8452090205523,92.8336675506809,92.7978050176823,92.8342153684505,92.8068026804251,92.8422392596888,92.8344003509037,92.8438392750315,92.8401907601144
53.4404040660917,55.7450447293559,57.8335817855854,60.8472544725865,60.9055394534375,60.9120692541546,60.9152827732127,60.9136604922412,60.9151225800578,60.9146290225293,60.9158033400553,60.9153338534939,60.9131428881448,60.9164704819527,60.9147952472144,60.9123184304872,60.9147093351903,60.9153208543026,60.9115273073858,60.9153990784493,60.9147894274482,60.909804320162,60.9131737263257
56.6523342028256,54.9991430279356,55.0045166012382,54.997282518051,55.0008129546002,55.0020518638037,55.0030464609759,55.0115477485819,55.0106879314392,55.0082579554375,55.0153987910127,55.0078517486132,55.0109837748513,54.9989952500275,54.993377767857,54.9971395352339,54.9835997582031,54.9986940302862,55.0005083345309,54.9867578697598,54.9979514189063,54.9692736037831,54.9815169045333
195.211328048516,186.001670737714,186.043456216948,186.028642591643,186.023970448905,186.059843174852,186.044470291869,186.021399610312,186.075719199408,186.035066260592,186.043452581744,186.062101631319,186.049489316846,186.050550187876,185.975634007188,186.044304866466,186.046052883328,185.998458654347,186.007564706183,185.957604235673,185.993164143279,186.026297846792,186.073676330653
50.796034831809,53.5730734952443,53.5969719555389,53.6159104843572,53.6142050241407,53.6247167441324,53.6249410174466,53.6283019350333,53.6278772726928,53.6301344114521,53.6317575543784,53.6259762937184,53.6270553784279,53.6288397065912,53.6283076270554,53.6240468233457,53.6250925992731,53.6228969949748,53.6312259499861,53.628290506513,53.6294451468181,53.6255259979229,53.6290263524895
68.0950732454227,75.7437693029699,75.7545570715887,75.7330220426275,75.7369937842384,75.7408802920146,75.747443037238,75.7404091370082,75.7460826210835,75.7413822984197,75.7283269785179,75.757856572015,75.7343162801287,75.7426165861028,75.743125336492,75.7442601949517,75.7499698941276,75.7290511219189,75.738615677675,75.7203835639164,75.7391253674215,75.7215096010661,75.7225172026091
67.223292399675,69.8463256553482,69.4191626746757,69.8037709730079,69.8103692811786,69.8115855766159,69.8114384686386,69.8114085952215,69.8114384686384,69.8114339836513,69.8114384686385,69.8114256320881,69.811455379956,69.8114388631623,69.8113914482659,69.8112728642183,69.8114384686386,69.8115203681558,69.8113205374584,69.8114384686386,69.8114376081112,69.8113563485319,69.810902934879
152.625749974054,152.648965196704,152.685448195298,152.719715438247,152.69130826018,152.698087340462,152.712603012331,152.680095514389,152.67285921735,152.657360534422,152.679591080287,152.669623359866,152.689278290128,152.666559495391,152.662827071676,152.661913863245,152.674376282746,152.700180644768,152.668448593908,152.692903900253,152.740634501557,152.66614288494,152.68236403051
97.009099272673,91.4023758441767,89.6910735365648,89.2249157703841,89.2024247429686,89.1982508019181,89.1962221852348,89.2103194401194,89.1771399543437,89.181182771441,89.1783794372234,89.1771398766689,89.1641888203383,89.1640653861769,89.1575766736255,89.1366389462106,89.1658571651732,89.1575372283713,89.1398570836559,89.1765554168001,89.1589828755413,89.1738677752724,89.1636906858149
144.644178978931,141.084802464215,140.744244267603,140.707225738589,140.678652829152,140.663013720193,140.665436525996,140.648951993368,140.630735825425,140.557690594344,140.583352124604,140.589216599311,140.574133384264,140.558250086159,140.55702411384,140.566537850555,140.564065417688,140.571437200381,140.575817841962,140.567788786289,140.525053479563,140.567767521828,140.596482538971
106.568756942544,105.864817834271,105.374218198429,105.045578519488,105.044620239582,105.041388338102,105.042547379159,105.042500850182,105.04049554344,105.041503756121,105.048841709498,105.042413787002,105.044779866978,105.050149636408,105.040253867116,105.045179117378,105.0415927007,105.031723230445,105.044317022047,105.040582228948,105.040106599678,105.057316760306,105.043199561639
