"V1","V2","V3","V4","V5","V6","V7","V8","V9","V10","V11","V12","V13","V14","V15","V16","V17","V18","V19","V20","V21","V22","V23"
49.5533655033718,47.7098555406871,46.7959211009279,46.7328552578533,47.1762988474066,47.4683145575242,47.7368017514399,47.8691307038731,48.1570857864339,48.4004081343685,48.5110935833786,48.521804463264,48.8815365715539,48.9790980938588,49.0818685290822,49.0881912351185,49.1334182968117,49.14564788418,49.1387868299636,49.1410138369229,49.1558354969811,49.1539377441191,49.1644436754896
89.0920188435524,83.0434344916676,83.0877081529341,83.4945190009547,84.7781838199155,85.5095540065374,85.747455750683,86.3382802330013,86.5928278408718,87.129538145585,87.2558375615612,87.3438629892913,87.8648077536607,87.9437899188877,88.1093104944045,88.3016122928865,88.4384103867733,88.3854078719455,88.3688821863329,88.4257393882819,88.4389373278199,88.4447859902278,88.4399003754908
89.7067751133118,89.4652522171456,87.9904637053656,87.8616103388198,87.5908829826061,87.7355237545235,87.945649410992,87.9593050303816,87.9968616440316,88.3715028298354,88.3485010478697,88.5616210850065,88.8902935724077,89.1713657841474,89.3106098387226,89.3400736096363,89.3573202833507,89.3772468931691,89.3926195245348,89.3968357182426,89.43316519185,89.4444831188516,89.4442708901938
120.386610513101,116.842403971334,116.333922062331,116.008580186478,116.475890567197,116.794876900701,117.968448499778,117.931934444626,118.481366286266,119.103730376306,119.193062808496,119.208545754323,119.688401022207,119.885089266401,120.003023648232,120.029709837694,120.044396659155,120.021615580478,120.082418383177,120.069817595557,120.080552710837,120.081812090187,120.073304577255
119.138591051502,117.440494583423,113.487029734555,113.538240088577,114.844447014404,115.876033223817,116.500246301305,116.814797400818,116.998843321678,117.378925610733,117.464548487606,117.543579270747,118.050879737861,118.175459264339,118.266747429316,118.310058635185,118.373454046727,118.390329000026,118.38489746296,118.419568661364,118.405369684059,118.435799354565,118.425543703073
99.0419337976723,92.4031305884221,90.1197391534726,89.8673849206955,91.4348935168089,92.9476117550596,94.2389801818727,94.993043932209,95.8074228651243,95.8413839350121,96.2435443263984,96.5186542237591,97.2672372988691,97.5572753443874,97.827985667723,97.832007474246,97.9144558654206,97.9414921463744,97.9566127570764,98.0086384794201,98.019825136818,98.0620432392987,98.0376969919401
53.4962097727676,53.5550391292195,53.9083682346622,53.1164974648542,52.9877446230686,52.810538190271,52.7846992558823,52.7073094079093,52.7078620997897,52.7155749677262,52.795591816761,52.7696042629304,52.8896210923979,52.9542141047351,52.9631662366419,52.9943950866784,53.010642301421,53.0098536108625,53.0156034407885,53.0152900334812,53.0186581404515,53.0163532808987,53.0174426736077
127.636750066128,120.230587287666,116.493248419323,117.369300095962,118.77976962868,120.21532730338,121.87299081802,122.456641787243,123.577076156363,124.317496876115,124.67566790217,125.089143005206,125.793376741557,126.106299252395,126.227611816042,126.38636254711,126.491991164129,126.501086179495,126.470069028342,126.502877582285,126.590991241031,126.552533550139,126.567644665858
63.0714927152697,61.7689397243887,56.1317223761887,56.5056117981946,57.0917053574774,58.3202801554818,58.9741426622194,59.420886456957,59.8548480084323,60.1043586431264,60.5219712107988,60.7133127918614,61.5115743792851,61.871787184456,61.9657668326847,62.0577039052602,62.117603540258,62.113283822913,62.1348550244651,62.1757312135769,62.1856517782813,62.2011175666748,62.2003102662264
144.53388126242,144.156873719872,141.298211363446,139.543232059168,139.096261980617,139.221961573531,138.3027134881,139.422417618881,139.694008825573,139.998551486383,140.648854860905,140.945358497899,141.952235008052,142.83648224132,142.977741113803,143.3295281826,143.461724490847,143.469342291977,143.523351660867,143.527567412898,143.602600727853,143.658513113124,143.684938332748
61.0216175167465,62.4434949613824,62.2848343331642,61.6870993571186,61.4902052660076,61.2974257454073,60.8543320912569,60.8511923135159,60.6436572015505,60.649207817439,60.7356411541163,60.542964421435,60.601240990835,60.6201685942958,60.6074020587545,60.6283320408337,60.616959298174,60.6092270213042,60.6014566591938,60.6067311844065,60.6035255384933,60.6029387888638,60.597505336834
66.7313767735607,65.5183511228891,61.4298748227495,61.232592284876,62.1621877505675,62.9662322274584,63.6937498996635,64.2098285304774,64.6203764774763,64.9946894447432,65.2081895807659,65.395327152234,65.8074447432668,66.0866372938687,66.2002595826863,66.1935856844702,66.2358138386214,66.2342479551711,66.242815360891,66.2572199311556,66.2692835650936,66.284736234396,66.2835924239947
27.8236108780115,28.7247405539555,28.9031689077226,28.6730912780705,28.6024395125409,28.5673848534863,28.4582720035017,28.3590228162267,28.298150242631,28.1603650665069,28.1726375016463,28.0580962986191,27.9733735352391,27.9035859237664,27.8326479453652,27.8192324383058,27.7929196497839,27.8082370887179,27.7983044785407,27.7950838184654,27.7845113874641,27.7841742111357,27.7873314600942
92.8091916197108,90.1770321512114,88.3737132685122,89.0639081163897,89.1394243225714,89.652110824197,89.8800712129908,89.9602736366714,90.1864140917713,90.4923848243928,90.7055507869743,90.9993544962824,91.4513231684415,91.8088991878771,91.9021914734391,92.085112678844,92.0791422169805,92.0990552115221,92.0909488039558,92.1171570996273,92.1032254827838,92.1187688469503,92.1065097169768
141.158512002736,142.345914296418,142.333591054691,141.287530753043,141.854652456525,141.810349311429,141.668651784434,141.634124892482,141.438419545151,141.242118314875,141.362070488433,141.370295144029,141.271223813121,141.195039075081,141.012104247945,140.963191810373,140.99098504443,140.966536511905,140.896378863179,140.933486831269,140.910134748626,140.891095915732,140.911858128117
50.6071720476644,49.1002194087999,47.1353967984654,47.3348989622118,48.029224105294,48.475441927429,48.8417375227255,49.0420993179816,49.5876286683427,49.5423474130786,49.3589231137372,49.6670037617665,50.115953838433,50.2253105318316,50.2988141928071,50.3169840836173,50.3610930158277,50.3672047998077,50.3946505759198,50.3882593522517,50.3787685903283,50.3986535946246,50.4056232427425
78.1294230742349,76.1831032322876,76.2152365949657,74.7940057063056,75.5957829084867,75.7205307279929,76.106236003833,76.1985634163996,76.2894916104136,76.494018109509,76.6413665711375,76.8568372373908,77.3008862624124,77.4820357096035,77.6104536380394,77.6840729983686,77.673216519105,77.7159467941135,77.7223372824901,77.7221371036213,77.7489966131033,77.7802970069544,77.7791036959349
184.035566401843,180.496144304455,180.028793752645,180.522558415929,180.926475223969,181.22092279256,181.470635384901,181.825326718684,182.283134373288,182.418151099504,182.751518293719,182.829383224141,183.160935893359,183.368970011718,183.479070828771,183.481778963984,183.591049662359,183.617238353116,183.628376005696,183.597682349305,183.686769746359,183.664632788826,183.68691887722
97.1668113508389,95.7444267931598,93.4412233025097,93.4194883801144,93.4767822405943,93.7868564006364,94.0106949471154,94.4695711518492,94.6689374356408,94.627890466373,95.1302874891663,95.3777241508287,95.9365466373111,96.2885203322886,96.4132587620858,96.4510346122759,96.5348511836751,96.5537026053717,96.5711718393121,96.5645122316964,96.6020127020053,96.6094715811769,96.592978775368
47.7277407445179,47.0779726822677,47.5057435536031,47.2806430254003,47.2464594994661,47.2671784505755,47.2834383107316,47.3013387159433,47.3342705709649,47.3694172258456,47.4230085686052,47.4004822739867,47.4062493296504,47.4512941476001,47.4317342591972,47.4507803835355,47.4389261615246,47.4355280344289,47.4480982385242,47.4447509155651,47.4395719836386,47.4373347995817,47.4374164860398
122.667363436272,118.484007566979,113.317514160676,113.430021556617,115.060279665688,117.022689158999,117.840302325897,118.628455359274,119.250620645761,120.198417445318,120.207706343153,120.45425544779,121.080411797177,121.543149330811,121.555603691948,121.661848189617,121.71192968734,121.714033969763,121.720353843581,121.737883444472,121.751604454322,121.755261447949,121.779336797332
71.0977182493044,69.0073820246119,66.6040462463534,67.0044193747328,67.1747849762981,67.6285751164407,67.9417311981537,68.2705582358808,68.5264056451128,68.8717324540299,68.9800417687929,69.3953432208833,69.7754495940072,70.1535981632871,70.2097728603255,70.3255204672682,70.3606742141649,70.3532517094538,70.3923059962023,70.392463919472,70.4193462537576,70.4331084682056,70.4281015531767
78.5144970365612,76.6932748441682,77.3841809782713,77.0950066128121,77.016661198041,76.9892665823409,76.9677861407968,77.1537601571326,77.2580249454507,77.3569122950032,77.4229912745422,77.4102735819526,77.6740373298762,77.7675336707008,77.9338537546789,78.0339006898087,77.9710652597368,77.999098279338,78.0292571803319,78.0181997773899,78.0045725671639,78.0292325149994,78.0204489809261
78.3732726455298,77.5002977925656,75.9510878804261,76.0186937861713,76.1890617701569,76.5319375859192,76.5912276905013,76.906113294143,76.8950736575904,77.1335503979664,77.0097789770943,77.2503938362177,77.6003155170584,77.7170744282595,77.848473646953,77.869158391905,77.9096922899541,77.9174416232333,77.937362776745,77.9377597715574,77.9527888163071,77.9539200658179,77.9562933380921
111.432761541913,110.073820900063,104.95543716966,105.344680466847,105.95062495769,106.863513447499,107.643642827334,108.435846203136,108.226499128438,108.692585258135,109.078213758316,109.273129164482,110.06148784898,110.27456591354,110.496355660075,110.5678330781,110.625090553663,110.653341191633,110.705686205883,110.695196703965,110.704492725437,110.732203115413,110.741142546158
56.7618216304554,56.8953938986552,56.2679279981401,56.3894020709038,56.7627169047392,56.4824248435924,56.6407501737852,56.5665312327679,56.5935736648826,56.6372660452494,56.5723957511121,56.5577450697198,56.4643960958506,56.4402634969735,56.4300539787007,56.4325628631638,56.4292930495417,56.4272935065525,56.4159787423958,56.415724760877,56.4027917682463,56.4096610726426,56.3950167390062
111.00192315351,106.853834421689,108.078046970498,107.964884334502,107.997822841817,108.740477928335,109.145278585609,109.483995039085,109.712702305917,110.047302626914,109.976960904693,110.119838786958,110.529888564775,110.478638363048,110.538500575605,110.527352048229,110.624745848964,110.573882945796,110.589940080378,110.601595102192,110.589519371131,110.593346607455,110.582593619822
68.2143659084337,66.7666986578223,64.7065117524548,64.8624925425759,65.2823300678073,65.5300523074207,65.7821581899592,66.0444453977403,66.1397611467996,66.5133339865013,66.515286055607,66.6319355256184,67.0942709711303,67.3773576066847,67.4816679452647,67.5365809809236,67.5398422758078,67.5824617787325,67.5874170529508,67.5916331354818,67.6330280787161,67.6503082504592,67.6327444328158
155.453126990485,153.071996153398,155.571002504613,155.036447548707,154.49143818395,152.581677589022,152.58489483497,152.513017875201,152.403775593465,153.054252093943,153.207185390762,153.343481505967,154.041209534487,154.432369672858,154.593206190246,154.953849723566,154.963606319147,154.965406412186,154.967110967977,154.932325793809,154.998477257834,154.99923974341,155.029459321631
124.790614297473,125.643466261384,123.757639389747,123.384746547737,123.308799498991,123.184174203586,123.169269112632,123.575324039176,123.466117674727,123.543082125807,123.739451014461,123.709697145566,123.986255442092,124.157498062693,124.200243163857,124.255316718067,124.307065021778,124.27550589803,124.262889042526,124.282484785251,124.311358146324,124.321782296703,124.316171509425
98.514567016504,98.4735560039745,97.3436596226084,97.6496575260924,97.3638180221743,97.0944210458936,97.256805980254,97.438658121397,96.9278811261699,97.4629786081711,97.2003166126632,97.4996104434543,97.644649940571,97.6901608407297,97.7451329725177,97.8048514902467,97.8297926624512,97.8493374664202,97.8446085351504,97.8343835416023,97.8437618241088,97.8366595972037,97.8339796325623
102.275565030203,99.302944366172,91.8002625580715,91.4723754202451,93.4843356032226,95.3937308709833,96.1381630118698,97.7008087004639,97.9951187392118,98.3486325068783,98.771295001305,99.2007884962492,100.434108646576,100.654031227938,100.996280688598,101.043663466868,101.102626030038,101.20366507081,101.221728593299,101.223378097548,101.268036435394,101.302744938722,101.301215295192
76.4119095056864,73.2431678419363,72.523706257821,72.8581973716316,72.0725511360916,72.7185797720506,72.7622519751562,73.0432518418548,73.4102016862589,73.8310077739,74.1132663164682,74.1947985729213,74.8162442188646,75.1045712828005,75.3230054244305,75.5072623223834,75.5613971286247,75.5440358130554,75.5882091437196,75.5818012828576,75.5748709620745,75.5726244218816,75.5926812996134
61.2330574089915,58.7575452049457,56.136865790551,56.4841485408657,57.0448943120767,57.5875746826729,57.8790949401389,58.2480951337304,58.4837121613883,58.845350801351,58.9403651434809,59.4959657332042,60.0486693504612,60.3714466045154,60.5369512626426,60.637807227687,60.6953886540551,60.7302110633208,60.7229199976909,60.7287932371958,60.7591552575742,60.7647764819381,60.7745535526075
87.7489515629073,79.9086822464824,74.7672416496249,75.6396437456713,76.8364211129967,78.8147802378153,79.9904431093923,81.8810901507459,82.2586308925235,83.3786573933753,83.1821040909461,83.6775164396522,85.3144764740243,85.9656015307797,86.317281289655,86.3890817983339,86.5387930517971,86.5555650891861,86.5888135452716,86.6398625032953,86.653597130799,86.6977510713205,86.6764877422624
93.9686185758342,90.2900610589365,87.32992753138,86.5398901252765,88.1033989735484,89.2866874357264,90.352330071751,91.0709414247241,91.2509692182123,91.630596778209,92.2034157276772,92.3420744838545,92.8779205377347,92.8719341816629,92.9948540215697,93.0409089115034,92.9954229896838,93.0291146576829,93.0397157304903,93.0256950650249,93.05816862816,93.0406528964781,93.0411432874677
78.4295637802747,77.956941487112,74.6634776210522,74.488848510974,74.9924729104722,75.2664888316243,75.4792278507616,75.6218783712849,76.1934297408218,76.5784732569194,76.5925467052732,76.6860885456813,77.3901959337203,77.6541805476135,77.7652681030368,77.8971241290248,77.8964222709611,77.9086480469972,77.9400488876659,77.9468231919728,77.9687308544578,77.9770239855893,77.9853767986423
78.164854467038,72.2553782994622,66.1784548633969,67.2825493667833,68.8407097976145,71.0392011641006,72.5462192643093,73.6618836313312,74.1610667689751,74.7068116346547,75.5437648245085,75.6440817087643,76.5085921754906,76.9321894829728,77.0384074515149,77.160177279995,77.2604881283059,77.2252696530284,77.2088901512482,77.2685425947095,77.3109081016183,77.3148444841891,77.3047663111559
123.208641161558,121.776236666032,119.263118993355,119.289259866168,120.351097265344,120.784549806923,121.293763308933,121.448564547098,121.911141702633,121.95303418131,121.942719438828,122.064740268255,122.448699828319,122.593883066551,122.671766691046,122.718417506411,122.698261226013,122.700138666244,122.723589745064,122.720921367904,122.74380343766,122.76576919685,122.766468916816
96.0848974324949,92.479548429471,90.2146733220002,90.2400677620081,90.7736023301427,90.9171660447441,91.4996158261962,91.8468273431497,92.1469582058705,92.5205981014201,92.9731588546071,92.8788255317053,94.2750147788933,94.7106425213665,94.9228548772846,95.1060093607324,95.265623650101,95.2409775040061,95.2514481559996,95.2803824774978,95.29885782701,95.3210800838604,95.3296374191065
69.7737406547483,69.2477748140593,67.6012186069976,67.5650556223463,68.0403705653101,68.3780755882255,68.6995331964147,69.0661823426068,69.2429766012542,69.3654346173768,69.302553413537,69.2566434037591,69.3266834457872,69.2885269014655,69.3349239569783,69.2959903727035,69.3132427522498,69.2923569994994,69.3364880501001,69.3179663421192,69.2956921684952,69.2997120941219,69.3109317101799
186.814935824542,185.806591676606,185.458900519488,186.146769738633,186.249273742569,186.330591466771,186.548179489226,186.48067583039,186.578935837846,186.636264394947,186.678584891017,186.434653157515,186.537064075616,186.543295063278,186.395128514505,186.475235284583,186.429489395188,186.439063464297,186.422856993749,186.446184111577,186.423148448566,186.396198101272,186.416726671659
175.792889370336,174.359645725673,177.374110087558,176.764222253965,174.508813579636,174.116748188465,173.972932991766,173.785933994957,174.538355053694,173.211760291585,174.29885035864,174.246296478999,174.557917634837,174.982406793782,175.306537023176,175.41238871745,175.301630613601,175.430190693316,175.459051940595,175.44930817744,175.501411131113,175.461690611052,175.476109122497
88.8022494742424,85.4051304345683,82.123527403712,81.1800413653413,81.7861655067438,82.6646053076386,83.5686720788742,84.4045123155725,84.8764042938268,85.419500924821,85.810081570915,85.876345015943,86.8047710804411,87.3056183634323,87.4527971731271,87.6188983964581,87.6724653463511,87.739727973284,87.704677778974,87.7214305286201,87.7656810884711,87.7734560811092,87.7945096838655
85.1170092619492,85.0558986197148,82.0551175573782,82.4615538992924,82.6670065581721,83.3469980086562,83.5156442458568,83.8690432445715,83.9854117648058,84.1916054573356,84.2330496057444,84.3799273808834,84.5703950761574,84.6612181916706,84.7138070416013,84.7638672654257,84.7644014054194,84.788833788894,84.7880170082987,84.7856842909934,84.7985348150492,84.8206680811945,84.8074131357832
63.8207131406845,52.9588174963354,52.0345137944036,53.3569035070093,55.8172030686855,58.1036576326347,59.0188610477774,60.1584048976611,60.8793470437453,61.0645389713173,61.4078759318963,62.0507413878386,62.465101381434,62.7986122363475,63.0658345075507,63.0799787089213,63.1523998181555,63.1838069818378,63.191547718298,63.1821210420472,63.2375507229606,63.2439885546699,63.2474186352777
131.845737550704,133.827686732994,131.104212006517,131.407124866073,130.431759770167,130.361306703902,130.8547851964,130.972188148068,131.062680152428,130.981273353301,131.378419346781,131.212364677474,131.38953685311,131.645692188556,131.622246692731,131.628596690781,131.653592578884,131.64960978691,131.640040784176,131.626828224285,131.645937882039,131.660370493765,131.660227485282
59.9393946656482,59.7824432372146,60.0657879487191,59.3021521469221,59.1131862530567,58.7740718684816,58.6850920152952,58.43942015927,58.7299577836805,58.6068460718227,58.8883159268892,58.9576873703941,59.1255578479783,59.3105889189562,59.3426230999805,59.4326894066993,59.490344272594,59.4906186505226,59.4858453385899,59.513990130571,59.5362701574206,59.5495451059874,59.5477732031438
68.6499012608002,67.2886095915789,66.7220804066457,66.8091577805048,67.0844821687076,67.2936813203616,67.6799398285576,67.6663128421208,67.6840517817696,67.8658695847742,67.7906800821368,67.9906416375524,67.9502537815549,68.0270766130048,67.969810701703,68.0109982676995,68.033385987457,68.0170696560408,68.0432073967285,68.0291555120417,68.0450635790373,68.0322947985151,68.0224714588373
110.756038378465,106.785621614017,104.788178045582,103.774332596555,104.183378577357,105.481829817335,106.158484608239,106.657153141736,107.535438223762,107.983734971549,108.114301115959,108.522946334925,109.135544171002,109.465194471851,109.646255500253,109.608602289913,109.695220345393,109.724494843661,109.735573512249,109.769437903969,109.808170103365,109.860368200342,109.841697238865
69.1658147704755,60.8559162137447,50.2715689855912,52.0881286394797,52.1331418950444,54.3830712644531,54.686901469225,55.391686728997,56.3785547515661,58.2224361005217,59.3183710491684,61.0234743883639,64.6882744762686,65.6624835173044,66.9372948046256,67.5170081141027,67.6113051780423,67.7399118402009,67.9092297401692,67.9624996948562,68.1219420912879,68.1289426377042,68.1409032307026
103.865774782565,98.712895719699,97.495852051763,97.6723086310906,98.8037200630854,99.5875241582737,99.9293365015702,100.550968998709,101.019186981515,101.212918813447,101.428988002188,101.754090128782,102.275774017703,102.492561497359,102.64774153217,102.712447548535,102.694548686428,102.788321100824,102.751702028277,102.799951110214,102.850269157989,102.862624598142,102.849356903015
100.878334142596,99.4586997610944,95.4541860099745,95.3623486253026,95.6601869717643,96.4044377148994,96.9352466945365,97.565580551597,97.692282613194,98.2638068639415,98.4683805644087,98.5079538933579,99.5945870318438,99.7975084711925,100.125787519561,100.054009382131,100.198758066828,100.192966180971,100.218411129336,100.220284607128,100.241755673484,100.256899409715,100.246471501615
61.3081572891008,61.2270735626655,60.2619026732407,60.2829896202621,60.1721326303583,60.4083025229994,60.4189989664253,60.4845338724388,60.5453749486669,60.6095707093828,60.6131395500311,60.7141007079656,60.8579912695988,60.9682050693537,60.9866921286543,60.9910105125844,60.9941518141457,61.0079659379403,61.0133249302008,60.9924268550875,61.0104905089156,61.0172059714028,61.000532510924
112.742218605804,110.76298421952,103.203251196539,102.876287631522,102.746763791149,103.273192939032,103.709303586463,103.79333458592,105.402602521861,105.658730324712,106.267812134076,107.210282488656,109.204127531079,110.531658317283,110.696083767195,111.195453227624,111.261070156059,111.430680769184,111.445140350398,111.555737201203,111.580384082418,111.638983809344,111.63359050714
106.261507716854,104.547406270231,103.919665333652,103.617667553155,103.911140526855,104.309734023212,104.53046636894,104.768738989716,104.789354535413,105.015178476951,105.107323028524,105.144930624384,105.657031601626,105.830296199332,105.859043743398,105.963761786164,105.972194663392,106.017186419854,105.996434689542,106.012287192757,106.051703318706,106.047095110454,106.04619166325
84.7600297199234,80.3065802843161,77.0006910811868,77.0271835822461,77.8341010939149,79.3331234296793,80.0056383027399,81.0383510538288,81.0708762673906,81.8306613384396,81.9816020337349,82.2885212384172,83.4852157822017,83.6800259345811,84.0093916472919,84.0427054359766,84.089916787581,84.1016327813257,84.1514152944276,84.1155516851051,84.1740289785385,84.1821979757701,84.1745164045254
72.6193177584096,70.1865411092703,68.1401992867475,67.4525228202706,68.3902434857979,68.9817705048992,69.5076987022048,70.0675615420788,70.193272154031,70.6216195517311,70.8377822314033,70.8837741451299,71.3165472910096,71.5472632264446,71.669031095882,71.6840918026708,71.7645007654121,71.7674382223008,71.8058284189391,71.8103903167645,71.8123317767142,71.8086159609696,71.8258850237156
140.580237941218,141.393430681765,129.769529445482,128.687203206557,130.160996460527,132.833520984193,132.793646216411,133.538319839492,135.009800316792,135.958776257263,137.028493027369,136.365720399962,138.514482772887,138.858285372938,139.50734596051,139.464065610804,139.572247808176,139.56353755155,139.688475410966,139.656877913793,139.711369798451,139.743257236111,139.774225110182
42.1029898761133,41.4453091233456,41.1157734810198,41.0290431737193,41.2116191493363,41.2284208834311,41.4352456839742,41.452103892686,41.5587980055499,41.6921571273194,41.7180662792429,41.8074746930067,41.8950114730585,41.9582786329259,41.9731419651681,41.9727669556368,41.9916895384714,41.9903350122541,41.9955352140061,41.9978138463578,42.0047105563017,41.9955155889959,41.9958878048448
125.622317134175,101.037089640287,108.699959191959,109.819445006278,114.267473761267,117.522060362989,119.617756211806,119.235073100469,120.312730261215,121.457358088642,122.116696628523,122.864364583026,123.583597914189,124.066921196277,124.178805067815,124.433140741753,124.450658999792,124.474220584611,124.491029017871,124.556783240261,124.595930382668,124.649906943768,124.642965619664
79.4263545828596,79.2965070314037,78.7169857789618,79.1620912683665,79.1422601206165,78.8105416367826,78.7653605833413,78.6824585003737,78.8173564909646,78.6617939796157,78.8379509664286,78.5826519250054,78.9993067837443,79.0156210522775,79.104258103798,79.1811319804124,79.1721984340423,79.1516290400128,79.1826419128549,79.1828386933405,79.184775694616,79.1953309874061,79.2089040694063
106.885233188003,98.4628158192976,96.4126269530263,98.6556295147341,99.5885234425746,99.8446854181121,101.063191909133,101.112864379004,101.914056320999,102.683674000588,102.956910083906,103.312856034294,104.431804417485,105.27743469322,105.57665174583,105.825385735371,105.820468614059,105.860421850644,105.853805703005,105.927013703732,105.982591313713,106.00107914532,106.004982769756
84.1877159719405,77.9287450220017,71.2752195064746,71.301860067927,73.6996277631533,75.5100760982103,76.3632087603806,77.3176414301896,78.6861867420407,78.9588729779782,79.7233994121226,80.1723147151585,81.723513703167,82.1015380602017,82.7279501649097,82.8480629162835,83.0172421693023,83.0757714332642,83.1609453556297,83.1789979731562,83.2525633112966,83.2761152527761,83.2757822791686
85.4960512213962,83.4194139067841,83.3010938552577,83.4809277805053,83.9856638790065,84.1528771396249,84.1872662422808,84.4875793149274,84.6241241284109,84.5888585380302,84.6870806169079,84.7060447426478,84.8007234240954,84.855515835315,84.8934938424336,84.8955300981677,84.9067902895803,84.9017276355939,84.9108752111835,84.9095673222546,84.9170230820887,84.9203961452195,84.9115723469735
143.910998378769,141.703330979749,139.427553962254,139.833275936631,140.603186384074,141.124588746149,141.391235802878,141.602790758868,142.022685622518,142.202709755397,142.370366008238,142.539330795138,142.998442239766,143.219507693491,143.282820185126,143.439409129888,143.539394881606,143.492489090202,143.551248944924,143.532466295096,143.556912181202,143.556503309951,143.561909817314
55.7195487143472,55.1766148491184,53.7259061363386,54.0131797676952,54.6015175441125,55.0784314710952,55.0996962225867,55.5148036035833,55.6238335993024,55.5384354618396,55.4298126832548,55.5806764596757,55.4096615358439,55.4163878847294,55.4330225508292,55.4276699893269,55.4066299736068,55.427989049349,55.4378386153083,55.4334886537681,55.4235161869159,55.4153496442745,55.4132783371199
65.4791561109471,64.1088978976214,60.9681078862258,61.1359060354647,61.514491172039,61.7170525890971,62.2054422085791,62.6527413338339,63.1793690512534,63.1322596619237,63.4211170840128,63.6947004978845,64.2007596261921,64.519059641021,64.7664320682373,64.8049302405338,64.8264909098388,64.9254188057688,64.9251502075249,64.9304438874911,64.9353075338995,64.9570873701481,64.9359663070708
81.8833564858047,82.937717168729,82.9391078963567,82.5102642243686,82.9409905186221,82.7635816259209,82.2710974532746,82.2503161213821,82.1415957235827,82.12265815411,82.1873698907941,82.0762237264961,81.8353889726969,81.8104375385634,81.7137842789677,81.7015030733398,81.6977191636651,81.7049762627093,81.6897961441332,81.6687308924605,81.6679293770716,81.6850644638837,81.6584756345812
67.0398452688236,63.954572085987,64.0738463385797,63.7788203856823,63.1964259807648,63.7782536716416,63.7155384711337,63.7882416731464,63.9389840405041,64.4837744631049,64.5099113595704,64.7865488844866,65.6678848397751,66.0646555322811,66.2285905407013,66.43247658705,66.4329266172489,66.5183720064938,66.5009115550983,66.5184551902557,66.5767124161337,66.5854863455698,66.5866969997521
61.2195010025579,58.6642152440607,55.4357766776889,56.1678861409664,57.066239072212,57.8471427127201,57.8733189377858,58.5719551098912,58.8431114284403,59.2732809924685,59.3442314643965,59.7108886225326,60.1510711516171,60.4671776783139,60.609599315003,60.6986270410059,60.769639545927,60.7514712006199,60.7834272365244,60.8237215275445,60.8058234920976,60.8325298323253,60.8383573203281
34.8502060473981,34.7626743349384,35.2331340875487,35.1712347585391,35.191082075214,35.1233196463289,35.0114835162136,35.0022230170733,34.9626029378943,34.968273943446,34.9201350286717,34.8720293276289,34.8164949886475,34.8264048874787,34.7666459515036,34.7902661060569,34.7720114286977,34.7809982270877,34.772369552603,34.7754731061575,34.7792395584201,34.7760244488193,34.7826588769925
83.8453354241619,79.7875309546589,74.4121352633882,75.2017354830282,76.9067595405675,77.9258698756981,78.6694345360698,79.3397443024519,79.7639840276548,80.0405070026875,80.5959241897331,80.8449742147065,81.7628916973782,82.4705492948312,82.7435179200321,82.8264727723057,82.8046279155838,82.9373661425927,82.9806129893999,82.9725439831693,83.0251322264679,83.0678201758984,83.0606575224718
81.9778885824789,82.0678734971615,79.7682444198792,80.1315292000092,79.8419830984948,79.9125647630479,80.3148191100466,80.1045774212448,80.2230377410352,80.4278063083613,80.5111224309431,80.6279395154371,81.0730128742656,81.3287984664801,81.346907051943,81.473358862813,81.4855204643972,81.5284376620263,81.5047821707252,81.5227179930987,81.5732408082566,81.5754207123534,81.5753760256821
79.6023972009403,75.7830016848306,74.7132343748179,74.6202654211177,75.5363841459017,76.6330696023858,76.6448722083904,77.3298150697651,77.5822814725475,77.8939167335523,78.1144583669025,78.2917735382483,78.7018085102668,78.9010574828121,78.9611267548839,78.9156975290818,79.0488716778128,78.9835670514027,79.0266887494608,79.0170070625034,79.0223498095639,79.0608797493552,79.0654590741021
45.6248291193633,45.8044935094257,44.3662343550608,44.3776081213961,44.331291866532,44.4422455506926,44.5734743023153,44.599390527764,44.7712508047995,44.9701628846213,44.8336096846903,44.85524915943,45.213713203575,45.1608863037416,45.2579844348515,45.2676407304685,45.2975305321385,45.3123710239818,45.3051310918756,45.3198921316617,45.3342175618817,45.3228005576281,45.3353283515506
84.3510613489723,83.7044467702802,84.0665296165032,83.2648977265269,83.3244556024775,82.9539029246981,82.9580271729391,82.7293727937664,83.2282896511766,82.8102237921684,83.2068241505408,83.044532145056,83.2991009357174,83.5409943294673,83.5789428983513,83.677236980999,83.7254847615962,83.7435522979876,83.7455806163309,83.7579492923362,83.7596039792915,83.7707870081926,83.7747506063567
68.0430912763056,66.4264057932862,65.0172000565599,63.714375363959,63.8547292805066,64.1989237209904,64.7842526094912,65.1234421824142,65.3670299372613,65.6050481407166,65.8811476210559,66.1832078410336,66.6694799995958,67.1054679010589,67.2461211545154,67.3336786835436,67.4141929457284,67.4508707480155,67.4277005442197,67.4839208720161,67.479669773947,67.5012251381891,67.5080535816085
107.78778113214,98.7163499855711,94.4436744693174,95.6068813953187,97.2276987156572,100.198251172185,100.865432247989,102.506930967816,102.977808151186,103.991558087613,104.194405162964,104.906129357907,105.893708596013,106.448488350317,106.631132401624,106.730623391967,106.91769962638,106.861955530743,106.888909804258,106.943739220492,106.991199619422,106.988088264856,106.981152671906
65.0848149520154,65.8770682831143,65.8300393036546,65.1313333056796,65.7992677321281,65.2924886034182,65.0594040136828,65.3228404622083,65.0837683181098,65.1572196896565,65.0071659710519,64.9562815333351,64.7070018784612,64.6387539471697,64.6619376488781,64.6178469622127,64.5884089294586,64.5977305615879,64.5690958577093,64.586044369702,64.5686564721532,64.575148384261,64.5758196907628
72.9742543636924,72.2047832025936,69.5446538583393,70.0135491812374,70.3910550403359,70.9027978825353,71.3431846439025,71.4917974195878,71.8616277380234,71.863298762628,72.099055653823,72.159242723979,72.3181224624179,72.4742857728975,72.4927034826276,72.503351400217,72.527268599666,72.5327265143192,72.5424903111015,72.5546041797575,72.5659083310923,72.5679885294458,72.5665471565779
73.0124829443154,69.6912526098405,62.8057067096964,62.563788787731,62.9992071143621,64.4297386700752,65.0481727766711,66.4173530472318,67.3224659960383,68.1401801472886,68.6343809321259,68.9199424002075,70.4429296226175,71.4430838864847,71.8026985337417,71.9356385674656,71.9610305988751,72.0234632014392,72.0909729120274,72.1110029493113,72.1421339526556,72.1602576591042,72.1558679826434
63.2751307575635,59.3115693790355,58.9837542160601,58.2167391988621,58.8264942479802,59.6861211482571,59.9031178195968,60.2537580852484,60.645856270553,60.7954407316579,61.0594554142364,61.3926785191873,62.1275323297308,62.514612792155,62.6317853626342,62.751609674471,62.7995771676181,62.7857093425958,62.8169339319223,62.8469181156617,62.8569323915187,62.850784033966,62.8436326726111
25.5275432468588,25.7331163852615,25.2622787568191,25.3328106247064,25.3047757258502,25.1852744659335,25.0352341196792,25.1334290486912,25.1512618448645,25.1440448245628,25.1486553426703,25.2213019451067,25.2840555880343,25.438461854849,25.4150457600444,25.4617720425016,25.4499234568976,25.4653802658665,25.4600588901444,25.4750320513299,25.4750373331576,25.4728851837835,25.4710839358619
116.603968890258,113.185209622412,109.650091591161,109.882087577956,111.024532879141,112.362929697255,113.396129574092,113.602475957668,114.026047445447,114.550598071841,114.769807757919,115.200262236059,115.690395996796,116.177897265647,116.271416199873,116.400938653328,116.408378158342,116.414641131386,116.367203317325,116.421045358515,116.450693477523,116.451782482672,116.45812466459
95.8601734940323,86.3094441847958,80.2768671990317,80.3734005735312,81.6712470348189,83.554855941742,85.2958058216429,85.9965419280617,87.2496372218076,88.1826983386867,89.1111987244772,89.8240179526911,92.4910317616944,93.3447552355724,93.823238873751,94.3105910289709,94.4663044951304,94.5931455093557,94.5688899194046,94.5708585660717,94.7290100878002,94.75910876706,94.7482044010224
158.924587305627,156.736670537506,157.365687235666,157.896133542929,158.499250216721,158.679924811452,158.625358279303,158.679067563289,158.790081458813,158.658368758239,158.759842121916,158.780424411222,158.644442967581,158.556857035075,158.653794175176,158.587328784489,158.571098637878,158.596273965225,158.605861322723,158.590602943155,158.568484096659,158.591965197609,158.600231323134
56.7287081269094,54.5386608539379,51.1484282924075,51.0213262774552,51.4271771794966,51.9719203869112,52.7982620447735,52.9898627607785,53.3849514750333,53.8273483403895,53.7194587737107,54.1895974629201,55.3024502986234,55.9325098712629,56.008362887856,56.2425094229769,56.3105048604798,56.2985119856665,56.3011799152694,56.3471350578863,56.3460279862591,56.3547628546532,56.370926776471
99.0178361224966,97.9637091490899,97.2894341448389,96.70463920232,96.8173448173004,96.7159105446906,97.2602108735739,97.1839620427348,97.4537063638827,97.5654574085218,97.7062267803817,97.7408771146342,98.3195968658864,98.4556871951311,98.4711637753342,98.5628858741449,98.5638171007658,98.5792151536031,98.5767666463948,98.6256698160704,98.6420297461445,98.628623686815,98.6349365050886
121.747532067289,119.777614472275,117.366007914302,117.330922023814,117.80891630692,118.403295861078,118.789358241064,119.321070883307,119.535820868099,119.944945519267,120.419570806969,120.460724360159,121.142189799354,121.112165998125,121.305892315833,121.286537765176,121.268777541516,121.364673824237,121.375469590281,121.387899677237,121.379234923912,121.382632979423,121.391642463572
112.565813696435,111.854334398001,111.384760675236,111.353212563903,111.356027666354,111.202898847595,111.263434260077,111.513222514919,111.303648951282,111.358246937237,111.371367530686,111.702920094353,111.742475858123,111.902053970184,112.041564250002,112.069269700833,112.042641887806,112.054043968467,112.045581403239,112.065390137486,112.086357880753,112.092092926109,112.087461311087
61.0564139734968,61.5943876750608,61.1211347080254,61.0516226415039,60.670153560082,60.4159730163598,60.5925750902479,60.610420339946,60.3728498596522,60.5562420787449,60.4733821310827,60.6434046783292,60.5031523058903,60.6112088299515,60.5865953983757,60.621455715228,60.5804476965483,60.6195928361824,60.6049799122062,60.6092145519448,60.6056207872363,60.6091290239012,60.6144398244082
47.6892838198594,48.3662883543449,48.2440061340596,48.4356618001999,48.219770376863,48.1121189909796,48.1573231055626,47.8904532023967,47.8353596970514,47.8764306763661,47.7893301805252,47.754400976049,47.5410299664656,47.4602040669101,47.4032154548646,47.41214894472,47.3897827909603,47.4187163187626,47.3935542251921,47.3782112726314,47.3881822353494,47.377924959768,47.3787526674891
60.8837429767761,59.6593211354479,58.7658580335991,58.8193014226739,59.3273166232623,59.5831191282834,59.8489807395235,59.8903423827685,59.9897162356699,60.0456203900658,60.2280171888054,60.1657238117553,60.2440459745064,60.3079663815698,60.3224802283735,60.355944444974,60.3385315144554,60.3350257296062,60.345458982794,60.3461642692662,60.3500813202542,60.3386962480958,60.3558437438957
153.729333236632,150.268806977086,144.928195746303,144.825416209231,145.145186022493,146.698588792654,148.349030164829,148.80640160736,149.163535460837,150.86663091823,150.184804186594,151.050633008157,152.232031966329,152.288306954911,152.40736750545,152.586117357549,152.703418453056,152.660095162207,152.711502864445,152.770686218726,152.805098805753,152.800988974578,152.809405839501
105.655879623326,105.75002800866,105.086420077584,104.513173421995,105.101492335177,105.512782410648,105.353490302292,105.371293700568,105.785336522617,105.601094954674,105.58484238271,105.489460013647,105.559390384168,105.582085565599,105.483420886313,105.575377774145,105.582321842047,105.449829478868,105.524313304772,105.530325912624,105.54338320319,105.505361849502,105.526699306501
154.356680593674,154.896164729476,154.586541760179,154.475226016677,154.32749801698,154.026553863214,153.994875574804,154.064730411776,154.097877294625,154.392397422752,154.309702711073,154.210844424794,153.967685469292,154.155230760775,154.118417346703,154.126118767551,154.056156937608,154.057320132664,154.04447247642,154.04472137068,154.054125269393,154.067232121017,154.055116487281
84.7180331896569,83.950708245279,82.5037574917591,83.2957239829554,83.3598154789644,82.7883120301073,83.0338769834204,83.1144406239339,82.9321464068252,83.2153013643091,83.1945792754965,83.3056725698635,83.5813657034428,83.6903336540593,83.711335831993,83.7735480509237,83.9048246556078,83.874987059335,83.8668303517353,83.9080829414464,83.9224044203231,83.9457833555305,83.9516466517713
109.727699474068,98.8240091235885,91.8995153737119,92.7365917585675,95.9054764599682,99.6233196142193,101.081818217914,101.988013989301,103.632535950471,103.773585754691,104.37632929633,105.166562602125,106.607373704097,107.342710083857,107.75435105321,107.839766679102,107.956609927674,108.098630818266,108.056704391245,108.054003281155,108.154705484457,108.212045470945,108.213036643339
55.8057799325753,55.4263664218145,53.8423324931029,54.2077818366827,54.4615502478389,54.8391118544424,55.0441015469513,55.1273354855976,55.1999943175154,55.1516027961928,55.182184145666,55.1562485063556,55.1842642168687,55.2136141601358,55.2220186235789,55.2062461484411,55.1960726204442,55.1989220270081,55.1829504790685,55.1927737610873,55.1774823291477,55.18086567767,55.1862297798587
