"V1","V2","V3","V4","V5","V6","V7","V8","V9","V10","V11","V12","V13","V14","V15","V16","V17","V18","V19","V20","V21","V22","V23"
149.72673070788,151.957674209237,152.831444617288,152.574849448673,152.470640167188,152.167313727811,151.586258578897,151.233490935291,151.36980512661,151.094545154124,151.17789582158,150.684407209398,150.518658052736,150.115297773684,150.134728001877,150.239118482049,150.104815886931,150.111607403765,150.032644283181,149.988317543937,150.001400574641,149.908627038027,149.897433031759
154.458991130842,148.744457089581,149.049426491396,148.693346911509,148.212153974092,149.522616516728,150.395446789342,151.65496809602,152.006777004918,151.608365598932,152.248991986936,152.680722350848,152.648986823185,152.078757660049,151.480575971403,151.809530897745,151.705680100088,151.742166210397,151.853874059008,151.801621741271,151.716121386887,151.580552613375,151.993587577349
105.896500708863,101.8837675289,102.372524361033,102.044832494217,101.725872183306,101.980041194397,102.099734691671,101.996443065807,102.500049344188,102.913181055765,102.706794165273,103.189290101312,104.008435671166,104.703624999006,105.09561287595,105.277965817301,105.309211759273,105.324238000876,105.404842987087,105.493441486692,105.617701786335,105.561129557772,105.663242472862
111.748738178929,107.994664342748,109.342977282518,109.286957395011,109.646151003995,109.952517611223,110.287067626879,110.26860469195,110.827388030608,111.153714110019,111.513339103867,111.686924757783,113.151855882183,113.54958588126,113.659862869896,113.916704417415,113.696925862713,113.7238342954,113.857121375379,113.979581064565,113.86975297151,113.866271443491,113.903116637415
95.0905870085527,90.5546183226431,89.2089299343779,89.4519088537381,91.0890308401577,91.9664985893355,92.996008249802,94.5965749860446,96.2855795730158,96.0972946788271,97.322004075207,98.0020816725389,99.7894515871565,101.014463701972,101.104404900593,101.262317888263,101.608136652652,101.569127941817,101.871680558105,101.868719021952,101.912664703446,101.990968447262,102.102673233027
71.8421250595742,60.5236963188215,62.2612571901294,64.4499843283222,68.2572212981018,71.6706259119197,72.9552335843959,74.3684613489264,75.672420938685,76.6103192321298,77.3534386847152,77.5207453352691,79.8601494926122,79.800110918544,80.3343419567368,80.5636503135982,80.520771957508,80.4946072359242,80.3753818638955,80.2504738902992,80.2416725793439,80.2135838716179,80.2214486080044
124.078794347581,126.620444920714,126.106190400171,127.758440795632,126.842359147388,129.417474031621,127.287223405192,128.858523369214,128.44248716096,129.350295181299,129.044467570812,130.036061396045,129.888672910571,129.953369685391,130.006263637564,130.453697663013,129.994460942829,129.888578431922,130.080426827161,130.158613613063,130.192213804945,129.978703929917,130.149824042949
183.810327397032,179.358750805697,179.274683012597,179.228595568825,178.830807182999,178.604843473078,179.683271542902,179.210201575673,178.673787315774,179.750327786563,179.636304879945,179.67565461574,179.308052746377,179.602366650916,179.695189430316,179.780397698395,179.593987071082,179.680024692959,179.461403280625,179.619123289858,179.498130722384,179.832219790357,179.532507371837
58.3928562427573,56.902377733146,56.2165652212312,56.1762807948372,56.6483224105247,57.129683722264,57.823438842879,56.9813351002551,58.3245985531549,59.0228637914966,59.433095289001,59.7723628877537,61.7742204670956,62.3359144421329,63.2485710092999,63.6488251746441,63.8501295436214,63.9093596480331,64.1399546263834,63.8931152642955,63.9378535123402,64.0844241178615,64.1422382625174
98.0694025550132,90.288313663989,91.4543240162669,90.1903503615303,91.6180175945626,92.1126568977652,94.4535471098828,97.0746406957637,97.6334922991052,97.0442338644753,99.7676315218211,101.885897768372,102.928750589246,104.981377855684,104.994983633506,105.891672935328,105.902572934029,105.989587239149,105.750408143928,106.44169411983,106.679419008083,106.615051386938,106.654151331256
69.7222871907983,67.2244184511,67.0890261575985,67.7895231553887,68.2954104639733,68.479663321671,69.8875352797534,70.6439794878623,71.1164075917707,72.0755694148433,72.8622647730748,73.1126459813658,74.7753458526587,75.5930936536056,76.3558010364881,76.7841468316015,76.7876988985834,76.9879345090054,76.9853817993061,76.8573875280095,77.2459854666619,77.2385525069099,77.3778664213917
81.3693933355806,78.4073881355729,77.7175794620011,77.5482028334245,77.6953034989118,78.2631518004646,78.9688840434679,79.2458967010348,80.211330531827,80.8813744718315,81.0626981738417,81.4454003647452,82.3963355970025,83.2079428400706,83.8280183584311,83.97071720923,83.9960044242438,84.0308929471294,83.9656120908428,84.103881759416,84.049022235425,84.1273680843415,84.1820118692531
91.7455641021708,75.7197454439652,76.0296510422881,76.4683422345403,79.639570283611,82.4321180022111,85.1568464382598,88.1883991125932,88.5693300103037,89.8341049851021,90.2236979466402,91.871815988697,94.3264505186787,95.6767835358844,96.6537427974796,97.3135561668801,97.3469620267933,97.2422033488635,97.6352361088165,97.6216717779932,97.8621581414773,97.7239437284127,97.8223487999567
216.612658193244,216.552204701923,217.207693926015,216.781765423589,216.302487186451,215.54581279799,215.721145070961,215.271240782878,214.788696363529,215.171404870564,215.022123767872,215.004634962465,214.618756433321,214.61043466722,214.538405393916,214.508284628778,214.425826472177,214.474181242864,214.453823350967,214.504840962565,214.484623422325,214.509313881637,214.498809953043
52.3004495638055,45.690439368161,44.2426594094111,47.3332797466227,51.4530751368475,56.2687050067581,60.069732112489,63.5302585345118,65.1488119342674,65.9449730385151,66.9593108718907,67.9121385890772,70.7951804749076,72.5539644453488,73.1404929901327,73.5929409153099,74.1234013774645,74.0738061428873,74.2893104111459,74.548371154135,74.7543755674642,75.063560216312,74.976014937317
88.61963674654,84.9821898952495,84.2894540584551,83.9228863472021,83.0258019769974,82.9724680809043,82.4733924984196,82.2788391371912,81.7328440449818,81.4676639528817,81.1882255728805,80.9939315898498,79.8526589200175,79.552889611084,79.1526492678809,79.2400667249768,79.1575648974193,78.8766540709158,79.0594141828183,78.9715292931093,78.7781160398398,78.9679619105643,78.8306650683552
101.925305725201,93.3347799159012,92.9652829792029,91.8713087149567,92.0611072378374,92.4642659451417,93.1815139656418,92.8845251219378,93.503903540702,94.0283513155973,94.6218742797696,94.7007059927885,95.3625811407847,95.4524897628116,95.2296805838434,95.4058444240714,95.202438559318,94.9121313984169,95.13759306098,95.0097613068542,94.9440497044393,95.1328299578806,94.8942769614474
116.599178967755,117.066907439774,117.390526623503,118.143684491395,118.84371322764,119.163422604291,119.50775343228,119.061269802972,119.375737638295,119.846089245101,120.163633266027,120.153693572229,120.481284777994,121.378449464974,121.494285092135,121.570413085651,121.565857650152,121.653324793777,121.626937782303,121.687405961609,121.800589372472,121.853180129901,121.914308578073
86.1511919536911,83.1294418577264,84.1208770859781,84.4408174401292,85.3392072628863,86.3173355114574,87.1813847005727,87.7810579915073,88.9814402145952,89.3153496858229,89.8906794703079,89.7462157142417,90.9657464315126,91.4555463661054,91.6321205704083,91.9527583777391,91.9945328987804,91.9068346642505,91.8683982132821,91.9718389484913,91.9865096750122,92.2153194904427,92.068914496315
22.4024556713511,25.8561259921769,25.6023065229712,24.9733158999789,27.4583716051374,31.00053432876,32.9843193541512,36.0548331697277,36.9786987974916,39.3968769737379,41.4512374510359,42.6975811431585,45.9059805701897,48.6348777420459,49.512710899873,50.5690646591732,51.299836582579,52.1779065685442,52.7930215518619,52.1347591346937,54.2215852077272,55.0073577794315,55.1113108205627
100.534012163885,96.5484278212812,94.9081681983455,94.7065830156148,95.2348786723576,95.6164211873791,95.7460405764398,95.7660218461685,96.0188407941386,95.4506270211875,94.9033496502893,94.7927865003067,94.2001727498186,95.156280067391,94.1294415837618,94.7666612157608,94.7505497834289,95.0550084321645,94.7832287893043,94.8782597957216,94.6145455968179,94.790046094866,94.8213555332593
59.44338478776,49.3091707030892,48.6078101892859,50.7644994086725,53.0088025774169,56.0999651037973,59.5143833249158,61.1835244114538,63.2286788407726,65.7210366234422,66.212488351099,67.1593979982637,71.0999767261544,72.5532704368797,73.5011350313711,73.8462023810173,74.1501100905682,74.1975341075254,74.5865858149386,74.6242988295892,75.1327906993157,75.1916154957696,75.1948654241619
86.2740465093998,83.7842217608307,84.7694212048868,84.0874057140612,84.0909442573109,83.3248510651315,83.3477162874187,83.1641106609626,83.0277609480032,83.5728554068485,83.0906147420425,83.3121500451019,84.798862032915,84.7548804234157,85.2965179508688,85.5364582528727,85.4720822971878,85.4904378667699,85.5534869563603,85.677959851813,85.8069698946856,85.855658399825,85.8295230952353
79.3136172701916,59.778977435763,58.0304365936623,61.2218328008551,63.9067649990723,68.7584048848123,72.6070436997151,74.5449414980729,77.0576156262765,78.9028863386475,79.7336935509944,81.3800749680536,83.9493130433394,85.3698578650509,86.4936845340271,86.8095117692542,87.0374999571271,87.0481110873423,87.2758324608694,87.2706499350629,87.5811571391078,87.8057946134722,87.7847654047056
94.6424127695719,97.0160820549541,93.0196313000112,92.7848128816899,90.2327361927793,87.6303249944926,88.6470284782946,85.9627462209507,87.0827163006614,87.1074367454693,86.9026915319088,86.4934775997979,88.4792983138379,88.9980654770977,89.2960562224077,89.3239048448401,89.9048562885196,90.0144023175837,89.8537164526513,89.9452553353942,89.7490122496114,90.0881636976296,90.1085284815283
120.412170937738,120.765169044248,121.688093834876,122.156557511714,122.087754156219,123.5200384081,123.6105149675,123.12755758247,123.343626026659,123.528820179445,123.71078816022,123.608063089737,123.70508968437,124.167582612336,124.183856769224,124.379229794058,124.573904260614,124.714973921649,124.596460193602,124.852715535867,124.701086215898,124.897924122083,125.076296454909
61.324420562088,51.3229242473253,50.5865016457547,53.5115256882241,60.662069013905,64.6382442929256,68.1364013115908,70.1264085382722,70.9012229221427,73.3518995926935,76.1504667010593,76.6626180745785,79.829442763683,80.6761170191574,81.7148416306237,81.6979129989426,82.0867370920143,82.1473462837148,82.0776988428186,82.2594942518422,82.238282938218,82.1851872793217,82.2368384737706
108.339087404703,99.345290631193,100.746275338759,99.860323704682,101.726134727666,103.491357652113,104.905595725793,106.86277806877,107.168693229145,107.983440361405,108.311366544134,108.676090436749,110.306167825203,110.584155749241,110.98257230342,111.192404231651,111.253093738531,111.422035572559,111.484009658362,111.268981773286,111.619196313795,111.524404579633,111.434329242486
140.065605929515,136.254559224276,133.95748477927,133.787822727823,132.822030373057,132.423504176119,132.218647348397,132.774801864644,132.13635190306,132.443472802083,132.426475115625,132.210540521397,132.32697182063,132.323699976861,132.100210489875,132.327274232158,132.368441916211,132.214135668136,132.237140968234,132.25714047394,132.138821772848,132.157200124838,132.234538213389
118.322294272275,118.604566066758,119.146216176307,119.116346677654,116.806859311215,116.500458042333,116.829587009955,116.536703569904,115.316268710509,116.660651209173,117.254327272651,115.971953122021,116.315952521795,116.550575744394,116.245374554927,116.567667910604,116.393927147523,116.64689742711,116.267945165497,116.637520346246,116.34227246139,116.437458202847,116.337647881044
123.942862736254,121.50639900038,120.659094484054,120.206435984478,120.359776806014,121.173425771371,121.592160000955,121.682938529046,121.676855583588,121.457190536603,121.846986945201,121.951666973653,122.161481588607,122.308715170175,122.241134855482,122.110379474815,121.944357624957,122.184762581807,122.047405344527,122.261695878824,122.196291812158,122.150286543198,122.228512236198
70.7971742195793,67.1195983944164,67.5320431928058,67.3106060300985,67.6175788440963,67.8120460786867,68.9022560064813,69.5486954961374,69.2495267285699,69.5273903308116,70.1215280854741,70.4311652137821,70.9466845878398,71.1381766697369,71.4919423106989,71.269167056817,71.611663577098,71.4692260859719,71.6796152822353,71.6808936361809,71.7659052911022,71.8753933314779,71.7464263001138
109.99698312691,105.785622160754,104.978925490335,105.47132042344,105.823017751568,105.650546040042,106.638317256398,106.165416021827,106.669970037608,107.505368385809,107.81192774749,108.042552734519,109.79592882044,110.449563560129,110.854266561226,111.089371455131,111.340527664368,111.45778296004,111.444476559365,111.638649175683,111.931517018772,111.900290081427,111.99982369519
73.5431696906584,78.5547372375064,79.6884775742746,77.8257856041709,77.6401806068901,76.9735299345539,78.6613847923942,79.5627115766262,80.4154454235235,81.5722141564303,82.1966905224023,82.2822608184876,82.9913539258724,83.4737183722322,84.3360042785935,84.2327575645936,84.3287898473225,84.5681863179591,84.0003707325046,84.3810260121795,84.4718421413192,84.4684939796077,84.609410762787
249.687974666352,253.420129506385,251.827824966524,251.312393669087,251.666805510534,250.938088151517,250.438450447726,250.384996164737,249.310012686792,249.501104842179,250.110163387578,250.081900172302,250.440283673147,250.845788392746,250.990955113886,250.443181831622,250.734817582398,250.677824459843,250.856592458848,250.905197568739,250.851974303096,250.788863235624,250.905397949036
45.6199958496633,46.2588237742868,46.608315802261,46.9238549098525,47.5297185795537,48.2159800017667,48.1677726209411,49.4370123266046,49.9967360840729,50.4318599289024,50.9994048850189,51.6339614176763,52.6153827431563,53.6186905692627,53.6621444389497,54.0166348832752,54.1648938606692,54.1837249543456,54.403652697693,54.3658400177328,54.4819522078687,54.6566618337964,54.7088623101594
81.9286122327838,75.8302237566937,75.877229058152,76.3148140170573,76.8333265339873,78.0108069835071,78.4079270165297,78.9140085189324,79.577467510134,79.228194824555,80.0978797649599,80.3180322579971,79.5842157443808,80.228442590314,80.3615103128616,80.407545534055,80.4864469493883,80.6339055487214,80.4144159607742,80.5357821799513,80.4854967804549,80.4625672887608,80.5451344217288
111.43690214548,106.661534917297,105.544436887853,106.202310135236,107.586777692221,107.566843319758,108.175225866522,109.241579898761,109.741698614259,109.815880979185,110.528800243761,111.136339909089,112.686940681075,113.545457672892,113.801988434694,114.343388894967,114.875097464936,115.010560965211,114.92967752356,115.000310704856,115.149754623158,115.010515925686,114.925687751711
71.8783893967324,67.4999145206135,67.9802007392622,67.4840809373977,69.8077177098184,71.739714378549,73.697181618533,74.5179590013085,76.0258665997979,77.9010942212941,79.9679190863798,80.1149568916081,84.4682259838832,86.2576268695432,87.3771237961919,87.1837952275142,87.7979945836936,87.6218051492343,88.3279227869468,87.8645782036174,88.7097087813317,89.0530174011219,88.8876989538946
159.162746204908,156.745035814205,156.509074772921,156.214083727644,156.190320491797,155.53306126893,154.982682779321,155.442656019223,155.355281870206,155.802752557757,156.24991841484,156.232941952827,156.327153230231,157.041731323992,156.832278410967,157.389518166686,157.118631897844,157.224926337819,157.270639769911,157.283891552123,157.325939171594,157.272695382953,157.368917988305
174.97290886993,174.121280219658,173.618443128267,174.576357235085,173.046753185027,174.036464480823,173.519553310072,173.425105035879,173.663804822118,173.292856606404,173.31246882521,173.601794292388,173.591130951606,173.988714362184,173.707520296905,173.97703885289,173.992186015322,173.88103562958,173.969088181591,174.039672307104,174.209336778567,174.114912655643,174.169370141185
108.500513466695,105.223991487117,102.946298720036,103.482052002818,102.476103838037,102.739840553858,103.439799779822,104.381360295054,105.079200608436,105.746193813085,106.742081456267,107.619232838121,109.932235527694,111.247617761597,111.222468487103,112.020541698602,111.854254672086,112.060134110173,112.079839669279,112.062034821431,112.248574369427,112.361190986631,112.275948854839
69.7498292324245,68.5272120283022,67.8478376912301,68.6550521344434,67.7905573830886,68.0864883067352,68.1076153089746,68.123621771728,68.233702841361,67.9160998271454,68.0122410549336,68.6076222868101,68.1289943300944,68.9327038035007,68.785483374821,68.765508350288,69.1929368116634,69.1059191945292,69.1448758972578,69.1715570599551,69.2618306224749,69.0367107717152,69.3284649775731
96.0392196680306,75.9354250657835,71.2677810617338,71.5816760177322,73.6640931134993,78.6629620837198,82.770614115781,87.2483154922446,92.3288992474232,93.0871454411008,97.5582758639523,98.1234138725726,102.533007711578,105.604385214799,107.027045799461,107.813688615902,108.496748182697,108.98982437672,109.044166288007,109.129873302349,109.756680800887,110.234004668141,110.614465594012
153.650806345073,153.459284514964,154.429288152247,155.138361540691,155.908232721081,155.223866876509,156.043550860612,155.829568564919,155.157514124337,155.631442491405,155.333533265812,155.568029581427,155.365599607304,155.442236387921,155.330852356965,155.067994209928,154.868622876092,155.024950810386,154.979385785077,155.119546229044,154.913007212779,155.06128392141,155.020778724627
71.9317850295077,69.2619165948101,69.1282378852807,69.3555424624063,68.093932275598,67.5131167886263,67.3115933842707,66.9693337351231,66.0348194572554,65.8424494445836,65.2917324016646,64.8442389882936,64.256849498563,63.9888972512037,63.9273853709927,63.8517798272451,63.7462615315336,63.6875355936138,63.7259635739054,63.7346616933924,63.6939673255126,63.5468776519606,63.8225419211025
93.219737064839,93.1618551993298,91.0326893304758,91.6379376941446,92.6948608763694,94.2269493768204,94.2386254482876,96.7745567163934,97.0866192385364,98.0196428685373,99.2552470223487,100.436891463461,101.295817995329,101.369816994968,101.298797094966,101.148710686512,101.381962411374,101.176733180955,101.035959130765,100.935601787403,100.981601747721,101.045585923524,101.006876198001
173.200692672583,174.878273848863,176.530384206085,175.92225866022,176.01840060692,173.483347992009,175.750811351101,173.043057613966,173.803608821631,172.581192257315,172.516663329782,171.779147264135,170.875762094232,170.983438668062,169.919783191997,169.761565863042,169.795669981311,169.78537754456,169.342239178626,169.614403893612,169.323563502413,169.477105004095,169.647099717699
101.236049911583,101.508330321714,102.160615874175,101.568883983449,100.821947185165,100.896385391435,100.712547177775,101.26214292748,101.632647940071,100.885101956364,101.778985242445,102.768157992043,101.939710028625,102.000359608859,102.821570724242,102.851012798943,102.895416236952,102.73896062522,102.880249404677,102.816053218839,102.87026011388,102.913778079123,102.844819023792
70.9148292810798,66.611602640172,66.3763726511328,65.4666084721063,65.875873298209,66.0008120475457,66.9490150324758,67.4441465194953,67.8235399416393,68.7559478486123,70.3532164079433,70.7334566001066,74.249382698382,75.7951102650584,76.4253969886713,77.7733807611935,77.5832812998428,77.6401494912616,77.7619265574079,78.1314731823068,78.3451380753792,78.3704313859828,78.4544521830673
150.965256444252,150.722404256699,151.34895247619,151.16687025319,150.82628308053,149.94854821198,150.660549267369,149.818766892472,151.029667060424,151.412132169276,151.373205668225,151.768007427973,152.85636350216,153.634773048979,153.507679896123,153.660170407168,153.461930120419,153.528584352732,153.755875934954,153.746105078664,153.638438540886,153.576226021684,153.740127236248
108.032701040892,110.238240084395,110.483654063149,111.126417392397,112.614542668797,113.641643239671,113.964509958868,114.869553225393,115.155928483761,115.335560409614,115.671975015098,115.626964600041,116.080698105691,116.459208992081,116.533646219103,116.539765669735,116.620735299787,116.583766663095,116.429788005265,116.53169435352,116.669444704239,116.696359537133,116.861749554241
96.0481058888139,93.0493674298359,91.8402818071047,91.0420773013284,90.776135523613,90.6329766132397,91.1887068291381,91.2353996698711,91.2995681134848,91.5963041666335,91.7406386142559,91.7980873745349,92.2067497564874,92.3250952546295,92.182362988384,92.5192625882371,92.5270966753927,92.5842724456014,92.540446032833,92.5944072921941,92.7238689261648,92.7616229855782,92.6981631812412
41.7348630122338,44.1705738900588,40.423433502284,40.5639961161781,43.9319866068502,49.8836150714738,54.1708084391565,57.5062018464502,58.6272288609558,60.7042206600671,61.6972243398558,63.2773534366531,65.8311145776216,67.8161504707179,68.1416611354051,68.884537690584,68.8328527391209,69.2849359732,69.5425498826663,69.4204935443203,69.9342641860635,70.1516260531819,70.3093633354682
182.352750520617,180.454736709007,179.08861360841,178.673127615734,179.058966220007,178.431853894218,177.417085577888,177.459267350874,176.207787483991,174.93336825378,174.324634826677,174.157359809627,174.585932364895,173.195042043701,173.049390971633,172.827753908021,173.104577745672,172.904174723512,173.000687958701,172.959531121057,172.978421344398,172.905162657322,172.879209838053
75.812231509794,68.2154503856618,67.9098961896257,69.1840802518575,70.7627820178036,72.2413426325652,73.9536353210216,76.0722370570983,75.8704227369851,76.3615195757905,77.9053258005892,77.7943196872609,80.2981372285928,80.7859581703762,80.9369945046632,81.1948851089528,81.6759298091509,81.7325218259238,81.3133328953837,81.4857147093879,81.7597985861877,81.6853482668891,81.4361425807301
108.656574686237,103.744443666989,103.363571200106,103.506272073101,103.184838066422,104.666661394956,104.143008496717,104.541013877776,104.939752357374,105.070283921963,105.1183958045,105.917261145873,106.325871522609,106.48820174477,106.275893806349,105.994058234886,106.30364191389,106.107410516192,106.296152453974,106.343030882182,106.133430595363,106.172409367495,106.029570376888
130.637071298618,131.85846077597,133.599866723181,134.266662548377,135.239588763102,135.516823762396,135.797185357298,135.023125768998,135.661952737422,135.530372837415,136.33605648259,137.452936721014,137.711167299161,139.726765062681,140.307057349674,140.558602004646,141.242341133148,141.294117310282,141.296023186738,141.267698340417,141.532471820832,141.740869738272,141.81593289143
21.59416118243,20.655661021965,17.7871411580365,16.8877631356251,17.1410353574444,18.9150241844322,19.7241904415389,21.856116793927,24.2970693741419,25.0240495439404,25.8190832998779,25.9993424008214,29.3584305269774,30.4991675278389,31.2157919112539,32.169491855071,32.0829863531754,32.3381782385836,32.5484379587084,32.8344276420389,33.0933973987486,33.2004458387702,33.2981886096676
54.9657418153747,52.8033077801702,52.7811829869578,52.5023829192771,52.9983074576744,55.2503512453559,55.7410532326824,55.6002513838554,56.0719623684105,57.0366155197741,57.5882810410671,57.7748516536011,58.821454313166,60.0225618191854,60.1829256875506,60.5279069996799,60.9321375838717,60.8985524175258,60.8795467748028,60.8503812585246,61.0681056419365,61.2280127253786,61.2848583014372
186.19465925915,186.181791855302,186.608900761652,185.545400758625,189.395621073328,190.28926882922,189.719638801957,190.91206256323,189.501622183603,187.469783103374,189.943131715213,190.217040029737,190.331365367062,190.364289793602,190.270603974126,190.282876849379,190.369578786524,189.937630916882,190.705855164134,190.127428962643,190.147956897643,189.767992369509,189.441798165745
44.1068271483989,43.1384658946862,42.9304567576592,43.2835534011874,43.9129111655048,44.2993015094708,45.680936101173,46.3845429192738,46.2025472521998,46.856899580185,47.4690133010637,47.0383125654761,48.7097443257584,49.2213383439663,49.4165785731912,49.3980251509394,49.5358319000345,49.4251378827891,49.4397299518406,49.5500245824864,49.4054645659093,49.4127888204074,49.4943811041708
95.9184982620496,98.0482776620895,97.6078570541154,97.4304835182713,98.3428822838178,97.3456959554852,98.4029068217319,98.5924677325641,98.5854306572081,98.3434010698345,98.6795106002525,98.6160360217949,98.7605002334981,98.87437703264,98.7170365436168,98.7392110891824,98.8106834923124,98.6460925750401,98.8239538450544,98.7124118009511,98.6018215098466,98.6582896891218,98.687889520479
68.214373639268,66.6086175781063,64.9932049265766,65.0384429644056,64.5453279189544,65.1769377052129,65.3338327492269,66.6314887714202,67.1499804240872,67.6814166517889,68.4208890011885,68.7178455498774,71.9727708103854,73.8604797369494,75.0194085002306,75.6819861469252,75.8681728871006,76.0950355121687,76.3221848869138,76.559886145982,77.0196778226025,77.1022305910984,77.1153926367655
93.2519635797227,91.6031633227325,91.0339762309738,91.8555265398229,92.8661814046967,92.9762319239351,92.8398836808794,93.78212171692,93.8055522971766,93.7553119258278,93.8471789483482,94.802808276729,93.9622839559932,93.6940584384162,93.6563669782403,93.1336337147217,93.4429399192532,93.1585941105151,93.3754488985824,93.3142780963355,93.262067471777,93.2801358198049,93.3730591561256
172.902339714322,172.451838141441,172.073964273936,173.130433373321,172.846499081011,174.288922010908,174.665413374969,175.126599580624,175.582574976486,177.191517012355,177.163517890466,176.841187901757,177.562702997465,177.004249609999,177.074953789661,176.549362709209,176.597089247584,176.763688644992,176.56559877787,176.27402264708,176.308560311592,175.99514015736,176.138818630858
129.953842982532,126.461651675822,124.389098367058,124.928142539984,124.463743362828,125.520143645319,127.65798705397,127.754609690206,128.863540796075,129.630497964534,131.000182336123,129.7250035184,133.813887659978,134.653904542585,135.334192116216,135.427336253414,135.838278592344,135.445056901049,135.827587219876,135.888928619808,135.946358919481,135.922979638896,136.338859924611
132.697489894239,128.32547660235,127.472714249248,126.416804974302,126.649959333226,127.479267312284,127.734292882324,128.260576336634,129.251683844451,127.987852307488,128.47854294833,128.646089667963,128.839590642707,129.467248567318,129.441497047681,129.683006274066,129.79872931473,129.94855907348,129.699196286902,129.813713391,129.836078552918,129.926612597754,129.977719277706
80.4846214485748,77.8814162690094,77.8525697552306,78.2922926928933,78.7445688672128,79.0639102714087,79.3212646284867,79.2071453564796,79.3973495034068,79.3206230068995,80.4985722603846,80.7521734773267,81.6179829086353,81.7077521734359,81.6285423056433,81.3737916621932,81.455540212403,81.5586440225708,81.3153374446435,81.3242834031135,81.444028653716,81.2765398091696,81.3362975535942
74.3986880318359,71.9185802585919,70.9934780748587,70.479877962793,70.1762839010967,69.4610326691901,70.0389413752615,69.9845787013434,69.7395885862429,70.158597035334,70.367226073037,70.2610124470433,72.0680282463048,71.968938460575,72.4259333652419,72.7310926482465,72.9300747397807,73.1082393112668,73.0133267055901,73.0373330600703,73.2299635721459,73.372995669077,73.3570041343136
53.2710395118852,44.6058778622118,43.5394989273717,44.1609078239278,45.0453155719281,46.8103006632555,48.0837662526409,49.4734271757372,50.6008941239561,51.8594333450943,52.5353167591441,53.5644498450053,58.4768790535152,61.5403778666174,63.6125580038352,64.6338601195372,64.7364494233829,65.2352145381022,65.5710538295359,65.3020814058616,65.6175809841439,65.7483204981784,65.9414273195311
135.69976163185,135.836337956984,135.148462905255,135.626091343189,135.134048015623,136.261578714708,137.502035521415,138.114298112764,138.629392436364,139.689219179949,140.69782477181,141.735349900306,144.185241654835,145.878875853232,146.792036015853,147.254045337128,147.717630985178,147.896384454543,147.960671945555,148.0853306725,148.425923013111,148.367063623763,148.57291552916
150.724932868262,148.309513136241,147.312227740798,148.2622435396,148.147254013213,149.460620087542,150.127337096138,149.933593653594,150.401015672384,151.26494168261,151.74485522182,151.941041488763,152.862840972389,152.854311365279,153.253049658462,153.263905754893,153.409567923456,153.487838799202,153.423797494737,153.528966445745,153.411169017012,153.544353453407,153.457227758248
58.0277689724175,57.5118831986562,57.0522017839783,56.3824803047757,56.7110336584264,56.4294164022605,56.4381335448036,56.4664369761474,56.5354810913477,56.3617946814027,56.1076543235474,56.636076187898,56.4649755176326,56.4210109939131,56.5802930565841,56.6188629108577,56.6323905202508,56.5923556775049,56.7089021138701,56.6135191715421,56.5068074354266,56.5603309705743,56.5347173812939
129.236726482852,133.890166029933,134.896016382622,131.911610123404,132.988522649103,132.209624024776,132.632835975896,132.937830784792,131.504745897835,131.445034431172,131.475860362596,132.065254474481,130.293110673901,130.370651413456,131.025145944055,130.449757893918,130.437027128638,130.528254692744,130.286802231657,130.332713019949,130.424653269,130.363934999506,130.432938692831
118.879459098193,114.664791927475,114.42419683417,113.564958075835,113.522548692129,113.3189222217,113.249935929208,112.420925936334,112.697760899789,112.104879208223,112.300522660273,112.291283713736,112.293963581315,112.74354370327,113.032212845361,113.352659850986,113.166443695687,113.210776462947,113.079905097211,113.228573092821,113.21040859119,113.306500819617,113.25435903804
76.9701070062308,59.9807939742828,55.4593854843417,54.8344882953869,56.5355313758444,59.4758377798659,62.572112843806,66.1254190554206,69.7114850907872,72.2051835115436,72.8170646598757,76.1364409995817,84.8390663606457,86.7865798947933,89.4187612227996,90.5318883077628,91.1320986636678,91.3117843518861,91.9717510604315,91.864098564712,92.9513851257234,93.773253665949,93.9262852390232
135.438990489417,132.168375427894,131.445096299336,131.344127941502,131.091100228067,130.673741944866,129.951838087952,129.689598644419,129.857096665401,129.3608536089,129.104129994563,128.965598711104,128.910674067447,128.844269139214,128.800061082097,128.898600668745,128.827080934871,128.916801176164,129.144118542431,128.968973147208,129.029779996882,129.024718928495,129.093195593359
95.1920555502639,90.4231771982551,89.8169424725598,90.1306091634121,89.8563666154487,89.6375644127876,89.1271507401961,88.9434884301756,88.7880388076248,88.3918060464577,88.6330421649807,88.6440810701759,89.1577251434803,89.7394014597403,90.2688052740396,90.3579175240089,90.7279133401107,90.6620790424332,90.7928501479129,90.7473759998119,90.8089778192133,90.815737120978,90.9306753068105
83.2272396149933,67.995436872765,64.7281154932085,65.0027120061248,63.6828583516126,64.7588029388719,65.770193212052,66.609939911884,68.8402295374413,69.2178642156957,70.2866918105147,70.1069438713671,72.0772679418288,73.0972628263531,73.4758577646777,73.764057660284,73.3299262068225,73.6620092158076,73.6979084577713,73.7392364824315,73.8372469972348,74.0893897315303,73.8976217186458
266.980766095349,262.16854536974,260.713285530085,262.534672054719,261.729227845571,261.692034443797,261.253196733953,262.397493037091,261.296425314505,262.461804980832,262.237019216505,261.405014781456,260.769345847126,260.548922942781,261.579299347993,261.363553309823,261.38557081975,261.215862985845,261.157784612068,261.35072709635,261.262569266364,261.449955360866,261.38446675305
226.365253785609,223.143554379096,222.951307271476,223.22798433502,223.470175525634,223.740978979167,223.886648755925,224.106970851229,223.872417362645,223.820692557302,224.370622415608,224.586827679924,225.560690717513,225.824853755873,226.214757248522,226.41884882685,226.448956138187,226.550446493221,226.657627588682,226.719963809946,226.836477686148,226.970295317077,226.849027002272
32.0949725641201,32.2772685347316,30.0662308739589,30.2487326507171,32.0877823756327,34.3523430766869,37.2627499198807,39.4665962233165,42.175728054113,43.5249551600178,45.0077557099404,47.2383183879799,50.2138769621759,52.6925124236337,53.4278605369675,54.3418983413946,54.7080222117195,55.1780532118767,55.7315616983733,55.5240422705294,56.1440717767642,56.6640490827636,56.651768737371
79.7863635422552,71.1633852294413,67.6985102973348,66.6110504425671,65.754182666703,68.5456690769379,69.8538716160952,71.4469589163246,73.3185608900499,73.3020827527122,74.084248605274,74.287775331338,76.5886932888506,76.4360838770025,76.9371157616299,77.0751496746897,76.7116079224083,76.9831791505103,76.7532866621743,76.8906474845634,76.7576055513548,76.5735044700254,76.5108383554873
165.473914162129,158.506636040593,159.083474130003,159.201071669586,159.986874768052,159.767008424545,160.363457099174,159.791956493183,160.683458151213,160.159703495188,161.323072768641,161.054521612404,161.64444588128,162.506454187816,162.536003709177,162.934112289377,163.257588374537,163.072167244604,163.378291143485,163.242350720127,163.506693930067,163.491473750402,163.530876994049
107.405625326089,93.4553762424492,93.038558313871,93.3627340989734,96.6354443471992,96.7272217723621,98.8778351979827,100.924403953704,103.351991111492,104.865572478788,105.174555174828,107.426125445631,110.36556667511,111.294448200564,112.075959071521,112.607111685809,113.013020947064,112.830732723833,113.04676455223,113.054086785193,113.542966288981,113.648471146368,113.729705730819
78.7852455600763,66.5999650505792,63.0403791821058,62.2671964576992,66.0600557302777,69.0120653148293,70.8442859262445,72.1330661226615,74.3362328818777,76.1258397165825,76.722687997498,78.2671903893604,79.3631595462129,80.4104989052478,80.9766819192228,81.3629947759554,81.3013004506545,81.5963288702666,81.6535689955577,81.5337687590334,81.5898502645875,81.5420570814134,81.5337357383427
156.106616412625,145.612365486425,143.731555188089,144.807485817557,143.647146489752,144.648151797086,145.121508248526,146.220445466043,146.016824622415,146.460581344235,146.3152774429,146.542121313036,148.22923437897,148.667718800148,148.880115456287,149.24726534281,149.243525242079,149.12217145127,149.501131840912,149.53444314529,149.665025583406,149.55781091359,149.529788806669
86.6548687862822,83.9520708190667,83.0293036102581,82.2576028730266,81.043578200818,81.2015172689054,79.9867795240859,79.3654124546928,79.1362817278345,79.4053236088223,78.3276397224607,78.3052739964455,78.9173930679269,78.866413558876,78.9713094675566,78.9193723638152,79.0152138995878,79.2134686379327,79.02698506377,79.1228656184025,79.0989412035968,79.3249265823243,79.1254450554373
137.599184777653,141.264815929389,140.583733989548,141.077909429756,141.070444662355,141.821883961033,142.143314985565,142.327112229467,141.75452742809,142.64095016778,142.737816935919,142.812761189238,142.19209644183,142.256755032987,142.115680222181,142.236773524466,142.006542051105,142.10075841729,142.051160070807,142.104548479897,142.058109303821,141.980203860384,141.976905052539
103.936575538759,102.717045420535,103.776477275917,104.933612436187,105.484082187709,104.363397235185,106.639065854586,105.114183033922,105.526070965258,106.494191912463,106.075587719345,104.606326542601,104.916681456797,105.02250513642,104.781590312465,104.817535939453,104.700726310904,105.016138284921,105.090831575394,104.828347738949,105.29296334824,105.066459683866,105.112034531453
79.8627068349671,62.6004485814849,59.5120489584585,60.3208041646122,60.8779182823982,59.8978062315781,62.1936199091988,63.2179550913865,63.8489283334453,64.2480614231919,65.3350939795441,66.6231255209499,70.8162365461655,73.5168882227115,75.5636883492632,76.7236036679435,78.0365179967195,78.1853856988695,78.2480764082504,78.2664585103806,79.033917172147,79.2610667883504,79.2007953750213
78.0674922445654,76.7639309819511,76.5269841435604,76.9292313429644,76.5656572949706,76.1762185241581,77.0936025487518,77.0631222904679,77.3224131091014,77.786276754332,77.9779878717479,78.3525742754228,79.0531999931204,79.7382548639832,79.8079074873564,79.8643015446348,79.8092814291394,79.8367082565912,80.0450960884505,79.9524318682635,80.0748416857789,80.1478324645129,80.0118382317975
145.688498402367,145.6186879111,145.585682633818,143.579414669174,144.164131062527,144.406400702767,145.485943329929,147.431517830412,147.0667298084,146.903839037485,147.603616273171,147.812123925645,149.687277335173,150.218917794557,150.279630734176,150.251359767015,149.984325051749,150.35543164683,150.183016936457,150.315665318193,150.27422715788,150.458886750593,150.354008271351
86.212351116171,72.7727275199644,72.5462133257158,70.5088070838228,75.1299412343987,79.7172876520795,86.3148495352332,87.422787650596,90.4697622179584,94.3011338102804,96.3816408003682,97.7274518174377,102.048090322804,105.267387983035,106.057543876924,106.952476674225,108.163770435089,108.168305629885,108.320256747615,108.742347062905,109.751349734717,110.245236060722,110.496574132889
70.7059934413812,70.5842397769226,70.6412088563427,72.2064899930456,71.7274168723578,72.0406364698887,72.3718456392794,72.7827536257792,73.0036026069889,73.3818242205753,73.4351433233406,73.7930626916976,74.6500026901245,75.3237075076337,75.6937873602455,75.9638101534401,76.1501499822575,76.1393069350845,76.0302641771045,76.1215811685947,76.3801527616312,76.5631707714104,76.4452312696479
143.894638347815,136.340650937754,134.047474376935,135.330845220554,136.225884837163,137.671737411883,138.054367751303,138.219918541352,138.773479225358,139.064124326349,138.951624501254,140.013282502853,139.999850440439,140.826478959373,140.95795815507,141.207908347321,141.43956492802,141.288448759231,141.415839591183,141.385380370091,141.615061820613,141.497247984822,141.496163348264
123.234225731265,121.508395984531,121.535513921639,120.846370782298,120.541724494946,121.214111730366,121.68745454509,121.803119345173,121.990024323506,122.633643040022,121.507178910187,122.378253246113,122.861922963007,122.636549510865,123.450480731435,123.099437489788,123.05849720759,123.174642818752,123.20073630275,123.392794749661,123.22278103944,123.325440001514,123.430153397103
69.7563431945736,67.0746114161751,66.3345590311043,67.8957458936348,67.4264658635667,69.550661070845,70.0244538034686,69.8287933498277,70.977135132049,71.331015889019,71.5270578264539,71.1706179713627,73.4069210167226,74.3108505712683,75.0893274492732,75.507783316056,75.4823670235636,76.0711244749124,76.0253127167868,76.0921387260923,76.5029983230562,76.6314932786225,76.613103294839
75.5175022484428,69.5758835302533,69.4283715102321,69.0109380728286,68.167174387664,69.177941636273,68.4159981013583,67.9031154350344,68.6421042162793,68.018369972876,68.3424520208582,68.2561414866355,69.2858552170259,69.0693013097256,69.0346137013245,69.1091417177994,69.0608345049301,69.2696321435728,69.0904485568383,69.0819529870162,68.9728378841653,69.0610602714803,68.9749765286306
