"V1","V2","V3","V4","V5","V6","V7","V8","V9","V10","V11","V12","V13","V14","V15","V16","V17","V18","V19","V20","V21","V22","V23"
324.704656448392,322.037434588781,326.282245573799,321.157612963082,326.79761235525,324.676183636766,321.894490116551,323.113255225471,319.150946784782,321.107200287048,319.702120232446,319.067869337353,317.756269303586,317.656533723886,318.123994928436,317.573003761225,318.586284085665,317.338407205031,317.379873613873,317.007832270144,317.184122487224,316.428582356707,317.74985661394
311.854139912759,311.655581342771,312.934123567383,310.963157489783,312.259284896627,310.197913401806,313.122453247945,315.337801708716,311.455604137576,309.64301770957,313.625762180168,310.800234946317,313.925418621931,315.93331708147,314.546725546018,314.831917547512,314.720125233537,315.044400484378,314.656067697376,315.841555969312,314.937541449299,314.633751469368,313.759170548714
173.761785003622,173.213538434503,174.14575514636,170.956898859629,172.049379697713,172.627728226657,169.002889187415,172.456736966197,171.333018907754,173.641946781995,172.385795890537,175.862074157588,175.080675086477,177.652743524409,175.542302838724,175.912047509547,176.92289408472,176.192711546353,176.848913183588,176.065477931486,177.101760653075,176.798428380072,175.457614012787
226.833314237423,216.407491273963,211.009791080989,212.460857034655,214.989516181842,211.971379030819,216.034201978401,216.820024171176,216.236894654715,220.536396185815,217.610631890319,219.700242655941,218.992308495779,218.564417349158,219.161828813522,218.398741456905,220.116588092236,218.193021772122,218.83609409321,219.464623996888,218.81465850065,219.172315326353,219.867419714604
184.447315914388,186.050175177602,181.758322232027,182.741857006964,187.381629848497,183.911115834025,180.785525744518,173.191605648886,174.732808866262,174.347871970024,174.517700209094,175.407891947321,173.248769631526,174.078162561741,174.437838595967,175.613047572039,175.321034888998,174.768180874681,175.292519469474,172.966343106501,174.700638373644,174.982720712095,175.118111055525
153.011006640835,154.891831130503,154.617241843291,152.467114296319,150.813351554142,151.354962717698,148.404452980648,146.293433992108,149.673367510697,146.710403750996,149.725755902344,150.679264300394,151.375794389215,152.59040736948,151.95100353278,152.027194955052,151.731984928107,151.935906724355,151.268767162786,152.136256393121,150.926538573042,149.601380598108,150.779732746089
284.775703046887,279.031740787864,272.776050566408,268.556196617614,267.12788874744,268.066907184863,268.119650093397,269.56816052489,275.764163311908,272.173368156498,272.428328390274,273.357398232364,273.267004162876,273.263584182796,271.479395245655,267.617719697726,269.575347280496,271.240406033394,268.503699480362,267.316124358224,268.924228252452,268.885936817647,268.763788168497
329.732813850708,327.358013697019,331.443058316131,328.634038300879,329.953321771932,327.160715328074,332.779599366372,328.176696506927,329.986844784152,330.63130388935,331.919041275155,328.939811882061,332.087364465216,329.380439975868,328.405243013821,329.523643483992,329.06943474702,330.375165012161,330.466475064471,329.601351939388,330.135880928747,330.269245425299,329.663291573367
131.136309323827,130.218608126541,130.493173562069,129.807197150993,127.529219698342,127.90426792066,127.211553613803,125.479355777199,126.574520013169,126.764882589926,127.22631432711,127.110004867544,126.062237246146,126.892581297001,127.584926630809,126.843146468927,127.311653454014,126.478345925281,126.288044711407,125.433335245487,126.587229868247,126.496395009852,124.621293147059
188.363236432834,187.998093222692,185.444317856908,186.599077772562,185.80428258753,188.399922330966,186.345783500681,186.420938602691,186.077789831167,188.831627287315,185.938913312122,185.1120598248,183.321366684425,183.59861661446,182.877867783616,183.828179617917,183.89184328911,183.70666193631,183.085554111864,181.68743440196,183.682026126764,182.712828147561,181.75334195108
135.058935338585,134.788514235505,134.083682097225,134.307546939365,133.216670072476,134.194525580353,132.418763973015,133.413427685753,130.907681611861,131.723282926029,130.930801518193,130.212228181237,130.27004117844,130.020689902928,129.966688654897,129.667945460595,129.586573490708,129.467493925485,130.314686350533,129.911895649645,129.964663663804,129.541356260726,128.937686761701
170.616474086504,169.634240238558,168.189870880129,169.776243658429,164.749793639923,167.018749782355,166.408460899835,167.140749507492,169.152181135941,167.177143577755,169.338614079172,168.10480810794,167.498548001468,168.094292003341,167.740692570899,166.577749100525,167.79764191265,166.927391312164,166.182457101764,168.366999280718,167.05068799223,167.520727149937,167.989710690035
179.205366338757,190.682968793719,191.469530891756,173.872325082621,178.720973623313,167.367869305312,181.3427354918,191.397042550172,189.875766060467,194.036128422858,193.261359870111,191.500653831294,190.630409410763,186.374194319636,190.360899019678,187.742869388817,187.787198600761,189.912305177821,190.03838196423,187.415284275236,190.141940512189,189.411584376374,190.440492549074
383.722244579643,380.467271632639,384.531857499023,383.55756835313,384.152026147542,384.360661417761,384.326921366191,381.474100285303,385.146185184465,384.032666267706,385.482837297867,384.082979477552,383.28824174197,383.031845851375,383.851898185204,382.653772754028,383.460400048123,383.870265205688,383.081881913492,384.177553883518,384.048657845965,384.021302966738,384.138840191422
150.951123096604,150.459558548002,144.855863780063,147.975249605159,146.448753439011,143.396261354348,144.690504860202,145.049419903286,144.793807431596,145.180527222902,142.680287314696,147.054958262346,146.844588939634,148.240809025154,148.376742673648,147.674918033338,147.605065099633,149.182669048566,148.383980934508,147.960744102527,148.302000121791,147.16239139102,146.517976021064
147.887192305576,149.540033610213,149.521691688531,149.213496385076,148.650438857823,147.943944611438,148.316681464602,147.917656330133,146.364317561565,147.482902283004,147.236386334201,146.474444994283,144.985392763246,145.39935126407,144.898453197079,145.55457282974,144.440240278085,144.959153135921,145.5960705425,144.589611399788,145.812133103291,146.960000991004,146.448921502818
195.505585862023,194.361411781554,195.143018289594,190.616653779548,194.350417623433,192.511860102066,190.091395050156,188.937268640866,192.122088191526,189.599414733462,189.853325734977,189.493926130041,191.192063262914,188.982901886605,190.341153273717,191.34634542431,190.47698678674,189.797567290891,190.14312669278,190.117390434,189.252476117711,189.014922794763,187.879588244592
220.699930525362,221.094886007846,218.280671084071,217.926085619127,217.19217715999,217.209422887199,215.584659486031,216.403811075603,221.978633339545,220.99677429399,221.57729643911,223.114424161217,222.525693818297,222.759760784348,223.781844638095,223.174865233948,224.286121894097,223.844145262328,223.907385599618,223.448549910212,223.178103989619,224.780451745806,223.991972193291
181.812595347302,179.083407023209,176.728903754328,174.924792560408,172.266380015029,167.839916290561,169.010022158582,166.849787739848,164.906845303194,165.792470351038,163.9805671641,165.737085816237,165.809637711413,165.712781308912,166.201036588933,164.897526201191,164.988405782762,164.364131164806,163.896568122075,163.637084586158,163.529074842014,161.786885062538,162.742376346934
132.887911885705,129.000588768484,121.095688799869,121.04191654235,120.662692800673,125.599275404899,121.936239799705,126.556317545218,122.797184701793,130.200392223196,124.56090173145,127.072047261732,128.966747486251,127.84572809373,127.576932983655,127.732597925718,127.108594873521,127.093800015847,127.375996683225,127.00301740251,127.022642696529,127.281186723731,127.828404993415
243.377720158446,254.399215822395,252.974085237496,251.196084340701,252.964812585983,249.325457294721,255.163866075295,236.125413392348,229.981845033586,231.267444492731,230.13208433913,234.436470057312,236.132676862472,236.463248165325,239.730071147754,239.302613220039,239.93874468175,238.301996654077,238.185484289285,238.870068831568,240.991526211526,240.7776848909,242.702489750567
155.501087271995,157.813473922602,155.800932947413,154.185917459815,147.902462662641,144.213077560492,148.238563751775,143.012035597616,151.348576828725,146.879417223085,145.333236992586,146.309420515455,149.771128245175,150.158206600562,146.361530426535,148.806248494468,145.922275862994,147.560838120789,147.029579518842,145.514626237232,146.349859698343,147.389995170357,146.780493525199
158.619965194721,158.038412154196,155.591882794579,157.538462291414,146.224943417372,148.791920471407,150.24488169075,146.791862287853,146.877803557687,148.960199419535,147.060669022306,148.204324115215,146.881229561577,146.185504273383,144.537939012951,145.223777643457,145.853940546868,147.061470520683,144.753298579936,145.567706899157,143.765968268783,142.860722791977,143.236177736554
180.000245357583,178.137158398492,181.426383819049,176.01587053176,177.443373893064,180.889214587872,175.646617163975,178.203936648658,174.74404123048,175.886053545014,175.561455378158,174.59688843381,174.278782792463,176.601948855024,174.207886858417,175.771995822537,174.83606737863,174.2258985357,176.447952913875,173.702791038243,173.644778473257,176.538500457185,175.844730506291
216.450554361134,217.563956755319,217.176454056911,218.462040410413,216.424312276434,219.416513930337,214.532950026735,217.210894717046,216.266947346054,217.569792052262,216.595969523428,218.20297869992,219.227272576011,217.228498454452,218.111218627421,218.761501001177,218.086137754129,218.711033938246,218.078790331882,217.956017026775,217.583973634508,220.42132696053,219.118110170335
266.175268624346,268.648463345646,266.486383168351,265.917882582433,265.110452704476,268.701846974576,263.928741901984,265.213520681488,267.872143978644,272.141610264532,270.75820536035,270.790053504084,269.751566062443,270.963095717265,271.39953238883,271.254480576055,271.021765317677,271.533862564452,271.586510199548,271.603489206943,272.269730844331,272.965063684496,271.789921069668
158.09669020394,156.54224657028,151.657231266754,143.606576145528,148.385279690429,140.132760763252,141.098261148602,145.517733951612,145.057987791707,148.844001032947,151.126749557002,149.251705544972,151.993293265187,152.109023228649,150.441260307357,151.497535457399,151.449413516958,152.653784568146,153.396718205288,152.025253991592,153.947903897678,152.2446192704,150.175255670118
209.106723499751,209.33479433375,211.187556280836,216.686390466155,215.280672844145,213.408139545717,208.624399491936,204.924971298293,201.566507392616,206.770630348151,207.742669628156,205.378267679929,207.712932210523,205.885369374087,207.091763738404,205.870807696764,205.640685990301,204.043234273669,205.368382518306,204.861155353317,205.189826279581,204.746806061215,205.176783438477
311.505239937148,309.001983105333,307.621862341185,310.068778149327,309.81067219907,309.231723285102,308.363705057581,307.425609404527,308.15836387406,305.541600200039,304.441409312303,305.583050397269,302.441840655103,303.132213634089,304.447832009961,302.472871414988,304.01337905574,305.560088816543,302.878417276751,302.688151819373,302.63301287447,301.219504453444,302.041034408959
232.578705121727,232.244579974429,233.873139490434,231.536212183582,233.187099969907,235.101327313502,230.945410434537,234.295903961943,223.227981009514,227.227210183808,226.537214827554,229.242332704241,231.348167039633,236.4473624876,233.70434591157,235.632538590256,236.495826251665,237.110224633278,234.468128779334,239.343997206786,237.240921854159,239.937157819293,240.095165705564
244.332197497738,242.041240747641,240.433017583047,237.35109424266,231.715404680506,235.413993324899,229.855541814566,230.990724536526,230.13329027605,233.003751321343,232.604731684828,233.328354148941,235.309864548609,234.826617939271,235.908963085756,235.001755299874,235.017884074138,236.082826929415,234.34676318021,236.54841515942,235.412583073269,234.866654536299,235.216911911818
126.826817878091,127.169750778814,126.064841744095,128.000423766733,121.692672095413,124.023267831919,123.384759593817,125.280890621618,124.352146975756,123.924079132854,125.52073093007,126.568727701715,128.345235223592,126.560883847174,128.024614934831,127.748830054359,128.396309010955,128.346409742135,129.342604316163,128.639213175284,127.434693265401,126.971382402686,126.032275119574
232.046713164135,230.948621772447,233.996394742735,230.655983840969,229.744547543941,228.054589689559,224.687307807106,225.574246932638,219.843475597287,224.909307202076,222.782134240358,223.371184202198,225.916988929405,226.026279229048,224.930356340465,226.290286558017,226.509339891601,227.787501161271,226.715885859784,225.475502639018,227.10339583577,226.645718229361,225.857877368255
173.040474413077,175.461096160749,171.484828186597,170.691556448307,172.16332219963,173.292724766028,172.302007796163,171.781385775804,172.668744748215,172.528527281641,173.215702898178,173.972602957558,173.734884447962,173.104427289977,176.226110559957,173.51960714202,175.32422576147,173.195662753098,174.836538751798,175.122186796724,174.711183978775,173.343426281524,173.779224902369
496.906932319075,495.163618372527,501.043396912786,499.222540463714,496.590405550514,498.714783396326,494.710816675317,492.997204328039,498.275761246602,496.272939912622,494.65990942817,490.928379542875,490.024369478534,494.24574809925,493.441336510001,493.107572779837,493.451293306453,493.324346911888,492.036897525541,491.687627683617,492.262191189279,494.356325902601,491.698036745897
75.3196346183177,76.9824960987189,75.463289489123,75.9382491374283,76.289603684787,77.1185650070758,76.6712582096449,76.3515619313175,76.8830811405381,78.1155161922689,78.6156473906599,78.9476195684034,79.3143995587065,79.9695790314489,79.4933303177385,79.2504366715691,79.3800403098462,79.4389327460943,79.643221790538,79.4810659670828,79.5709211572702,79.0926230153314,79.4783401579762
161.384318073227,161.959726296067,154.714460906599,152.620290004094,147.049045018278,148.102340140284,145.290038359075,148.225867174605,146.06016755251,143.654191417995,144.698701048026,145.652328784535,146.103430111592,146.058205119474,146.097303673477,147.362817849802,146.373026988289,145.470242494579,146.298795137428,145.100699187388,144.299784492845,144.280519853318,144.978683748538
208.200367889982,211.925856099453,207.41617266338,203.897050300252,207.791283761367,198.222435968873,203.398745538273,200.136896343018,196.568463050611,195.230766697693,193.239141432177,194.985457907146,198.211144951972,199.874188294772,199.179412258864,199.800044998731,200.314391561451,197.514952785983,198.816645991405,198.449846397893,197.117115631656,197.674302974358,197.083588054498
171.779145549189,185.06365333899,197.628370067417,194.967857724358,198.932852918637,187.426552896915,186.545478709146,183.433200794352,184.353636929129,181.214582264681,181.607919209359,178.820674051962,177.396126893346,182.388420216015,178.201278739746,185.222232999736,181.355998664211,184.743595364527,182.754873614515,180.604374151131,180.034888795053,182.641578221224,179.836690424918
303.931588254442,304.610479702795,305.010637714121,305.710107869794,299.874964971268,304.247153669083,300.629657936075,298.891989211675,300.822745111895,299.992600682565,296.074486257651,297.485512757063,301.163866488338,301.300115695435,301.264074296657,300.692795353285,301.007227831078,301.203482772019,301.526424145709,300.871864403557,300.911786644954,299.896195504766,299.127402077279
321.570850593716,320.340532503221,320.967604921031,319.806262960271,322.71623887154,319.116074331781,320.507187794852,321.929381198565,320.492289643308,317.755203664988,320.783522327412,319.22533561918,322.849735879338,320.764255529535,321.843247141302,323.528987720999,321.911992711296,322.497507816148,322.674867880554,323.382733417827,322.214565056969,322.090303665874,322.591818966866
179.463115284188,175.63595558104,166.473485568024,166.774129460741,164.813656275584,163.475552245998,162.920598476845,162.468123280485,159.255114933542,158.695856613869,157.356269147029,161.33670424881,161.827216604023,162.246823127253,161.583564779991,164.35123391525,163.932439257008,163.378242247088,163.434030244354,164.603371829332,162.346550741327,163.242716523935,161.263930935898
116.002100408657,114.493113971533,117.728213326727,115.971585172197,114.343755630458,110.528823568873,109.192042577482,108.90451038991,109.544521770882,110.350610044415,112.230048848804,108.722940794336,109.656161342378,110.547632646353,110.46141349101,109.831813237437,109.313607530985,110.129187150911,111.0995655884,109.78421823264,109.864871654724,108.960765266387,109.922659121715
237.01027367386,227.80313297258,216.736157309071,227.8056356636,218.080949951937,220.929290427152,223.958761285421,219.457144735777,219.274056415297,217.929012104846,230.690006902281,226.478979311069,229.515627783478,228.748415152855,229.473899520123,229.916319512357,230.11987710668,229.859214073214,229.179426061014,230.805541293517,227.558660700389,228.309827437271,228.321039159748
288.860284231132,282.373836965484,282.227613628349,280.1455269376,283.933643208088,275.157475640225,274.866984120633,283.151659884416,279.707792952097,278.967610036501,280.767931321746,279.925955300289,280.57005859125,282.618814087049,283.058872652434,281.749756878787,283.64945206846,281.86718953883,282.869742235432,282.107457915239,282.423378898139,283.637121085871,282.373014511514
157.387233757764,151.630101482097,148.783370931764,148.335145789894,148.506917627975,146.545575476455,150.257709248028,148.110489819404,147.25519877629,149.746556929552,147.151027357922,148.654996419638,150.211815229276,150.786964923586,151.025258017297,150.529948509818,150.817108552223,149.565963679203,150.432382524649,149.643113176306,149.960304662204,149.149173123398,148.291520827729
183.593609183519,186.864306947997,186.294239411778,180.729988776512,181.50449576722,185.483430859417,191.879254339862,189.622849272228,197.322036556791,197.468112097583,197.056889296794,193.019539411879,192.393704873317,192.412929582422,193.39597924497,192.824061614055,191.866370538426,192.179619572658,192.500175278919,194.145380967032,192.033136989986,193.514217649698,194.116816214973
301.554994526698,304.950674880304,301.2602318625,303.396345186757,303.112527114408,302.001703678978,302.10070829956,296.714035066285,295.754721810202,295.084818040815,298.445416804138,297.613846552908,297.325403242588,297.392764228924,296.881984516252,297.983738056947,297.844041459571,297.394623987385,297.721233756979,297.983347374568,297.061621163249,298.282539603086,295.643936506082
202.678734633029,199.903942069645,195.750521505848,198.403106521471,193.171895611428,186.116843375611,186.110722267167,188.801543336051,187.890112091335,185.727376157245,185.079711634339,187.92390369962,185.752162953377,186.935232528828,186.905050882961,185.773633254998,185.964203088522,187.079389505029,186.133194510294,186.547965422313,186.828114238857,186.624492437008,185.94951816669
128.621791370375,127.356506573334,123.556744421634,124.720855807364,120.768518945096,121.657432513123,123.451331267629,119.280295930718,122.995611115953,124.389014812209,125.058343518502,128.964284147681,129.47136133682,129.381314280237,130.639227648869,131.177319060119,130.963732366516,129.726969223339,130.860744993814,131.512553477548,131.146465772221,130.310900387122,130.399949598697
300.386067154922,300.086813349783,300.123691512843,304.117060941279,302.135758765016,301.457822371377,305.014810295493,304.380217412954,304.072367252449,301.612830554123,304.702914112606,300.852352059798,305.243859736843,303.091055319925,302.764681660463,302.668162614861,302.283685640117,303.313292462983,303.220279143795,303.445205595059,304.399253833006,303.39161607607,304.813376799677
217.035811498969,222.167989744804,220.618714285117,220.927052739784,220.382750799472,218.130639002333,217.393352519947,217.631997519135,218.787202475291,219.463641728593,216.315862712135,219.152809350548,218.617449761711,218.480430827824,220.689584643824,218.204967732661,220.350909584745,220.433840875071,220.098536862601,218.579739799717,219.287614119861,219.591182722962,218.935067850292
195.620412437048,195.674852560393,193.432838912278,191.781554845288,191.504171426182,189.741250260547,186.290255266754,188.531500446316,188.893914787112,187.499526952428,189.710037463305,188.348360551077,192.321682190055,190.864775272427,191.082756874816,190.937725056229,190.791997586253,191.101906023199,189.894966967774,191.330312534015,190.90043318188,190.036374518561,189.768082290183
132.424093382363,138.3748044082,136.711985635727,136.848714766221,137.17031355262,136.868861704824,135.235383773616,137.062294087426,143.029908907255,143.257364587523,147.750140260506,148.386119125548,151.007178982903,151.6726969984,151.689555471326,151.675660503122,152.353178430138,152.523028115217,152.308385410858,153.495194863457,153.420024673088,153.613393630658,153.029042890592
350.77939772372,346.600748227724,346.859007606101,344.704524819629,346.613292760157,341.03358196858,342.007572730177,342.120741114025,344.022137842981,346.034122552737,344.0117970137,345.399376538226,343.20289193792,345.258014530808,344.334520254954,343.167183403687,343.445295649195,344.608231922212,344.403143574779,343.757605618854,344.197998766897,344.142449298088,344.819712288478
185.242079061626,183.878070274654,191.008135819115,183.729101869983,184.502827953484,186.771133509309,185.550505949169,185.731921440887,184.71748031244,183.954265144526,184.978379206283,184.858969493995,182.782632387069,183.776843984972,182.197435231602,183.322514127665,183.38451076468,183.302433178717,183.063692710234,184.188814758262,184.248402509372,183.718160321105,183.676264398962
227.975795714587,229.910698316415,217.631743817082,220.709316283647,218.53430956602,220.004875960647,216.769844917955,220.085031281469,220.202337656773,219.474205041564,218.805396337669,217.518836171412,218.014268098924,219.258920496682,219.637603724902,220.325712811972,221.561867830297,221.228392397557,220.1649759777,223.638414464609,223.732554697328,221.868042731111,223.164114157599
265.622938660426,264.986794706711,254.51147349232,265.785304461574,263.116332218574,263.247402630754,268.889241788415,265.528489078239,268.622704832866,271.559273128693,269.964011606991,272.096876298835,272.997300482056,273.914149603671,272.358153052438,274.866753445292,274.410585937745,275.032550020924,275.771233996157,275.282771382374,274.639293746618,274.192825877937,273.392220597909
87.4447337841685,84.1290966239427,84.9215326063115,85.229562828577,85.318255687603,82.4485334272308,82.1804689876107,81.5760447154803,82.1552229073351,81.4372553491535,82.9616542996455,83.6086237521793,84.5844496801565,85.0938657538948,85.1503102642275,83.2132759349982,85.4862689033944,84.9069134274015,85.7285343714505,85.4905939098857,83.7334877587395,83.5306022053921,84.4234031510485
83.888316851312,84.9772152864477,81.4923318317676,80.4246501624683,82.0082738367919,79.1771737057418,78.4787398904366,79.5355421889945,79.1120762407025,78.0739375270543,78.9232559250124,77.9385821241073,77.6911831817751,78.5371712752009,78.0200113201351,78.7914808477319,78.3195565526159,77.4593990960163,78.6689986778691,78.6666323656264,77.8453969803778,77.8846782831648,78.6568557102909
322.254611003728,321.085572739512,321.941643598731,323.419934262579,320.251194590708,323.485333281614,326.016335263083,328.740233807868,332.478432950562,332.849581891191,335.150484312382,340.730955916472,342.853383645855,343.917776333856,341.249735997787,343.403672985894,343.174242396272,342.261569121711,342.995135173388,341.773252801454,341.059306947393,341.136292119424,340.535378228319
85.2885546077263,83.7973797160687,81.7222217433682,81.6957467671069,79.731662361164,78.9980290370203,79.0329939413297,78.6715607588405,79.3497833114793,78.579099476447,78.7329287567799,74.6719767212104,77.6406650068101,79.1203442682761,80.8843098246928,79.13724126416,79.2427440813788,77.8770033030279,78.2019277589063,77.9525491474043,77.7777717271676,77.8491288390257,78.4953423531432
163.003353045302,166.473226697198,162.632581214371,160.992812897754,162.328273349084,161.086173513724,162.116582314679,159.328506116887,157.605785358141,158.243675999137,161.338794140352,161.191102621339,162.732412740008,162.561277233559,162.334290416871,164.852655458308,164.221198959016,163.381428609778,164.586244333304,163.887563293216,164.636584845418,164.579535196239,164.330652988416
131.351617415095,132.835265931801,133.587168113637,131.468972225913,131.246913191313,132.421684846049,131.001608333295,132.743415393976,133.359823496865,133.422496915624,133.414686889695,132.464737937157,134.628135516474,134.451327503327,136.261384444504,136.547905915532,136.176634100508,136.216381516232,136.441225753204,136.164623806896,137.16044428078,136.591556084475,135.789767169258
174.014910890153,178.706623578326,177.485938931189,176.648934603304,174.757006575642,167.445671166624,171.199067842842,169.921412488129,167.874575612914,169.857053455914,166.007286734824,167.342377020956,169.747618520393,168.964198358724,168.980761687412,168.081078774509,169.453360787411,167.189101033343,168.129575120474,168.798978719563,168.827731044521,169.01668185068,168.984550325903
314.189036897548,314.862203833776,315.424834916592,317.071062621383,313.204000077716,313.17361436701,317.034577568692,315.595094902533,314.288741882303,311.850569409283,314.781872967199,314.642736018465,312.890057537774,311.11914985682,311.8764350171,312.081752161836,311.567449703754,311.602368930752,312.620650127345,311.406355413456,312.072319937493,312.546424790326,311.35932063579
243.039485318326,245.946671176172,246.419585115676,245.396326413564,235.907088251372,233.005015135886,235.348961965079,234.54789042475,235.76196733603,236.780399428701,236.876196394305,240.342321269552,238.023561787598,240.573015359832,240.794502476472,240.823789182414,238.87772399123,240.807302426822,241.072011478556,239.929271920002,240.774797112078,241.28466532298,240.545922645813
269.371265689609,268.467643223459,260.622624557946,264.293440545015,266.432586119948,260.541264328608,256.809287357312,255.001371798841,259.855416652703,259.624015614255,257.752958016327,260.565624948475,260.071175344264,260.568425186869,258.775284698818,259.807371064673,258.056299836044,259.973794463423,258.463774062427,260.330120180898,260.111929761127,258.71293722581,259.043168087654
152.914897421932,150.563193352762,149.293282556506,155.362430407927,151.832753269984,147.091163917579,145.55963952942,142.694445773909,146.639675735267,146.262613046592,144.245956740662,143.935583997061,145.769631624025,146.365941353481,145.601496371344,147.119161849538,146.500010868948,144.664856646079,147.210304568208,145.627125421727,145.706503827546,144.055229924628,145.47597936217
172.82674989124,168.020673710076,165.643305971755,164.678297586891,159.569371246084,161.33824192251,159.758144949912,161.534083917694,162.828149318514,165.566611110426,162.848093413175,164.890611590546,163.401189959183,164.227104978473,164.218355737649,164.494303094425,163.986638696343,164.023719707574,163.812672295096,164.75278142352,164.524219863129,164.368744249232,164.369999482176
102.67160986153,101.998406170582,97.4799218889401,97.4371038327008,94.9675081464407,97.5262106610408,96.7169373005166,98.8309389798668,98.4059260921,104.534431422233,100.61522807503,100.794630533993,103.78119564842,102.547507789984,103.106516744266,102.655241303846,102.357398788649,102.999416030163,102.271773815895,103.141313885442,102.898679900798,102.782848491741,103.387578429081
240.764498230756,242.154319527237,243.647042595587,238.878921494503,245.587216346377,250.03255716364,249.354192425706,248.510483295779,248.680978486116,248.197273487215,249.003457732064,250.721233991366,250.646161694155,252.294567267899,252.398763391998,250.947096174982,252.226772554077,252.610884388578,253.561578590198,252.13004234828,252.241835424422,252.186958497878,251.140503771188
310.900404718595,305.10326950514,305.980717669709,303.173507181923,305.765168869558,308.648747470203,301.929724335044,305.312762074583,301.213664581405,300.177318330051,300.506214379486,300.159472241621,301.397321049556,299.773750093356,300.621906559081,300.876090390937,300.371529053435,299.964785728525,299.955011725346,300.333525820097,299.608037952769,300.65916196485,300.095429952751
101.024845346783,100.843280877803,101.666633053689,99.3002689244012,95.9688028256224,96.6313723369533,97.4828575346429,97.3315670569244,97.7172619134411,97.8281684039285,99.8176247436341,99.3000692891144,98.9641262171172,99.0976037298166,99.3151408923628,98.9502055599581,100.092428031387,99.3052174506321,99.9298634161481,99.1521792600234,100.521101969434,99.7861396184561,99.7344011265881
232.372940873543,234.27435814539,236.333555216527,234.611700926779,234.795106678083,235.790381651636,234.592629296839,234.11289030562,235.447332235931,236.108997496893,236.847771500465,234.131968685975,235.782479742358,235.562107747567,235.017739095769,234.670418072051,234.624239673643,235.316566814253,235.192689122994,234.838528889328,234.917301209579,234.405701916237,234.228347795167
154.551838713137,156.464259924243,156.593988283518,154.169016823778,154.52941767058,149.898857084857,153.238767043169,154.267596535549,154.483705461223,154.306255512364,157.570800564629,154.314996965454,154.097212681576,155.357788131587,155.26572623661,153.866669590445,155.435717635855,155.556235052634,156.729711306826,154.161672833772,156.866382291392,156.356087195324,156.627745039542
164.565537321948,164.27341029278,167.262958650609,167.007254286405,167.425828695972,166.324054599316,169.244648992739,168.168324997904,168.613674104207,169.424525636977,172.610294949311,175.296712398753,174.63649836294,172.475534407344,173.610102342543,171.714106680652,172.331197265416,172.630087222774,172.127666988683,174.74302383141,171.280365391958,172.44666326756,171.439678125614
213.340701394124,212.843735497161,213.398504577156,210.58882905216,211.185116330613,211.797911704813,210.683630833467,213.159463695313,210.258583389123,207.724473700929,209.161022572757,208.528871135631,207.916264189686,208.645972786951,209.107785000718,209.023342601853,207.905212532774,209.601615426186,208.595293766049,209.04508961188,208.591203194992,209.507808292114,208.619122837757
156.373489585978,153.424115923445,152.66554432566,146.688092800586,146.05277247168,141.980131276403,145.194144890119,144.66319012365,141.223408188994,144.681430924928,144.044775016396,142.669461945511,147.018107816038,143.78060347612,145.609118353052,145.838539748224,144.553891026419,144.885910272925,144.97229304336,145.935683391929,146.253945644868,147.181205803455,145.158591409341
165.449033431603,157.42816092485,159.899627758672,156.668456022935,154.717387110744,154.17848060687,153.272179487588,154.625320174555,155.24548719635,152.528339065996,151.834506740525,152.550860772423,154.731348455079,156.932167151454,154.549117154673,155.534170807798,154.855902402054,153.176737766921,154.034443471422,154.270201391898,153.306262487292,152.851128031753,152.889213272125
488.05926998018,480.890716153723,493.890930127322,490.777525558884,486.445469587689,490.726832784822,490.91398882777,487.160973755014,482.230332363232,484.503492089532,486.516161125503,482.711543628689,481.538204592217,482.881209219792,480.131602160661,482.076580857915,482.251586708602,480.980319986593,484.088588923462,479.978992752971,480.339310441356,481.008446074588,482.088385958799
465.612995423363,467.998211289782,460.871632054119,463.052654190234,470.313531543172,465.231899601443,468.883074928911,463.017783550305,465.083592638204,460.326943094514,457.63010617918,462.412247803105,461.314415483204,463.71381160415,464.108066591974,462.876395136028,462.994776735073,461.872143687536,461.548533219417,460.136736177371,461.416801156049,462.169223255528,461.886916286348
144.961717048837,142.414575713472,141.614004989294,137.890958597296,135.154958863026,136.009950059688,136.201446808595,137.365611279634,137.377619691506,140.709619866676,138.339611858634,140.690045702447,139.570518710396,141.206696316763,141.551707566762,141.283288698264,142.740635083371,141.722756610663,141.56780511628,141.335614919179,142.295286874136,141.959287692779,141.669811853263
208.310129923718,209.7657666504,207.923209583306,206.254452409603,194.92821586359,196.598221541201,194.534215721704,195.443573960917,194.08552060524,195.396757888716,194.059631070039,193.808957793889,192.065251057244,191.538677140553,191.720903427641,190.428734704573,190.14364958944,190.959996881428,190.456513772375,190.390372071121,190.15591826391,190.677414956033,190.627037645326
300.10187621486,300.760184598541,296.967416510954,299.164493025629,297.212328978158,291.947042876627,292.984022477163,293.906003525489,295.192649981423,293.739353557145,294.264510417329,294.858345128214,294.952461361136,295.948352779542,296.06792707189,294.31157296268,298.775659705442,295.188971764909,295.760251495405,295.555844786822,296.137525163747,296.149792827956,295.427456935433
214.144519756827,217.660145443739,213.721451925522,213.749171835297,208.467861742989,206.654293631713,211.724869424503,213.128770425324,212.723335153444,213.147107507737,211.207082635729,212.197930689721,218.516924884335,220.784702052211,220.295128784544,220.83485705235,221.291858801074,221.409722542316,222.150854343511,223.045380010567,221.301443930607,220.800670246289,221.076459128547
155.638955956828,157.59235835365,157.044736905704,158.990240985383,155.321666319597,156.534477297058,154.060399982236,151.821903722804,155.200165653232,150.053981563409,155.698391595847,153.220369097211,156.3326972688,155.441828826339,155.266738723183,153.698386540337,154.913936569092,154.265685863611,154.045879202462,151.221047259478,153.293065151845,152.693071895972,153.431535388779
285.178569746431,278.07356774739,277.341757632535,272.931337027778,270.237799398978,273.176819995093,272.448271075587,274.619931095689,271.433695331691,271.890379472665,272.327182364864,273.022328577979,271.381675912248,272.738820459679,272.71474830012,274.166020037798,272.379215621503,273.594333752041,274.131018304735,273.525225625723,275.105178623485,273.68052138772,272.528106646701
166.395037333469,167.805695645632,155.751316645268,158.55021892213,145.693117700934,144.908278976943,147.588658355921,146.03305425209,139.840500585195,143.488154884863,139.666629876919,142.475663787124,143.460867451909,141.761008039866,142.67821481066,141.855031691082,142.555275478469,141.89394307684,142.083397437626,140.891106545522,140.456175549496,140.642404205832,138.425496644654
231.464542454668,230.432238174103,222.469636903291,217.802059491725,223.385157304887,221.211612878211,220.659952914802,220.592520852768,223.090645588425,226.031656285139,225.242005965949,223.351914371927,224.916874932923,224.64757563156,224.091534255706,224.693363555723,224.88479951454,224.517074777825,224.290396569936,224.999073818615,225.080992292712,224.386206851759,224.13363142691
200.358113226426,205.613671907848,201.76362717237,196.772981117989,210.219095643619,191.432148055821,201.706791586386,203.167026584138,201.622760559408,206.14065509571,205.84967282166,204.46677800938,203.883837961794,205.05898802669,205.894284019551,206.255374666248,206.609971070134,203.849244903543,205.07989345354,206.577842664313,203.095677125363,205.023169923641,204.429899836698
167.835800575643,163.439270408126,160.736796351566,161.086842428366,160.616895542518,158.0928485054,155.895151870003,156.038570119002,155.562899324695,160.003264341713,164.011895832044,162.097170778637,168.452021991797,166.917706459495,170.653373797398,168.85579070232,170.630510028648,168.922938507548,170.61474779858,166.484155607935,167.486347979515,164.802199285197,166.498819357607
175.4608062611,176.468688348365,175.980393686286,174.362694638923,175.772375043549,174.746690671898,176.565736086807,177.577712652765,180.327266689088,183.629281696143,183.098564111527,182.987855947335,180.806094609747,180.279473175264,181.030084040167,182.923479232799,180.204163472791,181.571564926518,180.984231881421,181.066183358438,181.477681894811,182.507226297602,182.20682342373
274.036245745232,274.689677989048,280.133416420077,278.858458728229,279.427769763967,282.105075128113,281.188110656734,279.596015531808,282.777107675002,281.852488962887,281.541848278784,279.884482682075,279.651291171712,281.013106342436,280.423721807843,279.063996859725,280.160656732294,280.255379748424,278.773989654595,279.709195980789,279.383417156813,279.554859170545,279.883818039374
211.459357234331,211.371562071231,210.99331184116,208.612281409215,195.886795882557,202.878199503089,199.764389714662,209.156439838292,205.692346555394,210.392401124317,213.556030926606,213.25673232408,218.26168249051,217.394033120932,219.844504615396,218.741289068853,218.767857333264,219.101985498536,219.278480657921,218.652549626883,219.022660816092,216.922576979333,216.729441581009
177.334062927906,180.605868607696,180.376564425393,180.394686224191,178.656142293738,181.637595569889,182.295635460131,183.268702519476,183.610807742204,182.452518002787,184.613182319845,187.424218162562,188.723542523804,189.199227665925,189.601249748187,189.76675000467,189.184514393581,189.963746020243,189.093698308878,189.418906061632,189.44642779361,189.735032481907,188.997637090504
329.047939184118,327.174299953263,328.319849265868,326.678731934799,329.622524018494,328.513666162501,324.297418981443,327.860765660394,326.603988863731,327.40232163268,327.188164995739,326.907984812805,325.604267413931,326.950819511814,327.093512313656,328.108223367513,325.536134194063,327.399411249879,327.465454639096,327.353984199425,327.495569917069,326.692831820716,327.646958435135
220.229520785447,223.730640971539,223.842268488131,216.396903408299,219.159178618381,217.84972400639,212.870104904099,218.773694393666,216.369145457249,216.868902081568,216.854790527901,215.728908122871,218.355531675968,218.365976368115,218.146252331036,216.307630287029,215.767809415028,217.356924152836,215.795910579166,215.724031697302,217.840785498525,216.813674895531,216.242592650953
162.591631774898,160.867162482598,161.043098094356,157.403137877494,157.075293613203,156.065092618039,153.457998418202,153.63484573334,153.910844855741,154.063750514004,153.591612266428,153.878310790428,155.625272018929,156.389498106639,155.46208108605,155.41258762695,156.419069700744,155.233806051031,154.41801542184,154.087777925251,155.174777006493,154.57639041701,154.493305069163
148.577670492426,146.926370541765,151.357818430981,147.224703177808,142.384104730314,139.549606129202,137.255869897649,138.896705465147,137.862789322147,139.22825816254,139.982830886921,141.509346348245,142.265632547353,142.216265807769,138.839441207047,141.430022645966,140.806457214738,141.6714133862,139.405129067877,141.090925041956,140.155129624898,140.495253709676,140.39038480493
