"V1","V2","V3","V4","V5","V6","V7","V8","V9","V10","V11","V12","V13","V14","V15","V16","V17","V18","V19","V20","V21","V22","V23"
237.375531323459,237.35423299145,233.808784530759,217.951579710773,217.090703286295,219.549000312256,225.270903767783,228.291240819648,231.493620108789,232.144870082411,233.177191898451,234.224291387934,235.235790399336,235.407478162658,235.430215495632,235.414423067882,235.414310155865,235.402286942506,235.396782784717,235.416639455775,235.412883340223,235.363808186659,235.404204912855
565.493110626506,565.486941356019,571.40771039114,584.504214243633,592.676543716966,586.128832120962,579.118633328348,572.527152563604,570.660172484868,568.449304043027,566.012998973862,565.992583055236,564.230440402091,564.18258157613,564.198004567805,564.183194676459,564.243194456959,564.194887291314,564.200650119617,564.242476807378,564.235267463142,564.270184235561,564.2394361839
206.211932404029,206.196443791436,198.548651384439,185.544127657899,181.473730422708,189.213234532934,193.973136340735,197.625719406587,199.530450696335,201.410697515064,202.417522794026,202.749931111692,204.32438470806,204.344429871393,204.354439871615,204.339985269836,204.359583124607,204.370425567286,204.355645554488,204.34838404324,204.343059938215,204.372766396933,204.387959294475
142.372000046161,142.340747137565,133.349359074416,127.098901658,123.190798255939,125.429208144766,130.515220794703,132.282586954794,136.197410473044,138.7803287906,139.317980807011,140.070153902005,141.147008111573,141.233506509926,141.244804214843,141.243277062756,141.23981010232,141.229436953054,141.232060683589,141.221052140066,141.214470444684,141.217055229445,141.209531034051
328.752109400195,328.756814015354,328.654172432766,318.569859744954,317.53337225104,319.745379257812,321.953173788488,322.644091450095,324.128197918298,325.191586555632,325.732749312878,325.995533697801,326.980341664405,326.994984028429,327.041381936995,327.029830995409,327.020769755297,327.080507569456,327.016599541953,327.06125670767,327.024510766868,327.096684648467,327.083220185202
265.907824335993,265.905726440845,267.050762896793,265.341080402597,271.789701175594,272.893246895881,268.782554876125,266.424055321138,265.984942157009,263.555256241853,264.394391063706,265.059841042235,264.374908598511,264.341269047965,264.353054497576,264.37917560267,264.389789912083,264.36448343168,264.358969455685,264.358482528719,264.342131930433,264.345699320352,264.304131807856
588.373204585085,588.397895259962,584.509818520732,606.013017670001,600.596131777572,592.871270596605,592.05228276008,592.342015271847,589.562309335888,589.50298317142,589.575411362239,588.266200311195,588.251392538837,588.378511497485,588.415136881946,588.422949464223,588.396015405122,588.43718741376,588.414572454749,588.449543292751,588.454599147409,588.417023231457,588.418464010387
287.276378605586,287.268598015907,261.218658612491,245.645744796191,256.16414002023,263.047551736078,271.466796065968,273.752586575797,277.820011645621,281.02823742004,282.124521989502,283.661224633487,285.562927006075,285.44010644853,285.462804181221,285.441007113393,285.448097537854,285.452698701343,285.442616305023,285.475945849718,285.477905351624,285.497510452743,285.449252978587
423.795904951858,423.782924446309,412.744758028411,403.730532551908,392.938733804212,402.481753942537,406.685126655606,414.653822313126,415.470565066303,417.693314581102,418.405768508326,419.6069956541,422.458611626517,422.183669770566,422.441134304272,422.472214755907,422.445349946857,422.41530854798,422.486375154503,422.471831130011,422.446734910223,422.455697716309,422.434171968971
248.122382108528,248.105439471324,240.642628915119,257.462827445127,255.524540409585,251.313861417584,248.930477308803,247.195074947893,247.260197379355,247.420813673612,246.590567095343,246.37630117615,246.23161215488,246.276549601852,246.314318973955,246.287480797864,246.349528383891,246.299569802804,246.251528329599,246.312221930735,246.256789215994,246.284347199272,246.256345429382
221.943361547519,221.473369178023,220.869975011363,208.873702598528,211.478915624054,212.264575023813,216.251606721389,217.176387394478,218.515360759049,219.252715197152,219.656220892802,219.875820192415,220.533221714997,220.56553942088,220.610285510998,220.62279619483,220.654627958046,220.637419500312,220.618236528838,220.677505261072,220.621132403195,220.68692601807,220.684251226861
251.190080425819,251.182864190658,246.204624644772,236.165959035411,238.00714342535,241.344777881642,244.687492690677,246.001210861517,247.454648490782,248.026987093009,248.655954942166,248.863393501977,249.744003405426,249.744333647156,249.724842692249,249.731495398919,249.718964360372,249.715198748469,249.750016075982,249.752082027974,249.732190954505,249.737705602254,249.726010822991
374.837264904288,374.843841932853,369.206919075514,372.336174006124,359.496535707224,369.681236403837,368.067187786119,371.198705450763,369.898377369453,370.352696741708,371.46385188377,372.453016797243,373.602410353201,373.649131927447,373.595419903554,373.6734748512,373.644931946556,373.671864492851,373.71360106443,373.701954098118,373.759101621925,373.693226919626,373.77014167756
493.287938813253,493.220249619438,484.575460214713,470.004816887484,461.773181672298,469.488088157985,472.474182502852,479.593991633769,486.369747224961,486.221383384257,490.54458208653,490.152608647779,492.525425926792,492.508199925085,492.536819457648,492.565860405501,492.508405321601,492.575235961772,492.578823093076,492.530163702098,492.556084862436,492.540075011325,492.618627178746
241.336784661563,241.309587834049,239.214108617897,233.713679091333,236.559574657099,238.269374783781,239.120826459103,239.802055727952,240.168442507645,240.189074782726,240.313851939346,240.513728551749,240.666284873925,240.699855270441,240.690977285647,240.690080567707,240.682813391373,240.702960844483,240.677321821355,240.68296111247,240.700078961583,240.704374308639,240.694320518809
321.373155814609,321.352214986488,309.797256490899,267.460164638707,265.396613082313,281.617515463318,291.235209002595,299.712782133589,306.407447716643,310.673668221797,313.562983552255,314.589794037307,317.069041356723,317.317196938279,317.333444290922,317.383854170493,317.371650427781,317.335083507522,317.359679427735,317.380341981288,317.412749381444,317.413323899802,317.376980185857
304.764026750315,304.75977274078,305.620330257496,304.642626499209,304.107160970449,304.625876840381,304.246517368979,304.351218595625,304.049742258412,303.852987193604,303.812816400819,304.093182786516,303.867359011544,303.876063628003,303.885384320723,303.909847580889,303.900236836712,303.879357791561,303.88660591644,303.900174301888,303.911076248958,303.909205454151,303.927073878031
446.709487360864,446.700886528626,453.116839768779,448.528312527723,466.518451292201,455.115574056745,451.110398517063,448.805012564024,448.19373780254,446.48063926334,445.167492497803,444.640718557222,445.780431919251,445.842256005719,445.871802666676,445.827268211164,445.811265779648,445.829308110938,445.813622788198,445.839350929028,445.835965281824,445.779715795483,445.841063605027
63.4288475708716,63.4332722667102,62.0614802111512,61.6386029524695,61.463175386543,61.9592593055141,62.2883350335073,62.5191956151092,62.7862735557698,62.8540046692641,62.9098795621372,62.9846110941535,63.0394132583819,63.0540826903977,63.0589099706686,63.0541370234,63.0532142501552,63.0578983080786,63.0473099530426,63.0566083573087,63.0556513638336,63.0512159882073,63.0469493265116
350.333280294663,350.314594782975,364.112113139122,363.643647804732,357.551551560669,356.151124721877,348.3828011983,352.135881224567,355.411877356469,352.338834515629,350.038059842597,350.88560163544,350.987761266077,350.929441629663,351.2497389885,351.247664295974,351.277097825156,351.271105941683,351.326172598392,351.280472294522,351.358133208053,351.359300007389,351.400462028257
388.597168996221,388.604912151099,381.793323133674,357.013504632203,360.122207645412,366.882000777822,371.298190386431,376.809394101587,379.316689886207,383.414839122399,383.658841096393,384.538290639316,386.897377665621,387.225236777919,387.135777958312,387.137190386947,387.148435371543,387.117080614565,387.144268695429,387.130476651151,387.135666819723,387.103287804786,387.126798467913
415.48792401886,415.459563295041,414.256137491763,418.225795348746,416.353864524348,414.178812536708,413.232185616987,414.486917957113,413.683208893062,414.239757721734,414.58887326327,414.628407015685,414.788182960606,414.815059927396,414.861303148999,414.818080159172,414.845566400137,414.810749400517,414.879429825384,414.815880988031,414.832400020674,414.812413257137,414.838597997155
205.97819307851,205.928979179703,183.656441151566,176.647460981566,179.09509836238,188.014045720927,191.231961129813,197.030433603576,199.932758321838,201.073341163635,203.138786427555,203.612859049409,205.472616551304,205.555537799813,205.587429130957,205.550699770899,205.572133693817,205.643652137909,205.623969285875,205.591396919791,205.622288008945,205.657639288587,205.649378773328
308.637054960434,308.62269364919,290.908959492094,280.838773766261,284.801429652939,288.601574008393,294.065486468558,299.443406181303,301.30790453534,302.564746947096,303.806357449029,304.822391983887,306.211844109074,306.253673433206,306.247066863035,306.178719446767,306.210525041647,306.20712487021,306.163290817376,306.166152151914,306.170505469224,306.168672663588,306.11775420855
335.203078318226,335.183691773592,338.917272977393,327.012131087269,332.283260632862,332.080708433839,335.41767434261,333.984462046076,334.059888204979,334.42314033943,333.47621324379,333.475320611184,333.781051538589,333.915806426068,333.818420101571,333.832148566722,333.870808361097,333.855524935872,333.881013260694,333.870962102447,333.934855647161,333.869924866521,333.90969642992
289.891876093204,289.880799404888,280.953646547252,259.478790246306,264.078448577826,269.825352250227,275.683023154248,276.734044299271,281.346748916545,283.586875374172,286.668234493797,287.44735256454,288.319533686278,288.27950896479,288.286167044678,288.311101911968,288.306524457207,288.344308918384,288.402814148244,288.341445240555,288.389793500116,288.398840933911,288.382863687302
734.281854016441,734.314856413436,724.662669258635,785.608900530776,765.464538193057,758.944493191775,755.944919366763,744.490583429975,736.219895550877,738.467641096653,735.780834775425,734.83465094974,733.035004644752,733.678472103585,733.668013637499,733.65976625496,733.645211130193,733.644661287651,733.77496317854,733.710024459976,733.741380271991,733.700822740727,733.773623218122
293.030699573671,292.987423020848,277.997804204933,241.071718412015,249.943772355107,259.214846971167,271.296651087921,279.714961824568,284.027030497356,285.970611570469,287.468313847392,288.453136456896,291.176219152671,291.614291639891,291.63881843929,291.708172457087,291.707227228677,291.701083068383,291.725134952882,291.699575204304,291.706375882962,291.654586284291,291.670694448551
364.334975737597,364.307638031942,362.085817649196,368.189385788149,364.531976531966,363.067581687405,363.759039277735,362.918283890943,363.464642214491,363.340036244126,363.265958361135,363.544789559018,363.62655443094,363.716923805271,363.758605175252,363.720064809761,363.738849855575,363.722653790919,363.719340907395,363.744062316432,363.741175836398,363.75644695026,363.779334810992
222.346346051292,222.34916885832,226.287108012125,228.383336976818,225.09952095959,223.945360059112,222.806217578399,222.382763460809,222.149384695174,221.739530498997,221.620609872415,221.507254427235,221.448128575298,221.368554268762,221.371367959794,221.402557374682,221.416837533776,221.369633290915,221.329419692308,221.375524916953,221.384770851359,221.353072565816,221.353175284073
452.06052709919,452.098521919356,414.105998227429,391.897906661187,388.418658015302,409.558987385542,419.991596231802,432.247280581964,439.390708835261,441.840794255764,445.381656826947,447.094380482879,449.32186732187,449.665868434087,449.748577964224,449.842956982957,449.88100287007,449.856923394598,449.842151470122,449.898403629802,449.927859051009,449.940828702866,449.90012355795
234.258695521455,234.213197944941,216.791930798933,214.695034739856,214.219196568692,220.911817091974,224.9972969007,227.168365538631,228.444303156628,230.170306692511,231.38400141191,231.945897473384,232.231066660389,232.303532638043,232.349770512368,232.325226560299,232.340518719929,232.293942984235,232.32543451795,232.334860177414,232.325194873889,232.313021895685,232.348595868072
297.374329737257,297.349060264402,285.163404701092,269.134383969829,270.345814842757,277.41598528018,284.93471558273,288.859789735905,290.760459112185,290.826122910708,293.924531029442,294.746100796906,296.095181582678,296.284645745436,296.27941510378,296.269578356529,296.246460773392,296.247416216039,296.281346031556,296.292636763868,296.289845182536,296.29121992168,296.295227674897
403.16595151784,403.19906081496,385.946334881659,391.623656503742,390.188474504087,397.031599858001,393.207244285232,397.489297895068,398.46400601984,399.061284374935,400.696345907096,401.036185039567,401.068109785401,401.276658861345,401.36540479853,401.353977796468,401.364107694212,401.367269220772,401.43477831891,401.469800596334,401.477955536122,401.521671756661,401.520665799703
187.522651832841,187.49330453255,176.9629734881,176.236537728069,170.628527826759,172.175924205632,173.36951898213,179.658215878902,177.22272809869,181.86807105764,182.062891934425,183.302260912547,185.089751259001,185.39253827277,185.4251434183,185.42936058935,185.490866249134,185.405462757273,185.404578366939,185.407568921155,185.451655304354,185.389889385665,185.440536268128
406.276260490238,406.264174802362,405.71808719222,418.221478235209,388.34272425308,397.513976353805,401.692413574433,399.447775740507,403.862994658647,404.006092249379,404.922704236634,404.648319937823,405.279587237092,405.358900206852,405.538656725198,405.491446276975,405.511213236087,405.559843888512,405.541458697572,405.536547227756,405.647696680654,405.665858945237,405.725584434957
509.785192853827,509.771747414213,471.073188730228,436.546407277446,451.015319369318,468.746603875401,481.781895222254,492.156226245975,494.921560606712,500.553224804998,503.463581844264,505.014267596394,507.388004202991,507.499945495091,507.529743292865,507.564667124499,507.522294936913,507.590300255071,507.56496700187,507.632020398238,507.660809173179,507.763654674802,507.672906597348
439.266215782115,439.251237804221,433.970051260245,437.333277644506,436.358785262229,439.422844986387,435.875958644789,438.074230700336,438.067936479924,437.833384998301,438.081240830627,438.245442702126,438.157274544728,438.354372497848,438.355200327785,438.369646196449,438.402239087454,438.367641269245,438.404889229201,438.411253192952,438.379396938989,438.414452821827,438.408939038287
417.581524991398,417.622937716423,411.374200463202,405.642555303246,406.271212931505,408.056819035633,410.290580998886,413.065071287166,412.406989080357,413.431215860089,414.067516960555,414.049109022732,414.767813850144,414.861309440028,414.856364030873,414.908271214613,414.877637287149,414.955524887082,414.967541563405,414.912953319327,415.019669767689,415.041359831396,415.055700887347
194.234279865561,194.191065888389,183.445223016137,173.703454590948,175.014198215606,179.555930353299,183.662030044107,188.087832771413,189.604469641978,191.314685014833,191.919625261873,192.461236129338,193.273872567714,193.34848827053,193.316240214968,193.316239727611,193.313664567163,193.394997125521,193.36338803256,193.374669515274,193.386927507199,193.377443029846,193.390942621323
291.95704501769,291.933342191174,283.454216594942,292.71967721391,280.878426309167,281.532439599154,283.207864761843,285.548922864638,288.428050671093,288.881940581953,289.884698791319,290.761200146987,290.647447879811,290.652330767307,290.77586553722,290.798076912786,290.8122734752,290.814435822259,290.83037301183,290.802915992622,290.793062553586,290.763392212315,290.813811329063
888.053833545667,888.05172965609,916.11240480212,897.904809449877,878.887808903714,883.461185320119,886.842928890048,883.479355591717,883.904205689426,883.951793871198,885.030628638211,886.924159127241,887.13200982691,886.981369406079,887.182945623008,887.202479322718,887.228287691105,887.20880426152,887.182780626066,887.200656764225,887.181115433603,887.286987824193,887.213595797834
307.628235565271,307.58795742125,297.819200787292,297.442879450863,295.800023426795,299.151401837158,301.316961108986,303.725399652825,303.877144565155,304.817459719571,305.412664381667,305.243143006367,305.717674567596,306.094776656613,306.072516765441,306.048670322163,306.119517847078,306.092044785101,306.104913318277,306.138234526781,306.119927431555,306.143085824415,306.190081147981
206.800815011045,206.77918938408,185.342195665425,179.694264304382,176.19860387803,181.84770912816,192.920734136957,196.860538432876,199.592516455867,201.213712696481,202.733472810002,204.272600463512,204.721810267483,205.065054329211,205.076421616111,205.026211805175,205.054365514492,205.045641961153,205.059439665354,205.047065736253,205.010449989022,204.954268025088,204.904408107103
393.707024118388,393.661399133622,384.194055184252,363.455886128398,349.441684635596,358.298543779717,366.127711681411,369.914306467511,378.678843029949,385.46971036061,387.241770227721,387.87562059057,390.047327295826,390.406495973361,390.358823895274,390.448547905574,390.428282537781,390.447060536297,390.403740789299,390.428557673598,390.405319601506,390.448394661614,390.539251990924
150.422536776488,150.421154595766,150.17522716766,143.25728626806,147.078867403024,144.729911736897,146.646084309199,147.304364394986,148.029068489473,148.500243979312,149.053272322367,148.931229594673,149.361328983573,149.384529633229,149.362043450252,149.396202606145,149.42401651256,149.38739837165,149.379841638807,149.401247179224,149.391651195645,149.39553757482,149.407919427048
459.937205761947,455.301376867707,461.663008321952,453.669693672174,456.073122700288,454.980810730289,455.368281876509,456.788379295819,456.604182159456,457.601091124127,457.990598936067,458.567417179837,459.158962427013,459.062717139645,459.170678342527,459.156690174917,459.180367425811,459.178073652723,459.177361137716,459.214737814324,459.206882769332,459.192261493687,459.200117722863
741.542101601993,741.548277481501,725.982457891563,761.802560732619,757.01931081619,756.689213968311,747.606878748078,743.183743596413,741.309554138251,741.746654716645,740.666765585832,740.909039142788,740.425647847671,740.331215723984,740.310999671933,740.363521264191,740.335098274547,740.289769287194,740.342552663536,740.385574385124,740.352045231113,740.357761929356,740.314306672764
137.640417593087,137.624271641818,137.957075267638,140.530777095009,138.593333719698,138.190877829193,138.031770143224,137.631219223642,137.332689414121,137.17582647095,137.135141544242,137.015306449036,136.943828255057,136.907576488423,136.916694704589,136.911598108277,136.895078840306,136.899323603655,136.924334271614,136.898235011918,136.892320973998,136.884341511021,136.905493830248
173.357236478016,173.361703160626,173.526427414723,169.187173492816,167.654495033465,169.007037320882,169.612769257732,169.767117295812,171.079197343658,171.836208793274,171.402662271087,171.864736836707,172.139895965532,172.059034071169,172.072737041636,172.099163480199,172.08794017066,172.090445164535,172.098831406268,172.042953869419,172.118202657383,172.153264643016,172.105006786205
33.4031740493074,33.4111462974579,32.3711489374973,31.0667870414905,31.5335756294164,31.9347850087718,32.2220920097102,32.6345923139966,32.7302226664355,32.9374679892167,32.9424111925036,33.0964504435464,33.1086545838308,33.1467088195075,33.1366506384895,33.1291514918447,33.1363385176815,33.143234648025,33.13445062364,33.1430534236715,33.1266506111937,33.124724275913,33.1236015820126
332.521932064496,332.51330896799,331.798329466684,334.430022106893,336.421371514645,334.141233124585,335.699014792141,333.909052836643,331.643518298687,331.248493622115,331.616065418718,331.984348514304,331.375742862836,331.36344376349,331.252810526156,331.28927399673,331.259363054809,331.270367249144,331.278967520915,331.258858182095,331.341149234376,331.322727208586,331.33711937908
245.775063898697,245.734806784229,233.198600945987,217.580655215971,202.925208389125,216.125014566751,224.700801909053,232.425328443209,234.096716262338,238.233669198602,239.799622025231,241.660354578779,243.758466950464,243.815502385825,243.823209838055,243.857116470913,243.828711308484,243.853747186225,243.867733185515,243.804300313509,243.868916242673,243.818527089759,243.87995361734
85.0322526544784,85.0167432440799,82.9107368929022,82.7112064816017,82.7934461836678,82.6138965733107,83.1343095319652,83.4278077918283,83.8926690963608,83.9491129772916,84.032678496725,84.1436042841851,84.2713774757941,84.2933439874994,84.3018225147701,84.291866225556,84.2874533391964,84.2831116004234,84.2898981035977,84.2776480620582,84.2793514660039,84.2808818808498,84.2781239054768
172.346486635046,172.347382103677,179.302568958401,188.361680595982,183.991780108214,178.690307748331,175.831260679052,174.025634168483,172.46889274306,172.145980903698,171.609057101377,171.489274812364,171.541454575217,171.464347558915,171.474050840916,171.49942233989,171.480192477468,171.504730933743,171.476808392873,171.448768330947,171.469732530349,171.476810337428,171.495477977923
277.275491752844,277.260459644068,246.739384251581,220.729463942286,231.843759311494,243.481764682326,251.036944679293,263.583417023799,265.987388896812,269.964601808673,271.974635791895,273.741751140196,275.397148653247,275.546009504109,275.618740769035,275.665238238211,275.677670283777,275.646434771074,275.623390590744,275.660850770385,275.72274311539,275.717670565012,275.727807249361
100.495036068856,100.487304425481,97.6735199179181,95.1036880325678,93.6153197691181,94.9714016366349,96.5145232902299,97.5787871644683,98.0020191839668,98.6909921764189,99.0287441277136,99.26958159835,99.5659702134461,99.5583127139536,99.556927599383,99.5656125598578,99.5515662645233,99.5658568560171,99.5668253968597,99.5738279048731,99.5632137939335,99.5662403595682,99.5632053515765
23.4848366540642,23.4829593610171,23.4735989142028,23.5275214263696,23.5153583579466,23.4907633954907,23.4482692541088,23.4417568773009,23.4405022446607,23.4339992368387,23.4184492422213,23.422080441703,23.4245602070719,23.4269491266985,23.4283363294546,23.4315481958276,23.4313310396452,23.4297783086945,23.4318406349776,23.4350419548815,23.4332049547736,23.4332522229847,23.4345334734685
267.720817082691,267.709099073724,276.424009779202,292.37925665343,286.094340858905,280.077225733684,271.271636858585,273.239616874364,267.338196486752,267.950157856598,266.81485894744,267.109303161553,265.959007381948,265.920679810189,265.670745122084,265.73099639378,265.640108980917,265.710472313448,265.765355841719,265.786462196837,265.78520344284,265.77267996953,265.767655140977
251.000999397693,250.980488883493,222.259976844726,223.677315509291,225.566603822553,233.093779752254,240.61071855844,241.427783791411,244.605441955424,247.098193354161,247.472164708586,247.690050735247,249.204085961113,249.185953813302,249.208871026979,249.231356813387,249.21269114871,249.219132895564,249.196962802376,249.22671383237,249.214897245019,249.204938006424,249.195807216858
203.202335560749,203.17156845561,178.324641056247,160.754866592835,172.204195692149,183.449264970673,186.997524152656,191.511287417278,196.287845062744,197.347032781853,199.324597661523,199.774518031057,201.516182648627,201.451005227744,201.42649264457,201.575042867306,201.571572085935,201.485251592077,201.535959438647,201.545711680085,201.525955563016,201.542909611416,201.477447157452
675.362365861815,675.391587759398,680.003500258931,655.85546361937,669.175590564085,671.864995187632,671.99170064806,672.046927390681,672.861488590619,673.151294607843,674.546894597286,673.97175442991,674.658412856965,674.920141616555,674.985408345427,674.893907281943,674.891434670194,674.998560879722,674.964294451061,674.957296489926,675.019314652342,675.021471747407,674.925740916294
190.068468654481,190.099756073377,188.836493296911,180.508292710861,178.703772795364,181.9973118985,184.544599233041,186.275839766423,186.747697365654,187.580964316248,188.663591320445,188.791473215688,189.095921857633,189.124508658204,189.078339840668,189.067966789501,189.100187023606,189.099846551837,189.072314701098,189.068722211116,189.05329098945,189.070814719577,189.058031447061
183.148004304148,183.14248567422,179.026047400111,176.196985744702,176.122237959496,177.508619776491,179.293592134185,180.106601059163,180.580712965616,181.279099942424,181.273557262962,181.726012532372,181.930351968985,182.005807826272,181.997139003462,181.995084491304,182.005156255739,182.015597452152,182.024232075249,182.013929716275,182.006382035505,181.990797321809,181.990923901837
364.131966808529,364.117465984877,365.188924173521,364.512976670265,364.091992886891,365.085822892536,364.222175633329,364.017792512151,364.073457798211,363.78694487965,363.779789002571,363.668516674742,363.548387286667,363.520687050031,363.584085624015,363.547712059246,363.535731009395,363.58186180378,363.548445902794,363.522382325785,363.535487469507,363.505451249632,363.513037551454
208.723770948298,208.715257477194,208.930183633876,226.690607081909,217.388594665415,218.727260970337,214.457943474789,212.689397632163,213.17072389782,209.839569458746,209.109859476287,208.450727685518,208.052563746744,207.832942444523,207.872735195197,207.891388015891,207.916558797077,207.889591911997,207.883561402381,207.898336712087,207.871274161311,207.904482502251,207.911289003352
221.21067713094,221.181354403518,216.606019337277,190.651796593859,197.207070799131,202.947266490504,202.352006887573,206.532472214668,209.799417600472,212.08032673239,215.845181353632,217.273677703842,219.168383039835,219.527155844723,219.537526768383,219.536081807366,219.589502161754,219.574066705766,219.581788149588,219.563633491548,219.624820600443,219.624126263021,219.613811704857
149.334701336778,149.332631544323,143.002206987495,135.314820570029,134.821419340446,138.40134090474,142.353776653627,144.384743055292,145.554126122275,146.0986800577,147.280105346044,147.881344609475,148.265344660901,148.363885975829,148.336662397238,148.361655854332,148.373038289246,148.361937817026,148.354974394668,148.353134412526,148.367891877362,148.359578714492,148.357293519651
463.550941716364,463.566058779858,457.468257188952,448.994357985896,450.354821098625,453.65433330403,449.887295141629,454.698966848583,456.381278596823,459.539785298283,461.249313247273,460.641073943745,462.365106685893,462.38635984742,462.430724314152,462.388540059155,462.435118965215,462.424061291502,462.440267931023,462.398985325508,462.46204600008,462.466826285725,462.470972005309
208.795648464853,208.781479200688,206.885150438067,201.400922461472,200.051162094167,201.42508334028,202.301927001103,204.7943804562,206.847730455508,206.988640073276,207.774333948642,207.803172936733,208.088483164304,208.056524207066,208.072348091041,208.069522260927,208.086782554016,208.071549917443,208.081230487428,208.068355226095,208.082342782291,208.083925572126,208.088076800693
550.527977992165,550.475895118632,578.122321712342,571.045792521597,571.187242428638,560.868569829384,564.336303090314,557.86481732824,555.812036803845,555.064834469477,552.586061597051,552.270878487971,551.653479663602,551.434245044048,551.583567922673,551.521366827986,551.624599417084,551.518319361348,551.632118405472,551.529211786682,551.622321815638,551.672584067678,551.716691176461
772.46601877624,772.40610691751,742.118003669237,708.769566673469,732.403936346019,743.07649706034,750.779820158904,757.774616927696,757.037742904643,762.909130623116,762.783316690977,764.195829011172,764.491791825874,764.936418524213,764.895375240352,764.761599861703,764.735581961173,764.758421846352,764.894903313044,764.822199940391,764.72987914157,764.711736248978,764.790784334305
330.570516223897,330.558605937142,326.642570175411,322.486595881975,323.865952102842,325.552408234957,326.092005502991,327.104579375856,327.293051663405,327.899554103996,328.611648873308,328.849737364303,329.311042404733,329.320724841005,329.339201255954,329.332591610832,329.327086923329,329.334763237495,329.337240303256,329.358650319604,329.337592585882,329.349585044324,329.364306705223
210.901875290488,210.884564195241,186.571962736395,170.275339187801,171.945039921388,180.631890265245,187.734023871841,193.274769540431,199.985268462404,202.781739708123,206.092947917315,205.836170252224,208.969745589724,209.043106330534,209.229321432469,209.265437313918,209.236289192831,209.22106113722,209.233637345856,209.286206699745,209.289165538337,209.277014698885,209.296618011165
137.933363254237,137.950304134915,134.84675345557,139.252935152085,134.376503559436,135.06339115071,135.758732510855,135.216032453411,135.501065121954,135.98147676509,136.269794455643,136.604049729369,136.722630672238,136.801034984819,136.850117942258,136.850423230453,136.82768245156,136.812170151596,136.867841643138,136.847273870541,136.8490367409,136.893178428506,136.899169493398
198.278253848164,198.261568895108,192.75304254945,199.751885912311,196.70828118076,197.146798942083,197.099691873665,196.519546228709,196.217848501651,196.759017194737,196.706163455323,197.279261501411,196.971169122436,196.863872828123,196.891764621524,196.910679694568,196.953011372105,196.892596791806,196.881177958998,196.911798459631,196.899774110133,196.906375245088,196.90915455852
348.322968153496,348.301513133993,341.66527687846,348.714587630647,344.977579409892,346.345460051568,348.037971375814,347.332308997706,348.669101253544,348.43138755971,348.196473907115,348.311017432377,347.927485846338,347.990130906242,348.014460337129,347.980414453507,348.030066030946,348.022569142281,348.023714879251,348.02325329457,348.032514552319,348.004380051597,348.023611491985
256.496420203827,256.479644479444,251.379477454655,256.48588590279,256.737634315097,255.389761403889,255.17360424521,254.445060934156,254.643127614277,254.436850217044,254.8798983083,254.869349651344,254.889014854372,254.897172532077,254.923685189806,254.912460666404,254.927001943488,254.930892894887,254.912454186203,254.905890540851,254.884842208617,254.919822540742,254.951727686308
245.589584833285,245.55683900399,229.255191188645,224.272204157295,223.666652498948,228.013205334256,233.818681325174,237.122475328557,239.48658480201,241.291892357701,242.768397154471,242.265522218564,243.774604324019,243.841565366735,243.789410048974,243.81605072189,243.801850538158,243.804725548695,243.802107139925,243.777947596734,243.78190673284,243.794770493278,243.750318342348
211.938581887303,211.897142041161,207.976184079823,189.081370064863,199.184079548073,199.169198694692,204.254206876033,206.879503507105,207.7565302182,207.826519909209,209.293652619953,209.43473326278,210.404153592804,210.402527625411,210.412350998523,210.433473178627,210.399689187725,210.40552961701,210.378035766793,210.41201700452,210.429516796551,210.405623729511,210.437034080536
205.134388045053,205.12511765701,187.730599851606,190.839971712622,188.68569492148,192.742189792058,195.429351582398,199.026031477869,200.29028083691,201.455992118632,202.067919725281,202.731882472313,203.327352093314,203.534622020473,203.558119941926,203.492040719203,203.524470676332,203.522007133624,203.53743055882,203.523608373421,203.545275483319,203.543976390005,203.541992733983
457.151745417208,457.104964595126,418.327121333661,392.784551345411,423.906059636903,437.141188907037,442.757773458593,448.52371259919,446.477034600547,448.398240062812,453.56047917817,453.970606055939,454.955366873098,454.968928260937,455.440738941912,455.469161840066,455.458624418404,455.495522377608,455.378297102772,455.435485742162,455.473222123062,455.48840035549,455.556045524552
305.064339019065,305.060613556212,302.878274373028,292.328357515527,294.983044435488,298.896485125389,300.058668905389,301.602153622687,302.981693114007,303.131186697555,303.65363046879,303.885090368821,304.191301319534,304.280626084607,304.298343620667,304.314671303705,304.290151382859,304.306808226366,304.318052261103,304.304900362301,304.320959294459,304.299674864796,304.295474159229
325.825656988269,325.83264857177,324.094601443718,319.394505744217,317.780693451466,319.216708183713,320.715258991734,322.445821586371,323.455027524466,323.532028175375,323.925899003159,324.278573046273,324.707558724443,324.816425053251,324.810449735854,324.904098881585,324.856151017268,324.864796446006,324.859589729992,324.905689248443,324.875391905488,324.884041922239,324.896060565074
128.396576404498,128.393084815024,129.109318097791,133.633429915511,130.891713190938,129.544188836927,127.480727802609,126.894030921311,127.045985216488,126.759236112053,126.706792778469,126.763460829214,126.845094021696,126.886626852647,126.879385396024,126.90770208871,126.900858825049,126.893649107901,126.89145011176,126.873363598521,126.919013426928,126.950678765224,126.937688201921
221.892850245252,221.908334715535,225.977355087185,231.775098577521,238.629712533471,229.234711752722,224.460668577032,222.66552742061,221.673468192748,220.675164193717,220.106945693563,219.604853639936,219.484225663129,219.394772658217,219.417142852536,219.346834432106,219.3229016222,219.306755533485,219.239173477081,219.244864545279,219.147025989583,219.132286573826,219.09027095541
559.159836082795,559.127335748246,557.998921241072,563.081944622379,555.684599452214,554.613176961933,556.496060136773,557.103907497235,556.987981313032,555.329310391889,557.244879978307,558.751953924887,558.542584757403,558.70558711118,558.657566439482,558.696042378732,558.724533372087,558.722008089824,558.686631436601,558.727673936426,558.786384691539,558.746665609473,558.739990397033
334.445642177057,334.444936690663,330.451165867022,323.331780441064,321.266758423477,322.323396934729,328.152233832118,329.624713953203,330.555937836333,331.876662287572,332.060783902407,332.121714948921,332.804711858014,332.883064702236,332.875907621618,332.874194411329,332.909868721485,332.8730834661,332.911181197304,332.95405018947,332.914739560575,332.931484204132,332.888868530342
92.5957300959641,92.6001165796124,92.9004132794925,91.5122000751353,91.3215999514843,91.793848964234,91.7643926113205,91.678177018738,91.929301596707,91.7082777010259,91.8592442433109,91.9041137145763,91.936339811812,91.9331293433214,91.9384393867316,91.9244359517058,91.9108693818668,91.9150808074254,91.9257436558036,91.9104101854075,91.9327535054041,91.9151204929727,91.9296730869076
345.208774085917,345.216213266479,341.111132150969,332.180631288056,335.54989044613,342.195430740431,340.596040217823,342.569202906185,341.897484277937,343.626517306238,343.284724389042,342.636707245969,343.729861753085,343.841155354324,343.857112732409,343.804115378639,343.848266123508,343.867885951676,343.829401169428,343.873619624317,343.924232924414,343.956419777839,343.968955402603
207.564582191154,207.568256939268,204.910200937963,206.85018606101,206.286625495079,205.875464237101,206.100176534447,205.525140825508,205.612531782643,204.727560391499,205.316669198449,205.378986033324,205.421668851679,205.489951414906,205.457604693205,205.435554255453,205.448276599852,205.476125379819,205.453545781819,205.406215881948,205.460246712624,205.482906495954,205.453816247762
286.585930775601,286.612129217098,277.105026769807,281.534208194977,285.572778107986,288.689500731008,288.406931573834,289.169216886523,286.956790458145,286.286034101986,286.868266357611,286.717676110879,287.169698951657,287.143955428684,287.132548715573,287.169839053786,287.170239900719,287.217647005073,287.24681044699,287.182651818476,287.202774370383,287.32621543237,287.357141126389
619.295765121952,619.249882898286,610.144409202525,614.717846412831,607.998972835468,614.53180359505,617.627597528995,614.047044886681,617.431454515897,614.340952878403,616.602906418874,617.152962439197,618.012040497968,618.376051883952,618.324584580254,618.376096336282,618.399885391405,618.421244196117,618.361910934515,618.365800914657,618.384134161158,618.368330389863,618.447476055365
176.569868563152,176.55745027905,161.678339571161,142.44044858887,153.175439487867,156.253669960868,163.750286260806,167.53991448301,167.986564353298,171.146757180133,172.16960556059,173.840595036134,174.277780819284,174.276158712645,174.425980002394,174.444216419968,174.395160415758,174.518300323228,174.409708795611,174.404916980123,174.427452478988,174.425928792251,174.498095687794
370.746020024002,370.734240009082,360.364437374838,352.978851610837,358.358561929508,361.557293104031,363.788731181566,362.98503963608,366.020933378283,367.585684780188,368.730629581524,369.017785039227,369.784828312979,369.896609433677,369.870658145425,369.823206937794,369.800589763357,369.842623538461,369.8524401365,369.844651452133,369.844724528509,369.800824213484,369.759633552632
105.867692338276,105.866326789777,102.368488357878,102.021042985285,101.349784237226,102.958231526236,103.091513905639,104.299465870034,104.708285086466,104.614730942351,104.951478046411,105.075352593973,105.110507221231,105.150151183111,105.177102474545,105.165536864752,105.165513976994,105.166869219106,105.148530867287,105.173067385718,105.169437473846,105.152041821187,105.164539209978
534.720949185406,534.702128226666,548.540965864951,573.933093411276,541.110835652848,533.034498884544,533.738223459354,532.58665556708,534.806943192758,535.0764999857,534.845429983241,533.713658483268,535.255348537783,535.517401660535,535.550051298246,535.586058401589,535.570181275147,535.572984621726,535.576122376494,535.574629620283,535.566394698395,535.616741611957,535.564729976436
412.265881854862,412.241414951568,414.364396711542,396.026040755284,401.144245807539,399.302703972753,403.349071305576,406.103900299372,408.654722556754,408.355473528004,409.960419564362,409.650422649895,410.98418913578,410.996163721149,411.025797384403,411.066731332549,411.105178786617,411.052627872514,411.022591079069,411.065353341009,411.031150942417,411.032278739498,411.115537097333
425.183339186997,420.535910455451,409.303241217008,389.467072888089,391.999555040044,398.945416351734,410.935116247659,413.497821109017,414.21185479793,419.644787071983,421.834571482796,421.434965226447,424.557254954678,424.576136001127,424.709095450693,424.622717282159,424.711986394076,424.729882312214,424.736334068418,424.765220087959,424.667498799602,424.848809096386,424.760888907629
277.807069627983,277.79656832337,275.799812297853,284.098832802842,280.961471738424,277.392270348243,277.097758253463,277.273022303368,276.649764599967,276.53272204391,276.653727945676,276.369718897753,276.586368146334,276.673991057766,276.683810426344,276.687300719077,276.681000913202,276.660611556215,276.696471018509,276.678183322898,276.675748053303,276.679786049865,276.729710723495
