"V1","V2","V3","V4","V5","V6","V7","V8","V9","V10","V11","V12","V13","V14","V15","V16","V17","V18","V19","V20","V21","V22","V23"
61.5405405911448,56.4819766787363,56.0058810135419,55.7123185480412,56.5496451369816,56.6570387819631,57.3859496991395,57.5132097144876,58.0942266145856,58.6786348374393,58.8790535147162,59.2010928048493,60.230357509473,60.5870189337193,60.8118134856597,61.0665817113519,61.1685211267771,61.2227247156759,61.2228099438338,61.2267648845815,61.2652862851208,61.2695668231969,61.2741943270021
97.2186599617536,95.6312703561722,94.9268992580568,96.1006985409979,97.6527879851281,98.2098542152284,98.3590019481936,98.5791995818179,98.2253531199318,98.7490430433608,98.2479153691994,98.6494276143822,97.8810112066848,97.5036493844439,97.3886241982829,97.2524258901182,97.2883353519398,97.2196192218477,97.2013188373125,97.197819661064,97.1737495227755,97.1935243268956,97.1649197157046
111.743548675143,112.617803188106,109.082393003181,108.8381939367,107.527010359928,108.337940308187,109.150478111037,108.713092988783,108.433497846665,109.861511925192,109.110591842626,109.581504986905,110.2217464062,110.988849838177,111.502428487836,111.391284427838,111.488806934612,111.543997255159,111.584140154451,111.59096015955,111.70257752389,111.720212083897,111.702614631519
119.708730490216,114.91247066859,113.895372872,113.470146691814,113.236174029536,113.103169433023,114.626624125543,114.509603088285,114.972319168751,116.077462030687,116.528002825031,116.80104045369,118.148303154397,118.882605947666,119.309630222899,119.497392784509,119.558675641723,119.59155852631,119.687218037679,119.644844914111,119.687771989226,119.709517119136,119.689542162914
105.860639610623,106.42991481731,106.97827784657,106.73059177398,105.614368518964,105.72017292086,105.479764912291,105.357863674993,105.184500351151,105.548065964336,105.384568318113,105.542925301719,105.589307996802,105.587571022674,105.539778026684,105.587808938811,105.652656072756,105.6227962218,105.615587092585,105.647208526875,105.608739574771,105.619141758125,105.623109384407
102.508188873326,96.3766371227041,95.3373107018975,95.2695162826197,97.131150358085,99.0227609844505,100.492142914012,101.633963487971,102.091706682141,102.613847544168,102.903091857046,102.720005268945,103.056592993938,102.540275158833,102.310166638613,102.322541569817,102.336813276075,102.351237232976,102.306116775311,102.261704358019,102.321573926651,102.310870256262,102.318466543912
47.8229086523265,49.4133886037238,53.0535608765684,52.235849582361,51.4225293185549,50.7099768390519,50.1953715349615,49.6581913091776,49.3970899478271,49.2604515994845,48.9867226266486,48.6792551400711,48.1874454408421,47.9510225081502,47.792296294796,47.6810570574428,47.6737502191067,47.6529306150705,47.6241002916775,47.6321290608613,47.6126485899238,47.6226392038555,47.625190427269
110.319500181788,108.462727762911,108.453126665004,108.480884014068,108.301963342103,109.388931021765,108.927905483597,108.569398653128,109.220921234517,109.676820799052,109.498392773293,109.127825193388,109.34774362168,109.70255793251,109.923790590755,109.90505983072,110.04626189693,109.983372828359,110.118396923882,110.032210207851,110.051740118217,110.041051056469,110.062841605868
72.7445236338117,74.445536207032,67.1328789059536,68.367731657682,67.8733749680597,68.7019654482217,69.2114781008784,69.2576755979852,69.8368180589451,70.2292921178124,70.6028080941633,70.6087963206992,71.5942104677479,72.0928119426709,72.2202643059018,72.2768526108661,72.3644607528899,72.3653078171695,72.356514357421,72.4179508852349,72.4101873264965,72.423708245157,72.4179583146553
133.689776279797,135.432734595205,131.436117136668,131.800437677024,132.092043981782,131.911200706169,131.813732112211,131.917155523327,131.671893612814,131.668929677213,131.769600255947,132.360629995602,132.047018927897,132.857858280383,132.717588594999,133.04047652795,133.121058383295,133.196814987978,133.102408995955,133.154371021054,133.181985851508,133.217271434172,133.237710229836
62.6684042650812,64.5587104228636,63.9537632561597,62.6564362398011,62.3339363928036,62.2290475970926,61.1416011070377,61.1746089370576,60.9135359325365,61.1208854035902,61.3437910203937,60.8902605447529,61.573964504732,62.0559314303884,62.0103235092429,62.2721387930325,62.2594956372163,62.2550670834833,62.2372078771967,62.25939759668,62.2977135521694,62.2997253386949,62.2878470823703
67.7983952104352,67.6294904561561,67.4451087415007,67.1148155452488,67.5355010322254,67.5226559180358,67.7730227348639,67.6404527495091,67.7416917445282,67.7436522313016,67.7827077687389,67.5807906149076,67.6741972038674,67.612052482191,67.5778552111993,67.5363757561762,67.5376933902255,67.5551775702434,67.553690590674,67.5260476045627,67.5457063018269,67.5407260526247,67.5303490553103
27.6841051598132,30.063558659554,29.9686943945568,29.743811625754,29.3698252283945,28.9492537542929,28.5989790942095,28.4574126099405,28.384812461054,27.7381749905468,28.0457160106672,27.8468173757288,27.7469164524744,27.8211467731438,27.5335461582898,27.6169102370876,27.6530502784408,27.6847149276178,27.6544357355046,27.6661329818576,27.6393204015603,27.6522373257178,27.6520262536956
97.3788908813946,94.5108917462434,91.7459759381947,94.5650603682456,95.2488284356293,96.6110373733395,96.8192945772958,97.1561316230723,96.8691201551767,97.2869750321981,97.0367434983241,97.5141364433312,97.0164176355656,97.2615849286995,97.3143967738539,97.4481531656872,97.331626502,97.3740945511297,97.30028763116,97.3560360017812,97.3221176065135,97.3296672258911,97.3173529220752
129.509124842865,132.930386574243,133.701939827388,131.253981924275,131.137865961139,130.831279454149,130.503530575197,130.795496784521,130.442831843266,130.026076969609,130.34535744385,130.448602900174,130.470650936406,130.194012323718,129.859556702506,129.777151145558,129.895492915411,129.796732309134,129.762092931301,129.786177039676,129.75006350311,129.739521548668,129.763599139756
50.8469146267101,50.0988542717713,48.6087941516277,48.6769313689639,47.8063131881159,48.3670547693024,48.527109412746,48.6031964389367,48.6999138975157,49.2206546798493,48.9641318089299,49.3365068179751,50.0750912420027,50.2085853556663,50.3381899698113,50.4537543593189,50.5821113771641,50.6036562840156,50.6220445306291,50.6337365281047,50.6544379029857,50.6570084047192,50.6730476262964
101.835546445385,97.387346712602,101.04471442366,98.9691203669482,99.6977711674357,99.5348808437137,99.2888205470734,99.6574831348916,100.176246042086,100.109424780769,99.8861483863781,100.548867138981,100.4013941807,100.961682912657,101.187097853192,101.433773263846,101.547488584543,101.558789267901,101.526131043385,101.570062069562,101.567379632509,101.63327935858,101.637230438159
201.437670504697,198.054168195114,198.573044007289,198.829519335886,199.368105493754,199.359754193435,200.136223558267,200.033289533494,200.479913249227,200.233404009331,200.609045551082,200.669286299868,201.013305305955,201.091509691113,201.228696012115,201.172862092038,201.312734138424,201.30924862589,201.287626260049,201.305951906684,201.324856248407,201.332871674954,201.342752100007
109.277143934772,110.560182413523,108.613408363087,108.022291598919,108.486149687205,108.514929651622,108.222168190351,108.409432908265,108.411329131954,108.554573835848,108.64844073423,108.581532691008,108.889073184914,109.008379759597,109.065727763371,109.112177293409,109.163155877908,109.166033312813,109.160987715579,109.161242185174,109.179326435485,109.16348503371,109.154491220614
55.14837035247,54.812525537716,55.0623971494395,55.1191918019633,54.9836170439315,54.9892808723989,54.9426260793682,54.8937849830203,55.0256430596317,55.001047652208,55.0139038758063,54.8932014960668,54.8672085561939,54.9825596648113,54.9033718693893,54.960648614674,54.9347648649581,54.9172971578005,54.9403540324795,54.9406835567791,54.9326943197391,54.9334274521194,54.9315836510683
126.019364261128,121.490679211485,115.929904495412,116.293343084815,116.032276087539,117.405712469211,117.920999366912,118.856381584798,119.721786212463,120.502116250253,121.307608930407,121.296354272259,123.218380923105,124.346326336971,124.568418825858,124.945903091982,125.0156669471,125.092269152579,125.087796113683,125.153924364434,125.136535266383,125.16767050846,125.193590553522
83.7339500453283,79.4029118776314,77.1101571959802,79.3732472027338,81.1352739665338,81.7497649546134,83.3091718736511,84.471228224658,83.8932381304962,84.4558101285687,83.9662193714027,84.5852615615133,84.1353073323799,83.6072159807278,83.6823989578612,83.576762178277,83.6542491682747,83.5700117607977,83.6579090380823,83.6065541666385,83.6168420269889,83.6110401412161,83.6079301751205
90.1397511298493,82.2351826945776,84.0865045473174,83.216375312042,83.5763254383762,83.6186487260085,83.0925531091041,84.3230994618281,85.0459371544298,85.3864158915663,85.5806081370689,85.5025477808892,87.5074317897321,88.1684035065577,89.0212945032626,89.5743451759196,89.5405284990364,89.6052492735397,89.7664480405469,89.7556208324159,89.7360370585155,89.7713159803338,89.7655686746299
68.8812768448375,67.4900076051961,68.6550361186093,68.0185226886575,67.6121715935192,67.8532665064576,66.9612982239484,67.3758269588884,67.3127187501859,67.5340696575876,67.266692488265,67.4596430623439,68.2885059180451,68.2876003822684,68.6426715991201,68.6802156898839,68.7887509625523,68.7810298982858,68.8007963917054,68.8485373525348,68.848285022382,68.8411914778407,68.8640405016338
120.321202088076,125.508230530294,119.517474544445,119.905709635169,119.24266843457,119.250934840239,119.613914672949,119.759768007777,118.425496737142,118.7433186242,119.484358895118,118.840366469734,119.784092370942,119.691403161699,120.033161474386,120.053955033034,120.282231999556,120.317413614396,120.378740621957,120.326989376474,120.332550302549,120.347478221213,120.341805461392
43.4796271770134,46.7428262007077,47.9011078886151,47.0628767755311,47.8813584579016,46.6470819463503,45.9621865014959,45.7239491294865,44.969743516018,45.1146593532732,44.139236690633,43.8715536902185,42.8349864906879,42.916665385653,42.9970942891375,42.9837082308936,42.9170816140991,42.8934290988863,42.9327809691328,42.9594771300135,42.9468970367113,42.9512655913942,42.9541390469733
108.9759832544,104.980683598451,106.967199335759,106.900719243685,106.924990114038,107.17752036776,107.543024144009,108.015223758522,108.31607543656,108.257872389365,108.784872779984,108.273632406128,108.895740477182,108.867839980113,108.928438537823,108.900531519319,108.915030430291,108.977162881185,108.930481320432,108.953421765583,108.952299423581,108.982118365878,108.980399240723
62.4722020599479,65.0608620012922,65.410587417684,64.1594318095658,64.0813205152422,64.2676577884704,63.6601756554893,63.7093417857662,63.5311227297349,63.2013496965858,63.3503388418409,63.0998082997003,62.705536413874,62.4921558800188,62.3945400742148,62.3846477231478,62.3764411285489,62.3331850508392,62.3301194166653,62.3680497447913,62.3381354275175,62.3195169406495,62.3255057215165
154.165080069801,155.129524548002,156.315095828052,155.506674098352,156.066984060412,154.817193378874,154.539992521983,154.511865494316,154.116399320019,154.343510276891,154.268482673056,154.089773984373,153.963394682533,153.834938142562,153.89100103514,153.930357555678,153.908067628835,153.867107383909,153.865413741497,153.843672734599,153.830568096253,153.813580205671,153.823389148451
105.942122470936,110.817832057153,116.468566801177,115.95650404818,116.004490188748,113.952640670621,113.041199290585,111.709655892793,111.171101972808,110.616029915153,109.72091131377,109.498484934509,107.602496296901,106.587878580504,106.316718059955,106.059781780861,106.104995240361,105.951703576276,105.904849086014,105.877817202358,105.895003605766,105.851792346614,105.853991564648
93.6575567397931,93.466752312838,90.672282859926,91.4948777535104,91.4637604049431,91.0475278759125,91.1449416021065,91.6688571466865,91.3576860359744,91.8880681727113,91.7658492404476,92.1801483194139,92.6455366404262,92.944254148165,93.115511041037,93.2551349642626,93.2924661258284,93.314668775658,93.3043706496047,93.3506079331968,93.37165908499,93.3695740431147,93.3750929832271
101.126680379691,99.3472072260373,97.911632523343,96.9681020441503,97.0423649538038,97.6171138875705,97.7557978398425,98.0773253584597,98.3556918476559,98.5843612049859,98.6599336262941,99.0389554405565,99.6976449465122,99.9577052737426,100.243739738205,100.284501196633,100.304436568891,100.343737007822,100.402012735695,100.363323557627,100.436620853863,100.45047422991,100.445887657586
83.4236572033877,76.4245687503431,76.1248855660236,76.9409916216987,76.3415911845218,78.1195166229345,78.5405178425094,78.7724188278916,79.6813808712362,80.2919266905147,80.9641276656113,80.9668001452891,82.0027483638791,82.5480226651394,82.7463466413538,82.9844972223965,83.047437337917,83.0554270434646,83.112050458745,83.1109614581324,83.1450852501357,83.1582441113802,83.1641791257352
56.0386481835153,54.215828931479,53.3484355442295,53.7545990167153,53.6181578731469,54.202780630006,54.0474452785084,53.9619869817931,54.3949472357257,54.6776517958346,54.3824286145679,54.7514920382793,55.2077604238997,55.4184458414093,55.5389925618388,55.6345243799649,55.6790681992052,55.7049355338369,55.7353581102366,55.7233592536423,55.7358951968241,55.746978527845,55.7527844284473
92.9192497387523,89.3735036498679,88.2287687887112,87.8295970686799,87.6908156490504,88.1353095545635,88.5254280591221,89.2246547652193,89.4661199812451,89.9912870064649,89.8996570018962,90.2095112059979,91.3614503983684,91.9173754135092,92.1811950169491,92.2140787354088,92.3605696892009,92.3791604253101,92.3914044699517,92.4059509748623,92.4214971604981,92.4592484672125,92.4324387923272
106.828272187385,108.352154950756,106.765070604182,106.576581457919,107.461441263077,105.818152611939,105.948432384788,105.599877270944,105.618597808138,105.393311883165,105.791450550698,105.539059947477,105.947321322671,106.043528987323,106.196263442791,106.121708326664,106.208863170844,106.108457557723,106.110939537284,106.197534599467,106.188281926471,106.175976816057,106.179908208202
77.8344809161254,82.2069449832111,72.9817419921593,73.7764737970325,75.6875430811324,76.0689550236354,76.6027229040535,76.4116928709489,76.4001632927265,77.4590252330034,77.1641723806257,76.7932557701877,77.5748571674469,77.5758753174982,77.5143938345434,77.6916615004701,77.6485850056629,77.5925289628211,77.6851041667324,77.662657381973,77.7013388455232,77.7203389939913,77.728146414197
80.339405592323,76.0805835088294,72.7206169962425,73.8961100910424,74.1840107826012,75.4777920591022,76.1707855797571,76.7378255006991,77.4159607193823,77.5338068307658,77.6611495343345,77.9736940305472,78.795271626481,79.0575686971369,79.2812119597087,79.2840445625461,79.3962425361494,79.4336884627172,79.4304204041933,79.4336459804816,79.4503229693879,79.4641139976622,79.4671402127148
124.602995571542,126.426735786138,123.554089872294,125.600698994478,126.499519456471,126.513207472245,126.707643522447,125.473082770817,125.52995933103,125.545366265658,124.88797094764,124.818029631491,124.633763252074,124.400130728341,124.492442931878,124.396023771677,124.308701949407,124.31154962048,124.363594798095,124.355657815555,124.345486833868,124.392821585668,124.379152476601
115.31850560487,110.30118629237,110.738592287649,110.3382070666,109.504243150892,109.494372061447,109.58391150426,109.474272437413,109.981667324731,109.689705305807,110.684484447604,110.627064932212,113.197599562082,113.70072676571,114.540604565562,114.892603565826,114.998301276943,114.969830739473,115.064902950584,115.100762167603,115.178531939575,115.201501807442,115.225064653156
70.1195430162219,69.5139326415238,68.1196531366504,68.3400334381447,68.4675864470735,68.2270179541284,68.3786587460696,68.5668278336367,68.6017175283667,68.5999565145719,68.7655765948273,68.8279593430712,69.3728471315514,69.590642731669,69.6366994500722,69.7686740255393,69.7799158869087,69.8215131557047,69.7541397578441,69.7951627889808,69.8115740408953,69.8108575636705,69.8249365546163
150.204805589558,155.371802951565,152.339231223622,154.498043411474,153.410883231792,152.85260944058,151.638669289951,151.32954562749,151.549578937722,150.914175307313,150.657607159797,150.489543932726,150.246154407514,150.003351670291,149.974286210631,149.759114427113,149.867869157188,149.886355977429,149.873420720162,149.909430666476,149.855682980406,149.832844656586,149.867763428597
184.457679379282,182.079849086074,182.792880278856,182.706912009715,181.767907635672,183.231497217146,183.826918862786,184.017433463053,184.056772577871,184.09279658711,183.900868503967,184.279733674328,184.21020493539,184.195669765095,184.197125376286,184.288702990342,184.267253949567,184.298965645068,184.328768444171,184.354046848828,184.367497016217,184.330542520869,184.343308028727
93.632202704162,90.4038653120101,88.3967489253994,88.0704343783068,88.2558255572899,89.1212367070954,89.5856133034352,90.4659256397526,90.8971487601272,91.0759022187422,91.427179473478,91.4640635484486,92.2637749723181,92.5381470471852,92.772250050779,92.8898993607116,92.9055940439728,92.9569909806786,92.9275070862004,92.9314753684568,92.9710135795681,92.9930389955877,92.9889890496503
103.279183711742,97.255803503752,96.4656145088599,97.9559533187144,97.6968627445038,98.2792680744787,99.3154501170973,99.6251319332228,100.111233501743,100.791010185299,100.91150377427,101.60655932615,102.036874629953,102.626735846833,102.724479532618,102.83370137665,102.929234873989,102.922048302626,102.976122746621,102.951757922503,103.005080539936,103.005567201296,103.016390568346
65.288470342559,63.8449008209451,68.1820247018687,68.2077238854479,70.9251865675506,71.5393935880215,71.1031528978117,69.8784382981896,69.8653856046517,69.9672497428448,68.9324195525898,68.2160252500727,66.5356567381177,65.6980604567018,65.5246389130575,65.2938546349432,65.240097245679,65.1317517589779,65.1557813265081,65.0911563965501,65.1335267393213,65.1167279980162,65.1254276897405
119.820920437857,123.023042219265,121.775377968263,121.184952896606,120.360703606505,119.819907633568,119.553309694181,119.779425422528,120.065531577633,119.499183084015,119.887411948113,119.739627161965,119.634538465028,119.711743915046,119.824964934889,119.753277653926,119.710817668267,119.749134806559,119.730052993681,119.749184382035,119.73934557464,119.740163558273,119.748226974513
65.3448519933429,61.9290475779775,60.9426834989387,60.7133409361515,61.8923566204463,62.2920950985723,61.667668248911,62.0141027250952,63.2014178841181,62.8013584400296,63.159587149431,63.635173834856,64.0826786248182,64.5330177868253,64.7799953917845,64.8368893832742,65.0074906464479,65.0493850078229,65.0504560476938,65.0509661264217,65.1065559525727,65.1400688348468,65.1198833723618
62.4249539900769,60.5117459022871,63.2074048426436,63.6422294650812,63.0826236675482,62.4124942130039,62.5363445179911,61.9343433491076,61.9504374813112,62.111418505576,61.7470657964655,62.1574540689718,61.7414676426205,61.9489266449176,62.0093530195197,62.0368412881202,62.0263541814785,62.0819143476487,62.0736916116718,62.1017641436268,62.0941947310851,62.0940023634006,62.0967152761187
109.338521733943,103.874266045597,102.136557602517,101.144253026128,101.17716651699,102.826364377971,102.496070455858,103.336324749069,105.230476604129,104.512376072923,105.0371271944,106.511385618935,106.880655721291,108.195873699606,108.449735690796,108.457150463253,108.788798952861,108.823813330179,108.835645813875,108.932258188112,108.944691716969,109.010580598594,109.024329987808
68.7415117335322,63.406620722964,58.8171236522572,59.9960846072716,60.8969434772538,62.2032123209615,62.1825905082196,62.8010756544455,63.4534684920359,64.2256842671387,64.90267004401,65.3860342653295,67.2687535034238,67.5331031069267,67.9417849554652,68.3650366385557,68.377300783608,68.4091273774716,68.4787541127151,68.4727199796412,68.5644445808052,68.5857297658544,68.5877759267205
104.366965804885,106.579706060132,106.71416249202,107.229239935324,107.859519187429,108.848177796416,107.846846232005,108.909742000515,108.205320640824,107.638836939598,106.632196934526,107.025213202194,105.456098674218,104.775865410277,104.69761334352,104.50995295725,104.309919120493,104.246704383908,104.285175600925,104.152622974367,104.12274702226,104.093255329624,104.074760104192
104.499544556291,102.440501183387,98.1392986252861,98.7435886419948,99.0805433556868,100.1325537421,100.751905952638,101.485617467113,101.728670498241,102.306431283493,102.427814820438,102.628918042544,103.493178465998,103.766380525286,104.034840654186,104.049673437632,104.138542320182,104.153071759789,104.17434221196,104.174728274762,104.186182069008,104.202956930337,104.188281496071
44.4193536374539,47.3332072595449,47.7506794128331,50.1803028174793,50.1016058469627,48.9862883613976,49.5130331159755,48.6394464624792,47.5397353222464,47.1125046233487,46.6372249172792,45.776373436778,44.6272535429501,44.2987936375569,44.2824482462642,44.0508206747784,44.0921949857763,44.0209223323636,44.1072875600483,44.0679055124641,44.0556567039485,44.063634779395,44.044613859374
116.642897828106,117.488175579062,110.350530188733,109.807855259568,109.407741977567,109.52474429304,109.780126247199,109.599806456707,111.075674485693,111.582966127849,112.631110561711,112.708894038713,114.220233339697,115.374672626714,115.737656744096,116.137584993745,116.171094464201,116.290115188732,116.29955629877,116.318302214596,116.38297011546,116.411081042937,116.395555879628
108.824037507938,107.39757408152,107.301099921293,106.959660396656,106.830952127306,107.517033413539,107.215686203005,107.474511636782,107.38437689105,107.715387427822,108.016490517983,107.918258020502,108.311628242188,108.493677434737,108.594191295942,108.674326598565,108.685752545328,108.717758434105,108.683588523131,108.72797113672,108.744194529505,108.730503074112,108.722278123137
74.4835907263342,76.5866138262695,75.6095648684407,74.5923496200329,74.4303215074221,74.6589025434159,74.3962981853009,74.6913652199183,74.4452851563287,74.2713780494194,74.1230475864609,74.3573413781386,74.3505753106017,74.2661890205178,74.1558314808499,74.1992552059578,74.38697582027,74.2760228433071,74.2868314586469,74.2626701282506,74.2595542852629,74.221893691666,74.236729895583
75.4788160385481,72.6133600843979,75.0258071705692,73.8321328163217,73.5926363406661,73.5508822573043,73.616404424874,74.1695033355191,73.886808013613,74.126849749462,74.3872302990988,74.2987147422761,74.6390945099953,75.0051059547812,74.9067719458579,75.0384271074779,75.0710427870047,75.0773738450554,75.0627026799391,75.1483188550315,75.1091287014624,75.1062149494527,75.0888600085652
127.429994096667,126.795810034714,122.393073152064,121.385429188154,121.9530358226,123.108023450929,122.980247824149,123.687195328935,124.210209264196,124.792624471645,125.095663635007,124.791435338666,126.147074203077,126.430914478545,126.746502969024,126.800124322764,126.842333780139,126.858833742647,126.925985862145,126.938561031757,126.915777448526,126.939744857607,126.946472233157
44.4327723261869,42.725507661564,42.3261807321793,41.8138321939065,42.1009063786475,42.0822308511412,42.3883036482323,42.4411006458386,42.6114340523988,43.207788870453,43.2230926672637,43.6307594599721,43.8657590206399,44.1639015384823,44.2129123997354,44.2469753966789,44.3382262442774,44.3279222383865,44.3487818956926,44.3577616100905,44.3728531244624,44.3646384145249,44.3599766157372
118.298551017778,111.613492043467,110.821772241594,112.502039598013,113.54429149534,114.51331064351,116.61233783731,115.844745197303,116.063207670265,116.772443595476,117.596959202204,117.518769342846,117.628591157912,117.85749644068,117.613366704811,117.865600009541,117.867259836419,117.794697077835,117.869408264081,117.888546168033,117.806170099007,117.794147006161,117.781913351733
84.9305588933041,84.681191083415,82.4914656699541,84.0762661068315,84.9402114362562,85.621506098258,85.0361319978242,85.0090394704951,85.5532240825724,85.2037301340402,85.5585677803124,85.2532126668141,85.2092564691543,84.8476636489239,84.9948882156646,85.0440482426525,84.9281286603978,84.8367906710047,84.9251700037396,84.9899317697458,84.9243329765956,84.9525158284192,84.9425875757455
129.338870250129,126.726233715251,125.688744260866,126.326041852758,125.563348176122,125.550603559842,126.370616746883,126.136734770791,126.781855614428,127.460906495724,127.635662732098,127.819769371516,128.313224018021,128.849921173914,129.050619361328,129.128057666048,129.113661226003,129.200297784473,129.16224456437,129.169612243275,129.186841651666,129.179304281527,129.212207260327
84.0733895875069,82.8787580037576,81.1116628150189,81.0586016611926,81.7870609331884,82.8945325444806,82.7411075053744,83.1332456728641,84.6434731246367,83.27662241122,84.2487110080133,83.6155665744921,83.7699828641211,83.6725622530436,83.6834325107696,83.6293335454488,83.7029043136541,83.7022370694794,83.7517180087554,83.7358708534824,83.7215860832143,83.7582542555097,83.7474208336436
91.3290161369012,87.8538542526328,90.7440348603037,90.9175575941415,91.1879624054856,91.4627027963724,90.973756624131,91.7659703003241,91.9478301277583,91.6049663944483,91.6052309314985,91.1697780038948,91.2031337896672,91.2649850054734,91.3067781079851,91.1598373150161,91.1539225820422,91.166738393745,91.1783395064274,91.1382616828506,91.1565189962621,91.1615808855333,91.1445006990915
120.548417554711,122.981375698323,121.789909280907,121.367067576168,122.749225183762,122.110569873716,120.913632119153,120.924509015143,120.701427917849,121.267234525862,120.625277611165,120.998207032204,120.247795352813,120.706194405468,120.216786963668,120.252689139971,120.411229131072,120.325275520751,120.341336050894,120.311405791252,120.305549568424,120.275845219918,120.291072748824
65.5924030974151,66.5120356077231,63.3323216642108,63.0649360584685,64.2519629021508,65.0924634841812,64.972242494692,65.6601849707351,65.8555292863134,65.4616369035587,64.9384420424183,65.0154405486339,65.0903434739903,65.2863029257047,65.4750110687947,65.3025531503854,65.416121064845,65.4120711703569,65.4714921194171,65.5057038507569,65.4679758184433,65.4578920916045,65.4530477980129
69.6612364336796,69.1036258264198,65.6047399887012,65.7048438422518,65.6276428498252,65.8205140506231,66.2732988546431,66.5587127671908,67.3697924240833,67.3966139383324,67.4481844797239,67.8614093129294,68.3690505494574,68.8680165272324,69.1077002929703,69.203684234202,69.2153745172056,69.2862983888333,69.3015608594553,69.3164655837538,69.3028950046556,69.3126275977566,69.2811983275276
55.9692002044163,57.381585613007,60.0202490276047,58.2557996587659,61.2969128148481,61.8141328097491,60.3271727446946,59.1668782847737,59.1368660646232,59.1243944254469,59.3215870541842,58.2253042923114,56.9193788714429,56.1820482614247,55.9300335183511,55.7096014385119,55.5469460696456,55.495913075951,55.5798620607501,55.4726748034154,55.4764920847805,55.4753899740516,55.4939993562709
74.1378997845184,67.3113048783048,68.1410590769057,65.6877880402658,64.5217203856227,68.1303576956959,67.5972577125478,67.5856268541878,69.7047755810881,70.2379732550104,70.3173122387331,71.1900137495988,72.7575862596065,73.567563987258,73.7122745332,74.2919670335068,74.0980118529149,74.4870676726695,74.4870973776676,74.4604054091493,74.5359810348286,74.5445912613087,74.5836113249819
69.5976568364729,63.5557680810811,58.46335521001,59.8369122101454,61.6695100827836,62.5618580168291,62.2916570928578,63.7373145686832,64.1363822135392,65.4602477833229,65.6299928791659,66.422046294825,67.6285610105628,68.4808452151459,68.9039048819703,69.1626996791361,69.4005527692814,69.3664562569451,69.4217025390569,69.4634524124846,69.4803361477669,69.5313884619502,69.5292409938233
44.8819907788754,44.4798890177381,46.0853006816534,45.9535800945161,46.0264349398967,45.946208873976,45.4663228207552,45.4465001645285,45.4516443703359,45.5142718841261,45.2886014943349,45.0412378699344,44.9054148729659,44.9886749713989,44.7819573044153,44.8613589984869,44.84529819374,44.8591017958529,44.8003805066229,44.8568116343679,44.865151807932,44.8655936804524,44.8696830067587
97.9156567820598,94.6533006244978,93.5906221194466,93.7366705148393,94.6288548287128,95.1708985833,95.6126034077239,95.5863549302172,96.4037517210529,95.4967083158258,95.904011148912,96.7098319194843,96.6672467614972,97.1955700140224,97.4932921889719,97.4499728659354,97.4541675544439,97.5826080983111,97.6189217797892,97.5798244887339,97.6204329849459,97.6342527992775,97.6429330641775
105.253658692694,107.766122387469,104.2205735326,104.729966106475,104.689436774191,104.551962730489,104.92599975562,104.224632812347,104.572938153567,104.590749113987,104.590272823825,104.639077121505,104.878796036992,104.918672236287,104.904378494411,104.964394770234,104.983108697535,104.996566137642,104.986837863458,104.985619079651,105.040497960274,105.027497064118,105.025608423563
86.0523995725685,76.6569572783026,78.4953427884769,79.4086290840166,80.4020817385414,81.8727344028499,81.3303628482251,82.5177228544145,82.6361114398498,83.3179151888977,83.8069892006985,83.9454659320956,84.9736482651039,85.4597095356826,85.6578568329504,85.6355299917554,85.8537109948765,85.7861812618952,85.7900680347863,85.8653484125056,85.8056037455319,85.8829493816769,85.8855921876058
52.0565623928193,51.6717992518919,47.1777787005494,47.3012360699661,47.5561232065463,48.2822549228593,48.4967859192879,49.0777828261241,49.2073033717639,49.5545251216051,49.368291528978,49.3442134063758,50.8883082974432,51.068562799551,51.4875698635895,51.5366406763674,51.6716511636663,51.7510144370564,51.7245677274592,51.7277679727267,51.8072523936748,51.7902868238243,51.7980719531145
100.929952938779,102.795500591563,105.263613088779,103.264288625922,101.780817738064,101.298942710794,99.9695687297218,99.821500413016,100.204358413757,98.9494893301028,99.9275647182906,99.286792341412,99.3820140034591,100.205189915281,100.275090103774,100.361237016925,100.484197994267,100.583733964987,100.537933684115,100.564300911631,100.545413429634,100.570566902154,100.610939090819
74.1574590530717,69.9684107760959,67.6134677448939,65.420807973474,66.317270775308,66.9884312569912,67.9888799405021,68.7193560689873,69.3015502998549,69.6988467595087,70.3596622109694,70.8638730660869,72.0821595480635,73.0399152422736,73.4206442991338,73.5936596266608,73.8008690329884,73.857535038861,73.8544280499843,73.9329846894288,73.8923037543128,73.93628722714,73.9302487664761
97.8366598151747,92.9827054450434,96.6379932644122,96.0911340396601,95.9754437110535,96.7525876088759,96.3080495065204,96.9716637862961,96.9770127973522,97.0004309390969,96.9362867927862,97.2605318027184,97.3525342844094,97.5052261574108,97.5155552619252,97.5892259198909,97.5964933092089,97.5297082212467,97.5520348281806,97.6031696013623,97.5804271710266,97.5947743653846,97.596001415886
68.8027400645147,70.2637401715604,68.028378372754,65.443451595403,66.1564455345246,66.6164234159857,66.9075627590302,67.1925769137562,67.2835391890789,67.4116949132807,67.418151760979,67.7845218523891,68.0276713150268,68.2382580101053,68.3827289736008,68.4547995919294,68.4169670020536,68.4163732585246,68.4603881421336,68.4694033508435,68.4906608596748,68.4926168338113,68.5015893364558
70.5975802228016,70.6549493219584,67.2675341171514,66.7837133778081,66.5838959642352,67.1309569383572,67.3230323240228,67.5054887077736,67.9167147891095,67.992598601344,68.5072944731223,68.6124304962788,69.3425774050541,69.8566074282618,70.0067018007004,70.0690524993849,70.1748574011245,70.209714786894,70.22846798972,70.2414941070056,70.3024002148465,70.2968979830275,70.3012262323294
75.4863619477521,71.8944381253181,64.4622056635434,64.3684086475996,65.1509870067527,65.7072367922082,66.0960006198766,67.3404593549801,67.9200695843233,68.7442415895651,69.2472959007241,69.8094457886111,72.321677731343,73.9602115478752,74.5893357372054,74.8510457813637,74.8991733006409,75.050784705131,75.1114469675124,75.0986922414188,75.1635055107869,75.1514867280433,75.1603271542529
56.1737261754396,52.9101615345746,54.1269424212442,53.0046462854746,53.3724875674628,53.8459251814092,53.7164867651623,54.3368058681045,54.1971638591681,54.1252709526796,54.6105709747502,54.867938234712,55.526175224679,55.8783738129936,55.9782854575407,56.0990684370397,56.1511980074343,56.1064452293014,56.164767624116,56.179220074868,56.192172918715,56.1509015116261,56.1631372933953
27.6775819733933,28.2773220161905,26.1253124073957,26.6436032304161,26.6380080295274,26.00257139776,25.3712830315417,25.7386895047423,25.8683539472365,25.7818847257124,25.8924719529842,26.088256552195,26.3010970304094,27.0933633618408,27.1700235524588,27.3154360041844,27.3398561581158,27.4048691045433,27.4131411798364,27.4378731826308,27.4586321345334,27.4743917710473,27.4551799899323
110.437072977253,107.397107581163,104.210823425172,104.680254953883,105.233300309415,106.556786290914,107.462932172429,107.323651476572,107.708596767663,108.268372036113,108.896509032913,109.31553697702,109.623261455054,110.063599221059,110.250678890194,110.3882966304,110.348637894087,110.349285273795,110.319005675139,110.410575703474,110.406023351969,110.401279971901,110.387355181728
93.7203210557881,86.3982772821478,82.8005125843975,83.4918576251414,84.4897592535112,85.8658673785828,87.3136432138852,88.0276459726683,88.4380565193587,89.2863247919394,89.9506558469735,90.117500062086,92.0818284071452,92.5712931060418,92.7664203138053,92.9941026846264,93.111158786524,93.1835261360858,93.1935287855581,93.1484500606984,93.275541489051,93.3051122058416,93.2876496300572
186.161284034963,182.486542025751,187.389440696176,189.309034641034,190.992182663401,190.135733598285,189.739607757079,189.366328995071,188.714276372704,188.550419627967,188.066825979397,188.453283860592,186.749270484265,186.296011870399,186.30298633466,186.212029060722,186.158292335466,186.197260780077,186.214646613347,186.148334654911,186.151560470288,186.166200312269,186.184429073057
72.5024959680333,69.9142848875852,65.532596667068,64.1752184602865,64.492319412688,64.0835211318781,65.0929049768759,64.8711373841367,65.4758112404757,65.9961734147312,65.7415075192611,66.7163724998905,69.5355278213319,71.265885643798,71.5345667100434,72.1813834851622,72.4220378188196,72.3618478783954,72.4183296980959,72.4659717733807,72.5078812799292,72.5086613861728,72.5101700728205
92.6131598763611,92.0910351601983,93.8839453588628,93.0719950015523,92.8438822473827,92.5965056013436,92.6317529439158,92.5401084440859,92.3966224291865,92.2782895851749,92.3229988626806,92.27210914317,92.458401677638,92.4406674632726,92.4518307376295,92.4702415256352,92.4047669976056,92.4462111958942,92.426323942966,92.4464707830112,92.4353839834606,92.4254232289846,92.4350749266918
137.151435161976,132.536773367284,127.981267334849,127.356027438516,127.865860945301,127.96950967452,128.76144711699,129.511172645106,130.085998558422,131.106608068513,131.781719518139,132.433018799763,134.930276294816,135.486734689383,136.085434441528,136.527691994972,136.598404477677,136.779183718225,136.801148833765,136.793866701065,136.855544199013,136.885726012543,136.88271056896
106.33553474883,104.757357623396,101.765414790142,102.242357994579,103.235568757374,104.001471924106,104.256833073922,104.718012525528,104.87915566377,105.047793608847,105.140841923233,105.56241999778,105.57113036464,106.030923117555,106.054925853796,106.253075415275,106.134438997577,106.206709669161,106.086874128157,106.205396408275,106.1958703161,106.207523867663,106.180936936473
60.7613590457172,61.6407283392179,59.1489935281278,59.3785482686687,58.8975351537346,58.290291098506,58.4731534397456,58.7296878295665,58.4480066417374,58.5771925329858,58.6147046037124,59.2052397027247,59.6204502479215,59.9034391066639,60.1400754470785,60.3611614299115,60.3707436692933,60.4218066507814,60.4300188353816,60.4650381282377,60.4883637533782,60.5004368630202,60.5025651280969
42.7551692784157,48.030933787452,48.8062447486466,49.8525480822404,47.6138520127281,46.776807521421,46.0256362145394,44.9522177331311,44.5799464873717,44.6813274910345,44.329863568745,44.4094229529611,42.859620133103,42.7387614354256,42.6811527694806,42.6718939429516,42.632527408594,42.6652968636248,42.6281330498583,42.5000227848539,42.5640289519983,42.5607259054032,42.5421065220238
69.6756059231017,64.2690807223288,61.2477017595311,61.856208540338,63.0716076740974,64.4917298311403,65.5611979186457,66.0291656813727,66.3854402564793,66.5759448492276,67.4392803447524,67.5588621483606,68.4738223748319,68.9959493962186,69.1739247497308,69.3330501632637,69.3690387045172,69.3620472630604,69.3982626218396,69.4269321066033,69.4598966082662,69.4407916470304,69.456743270025
145.722111240215,143.54934089476,139.734344706175,139.802331076555,140.357297811281,141.290250454288,142.61286084209,142.977416111192,143.244048853291,144.355254798833,143.77584774401,144.515871841732,145.205529029597,144.905039761288,144.944986722846,145.098841079167,145.172484312314,145.117117278218,145.130340984785,145.169646106376,145.198950672773,145.182962678921,145.159775517844
98.5896348491161,101.108960724454,102.039370622436,101.180618302796,101.325006311169,101.134806210869,100.42047161106,99.7315365496104,99.9188160134438,99.6329382675492,99.057580777052,99.1421943271738,98.8675607068385,98.6352309846628,98.5881418501631,98.6592731458752,98.6555032208077,98.5648662621139,98.6315106992874,98.6030980189927,98.628857549766,98.6389367031946,98.6476432861636
155.25752304673,156.86769146438,157.432329288253,157.277847613955,157.112205807866,156.479174751727,156.208549549404,156.119578961929,155.892871239297,156.265389534372,155.952351797242,155.638400108775,155.268587211013,155.361058208794,155.33860529759,155.353706981996,155.282612390967,155.284315013143,155.274340542622,155.285368479414,155.301253418582,155.300559037527,155.276470807246
69.36268235606,70.559342329319,71.2227957907898,70.5319159685528,70.0826786660415,69.1465764972444,69.1760655358989,69.2020857642386,68.5130220133675,68.8098948870427,69.0534045846572,68.897641037375,68.8497197553142,68.9916801325739,69.1347638911839,69.0820703240897,69.200950075661,69.1645068888419,69.1355038449707,69.1689942711626,69.1418805215053,69.1384572423815,69.1433071139005
109.249925579132,104.89874621561,101.068539796465,100.983972634869,102.050421677284,103.826097535569,104.18859189753,104.262905650393,105.340171173407,105.407104668447,105.823695026061,106.344257534636,107.642296200694,108.177273891866,108.522812105,108.504613112288,108.644260080574,108.71684228961,108.723597247669,108.733622835957,108.786361542008,108.824090102908,108.824014583189
62.8898316142709,63.3404271419437,59.4793278498656,59.0825606702316,60.2718332688542,60.9590106180005,61.5345225621714,61.8365731694096,61.8509734637635,62.4690619530366,62.2201137833098,62.2264698527214,62.595625638813,62.6452881313827,62.7407171706783,62.8067706012736,62.7219945194005,62.6961630164422,62.726941555547,62.6926981751622,62.7007014333908,62.6762730985927,62.7078777251207
