"V1","V2","V3","V4","V5","V6","V7","V8","V9","V10","V11","V12","V13","V14","V15","V16","V17","V18","V19","V20","V21","V22","V23"
133.465900621483,141.832063526385,145.343174900034,144.942207734846,147.066628894343,146.209833758198,144.635868377696,143.81221395827,143.591906103146,143.616798240634,144.115965354882,143.302179667416,142.590874324988,142.097941015344,141.998789311105,141.856546402702,141.608129075711,141.79465338788,141.593075490614,141.558163304117,141.775499358046,141.750749454387,141.790830725195
149.058176431717,141.359718039388,140.825754034474,141.14032854234,141.415556494925,144.563866871626,146.814169903279,148.557094138616,149.810214033997,149.141541815423,149.680053418765,151.806370066459,151.358360389064,150.146125840636,149.417012245336,149.595358268084,149.070007609264,148.728291090189,149.403106484417,148.759268951847,148.725051437228,148.343120235273,148.865499538213
129.062798451236,122.126344168738,121.752509385783,120.546227070461,119.320003105362,119.372692805948,119.611612510587,119.157972930323,119.819988860434,120.644280922954,120.4161156042,120.647769938694,122.030360020431,123.055711454782,123.771551804431,124.139300036588,124.095086416298,124.326267786945,124.351848041901,124.442544055974,124.639861239322,124.560961463384,124.789715356073
112.322520705112,111.855383118082,109.687255540822,107.868642659498,107.888851080909,104.555255597095,105.427587903884,104.786400370273,105.5155573593,106.328020292769,107.749852554033,108.477585209939,111.267602153673,112.326246296916,113.056937077115,113.463923049557,113.17133624873,113.216203946039,113.61895876322,113.56398113122,113.841966329579,113.85128270155,113.927265857264
90.3920507562334,83.3256029533684,80.8392387732642,80.5052468093117,84.4872128334408,86.6152694596774,88.7518101074264,92.3609950599119,95.3417944349365,95.2297189938693,97.7161605112467,99.0380125994263,102.486319499049,104.848176110712,105.285044688709,105.424979644533,106.011748695403,105.973015513462,106.540075175672,106.551869933341,106.696883922271,106.859506947093,107.029614611412
78.0530567782769,69.1940862789701,71.1535428910042,74.0737590844306,77.6007928932342,81.80703833823,82.6017452169449,83.9737934241342,85.918229627269,86.5083685918783,87.4938659825768,87.7803065748353,89.4212773246424,88.9904547086632,89.3635571865571,89.5923211653753,89.6843742570325,89.2491208597471,89.2343408661681,88.9800257034722,89.1598903047967,89.2690928519906,89.3294943236706
109.827730276651,118.554366021011,117.443372738779,123.670622927199,121.56254227012,124.239407578897,120.263938797583,123.091805308238,122.857941352498,122.804612480998,122.551906096437,123.173175077658,123.278620700735,124.134511079193,124.030296521124,125.235499600214,124.860866465435,124.827399703128,124.872802859174,125.2295915762,125.363131114202,124.776686753306,125.03982349294
198.133161910594,191.340135904591,191.453615685404,191.056356340141,189.692648445287,189.492409632529,191.208468874604,190.928543785667,189.390300193615,191.160957318969,191.630878601616,191.487776372145,191.422529874139,191.965779963646,191.992227736707,192.358990893984,192.108988002716,192.365557663188,192.050367744932,192.334463979777,192.094906239571,192.592965074793,192.043964804435
49.8538458428496,45.9998295321733,44.9803238663142,44.6718369618846,45.7736272615975,47.0331322690556,48.5488682373507,47.3222979563859,49.7012270535092,51.1397444422205,51.9857426798256,52.8417015456651,55.9038686286128,57.3578417957816,58.8029179433979,59.853654075747,59.9956571001809,60.2646266947343,60.7860591506554,60.3203603492325,61.0984172344748,61.1086829926426,61.1239852991723
124.728700956826,108.618907086167,105.818065937044,103.489052097012,103.923365651496,102.66308294173,104.947502157773,107.931533645983,109.106928397924,106.703558368913,111.179206335126,113.24885764291,114.50118477967,118.46466514497,118.494395739755,120.251858556148,120.295608125339,120.660344991405,120.911146495271,121.478443995369,122.528959003018,122.684896085438,122.966595064325
69.1090615216777,66.0013630889229,66.9257634409537,67.9094819600915,69.9156230664417,70.2960847487631,73.3544119689393,75.4331287608742,76.5050347005226,77.8505661721254,79.8191997206521,80.4021273048522,84.0978407370887,85.4325022180124,86.6074258813334,87.594918884515,87.6312795523019,88.1056932700854,88.0837272385853,87.9549368861087,88.3986863360867,88.7273138932889,88.8451773674879
81.3318458729657,77.5785213614543,75.2083602389614,75.1353033044785,74.1011695012142,74.9941828770011,75.6766922862188,76.3388657865731,78.0543042547659,79.3221204625886,80.0146749289842,80.3897219087284,82.2084045495494,83.9052552373651,84.5219318041993,84.8416656589667,84.981692826759,84.9969694162591,84.8795344727139,85.1910994905407,85.2830519132838,85.2356974670071,85.282201824701
87.650318270928,68.8138108227464,71.0025118179196,72.5690455189022,78.2977435950479,82.0415243274873,85.5166388042386,89.4845566494745,89.52310157139,91.7781571132866,92.3621279007138,94.6502301346071,98.3789866953476,100.130023108242,101.632570794135,102.291754370017,102.657067627644,102.722830586483,103.129148561603,103.150135877261,103.556615178844,103.477024965771,103.469051177789
234.042152747554,231.839902232513,231.807715395071,231.870548233919,232.157631625039,231.646574944938,232.057852034684,232.427800171513,232.219372170545,232.630363308767,232.414941711635,232.748847635873,232.27608079566,232.53868893935,232.939106042637,232.796956191006,232.983158433981,233.056971422916,233.021811358802,233.089196316298,233.115498634438,233.154354818629,233.023782269531
30.231661118147,34.7431571060924,36.1181818035755,39.6740406360683,46.0847087378383,51.9958941401245,55.9240609199837,60.0550004184636,62.2426187716954,63.04781755582,64.9632396692034,66.3010642432154,69.2006650555053,71.1107003735742,72.165178944364,72.8908361529988,73.5708059937686,73.3169668297379,73.7678919917822,74.0459099199706,74.92624616355,75.446650738354,75.4040564382586
87.7351999149077,88.4983063113068,88.3605380426594,87.4309081203146,86.2011917667004,87.0341778402044,86.8598177597816,88.4670036294169,87.6420745949809,87.7510928602035,87.8075195017631,87.458208703684,87.6957146653654,88.2944001854856,88.3144982552918,88.5346085415538,87.9260229549203,88.2353704829121,88.4797150316019,88.3821561234355,88.1468413776672,88.1871041223974,88.2069410372724
96.4082581633127,81.399108118926,80.230338613863,78.9645522435619,80.199170217509,81.2207418198776,82.7076985244142,82.6986271146647,83.7978061265359,85.3247583849711,86.3838782536977,87.0787696884827,88.4371672242362,88.3925533247758,88.4477666134545,88.4832751362629,88.1161897066642,87.7251802744849,87.9825107247497,87.7922943317367,87.4879403746435,87.649949569403,87.3072813251567
115.686980164819,119.128286298338,120.920442468766,121.792525676886,122.45277448148,122.538044582496,122.853738204756,121.862245771976,122.189948034472,122.951670975163,123.521363118328,123.338900957519,123.803568674535,125.226109270444,125.476115293877,125.587506139071,125.531578914123,125.661478625508,125.686113752427,125.696333309208,125.872704755118,125.956833080608,126.015934658045
73.6857611412854,63.6879510478305,64.8166447983052,66.3330708373217,70.0828620006565,72.9132999874523,74.8209232844566,77.1593663890148,79.879101692616,80.9764660234554,82.5781094236125,81.9728971729309,86.3025124341314,87.887698484663,89.098436712792,89.7207981349716,89.9727246307434,90.045649318486,90.2931804891746,90.4766556529868,90.8877805846455,91.373473456673,91.1353124373658
36.5364920490679,39.7902060156793,38.3782483493241,37.8215702935294,38.3160608255371,41.4791822304183,43.3436063172695,45.6078745807657,46.1442262555287,49.1010647527869,51.2825894971293,52.0131914564311,55.3673201895127,58.8596025923102,59.6471356746824,61.2785222468371,62.273135956223,63.0213648249443,63.9807475150521,63.0590377859518,65.4049134882313,66.0545041679864,66.1416251405651
52.2450129716736,58.0083106775195,58.3614059306611,56.0530325817804,56.4787509634772,57.2392823058012,57.9142513593202,60.2987817458123,62.8014340488332,62.5364597725028,65.298682260738,66.8443753822579,70.3358301000491,72.6263551595337,72.7564337029624,72.5381885873439,72.7637012013169,73.0449299148314,72.9392211325935,72.6483985859659,72.6219447387368,72.4327674773361,72.753757996775
30.8542151776507,38.4674532392112,39.9387158053249,42.4450401349647,47.0519450501726,52.3120514146728,54.5969985701524,57.4308783880687,60.0837743525572,64.074426318284,63.6880369537359,66.0518679552583,69.6220270483918,71.7546988141745,72.7688935208219,74.2215920805422,74.039626836626,74.4405265200022,74.4067998367552,75.0694807632231,75.3451854845834,75.9952377796105,75.9213452470151
92.2916311367372,89.0244631330829,89.0890053003044,88.2118764487133,86.9765087045483,86.2320946817236,86.049706865847,85.8892342810871,86.0964785012719,86.7036700075628,86.3266515124813,86.7054663297782,89.4852439670009,89.6845084202443,90.9333587643079,91.3108863327018,91.3246843553631,91.3441930139108,91.444241161548,91.6782684803301,91.9185384340539,91.9933304549913,91.8382932497344
62.9797418139948,41.3105938930312,38.9317219748492,43.4070355114482,47.5453715892633,54.8040452105238,59.3121672703375,62.7510459250375,66.3370735511844,69.3973247574343,70.4691632358907,73.613375273284,77.7432219144714,80.2769072215241,82.3074013075513,82.9841736636934,83.4414611760605,83.5127388311469,84.0641052203068,84.0529189494671,84.6795689124486,85.1268829241906,85.1350898228062
71.2084211118688,78.8908128103164,76.1426792578483,77.2753738621009,75.1747750055317,71.205474243749,72.3730254871101,70.0411310555224,70.9520274644235,70.6827878405471,71.1111116880662,70.8154462809316,74.3302704565272,76.5854836275148,78.0522031248038,78.1175361251724,79.4177351536932,80.1816319794346,79.6870826453105,80.4477210060645,80.4766261451056,81.2242277643582,81.2364549569162
112.020885928805,110.129111110367,111.244676189672,112.365824284511,112.189405157343,114.829702848537,114.776549707355,114.333367421376,114.877890043347,115.16096614079,115.321307915807,115.569155689772,115.957682982134,117.257392035109,117.740025289249,118.349691943122,118.430987875509,118.967719841666,118.925274274083,119.245661018448,119.109947251931,119.571658201499,119.782164992011
33.4703244301051,35.4366223942899,36.4371823493989,39.9849730433695,46.0037964638776,51.4515244510721,56.7851629311492,62.4966031813711,64.3209783307245,69.4158729173313,73.5744684270721,73.6594736077626,80.8393790120506,84.443772708231,86.0966040773087,86.0858690932903,87.1678444551591,87.4208591579544,87.4121235121309,87.6349268421068,88.2398764999975,88.5693962199939,88.6139337483893
113.224797217566,103.941271182136,105.019229743268,103.578270869504,106.757532706341,108.993188229735,110.85637879211,113.78040761893,114.020796491347,115.279943876278,115.415404698836,116.698098828372,119.384684732454,120.304973841035,120.898664692562,121.138457099814,121.37706978584,121.645892597908,121.717911734907,121.386676541598,122.00425220696,121.849036159232,121.785678818359
114.140769083978,109.381748246098,106.150136524796,105.555763058727,104.518142123963,104.579376307645,103.910557967173,105.022320421428,104.483050056237,105.232863310647,105.15289238201,105.063059960565,105.57464192016,106.12611959268,105.788449185053,106.323962374192,106.481807657058,106.432070383568,106.280212445793,106.473769971753,106.270118381477,106.219330979896,106.365205852477
120.007183548314,122.687487098013,122.765255278155,120.215214853091,117.022884969024,116.972761359707,118.2688754938,118.763976822519,116.584947467402,118.276829660098,118.821318684217,117.760700993096,118.424619782364,118.656030723899,118.602994345408,118.837408549485,119.050241921861,119.101913930922,118.724199704678,119.176690457959,118.908808950969,119.089918956699,118.920824228087
124.587321157205,121.447444128545,118.744979206229,117.368568152146,117.619769090873,117.847056174962,118.694511332361,118.932303003608,119.619793811194,119.096208583881,119.608746822739,120.612585978882,121.874679975056,122.49442015177,122.665550043148,122.645425809072,122.520478299473,122.993313689608,122.855591717137,123.203197863138,123.20622153831,123.105409635987,123.288417498707
70.539511217741,66.3893818866093,67.1582596456097,66.7211860480568,67.3925727351587,67.7913890264734,69.6826596984871,70.5862076813148,70.4852674786321,70.9524530595231,72.0533615237801,72.7052293544573,74.0508599889178,74.5965285823064,75.3544081897836,75.0481626681574,75.6192934199271,75.4370084631659,75.7864367208762,75.7597121704099,75.9571384039115,76.244216683653,75.9703552287111
65.9298156819638,67.1018539820659,66.0501150027277,68.7306431765991,71.3767865891137,72.5147457421805,74.3687654870726,74.8784339556301,75.5743718520585,78.3752506089433,78.7832223585971,78.9126344198163,83.0373430458324,85.2920363570052,85.7137848528887,86.6128947872043,87.1377463455831,87.895259750243,87.4961120406066,88.0745444763888,89.1779489502855,89.313310911454,89.5323489973266
69.2415022546773,71.2335497638958,72.8700424088062,69.6495747611523,68.5230313294606,69.4606397507703,73.4173626731223,73.5085484784679,74.7075935111885,75.6383360830629,77.659602477733,78.1791323440416,79.5390662804642,81.9986926484752,82.7054633903025,83.3273704006141,84.0410082258049,84.3775981951152,84.0131753152853,84.4025619477137,85.205932663951,85.4553814479085,85.6116861394774
249.587313120684,256.031712720236,255.358674154968,254.896280649268,254.213032928125,253.795916773998,252.60266334786,252.556206437604,250.628090474577,250.888152393875,251.833810839887,251.633421446418,252.438170718904,253.234224893386,253.304977156432,252.389925383474,252.895757251464,252.804054511721,253.048712675446,253.13945003531,253.232089817913,253.103227405227,253.21112458245
64.1392657963618,68.3965177028031,71.0760121919417,70.3164015827664,70.1583780259197,69.5456895372639,69.1151861668682,67.4486737282254,68.2462062867489,68.945647173535,67.3510008011489,68.5430422612007,67.7262314559773,69.0975923640514,69.5488564653511,69.9560420154053,70.4592297216677,70.6097963290893,70.916994307398,70.6911744744373,71.1777243624036,71.3014392962647,71.396428103851
82.7348224536746,74.9216803447528,73.7235379342333,74.2396033608721,74.8998713220949,76.7570775001839,77.321073393831,78.0134401818815,78.5568822544253,78.5337941908843,79.9966186057029,80.5799439444569,80.778088842842,82.7384877425544,83.260605070165,83.9073284298712,84.0686105791549,84.3752517818741,84.2331213734431,84.3889899071983,84.4941361295071,84.5561338002116,84.7844285586353
116.218960007134,112.37116858729,111.701667037998,112.878907076104,114.307232238849,114.36772845762,114.474675571216,116.083675810508,116.73856892658,116.989218977333,117.658308387532,118.818476493843,121.219668766871,121.993230843047,122.730214755284,123.597623768058,124.047546046148,124.336628806155,124.099770101916,124.2461038346,124.617408689542,124.418328781139,124.355398453043
82.9686022293276,77.1307998731039,77.5649090608128,75.6091731051039,77.1993622805999,79.8125857288187,80.9263989525142,82.1767305280471,83.9502430359082,84.9307951133679,88.8610461200568,87.9293634638827,94.4289959227094,97.7172547599666,99.8033873149878,99.6949221142571,101.134296263751,101.553148705754,102.25644067921,101.723640735853,103.588407386747,104.218322626141,104.422820864434
160.746014872728,158.349685793377,157.931214133595,157.51013114647,156.777073150088,155.381255850375,153.973293289088,154.684843125473,154.340312003244,155.07900200002,155.986401751765,155.918272385962,155.94728984486,157.083121255531,156.775288397326,157.64860623557,157.19033187181,157.447071924854,157.483525447233,157.467712714966,157.561778871289,157.469465597997,157.655387678723
191.558571096968,189.685664052479,188.071484416359,190.129674849571,187.024486428054,189.331657630545,188.248300467688,188.039648284038,188.132102138375,187.694334735974,187.44132858055,188.103461686895,187.863489020084,188.508489908072,188.182476400338,188.726139480546,188.869015948886,188.575901162102,188.768966403429,188.882701638903,189.243595326329,189.115988749875,189.196076118036
130.804120303533,129.501572694131,125.048275634976,125.863165222425,124.359629803672,123.515632472263,123.673421418216,124.284578894488,124.408766202647,125.052471574959,125.911914226816,126.828590085006,130.70896797789,132.399064971909,132.270580954876,133.597860943221,133.039587691945,133.388164305427,133.494229413826,133.364147013464,133.752159373764,134.079653510275,133.757636591002
89.0714771674669,88.1615926016403,87.392910031509,88.6273713961481,86.6986368288168,86.1343746230391,85.9265723643377,85.627406391352,85.3789737895097,84.5882136921598,84.6448805497178,85.6893398380963,84.3183521043112,85.466717760234,85.0133400234343,85.0057310744538,85.6148209576919,85.4144982087529,85.5412505870324,85.5522481203765,85.7341844644455,85.3654232505247,85.7442797818242
73.5451678319086,62.3184895142209,58.0682615823823,58.278753062289,63.3150753332138,68.4270813742852,73.6940424610201,79.0429245893799,86.2382267486138,87.2844648826655,91.2618194041919,93.0542483076903,97.6558149187596,99.8707626271258,101.552219843335,102.57642654236,103.12511552707,103.538525206338,103.603915025457,103.974841486307,104.845963355615,105.3868334264,105.800513881364
161.494902031872,163.237539655733,164.641486692766,166.078753954219,166.856235223346,165.102499016346,166.660635215886,165.035571649327,163.759652851588,164.460228609742,163.835711334566,164.341037099758,163.415818260468,163.19876455471,162.995261782766,162.36992235677,161.931944116917,162.204063406377,162.135664548052,162.364203754364,162.064103142032,162.195708422425,162.210869478109
68.5371757698298,65.0009529360618,65.7549639547123,65.4917567450552,63.5397392444687,62.0684461646886,61.9161301981721,61.5814413581039,59.9649589885662,59.1758287981545,58.4061731991152,57.7902113508818,57.3987531677968,57.3094321541433,57.4294739861359,57.4838222091766,57.579014632607,57.3934817024725,57.6405709671907,57.6794776957768,57.6196110699602,57.5219345442303,57.7396201346299
94.489145142098,94.1781448052465,95.5579617312026,94.4896701535948,94.767825992874,97.5788274500589,95.1741193401683,95.4651265204077,94.3033180748183,97.0538175278202,97.6496487443388,98.9058219492415,102.010338959767,102.611491113724,103.507439040479,103.877038099445,104.607826074159,104.505348468408,104.478056451085,104.481985524196,104.876980322099,105.237305329183,105.449133621929
187.563796887314,192.896514032599,194.35404996279,193.583651880269,193.182065257021,191.711940731629,192.34075028875,189.325479631058,189.235544788962,187.166548026583,188.374915893055,187.578878622764,187.447253029245,186.8897392788,186.352479696872,186.13997396716,186.123790355239,186.433098216671,185.993514828423,186.66306887771,186.135987755561,186.010260431583,186.262401061024
94.9510398587027,97.7217567718939,99.9348078138192,99.204175522876,98.2759275756291,98.6019592888216,98.8357755225755,100.273110147938,101.369006407938,100.911088331392,102.411244912891,104.733107500935,104.548135384861,105.417738843012,107.449977626918,107.597205984293,107.906027692005,107.64787562419,107.789199837775,107.868356706092,108.106926749549,108.153069175772,108.062481469606
69.8488835810782,64.6911932644344,64.1566598287537,62.3586197875794,63.4660143917367,64.8499849279197,66.7471346728997,69.2214750007239,69.8706177998649,72.431277446863,75.3190618598273,76.5440512784394,83.3735843025769,86.8048186495606,88.5972491175642,90.7893903852847,90.7122198159331,91.1053065777577,91.2753801553394,91.7887162333344,92.3895449325774,92.4986926803139,92.6173479484154
154.377822059743,154.631181810377,154.194221078694,153.607732107547,153.077830139201,151.564030185463,152.336289277045,151.212862104489,153.599979430874,153.829002875345,154.02572354275,154.505304445299,157.00383884434,158.480534305946,158.929706152315,159.316717663009,159.18144322481,159.495476768816,159.768408471711,159.689800137831,159.675843603955,159.587494512043,159.822471747373
104.901938268074,108.532391503581,108.433263917975,108.78472584966,111.444454835006,113.163654164338,113.715574982342,115.875922257115,116.396809644422,116.959939937081,117.533578354974,117.652400203455,118.669392810476,119.315632124185,119.440253646126,119.436919485289,119.580395837269,119.531085437388,119.296707878834,119.474610192068,119.733502609987,119.777424261498,120.053947688463
91.6648682338888,85.7580135263587,84.3010193214369,83.9082259252331,82.4771170431722,82.4977262410701,83.2227147415678,83.6151644851128,84.1165022406713,84.7959302738564,85.0575184547649,85.7880157305135,87.6335302778526,88.5186270867669,88.5594526608253,89.2839478621449,89.369186540742,89.6506218674859,89.536227923977,89.6225567519587,89.85555516912,89.9744962934033,89.925151878285
48.280328305682,52.9377996783534,49.3605694241661,49.6066520906273,52.2121279773403,58.6541548103538,64.1555986269789,67.3649594796475,68.5676445415567,71.5467021191857,73.0054403399842,74.3195221763865,78.2330036716495,80.5590789257504,81.0020801032121,81.4678628558763,81.7250511898618,81.8302867466655,82.4578827862396,82.4006770700301,83.3948574725556,83.574899121146,83.9630664792216
194.788883973626,192.002791785221,189.495523862995,187.431411937483,187.732446672434,185.649557319172,184.233167837713,183.883004141829,181.959050730821,180.029209236818,179.073836660844,179.092296770413,180.523176888325,178.839660203428,178.783024323448,178.79487236859,179.244174856181,178.928795957227,179.061524113137,178.989880065866,178.981476303709,178.950700731078,178.93772358423
49.558677904798,49.0598388587167,50.5075210911933,52.2240700147075,55.0185082233577,54.525574588805,56.441004838976,57.7889505189811,59.22895778887,60.3184103970728,62.1055125446753,62.2762394668283,66.2890348497294,67.4399824245261,67.8434606321528,68.2379008696545,69.3046183881118,69.1236285681844,69.2223889697012,69.1480111707889,69.9409253971744,69.9884033927645,69.9695704234756
99.8738294343086,92.3177439836823,92.449826328607,92.6225120423358,92.2910520709338,94.5173808729451,94.2944052894752,94.3128276567206,95.5629921207319,95.5038940993364,96.3243860251744,97.4515910415535,98.5129765713549,98.8692103813334,99.5201872819839,99.1232189277457,99.694822032638,99.4887066002583,99.8135735129168,100.134488170521,100.194725988828,100.26739921305,100.326580537096
138.798056749723,140.151554134108,142.212713614724,144.954977844459,147.368568502023,146.374405344331,149.116955015563,147.148409535042,146.833424096788,147.862014491673,148.329564602512,148.896295633851,148.626590104078,150.962681599972,151.507090673838,150.474198742964,151.347112650794,151.543245304852,151.714088359192,151.343122993751,151.778037402965,151.634458413717,151.81679268947
27.9602333343289,28.4835042312721,28.1831996183014,27.1299379623467,28.4415379240988,29.8792610805116,29.3731238075437,32.6195392551601,32.2919137363051,33.546985950667,33.4905021934155,34.2835017301467,35.7229222303345,35.1567962604702,35.5184590598298,36.0203510989653,36.1256103965549,36.0895701362688,36.2832446659633,36.2741382905608,36.4456533665951,36.3734196510106,36.5651121689756
108.486928765789,103.869820823499,105.695289081539,106.727023731171,106.182107461641,107.751726368329,108.564559930404,107.372597422424,106.9867958678,108.766570597456,108.990446479666,108.876318191266,109.79060988632,111.071210299897,110.517055018572,110.644069914971,111.33071738477,110.752115555951,111.049829571274,110.894207732742,111.039065914312,111.492830264581,111.535340747837
217.652648693362,218.378194943564,217.103932771909,214.159702289988,217.713909067438,219.385665162025,219.535704274685,221.207382435251,220.267842266767,218.656111443181,221.656549909419,220.939190006207,221.767013375028,221.193785108174,220.923705577636,220.58188577974,220.783114529122,220.39528890352,221.285016647471,220.502527334035,220.698906468399,220.157627085587,219.649588059428
49.7443351688509,48.6607664271973,48.9313963494266,49.8762571759492,50.882666677294,51.6968783969887,53.8366160466047,55.0786259353468,54.3889232996837,55.4320194541877,56.4360990207821,55.7274952478553,58.486522724198,59.3808124126354,59.7815370027526,59.7106144363093,59.986730043505,59.972051410657,59.8487130079657,60.1129337833696,59.8475584578886,59.8089817904844,59.9471737636453
109.383453262584,112.293254825382,112.30238708483,112.253921971347,114.87180825728,113.716935498375,115.621998540206,115.817485091218,116.056017566892,115.826314181625,116.33021169673,116.099958778012,116.299487154423,116.085331123393,115.783503833386,115.690871897484,115.764593440683,115.476227272629,115.74332053366,115.535056466693,115.369005381725,115.551143674316,115.474001805009
53.9729134884525,49.9985101145029,46.5636556883545,46.1197278089378,45.5396502187072,47.0639779331429,47.5684380979374,49.2612022278824,51.7072358601839,50.9336759210338,53.0246793947364,52.6971439362411,57.4944701594877,58.8156810756566,59.6847118074506,60.5298751860776,60.7330768579314,61.1242744733366,60.9610013801479,60.8832725830228,61.7851871152525,61.9562358828074,61.7916823856261
89.463413490333,88.3770606210823,88.5875354555072,89.3861240082886,91.1872590195471,91.0838928114947,90.579256888072,91.9672810992218,91.729907697242,91.4751853414618,92.0959571358436,93.3485913175098,91.9321248840748,91.4704517151108,91.3568156039899,90.5115408437044,90.9830271975751,90.5352109495827,90.9022744148064,90.8776387569192,90.784772575853,90.8178428088597,90.9627521008716
201.644597362109,198.846477547109,197.554991490551,197.680517725663,195.336572781527,197.40388811462,198.869112467392,198.857381497734,198.656070086431,201.707933208846,200.756046794288,200.272585774191,202.531994064951,203.594533734517,203.526315895825,204.001398715962,204.110462801349,204.388612898879,204.290022513215,204.570143661842,205.055732736926,205.153413513861,205.15926386404
135.662006444445,129.329943384256,125.010392367539,125.863988367159,123.452185080095,126.394440394746,129.403370156758,130.80060275364,132.703598770361,135.202905913855,137.740619283648,136.311017135471,144.327756887366,146.446606416067,148.097318910026,148.714336862413,149.315634422119,149.038579756259,149.355961490949,149.699746061777,149.546751299566,150.008641668786,150.226554044444
127.426514257552,123.711181242958,123.435428189072,122.572885992586,122.191646955211,122.399897359457,122.338720082127,121.985717892573,122.940213601002,121.117478616247,121.79822055506,121.813438243958,122.357238938046,124.304930385549,124.621236122956,125.114787280913,125.582629241082,125.846394718672,125.555205291478,125.779558096215,125.957010137552,126.103039421279,126.246247132877
80.7328391291575,75.9303896936065,74.8694006223341,75.1076532163041,76.1813650340106,77.5232950332158,78.7227738916927,78.7625237425732,79.1951434423523,79.9939940368634,81.3912855024072,82.3409508966293,85.4334786997205,86.3735549708838,86.4510702420195,86.5536449037883,86.8041564279971,87.2017535475387,86.9184064231418,86.969277799133,87.2903413103284,87.232703153088,87.2708926401807
64.3170378046213,59.114427336351,56.3813420870142,55.7803055209671,54.9954800883243,54.0375446933617,55.3941314617662,55.747574822743,55.3340911993232,55.9073237773912,57.0406862449013,57.3042415543131,61.4332649540031,62.2816618402365,63.5176849854835,64.412954294346,64.8470311096033,65.0732267695292,65.0709096771453,65.2112872692204,65.7620785654781,66.0269209598713,66.0935131289522
38.7207553753284,34.199684514245,32.0054824066546,36.1262537202893,36.3903935155902,39.4576662274509,40.0882013028412,41.9496547815855,43.263242241663,44.2527387420311,46.1864008303509,46.1529162511466,51.8439459494551,54.1965104408154,55.4741476290369,56.6704079570337,57.7242217430437,58.432404244149,58.4671174557792,58.4314703511489,61.0945444503574,61.4069332520061,61.7168463555268
157.220202695057,155.569923775207,154.047853098414,154.446547289464,152.559771606419,153.983067954436,155.294571610621,156.900011237353,157.48237152044,159.342200805118,160.83741550335,163.091387700684,167.62093198789,170.516024136567,172.101679684193,172.88411208209,173.654964494346,173.910106132697,174.039082113114,174.273126999283,174.750466234816,174.655330744025,175.029021425315
145.470452722027,146.275159547908,146.720880830574,148.562390731727,148.704039820122,150.458112200732,151.613758609983,150.880117180661,151.862057788175,153.542846172224,154.092247775229,154.428445957964,156.135749514377,156.118254167033,156.779476573728,156.911509643265,157.064135715093,157.235640498232,157.176321687172,157.231714297168,157.113475833491,157.337924316109,157.117179648874
60.6588079654535,61.0758550807811,59.9491493568999,59.8619037979337,60.7403472351587,60.9074116180876,61.1036314524941,61.6216539997984,61.5730519462591,61.650878559517,61.2562681468349,62.2533356591979,61.7990569008735,61.7440609906553,62.0049648009995,61.9420846339687,62.0306896605189,62.0125347853325,62.1669236992877,62.09647369265,61.9365943513614,62.0267901815941,61.9799537085861
143.827856507611,152.414013791022,153.176865656431,149.332905835286,149.618233669188,148.520967459531,148.983066207347,147.689623233808,147.115671895873,147.20011285617,146.905847857275,146.678163969475,145.128359715733,144.025335152429,144.011786461112,144.012806380167,143.432253018774,143.500283842059,143.240964053735,143.29981757773,143.12633881388,142.97445625935,142.839903842438
160.147189814299,151.912596292602,149.762647257974,147.84977991431,147.856342935101,146.925688163859,146.239452947971,144.633514421937,144.786185651491,144.009354233762,143.852878307845,144.199606731624,143.989557440777,145.029860300326,145.696578644919,146.129801904209,145.930669317043,146.108867590527,145.908204513765,146.12420363834,146.228049865611,146.357793089361,146.260764395844
48.9416908002863,42.7531592327637,38.9404823505378,40.0108367798855,42.0961500571577,47.1148960368526,51.9450585645058,56.0578681313295,60.5058315895284,65.3993936035417,65.517658576379,69.1038785184593,80.180771953196,82.2496494766625,85.7333220121632,87.2028322025546,88.2896083257511,88.4956868176958,89.8218610917794,89.5752576538335,91.9741558003409,93.2082941601014,93.7449688172014
162.510511232126,157.222219440822,155.419341323218,155.439280760966,155.230200939967,154.725361379927,153.521583901564,153.137432191962,153.668291357549,153.048303228566,152.396522413541,152.431559847425,152.467336514286,152.396338133519,152.336873275668,152.525584414925,152.461015974946,152.60087503048,152.942747089641,152.619493205851,152.784593534978,152.843067859273,152.851827044333
110.45404217402,102.777464292397,101.044641324597,101.443921716803,100.226394562104,99.930640029081,99.3507049814879,99.2699843790294,99.5292743640665,99.0276801837691,99.8443178408692,100.09967698605,101.519890100506,102.92992377539,103.963451479529,103.995487933689,104.7436654131,104.539485940235,104.928892121535,104.860819014465,104.949894936299,105.06046029984,105.34825730714
79.9541753469394,62.1104188692845,57.9297820943605,59.0138684161388,58.2534706464073,58.4081945573098,60.0733789071444,60.6313072130686,63.884405783691,63.6136921093355,64.983277760566,65.3011691165429,67.6288968726186,68.8458473428579,69.0079811523692,69.4826738216009,69.2094548155192,69.7079831419897,69.5692125537431,69.5076329752562,69.8342923482197,69.8555017670386,69.663872549655
288.932652363012,285.637585882904,286.01649392035,285.311572337817,283.544885518979,282.122819076364,279.998839010611,282.303338655182,278.761005325307,280.422630144224,280.377972052996,278.64599688475,278.498443916273,278.181041472064,279.945233420739,279.382021375784,279.523544376684,279.143344754581,279.192674764414,279.62190461144,279.248169346605,279.534914831967,279.387195092636
208.452862344368,205.378700139436,205.245843987269,205.621372518451,205.671701462959,206.078001918288,206.162545306141,205.829238374999,206.162944378498,206.210187598697,206.644727581451,207.562242396108,209.304173046625,209.746679649851,210.489182822279,210.741556730983,210.899524688966,211.060344813498,211.294547718122,211.288404126401,211.453699161206,211.724397038859,211.526855777759
53.322962560234,46.548322671553,44.0476779649832,46.0054665769343,46.4007585628044,48.4450340438586,50.8163439047281,52.4112923873906,55.846162304105,56.0919777048013,57.7313681217084,60.6981921549395,63.7684556448474,66.6507690011472,67.5999153060252,68.4383980877586,68.911270271974,69.3651157898519,70.2578647208598,70.1575312881013,71.0205210899762,71.7972423634713,71.8293718242849
35.9030761192471,37.9724070596813,36.1353766093562,33.3042057951505,33.3800132474145,36.6071399677208,39.8233802789377,42.7380926693647,45.3644640323414,45.1402495980683,47.6377292138923,48.5613041553097,53.5446759956224,54.3567300471133,55.5535156191094,56.3965056810476,56.244846971685,57.1571114807385,56.5759515596683,57.2108546352279,57.7944785373707,58.0197569460465,58.1486703889088
176.075085995715,171.744262934592,173.50552274137,173.421176360138,173.979911088705,173.705402718803,174.281318575268,173.286836754465,174.600055215396,173.7892544658,175.95718841039,175.433774111556,174.950108481656,175.371705037629,174.65033621885,174.95502678208,175.120466850828,174.78707004555,175.257762691226,174.924231259188,175.044016427144,174.839548020644,174.919471751281
84.4249428866263,82.7483292311906,82.0503856242912,83.2934326699385,86.4609906196774,85.6658739816573,87.8774299307142,91.6502834172349,95.2668259260166,97.002758115097,97.6598758417139,100.343617319905,104.500496818724,105.867260143986,106.660666136147,107.747617080373,107.918073897361,107.832534636819,108.216593485172,108.317859104255,109.218384005097,109.536688418659,109.587650232614
67.7427396818352,63.2926758880236,61.3732797293835,63.1768345976278,65.5495590914098,66.6911478311479,67.6449994625384,68.7369836964103,71.7661675698369,73.5374166638071,73.3537337587832,75.4613521501858,77.6836586227451,79.6548777566914,80.8612908218003,81.5495788470906,81.555444943549,82.4134578295886,82.1333917317038,82.240341794703,82.9302881083759,83.0697298725314,82.8723533768782
168.204212426424,159.336163712,157.625946044316,160.821044960824,161.698529171682,162.464987670496,162.643024902697,163.284424226587,162.802603913378,163.174245238314,163.823030187445,164.201932780565,167.364897398076,166.920708437246,167.45746886334,168.005234935889,168.202654527766,168.486130467234,168.75122479565,168.596061344276,168.929361850952,169.256519106017,169.263668663875
75.4246258465752,58.3937941121959,51.5759586968895,46.6789326433948,48.0156300230943,49.9036149342324,51.8297531889255,53.3838736160284,53.4175964098538,57.3796790899589,55.5348391378521,57.7106933271205,58.1438015082225,60.2358363219766,60.6094744151112,61.6057210037889,62.2012581709587,62.5060633701545,62.7464875918936,62.6737538324892,63.2660410238445,63.6942148640686,63.6655268600631
162.660864814434,166.722118887967,167.74861003024,167.712196700657,168.235737004774,169.199752057253,170.565463771775,170.919871448696,170.440052232173,172.019563111407,172.561875475732,172.718654818625,172.499991562911,172.690303841184,172.644527925855,173.029614509961,172.700066897272,172.983059610601,172.826856044913,172.923538705191,172.9531116774,172.794025998283,172.851183302156
105.361522748853,103.044708672463,104.779952243506,106.32895559627,106.575975392658,104.707682710704,107.694128401211,105.298298974702,106.399788111275,107.668512389057,106.771825381577,104.372576877514,105.438804717833,106.152414623028,105.669957029095,106.072755363499,105.954991512588,106.343534572436,106.407288317999,106.266201712149,106.79003580038,106.411296355431,106.328000797401
68.6130242345329,63.8904014210385,66.9948157599454,69.3033354904444,71.8899896855764,71.2157857580518,71.2429085009852,72.4263229441893,70.8438980724429,72.0464259232753,72.4809898965986,72.4271857505444,71.2312928111959,71.3962112748507,72.3669832354927,73.7326076024593,73.8636467083714,74.5150419026369,74.5322956268906,74.4411535731612,75.5119670097535,75.6173045004894,75.8771426797706
67.6317852757583,66.7215769726803,66.5936862954339,67.2286718744765,67.1949968130128,67.1029077131202,69.0559589131902,69.1596423715665,69.7450491273866,71.2915798458516,71.167944245917,73.0104269444038,74.8922074370688,76.4729714034506,77.0124115828394,77.1337092045738,77.0187879348343,77.066161347133,77.3383186496415,77.3350449658962,77.5159489342282,77.4262722632476,77.4682810536401
153.48945048773,151.622669528894,149.89319414836,148.593828330347,148.384674872864,149.33472110506,150.326873826769,153.73259642423,152.750262241035,152.654328040955,153.733953044185,153.93473045608,156.367360458756,157.457720983791,157.362243142266,157.249375587391,157.077728785283,157.699756200255,157.32464546956,157.492836312482,157.532018312673,157.867563065218,157.677156986507
72.0874651553544,67.4674851849263,66.7201722306564,64.030095827776,70.4106380836877,75.5203089748575,84.8127932539196,85.8885647843559,89.3331571379302,93.4797059706612,95.8332447408931,98.7423491943345,104.200613955505,107.84503851068,108.617894279894,109.30646676609,110.844355113226,110.490432983112,110.759385490608,111.450592711402,112.653127038395,113.389620996911,113.69916830193
46.8363279165903,48.4052201713863,50.1234191845422,52.2265746216551,51.7378302140607,52.8322821854353,53.0260714980056,54.4019324000062,53.4883064178864,54.6610443097934,55.4946105232454,55.6745715539609,56.9278507141928,57.8671538810514,58.4740948581984,58.9234243397496,59.2428058481868,59.4086451226901,59.0362322536467,59.3816797111615,59.8209996798171,60.0543057961293,60.0168097098239
119.118250567235,109.750261761505,107.27776474757,109.528310042717,110.951397319059,113.699457842493,114.838757442013,115.811467759369,117.509533406341,118.388062033461,118.558016233389,121.443754299309,123.903259327828,126.510210654361,127.533269243821,128.240532779001,128.753903739325,128.745155637607,128.960205825512,128.838124506954,129.442058195169,129.31697547725,129.428872371284
132.067142246535,131.546725244039,132.758104634385,131.486563059544,130.944335017195,131.982828677043,132.127621321186,132.532560397612,132.683588726201,133.355461617848,131.844018675719,133.081905409226,133.80181180452,133.482352281334,134.844413532724,134.427513420103,134.458030853008,134.452631192176,134.520073383609,134.820277879646,134.600930348244,134.833178937835,134.914435362005
67.6476854658576,65.0946366538953,63.3643200770628,63.3306315598872,62.0399250677859,65.3466443765654,65.6526082175238,65.6193887293129,67.5721644515715,68.6163605083504,69.7695062649139,71.1943979710743,78.5128917665635,81.9482751952704,84.4022422480235,85.6028533094962,85.6463638159984,86.7626185168571,86.9360012960293,87.0383185272986,87.8881520139394,88.3211331617789,88.2418761399733
79.7747023280873,75.3412461822381,75.7503998823163,74.8779248814797,73.5149132893031,73.11757473782,71.2614009185931,69.986533654831,70.4791225644391,69.9795412404774,71.0930054454703,70.4529276376526,71.896902903842,71.9928981399442,72.3307670760718,72.5506398525616,72.3672707805331,72.7006076302142,72.44309860826,72.5029845379783,72.499555133079,72.4494712895265,72.5124191811798
