"V1","V2","V3","V4","V5","V6","V7","V8","V9","V10","V11","V12","V13","V14","V15","V16","V17","V18","V19","V20","V21","V22","V23"
318.566490223421,327.594645059262,322.876198964239,322.701629834182,317.924002237717,316.849020154401,315.017646721052,314.319216657652,316.039357260817,316.194875196727,313.232432493,312.94763134389,313.419037429503,313.594149527406,313.724300105407,313.155368209384,312.762344813159,313.053883804051,312.852338197122,312.31972233442,312.859215308329,312.600325892029,312.242860075586
319.143100346788,306.13394583103,312.64094508988,308.96863374666,311.500699216905,315.58653409706,312.736763422498,316.42787221655,315.288873358397,314.161358669727,316.636252259618,312.3546504739,311.330614134727,306.555070973198,306.006773884772,306.891963272513,305.270525029607,306.129003636036,306.050772040489,306.739761157081,306.02829629068,307.550527398549,306.29945479856
189.22539349088,176.209872880725,180.281065906736,182.584659758251,184.515082006815,185.184266864699,184.125886025404,185.621408002367,186.260256144257,186.8564394461,188.116956071953,189.054576910209,188.053411724189,190.435920221253,189.871574413835,191.287590963212,191.55396550518,191.620593934356,191.626452061758,192.281627647778,192.465943602339,192.822847314728,193.407470208872
211.650806488892,190.445118041155,203.024278542537,193.593862156083,193.868347766908,197.040493189134,198.287146013778,201.178650524523,203.269257551391,206.022202097455,208.179952241464,211.037782040647,215.052982267668,215.553528968532,217.362838597125,218.499660205903,218.80214408497,218.677142999822,218.945071828552,218.732111579988,219.11449140674,219.534054049578,219.741515668569
174.078773695186,157.198793628459,149.075420482509,147.781677188116,133.449649323191,133.34458140729,137.627100015179,136.800931107916,135.341327810018,141.819643374982,146.89583038483,150.868956082488,160.237093179821,165.987393489279,172.222490694204,171.220533479669,170.606712349567,173.711310286846,173.597071474982,172.535819655965,172.741072841328,173.279539707881,172.638287318682
148.454442902171,140.13552700513,131.285162062132,135.110198268177,133.226510726105,137.372838674087,137.198558383919,137.452354489279,139.945718190889,142.531825860597,146.644473652827,145.072821072636,153.232936101585,154.354323162637,157.191158043066,157.078942506877,157.699316050751,157.574854689193,158.262103458201,158.530856703677,158.33841727924,157.991358284935,157.541521580494
281.491641360093,277.140489656386,263.51060659686,263.679894672827,260.93666826389,261.082046904111,261.833636148044,255.658462185795,261.141816555937,260.615085522437,252.870458443194,254.757881661661,256.888515447523,261.516199459733,265.108609301336,265.787695580114,266.466196633589,267.733684862878,267.465950111919,268.275616915546,268.781942668603,269.072491386374,269.201421411071
344.353929596179,335.907880649958,332.607687636355,328.260055595627,333.475109574855,330.666006866995,329.193428883685,333.064001025643,328.737451405368,328.483218865191,328.503539407369,330.12848976668,331.168454781854,329.064102870616,330.208681845663,330.282668710926,327.923025385516,329.977466068887,330.615915736841,329.481134167555,331.004922007306,330.858296283171,330.534542661484
117.894149941103,115.459905863659,109.323556306677,108.371604267147,117.568347968348,118.043230461275,117.380193978924,117.541565449403,115.31794770104,117.92294164063,119.447340845864,120.474169339567,121.057590811367,120.371321248204,123.522410240178,125.154581228446,124.910355480686,126.260211120817,125.537984182295,126.086375041885,125.655426718015,126.393298000251,125.543422614372
181.556595649954,202.477254376073,190.87310288062,188.724469910448,193.922450145726,198.335291056757,202.695146323254,201.673883666539,200.932945414852,203.929455241749,204.031175918214,203.800668563453,207.62353421402,204.590511137994,201.620990640305,203.337090814606,198.341559011368,200.267934454586,197.88198771723,199.67663175948,195.899356543808,195.689361681741,195.874862056329
131.378794452163,125.656979428773,127.858443837971,124.889347209811,121.505527943162,119.932183155996,120.356349009432,120.471158069487,120.90444686045,122.697304077807,125.385063386819,126.356456176944,130.732062932042,128.499980086946,129.309329174679,131.67994561134,132.751392397287,132.664584591727,132.60630206952,132.521068851011,133.150750177955,132.920283522489,133.020288439299
167.364677936523,178.000096525704,178.091560455011,178.20894963424,177.475512773782,177.931855449076,176.387724111363,175.275700261403,177.150795327138,176.882084238584,175.250583606238,176.960001325122,178.092448867337,177.695666522598,177.692505136906,176.671433424177,176.679726011622,176.269807448806,176.246092769455,175.220852991177,175.11392364562,174.804580443257,174.509868072771
179.30680766361,136.313353610835,144.83894581231,136.874503424417,137.675282502409,133.751383288083,144.130040242454,157.200076193418,158.332245465175,162.090758841258,162.088446004718,172.841079251016,187.807145066908,190.362725954044,195.507532528286,197.16253365563,195.215727476095,199.413198044254,200.546243179621,198.536550709207,199.051180484296,198.809722435828,198.799501472249
393.808233634502,398.01641538502,395.640073446149,390.680008071128,392.843620762971,390.660658311012,393.23028829009,393.861530011305,393.945545249775,392.938360925722,393.236695428094,393.671433047796,395.801394823304,395.001909799068,393.573728376433,394.5160761944,393.491229948548,393.18327928481,392.297716356101,392.607140627513,393.660758997538,392.530864415501,391.977065259266
148.341004560803,143.135230759024,137.858135207305,133.993430146436,129.01301876197,130.844089743201,131.205120343844,132.486479765545,136.728147733984,138.171475896597,141.869347064005,141.664920288109,151.395257459573,152.065629090746,154.787136712979,155.366713733193,157.994644736712,158.840728066363,158.844856855349,159.606346104966,160.785118159001,161.135344582984,160.327901244064
164.551198040369,158.535798886231,146.461448361612,150.708727913774,151.914457795913,153.004544529551,150.561645231279,149.848350763533,148.961482619099,149.914189138797,148.807954869144,150.353994979298,146.366414355198,146.979640364146,146.508523950002,147.717329221979,146.861992227332,146.702012294737,147.243625339738,148.064954246193,147.090213088741,147.522767778411,147.338401141445
194.029603985521,179.985685282084,177.961555975747,174.702532921311,172.562761606202,171.648793665452,175.684572459056,175.064926853806,176.847045946504,181.036497043724,180.350507126236,181.885042186064,184.024479467793,184.312131707383,184.043872217522,185.591156233657,184.877730831719,184.773637459482,184.278190465382,184.109967775544,185.218430177875,184.439241306101,184.508434072841
209.753803581731,216.210917899944,214.141654103236,215.475073511284,209.555741926792,209.017243003085,210.134943948827,210.566300717081,211.377143243356,209.388433173654,209.284601092376,211.897380040796,215.115134544574,218.185654204603,220.128544441388,221.805793762979,220.027504144059,221.532224449467,221.385244896784,221.733549364662,222.150748184627,222.804133996898,223.13801683022
172.131249124221,156.531997865116,153.642713109918,148.677216933926,143.696746120433,144.924917036917,148.048156645083,149.183812037644,149.96400103442,152.124175080048,151.202616039343,152.587448461631,157.138241687594,160.795683261845,162.414208988504,162.788132248305,163.4534132936,164.572513690707,165.389105121107,164.503169704719,165.539611543921,165.433774126021,165.303108988886
128.944805899093,100.544436851391,88.6592781188242,90.0896254091914,89.1912314912888,91.3289701148572,97.0425187471634,98.8293716523115,101.129606853828,109.013914341442,108.37490075169,118.042474675111,124.4924852841,131.717179312272,133.776784180896,132.112341806946,136.372169017518,136.082822623057,137.191148431201,137.337139113967,137.749696178256,136.428727554979,136.48188938323
226.559227934482,222.631968677009,216.750287228461,213.444353271506,206.563422876254,207.962046899114,203.25309635173,205.306267054637,203.438832669623,208.404480945617,206.171802533581,204.622333306368,207.246850277769,209.030080654438,210.334858510688,211.32157550186,212.050564105341,211.859337582796,211.327128306745,210.540789348906,211.726909650562,210.254907320389,211.237051684858
152.134895863025,148.29875811102,142.853082193375,139.38390491276,134.734855844238,135.401647933463,135.135029946083,139.202354798653,136.841221843441,141.949695636367,141.078982875491,144.924157429155,145.577381540428,149.722058811807,150.279535500198,153.896271836113,154.325825318458,154.823269106232,154.471722053472,154.510206437212,155.311192519111,155.520798743388,155.274267578455
155.727778736697,127.36240893636,129.165692112683,132.024900445489,129.266911189246,130.123746890809,133.183205070703,134.943663966803,134.704735005854,140.582519502507,140.549351790007,142.38633308532,145.499600504917,148.683503423637,150.020535296829,150.797208833268,150.545342924438,150.695787003472,151.05259520129,151.03804915508,150.514119248351,150.849933556596,150.691863608693
177.416204418043,164.096216024856,154.861066389916,153.447530595906,153.589023877115,153.046207600464,158.269365106695,160.313945725239,158.613938551167,161.520563472571,165.443021906218,163.00823219114,171.673271307188,172.277695419531,173.186297605531,172.32427739472,172.000255744937,171.725278689396,170.90338593601,171.512545649372,171.325567259275,170.029690567609,169.595947351615
217.736972390067,215.35822603901,211.46320603998,209.35041445122,208.20984481174,205.692130363156,207.717193860575,206.34449526558,205.420926902115,206.597060109369,208.045723247512,208.862708924136,210.926801622265,213.713214246322,214.116176643255,217.462896116555,214.91897320471,215.063944802414,215.3901414881,215.776541614655,216.649470629595,216.532978940104,216.694183880226
258.919273698512,274.364370937338,268.990960363085,271.697605012597,274.261459694631,272.287231803906,271.462064889738,273.597784929898,274.54019461332,273.197505479588,276.610365900621,273.748620412167,276.039144269859,276.459056168123,276.574772641886,275.517350510334,276.215248152812,275.415981417608,275.443079982677,275.557409794481,275.598333305546,274.930618387788,275.411099419402
149.762775779427,144.441860766578,148.022364378424,148.356772669747,147.282556666608,152.871539970312,147.321071260495,155.246989275349,154.308982986774,156.6582990352,156.419780320908,160.342731400624,159.389138563542,159.776493371096,159.82042464739,162.833300366938,163.276603773846,163.770874454212,164.548210356363,163.679451666085,164.280788024634,164.155240791738,164.137403891177
201.990802651559,194.118987095977,180.942412931865,184.45344266758,184.826818431703,193.92076886147,188.913418330592,192.217073780666,193.572435494796,193.469416229921,196.419233308707,199.785307745932,199.006540159405,201.824947599488,202.022936058228,202.478318239023,204.02740814452,204.82649483825,205.154971771565,205.068817037789,205.559432719201,205.866336651307,206.094500977625
291.268091962262,288.766997305026,283.804840528581,275.548297233942,279.36635495862,277.331669634264,277.540879804255,277.9614104969,277.9928855868,276.22505895571,278.953074773617,274.988358979153,276.386164386728,274.60787070108,274.127892700323,271.209534572919,270.14451617586,270.848190320182,270.149150468627,270.273038633031,270.38478744546,269.686549559217,270.365623458122
229.756748897873,220.742621345082,230.128465006233,231.689681070985,234.174260046014,225.391643455027,229.470617520195,228.815018014983,225.603393201089,225.946231430863,225.392209488043,225.404200757541,226.313713750824,227.689047931934,233.643904828114,230.438590950642,230.300790718337,231.697090809903,232.053395881628,232.485019290453,234.269024367707,234.36158246274,235.107208708809
242.473913128364,229.063672303873,224.520960291861,229.048931845518,226.028085637014,224.864252492988,223.273644335153,224.405783354902,226.667971417606,227.740769233298,228.804724210951,229.387493209396,230.656454936266,235.841211043928,236.954141545532,237.838779704056,237.735375005945,237.277892719074,238.153062406655,238.497339210448,238.449592818203,238.732451666035,238.989529715162
127.513353060061,116.83642303148,112.036886330094,114.147194483487,112.458553817069,114.266462063338,114.61443867412,116.538611419328,117.198603684583,117.449702933839,119.256446003207,118.790957075613,123.465588367408,124.141176277918,124.344985872713,123.826660993599,125.129844634564,125.366983537352,125.705459425512,125.453021731496,125.584610871828,125.653719296083,125.321637317604
220.944570525537,207.619879918137,202.953711996544,204.888670536088,203.468207146013,203.982086709021,202.94809466298,201.664686356783,205.691780966347,199.865257045579,203.499264555619,201.262213874307,205.008067648163,207.183819937681,209.814615416028,209.69227765322,213.316001074527,213.134706424498,211.592965568066,212.421943393387,210.870862812853,211.309019460279,210.624485189694
160.28149452017,168.067736819009,161.189444385886,163.64436089908,163.24716874057,164.247209297792,167.723846589539,168.958283603887,171.884212290444,172.797521155465,171.453564823041,172.732786729899,173.568481135642,172.7383579527,173.867621584523,170.845652252355,169.755548439255,170.068631382722,169.108674278555,168.906055773102,167.669507090742,166.911931423976,167.709184945406
490.892125381567,479.529394100359,492.958544052522,498.514867720638,500.12016327069,503.374224649522,503.251128770451,504.995944327799,504.598478538916,506.396603996916,500.540205320909,509.431939331665,497.968495555757,497.085001123855,499.011141790451,496.742795290615,498.063434558279,498.731235085589,498.149979722228,498.207040294055,497.245357314171,496.441635317361,496.314052494584
75.1462617723585,72.9751981292968,75.6108733566294,74.3283232928131,74.271594296382,74.9508443238684,76.9400056848337,76.7951765019573,76.8681665590224,78.2898387654985,78.9085625910149,80.721701841007,83.1859674933943,85.007014437874,86.795567880242,88.5246378834317,89.2186534176942,89.8156154124063,89.8320866412748,90.4709799100482,90.4622789681524,90.1785061858471,90.9802104013383
152.533338113893,112.780888334702,115.637320012593,123.464793713185,124.819194356479,126.142598493532,129.438255975039,127.596630565143,127.544863640779,131.392959847106,128.792107696527,129.374550943245,133.542994496354,136.785742828238,140.502739183955,142.820577337769,142.863670501822,142.97106134532,143.515553621368,143.429094375924,143.921999350692,143.711552766638,144.176690913024
227.094956387817,189.704713085736,188.952387211339,190.022733077352,194.294436704791,196.864703192278,195.476928988138,202.587989121852,203.235848348475,202.804301563072,206.668626855621,208.320215774805,214.079965101402,221.132178014037,224.601258332935,224.405709980553,226.135189817837,227.878301717048,228.494650519854,228.80970372384,227.818617126714,228.470561582447,228.534543030506
196.301069468829,172.492451483701,189.361995317731,185.527107807675,183.081268962145,184.51906839784,189.600142878887,196.565034832341,197.211812794389,198.21561833558,203.646841631697,203.668937057449,210.267337442778,216.228517980288,216.79670492137,217.636873406449,219.087873986105,219.091738639573,219.099369376847,219.3243117506,220.451120219965,219.414372869003,220.498418088168
293.720607787594,287.661957543998,281.632921929559,285.081539761925,286.233144649248,285.192848691127,284.381774640754,285.706136010782,285.145364445241,287.95470825284,288.723464476574,289.136048939512,287.536294979387,285.023104232554,287.576466808657,287.778700829754,285.879241653729,285.917443698368,286.580102443318,285.959722682286,286.831611578987,286.720399841056,286.911696993694
340.863281303205,340.15525631084,341.535544922376,339.742407237282,341.233266248713,338.742081494684,337.674605632769,333.892038918378,334.157619044742,334.372559307912,332.03678292103,334.26163087103,335.256573028663,335.319264136211,338.110193533934,339.764351420633,338.525613213814,337.578936272512,339.869471285756,339.283303371246,339.492055466412,339.649872742154,339.04923182189
200.503827365946,177.888514828555,169.191724290736,167.682042191024,165.974171971214,164.054947836699,167.630746536124,165.093429131675,165.765790114894,169.60319769599,170.370352388209,168.806774145449,177.26796218186,180.695528908319,182.882979741514,183.51004328849,183.722788607346,184.367910310553,182.994632536195,183.723858278419,183.92342033512,183.903762378563,183.594771504562
130.997171070299,129.329723016081,131.352075506873,127.694611572953,127.704748619341,125.192318410435,127.094899958377,126.82260841156,126.114041755245,126.107112304969,125.243217409195,128.091579949598,128.225310019984,127.981822262829,129.312443337892,128.380477495565,127.615216961346,127.784686416774,127.473961508125,127.963153922684,127.093880259429,127.365457019907,127.341142542406
236.530782006557,202.510186191745,189.520362433062,187.834940867031,183.307793436797,186.734213692512,187.543993578297,187.745146001945,188.874384929492,191.545153971344,193.043823609018,197.830254406451,208.81450630403,223.691683093821,227.589878861527,224.045924510328,228.597771587205,227.164478795962,229.086313543799,230.155192845246,232.005127644266,232.439667027864,231.549867117701
290.737466207134,268.106937937381,273.791263048511,278.710911486426,277.125659894023,277.322358805828,276.458207891609,277.307252374979,281.255439632286,280.670780434047,280.073636680201,281.964090889846,287.211382742423,285.593743245713,286.478291313086,288.171535909344,289.499069421469,289.596056698581,290.517811283536,289.656628523311,290.22716995507,289.316322837986,288.618600525187
154.848823277762,149.661973451816,142.094240023034,144.777592273573,141.723585205863,143.019243103813,146.640056221722,145.441280398255,146.068683321336,144.06401216354,146.293427232044,146.215510572883,148.050860733626,148.799839444366,147.934246380278,148.972349147908,148.539071812805,148.167570040051,149.444701700522,149.484072854855,148.482864375514,149.119997342563,149.008418064686
178.819347633247,195.390952762484,190.119235041323,183.978554123599,179.963322737631,179.958207370726,180.985172870043,182.560524044004,181.945824447136,184.628780924618,185.333034012224,186.236187930523,191.375141078627,194.62943630758,198.055288299949,199.796661145502,201.540107528821,201.705286911292,202.925372856799,202.904638111684,203.101271721793,201.879744310933,202.035717790899
313.834863908662,303.513933907795,303.881380692865,305.859776181793,306.646376755322,306.418340556223,301.530286541744,304.896689727686,307.29610999993,305.841749110273,305.062651425674,306.420097080764,303.516482933067,304.04514659355,301.089394403013,302.562447721183,301.530241239543,301.140867939201,301.341952102014,301.388911225859,300.405341923141,301.674687834909,301.003954550789
206.109211816724,205.881375229341,193.048445363286,194.926855607071,186.078344709158,188.137027665455,184.830822582132,185.254545265004,188.037073883791,185.88691310724,185.977597715783,186.207119064634,188.824311671874,191.629223324702,190.174617342488,191.506021587236,192.206713954099,191.802837511663,192.333898216407,191.761398894069,191.742419915378,192.470583930375,192.127718076412
140.077760112466,119.464300647829,123.681871557982,120.625713382005,120.394196402384,121.345235653985,119.076579540459,119.899925120577,121.547277860123,119.185525698015,122.303825404312,122.681989104189,127.320071609989,129.822099824449,132.994237700183,134.369566848269,134.50605087046,135.490382838324,135.011378705411,136.34382838703,136.704181183872,137.143423413156,137.241620428961
301.587079089618,284.819767821245,292.406364418516,294.520644257798,292.181430772253,295.648714704746,297.343196969244,297.068657531096,303.077059604417,304.205963155924,303.692694365847,305.136686265344,309.690592175602,307.035576720338,306.544007967794,305.295008273263,305.135058419345,302.852859931026,302.623043592527,302.238446580612,303.443371549139,301.885409654255,301.029106442925
210.14091333605,230.02649439362,229.206498328226,228.638702233823,227.222043755041,226.735169384171,229.210040994819,231.024019366465,228.620343932869,231.382452378236,232.097302761817,231.037743029344,228.513841178992,228.51030981047,228.257352944043,227.173037329892,227.047973866425,226.703278475255,226.462750139162,226.296537397128,225.632654170588,225.715781698572,225.449280564927
195.865799722468,185.348721349935,184.371541369036,182.958293820849,181.301230742569,179.358972505663,178.895365105751,178.323029996248,177.451912962025,175.994946268009,178.191775709814,177.76427147995,180.028961988701,183.021259435158,184.313725640453,186.622880452578,187.668977602003,188.321551999423,189.167176464886,189.654062087654,189.806737822103,190.729041824691,190.267259799694
134.826194577897,143.21479703004,135.065848410612,138.743505048409,144.922955024595,147.116310367568,147.117160634827,146.600006043097,146.423990387084,152.132431594895,151.000856648608,153.11462009143,163.993574729089,169.858478608259,172.864689848659,178.505732191077,183.397382109556,184.580051611677,185.394769356739,186.196810591347,187.863921872588,187.89128467094,188.541397878972
361.997870888173,341.828527937455,342.661273566474,346.104732771714,349.140635687524,348.554408883543,347.460510861366,349.995660070842,348.117666636893,350.143266398442,347.152768394556,348.799869425013,352.723924445659,353.097240343669,349.074810474617,351.100940078496,352.36370939731,352.475481574306,353.022959511348,353.704429522233,353.675109212356,353.307662148177,353.477016876544
170.514064909838,165.610339909378,168.486499306314,170.469056111522,171.31095253145,172.055598889993,172.888940162249,174.748017142415,172.381725893566,175.104788790782,179.761350068659,175.992345641135,178.826001000618,182.146861130274,182.642974952886,185.726556630143,186.709807809425,186.66848807775,189.010709700954,189.090097428392,190.438020793005,191.709124472532,190.961948634918
220.707216265755,219.201230515305,208.345598101252,212.918916404798,214.225335659555,215.231999586909,212.266515481168,214.906886269827,214.131254221852,214.844768004178,219.104832244737,214.724697468898,212.965371562202,210.901490358856,210.812259399442,212.159673808256,210.810245446211,211.65655203969,212.223843883428,212.127987410357,211.737448797937,212.017052245584,211.301215042979
278.119337249095,270.952402223063,278.660889074657,278.848141215776,277.405836556984,277.379174317011,279.439243264473,278.048813058835,276.72122052887,278.150699398997,277.858236064691,277.174041809885,282.195838835749,281.479583360951,282.891869230228,286.357662838765,286.812504286103,288.415809535004,289.067271406168,288.797687883924,289.832552744672,289.430552937336,290.936462911345
91.4902597833358,84.8838255413443,86.983854547545,87.9000540738144,88.0735630464447,91.2542495635632,89.2856098670629,89.1972045356126,88.4183495471521,87.3392125134405,86.6805229845763,82.8724840901364,82.3099078851934,84.5370055485604,83.8403807838825,84.0004693034738,83.7948933392639,84.3524268738227,84.681224323868,83.8366082920416,84.3256998128301,84.3078803851385,84.3775473921269
94.7969630920926,89.1932432526021,85.3086029296486,89.085239663857,86.4645705382438,86.5404106473041,85.2072907881756,88.7363586179363,86.5828376701437,88.9961820639499,90.5119705612965,91.6659298540757,94.9563890584843,98.1069047203928,100.171698773235,99.4601298080432,102.055291893752,104.680028347625,104.870414493204,105.320812960507,106.827067324508,106.735861139674,106.900448891153
359.876868740779,369.94540972867,360.33541771057,361.777109336266,367.117347008875,359.366320086261,359.143935461713,361.046888597975,362.732788398179,361.862380137551,368.808091421726,372.407055522779,383.87857340192,388.278926008152,396.640369150628,397.928346810573,400.223513990086,399.096455377966,401.013475294198,400.769520925116,401.424615970101,402.164680429894,401.861923377805
88.7307280848412,83.1417314184135,78.0777638943669,79.583573259551,77.7454223793767,73.33780692538,73.6327358127454,75.9736748134021,75.997483393482,78.9587784284235,78.9241685428568,77.2498215754978,82.4918060787397,84.7546050214138,85.6052323669514,85.6170792137472,86.957324064893,87.3654203648688,86.3608431862893,86.3828786505304,87.1713605596464,87.3217808245991,87.1128205490164
178.712807698795,182.473600607742,176.989342601832,169.696502931257,166.127260836216,164.046732550257,165.9760077619,166.786280755987,170.605720147538,167.228322616604,169.767435637067,166.965239880578,172.489339715783,176.203059790735,177.393400268166,177.205498522195,180.992225423324,181.464272521225,180.91798541523,180.76658754463,181.66419133495,181.957729182764,181.855479853133
130.517003485097,137.835384723623,142.075309746841,140.197790429898,136.840163411171,135.033163466019,132.314084190669,133.938376078294,133.591335769038,130.052808564518,132.983294820562,130.856018792025,134.628969218148,137.345305100115,139.137519821266,141.372113909415,143.943460692605,142.36450795792,143.445856241062,144.124270561977,144.624182243952,143.607727871509,144.974617814948
174.498449922253,171.168405255962,167.861470676341,166.847605095218,164.170901573574,160.210024449006,161.140858419114,159.612506024625,162.786247400535,162.611578874527,158.534956646943,167.092682592696,169.082667821283,169.145075713593,167.129727609145,162.464001969824,162.020026949309,162.014923807439,161.404962579943,161.537762534253,159.56243773452,159.371876725309,158.637045158109
339.749434100927,342.296284405368,349.67990851165,347.469400603873,348.900745674477,351.107493862525,352.595093064024,351.97026739823,348.806252323115,351.693923932786,350.347155928179,348.465853931055,342.624688525003,342.461606495203,341.226408082448,339.122247976369,337.893198965052,337.672771849147,337.358750160039,337.611740265921,337.324598139198,337.829753918916,337.582311980315
242.667487922136,220.329097459973,220.367240014629,227.745446986336,227.714232488398,221.511064498448,226.32709874818,218.342075217856,217.480742835154,216.352915955037,224.355072325539,221.903227909464,231.102819010239,237.843885381408,245.405783662582,249.72797011329,249.822831910629,251.480930350873,252.405263522881,253.901829074372,254.103840401294,254.645926785927,254.337629254551
245.112681977425,217.441863493028,218.297435047409,214.995270119389,218.889876960731,215.531258217476,224.474138512623,223.577816217867,222.022939254813,230.123013917174,222.734009379785,228.991965341401,239.371249945976,243.212845485291,245.146861112935,247.022724809876,245.604984522874,246.756593537551,247.202325983021,247.692215697251,246.553713846783,246.483789703229,246.31702664244
145.959948077288,132.453866111429,126.194080445159,114.998121864024,119.080409512454,119.634279190405,127.760758967437,126.365873720536,132.932469858773,135.300318195936,137.050992101599,137.452574063404,147.607769258898,152.295469853175,156.310131452624,158.462792936981,159.36518231465,160.986892924535,161.351520737601,161.516234936042,162.675378838617,162.602063866715,163.395106802786
159.114855994009,155.870513470522,158.591032054162,157.662699678132,156.882537562787,156.526437727972,156.783777752841,152.596903592465,156.866513872792,153.641213507637,157.166714860586,154.468479840731,154.252021440191,154.777076625595,155.687140287054,158.917965926023,158.999605998147,159.538476174284,158.777771815249,159.366508174654,158.806845514136,159.26429495028,159.193981704975
106.480182164949,96.0989737473116,95.302555115917,93.824737252003,98.2598998301109,100.521896618437,102.783306879131,101.333046123547,104.433813132434,103.6075783193,105.428120469303,104.928267738215,103.900528631885,104.944554580567,104.726273631278,106.65665191185,108.287378755484,107.568576710395,107.662896805557,108.571465619992,108.783061675445,108.487868677556,108.269560503799
256.551681304911,258.328502412465,261.928785482943,258.022632618467,253.037632540871,251.955459971367,253.376404911802,253.368611886471,251.788336796568,255.905979402435,257.109154981602,260.315354449713,265.73048758179,276.106441326637,277.446290381898,279.881018395062,279.221036375627,281.250414459361,281.688925410425,282.658885306434,283.21401963284,284.282206316975,284.226824969695
308.759699320326,308.257572644357,300.766098819284,300.534995026122,302.576728476962,299.122736237479,293.80201846966,300.993177058647,301.123656157148,305.702838935235,301.645917250661,305.825787603255,301.137010847736,303.917533290738,305.191456247208,303.563062509873,305.765335961001,304.733290012881,304.764578431873,305.639378627562,304.659681900439,304.794706609269,305.174878025462
103.162279322208,92.3833544873231,100.550351174602,99.8209625527347,97.4956751608565,98.7275685871553,96.7802541761045,98.2483009111714,96.4658555306405,98.8033374178685,97.0893753165621,95.9936265926161,96.1439943812635,97.7361540836386,98.3910935784605,99.1418986264592,99.2736046159298,99.9119060722514,100.801890465035,99.6903619714485,99.7354243167869,100.205311163962,100.51118231429
242.036087286971,243.982874709922,240.15226728753,239.274754652804,239.315280729519,236.055877738629,238.247100603591,238.081967154922,239.261371498293,238.801611914412,240.132826216712,240.591264924943,243.289432560139,244.950727529475,246.071041000279,248.045665383559,247.728507914358,248.392824640997,248.47706577508,248.092360629975,248.897500985607,248.956598602298,249.155521798571
175.630384960533,167.814739554936,165.655802220178,168.210408721673,169.673162152528,169.583685492556,169.639166683829,170.199366804265,169.666760180409,170.291347772157,171.104547741713,170.365205976242,170.581158724745,172.750268752086,171.638771720929,172.956504488696,172.439876034751,174.192252735741,173.923848085554,173.659109465282,174.017059240418,174.148838994321,174.166541440516
164.621577842403,146.651945623304,149.025343137232,143.562113063583,144.741046662759,147.505693486984,147.392576334937,157.503465588467,156.106292904474,158.158272364072,159.50648812801,160.425820468002,172.10008591284,178.872564983299,179.978697382243,182.944715339815,184.92863453767,184.523948169347,185.677831610054,185.92706131507,186.517224160937,187.352852200606,186.510614082295
242.671542967616,237.044687732258,236.304806191609,230.393251812489,230.075379080247,228.687936812365,227.731143374053,229.485085137682,228.171444019967,227.020349778392,226.606069090813,224.78195332221,227.165673395993,226.631812358266,227.447773685001,226.754232658939,226.040435273787,226.233323937921,226.750394772331,225.939728992716,225.920100551671,225.875294716357,225.15011554483
170.294273133648,157.40887314324,151.463326161547,154.155480172609,148.29173224088,151.355330585133,151.475937931162,149.150004749541,149.05245701092,146.922749397945,146.343516456328,148.304709645405,154.744599027257,153.176187318993,158.479502606579,158.111058851847,158.788525658039,159.534244265188,159.667622455167,159.824444964531,159.838264119312,159.435884387353,159.737698778429
170.760852428673,147.147946971559,155.220130959353,150.032602969832,140.760700860364,141.629404818718,143.844776189736,140.582203094584,143.439343138254,143.362334121749,145.17158013156,144.363897613544,149.784742655015,155.14335879596,158.165440873658,160.07796511436,161.109726483553,161.82584787293,162.371003812261,161.940047212873,163.347875720666,162.076960876244,162.714779265721
522.199343699431,509.315284403845,521.453465637028,514.040009438942,500.410820117855,493.10086829908,500.878005631775,495.551684630729,496.209700182842,498.079372319759,493.221762505281,498.062331909042,507.411048295239,505.319146289723,504.11676568448,505.960522731799,506.182154152552,504.502907020674,503.879175815443,504.831373415019,504.629334814831,505.423490470188,505.543475903246
438.462552805273,443.798327364366,447.4349508611,446.435654112349,441.371026283546,434.864285677728,442.745165861844,432.254744575281,429.706055192874,427.746264062325,429.031645338224,431.267684706986,424.310231198915,423.908752915295,430.494306818831,429.638514042124,431.136441635183,431.217183883889,433.218561978055,432.644026598005,434.562595050727,434.94058668493,435.101157805031
147.993169479021,125.168911165557,128.361995790646,124.844636656626,122.328579018768,120.200516178933,119.365115422785,118.71767572192,122.548942999001,126.108559448291,128.153963782346,127.288362888308,134.157711491224,138.457051992945,141.50375014847,142.50039200184,145.164909282258,145.029433979768,146.342495823518,146.247399009923,147.236187142811,146.791182065904,146.490332915799
187.022798510079,163.45115497445,162.180922424552,168.347276173814,166.325254414268,163.004056622086,167.065910779478,165.703548917583,162.07731870535,166.413626650849,160.968965747994,162.119485461508,166.284933021618,163.890870270804,165.056569520091,165.265493634766,165.683428226079,165.329058625831,165.98307088337,167.221956224325,165.839149331583,166.678050695141,166.202206046971
310.222937830539,301.565661615328,295.660359647666,297.752745565428,298.979838137569,299.663877207987,295.646739252296,299.259841091128,300.766230417128,300.471613465171,300.809668092706,301.296405776903,303.312700212013,302.869385883784,305.226706122739,303.461452262977,304.576046104655,304.564918371672,304.381040851228,303.543248510261,303.789549524477,303.434432458992,302.710646053183
221.862836923968,198.208675586367,204.903791190354,204.4023620721,195.94105409942,194.818922883171,197.727828255755,197.072847792211,199.577334478255,201.170369041589,201.091443409847,203.724935399527,218.831026695652,224.32203655583,238.787976779787,241.852610485611,245.313256749936,250.481196668431,252.529749125673,251.701310393119,253.442544025902,253.843056249184,253.65449628287
166.075579686818,135.677541975144,141.083638069631,143.471406173461,144.446051256066,149.537465951305,152.596837664167,154.338447365666,153.908311639877,154.461713152722,159.083920058917,158.772190217201,161.618811025532,160.391763731774,164.81768666733,165.431108744818,164.949482360314,163.375587132432,165.744857486308,164.122426287459,165.026633746235,166.154696130774,166.685471134335
291.787567751934,282.863968851857,272.352397445085,270.064664080433,268.371302063848,270.757645758853,267.01852486357,268.79459568507,268.5137991457,269.172568239372,271.921640634958,267.824341012782,270.483471601694,270.159187214306,273.470062255086,275.099122512083,275.395388360808,275.612222343343,274.777326216519,275.323488451085,274.760853181576,274.606548132928,274.316812612575
162.241051561837,139.124058821875,130.522023742842,129.466852260784,134.755264710646,131.187795330523,133.564601343491,132.501966763707,126.855969579488,128.7784655514,131.634707413872,131.971289933778,129.128849876698,130.850365444063,134.040096960537,137.380200579278,137.212558516513,136.630141306488,136.463422585756,137.859820894733,137.591311999374,138.20655560646,138.079594545319
245.712694158281,226.611355292383,219.67422673789,220.540460922856,210.703053725159,211.875936404605,213.230295555157,215.866636794263,212.731818149816,215.359473441517,219.593352881682,224.943704887745,235.178982008422,242.627602688057,245.546189846479,247.580356292994,249.210975368752,250.424724905597,249.942708046477,249.983551685936,250.721639422153,251.148175865868,250.77139718221
186.619483024344,194.556552598613,197.977213218896,197.80051830759,197.743970231329,196.94495357126,200.26898033071,196.949681593139,198.831660516205,200.914245293527,201.24322877183,200.804055881336,200.001051124993,199.546994406567,203.954018613822,198.700942246531,199.940716678349,199.758310481946,201.295932256114,200.880068386617,200.364036471044,201.101715780954,199.937046674758
179.010648945114,167.769770381892,161.53495322808,163.147738600909,155.235682992035,153.25333855034,154.666160672228,154.312255706373,154.368572020872,156.576661400713,159.64997090021,158.80328561681,167.844518799961,171.523065870801,183.111791852481,187.345931882093,186.327235881832,187.392417982998,189.531294722068,192.605731758151,191.537043536641,192.972471722857,193.187514736263
173.743330869216,170.176749412385,171.922453185678,171.155123088133,172.566205429295,174.050378872568,174.831240909657,172.852108615399,172.948791145357,174.24676424178,172.976210134386,175.059635507951,178.082696613162,178.70708895495,181.044708049839,180.641256904569,181.549016016578,183.06046486695,183.312856685475,183.203002021122,183.500641365863,183.232950525936,183.430716519558
270.916892678108,285.072217565931,284.654798602028,289.024906172062,289.411917913806,289.041868801305,285.377110949855,288.154658151245,289.738471429514,288.717392944743,285.610068582401,288.476227287316,284.640290638483,286.208989461134,287.361707785847,284.461654929814,285.34918286091,286.048226123455,286.138765735808,286.667700447556,286.40918562005,286.023590846179,286.287234657921
204.588421529156,187.491043290452,181.413280445458,178.516196109091,183.338055277231,176.832281168109,179.014123271383,183.636595852865,183.274629129017,189.185251271881,189.387136282995,194.414942013965,211.206980864607,213.4663748995,223.067949369359,231.782254425098,241.39003812007,243.595129451505,245.520779951395,245.766948680433,251.737269915569,252.394066843211,253.018272451732
164.366937342382,163.049279298947,163.826475063201,160.034529158677,160.146624310997,160.708111913467,159.326268964149,160.700447376061,161.860861233233,163.343510791875,164.571174005373,163.242741800734,168.379085399174,171.316521727871,174.817186736671,178.042790924833,177.372064138568,178.970973629074,179.944009533259,178.959299459413,180.40285185656,180.153104421686,180.958238127769
317.029646325703,307.841316952488,304.653392221746,317.237853765481,308.560011723077,304.261225364509,300.055645730694,302.81273426789,301.669920710282,304.334488169796,305.610897341685,303.969766183064,303.689074259559,306.518112366301,309.562673402081,306.198446550786,307.279043224285,307.14023922353,307.70419225529,307.161118236482,306.912647794201,306.144429232174,305.504757675131
232.241276013146,233.056045617001,232.383043519531,229.81584805946,225.946613763048,229.363203657306,224.105705603109,227.70479334723,223.528102234135,222.049881163167,224.820450285169,225.520235493214,222.920826976805,224.500394219614,226.830862802465,225.882924196583,225.264850618885,227.106086360946,225.817631506627,225.66805446371,226.38995948463,226.013027514704,226.336709181129
149.01928336475,135.984033130031,144.742613094044,135.8761209421,136.443300282744,139.111578621291,139.544301101536,140.789385801656,145.067834111892,143.20694735733,145.444190881179,147.345147815534,148.889001670835,148.94620537419,150.151674626831,152.8890462074,152.112640093539,152.690915086298,153.438334955211,152.38892778554,152.461624098767,151.849815527997,152.817074288552
154.096509488643,132.516658494494,133.94382250755,139.687857025919,136.122296878298,138.809732240817,140.106922174377,140.284900151813,141.266020967988,140.607177615778,142.707762205546,140.78063810298,143.980378057624,146.473311589857,146.362403195389,148.278743498691,147.649708490802,148.940573089426,149.310936482195,149.357288630795,149.940059821504,150.395881891009,150.906254226877
