"V1","V2","V3","V4","V5","V6","V7","V8","V9","V10","V11","V12","V13","V14","V15","V16","V17","V18","V19","V20","V21","V22","V23"
324.700618368739,324.538826432642,327.115791772306,322.026774396227,326.88871903162,327.092043849915,323.316337153232,324.977239855824,322.118807799476,324.404351363736,325.212269692071,325.362179558,324.134508614415,322.952298403005,322.553247355942,322.716935766234,322.203360306175,322.855087035308,322.961365316082,323.298693041833,323.322786125343,322.349847109387,322.793299789488
315.730299218689,316.373495995244,315.960679786366,315.405437294136,315.715170903938,312.786278337464,312.623179740859,312.041606624896,312.30172033468,312.535281281511,313.339858849712,313.321583692296,315.315325481308,314.650449861577,315.770910844993,315.845340187102,314.933790718643,315.699788499891,314.696612921513,314.94348987336,314.263554569561,315.019536493815,315.18217131195
164.536909949419,164.202161366564,163.958754882214,164.766299555886,162.254857881655,165.074359711866,160.489263378844,161.181404999925,162.373274909044,163.939810234522,161.055731720558,165.211554757446,164.90477286008,165.459638889915,164.294310408815,164.916554138773,164.807042233399,166.375113544718,165.926271694637,164.73400891949,166.39045340244,165.324492528452,165.224447166386
227.691649692268,214.448870968341,209.911403299842,213.868808384598,213.521916461981,211.729667280298,214.209903870422,215.84379445603,216.470821885773,219.074948447812,217.633132407708,219.924414973979,220.002219530813,220.436434743095,219.836058061359,219.160318565884,218.836929436845,218.564806218168,219.872346614196,218.787102543992,218.721731166714,218.626760161411,218.662964218668
188.163516134205,182.979171471311,181.010709598634,183.85941489714,185.07344743855,180.911440713572,174.678998821577,170.530734825511,170.747602414314,172.304604957763,172.456392520451,176.161053860916,175.489981958375,173.544610886932,175.13831776502,175.473230854297,174.741602110054,174.7031704794,174.388845391892,174.250728087175,174.161633798497,173.440662375819,173.450100812257
151.425584885965,152.38027204529,154.880052901166,152.65259848214,153.27013908412,149.902453324693,146.128051069943,143.145034586269,143.897127510584,142.789758558057,145.035639279261,147.486878353655,147.563283518879,148.084452450967,147.072664843634,147.038390751708,147.688980335102,147.341563121192,147.120030791505,147.310819585979,148.174207083658,146.47578800028,147.025338037404
282.074722802892,275.349288878653,273.027573957359,270.174620544864,269.754457186416,267.163926595281,272.189076279095,273.138374130636,280.236751813695,273.405469938268,271.916423164495,272.429070999291,272.530474121813,270.797395368241,269.654249520757,269.323604712841,267.282327062486,268.023181739608,268.349249906598,267.682534934917,267.477442427208,266.736682921501,267.246608228565
329.62196839434,327.850509142579,327.53834682023,331.886432636035,329.064916185065,327.803536003251,326.776600686101,328.801146452967,328.772970959047,326.293671905327,326.59526692594,327.138717343448,330.013739945357,329.59393156406,327.854957249383,329.195767257467,328.387332508213,330.446165800833,328.615654361242,329.14379597548,329.425607678838,328.951761134677,329.757551547245
132.701937387474,131.577635693158,130.411459827284,128.976553388206,129.810195337669,129.375869651303,128.613674774832,127.837133852829,127.787244998123,126.729430421783,127.699819673929,126.758799229141,125.947515394772,125.58595314746,125.984606371754,125.451659438071,125.323487108131,126.183015837964,125.431895456518,124.486136584989,124.707591020199,124.17548562452,123.99140545825
179.049967575386,177.268367376219,176.125263726872,177.262339231072,175.894163727506,174.998564290451,173.101597595293,175.104281281507,176.249892167103,175.991887573152,174.23251167889,177.110072015993,175.81000139641,175.723402155136,176.200180950764,176.791699427078,175.318980192804,175.97823491183,174.974039185107,176.686069046113,176.065135264298,174.643250515348,175.735004106443
136.069092499486,135.633174180714,135.179062871426,133.660677154216,132.178384920819,133.161669605553,129.630281631956,130.404427998221,130.104481936787,130.951248928442,130.215947678039,131.099317936772,129.999627405659,131.165608082598,130.7041820547,131.502197275649,130.131793648831,130.389659189273,130.798470803355,131.251750582468,130.839032318214,130.029315952517,130.537195982296
165.89654985883,165.596114132702,162.865427181268,165.954297549497,159.9448586894,161.695197377411,160.888820036825,161.056259642065,164.451275668828,161.442482647186,167.070949285873,164.191944264479,166.649237225515,166.247234023519,168.635224485527,167.368151296343,166.9665777341,168.188442497082,166.629428417218,167.961854447196,168.000804851696,169.078108260034,168.436292464216
174.416984590762,187.980570539578,187.667571647778,177.331302399743,186.411400579172,161.869924515268,166.162695743219,178.434073245532,181.160643958967,191.338553745167,193.988370072603,193.650582098631,186.484635372455,186.648996564769,187.723675701593,187.412259673978,185.627609763688,188.300416444905,186.743112190145,187.116136439277,184.377396929228,186.645371090949,186.157781754686
378.660720548133,377.008059145241,381.009090283635,379.217297356283,379.538712600766,381.91460198771,379.580457231271,378.632702929523,380.110082872685,376.51445422404,381.018089673847,378.463417286922,377.980357390077,378.228408718876,377.593000048827,377.844485280483,377.855113758896,378.516396416144,378.815652489102,378.364449309687,378.23701989135,379.440326195657,379.168496626944
151.11530054545,152.064713028602,149.298243143755,150.240451901559,148.204183684087,145.899335288112,143.192225894548,144.19531311091,145.493068104125,144.509224470367,145.246894417476,146.032386054214,146.647793089542,146.171015102934,145.791047242234,146.790672963467,147.035293047975,146.637589349558,147.052386772412,146.531069149836,146.79995438802,145.632738210453,144.894663802289
146.322148802999,145.291419381578,145.836501037008,145.824778814012,151.213863461098,143.148560135252,149.14113320549,146.694442295971,142.541475653423,143.758933104196,141.382857195759,143.191048894697,141.820082455625,142.124492656683,140.919307035503,140.882241833922,141.6192802633,141.342799928079,141.698478386174,141.80784892388,140.913784620016,141.847123477455,141.841036767187
198.412809003343,198.25683795171,199.601053428333,194.855898556998,198.874965652509,199.60202353545,195.119207317685,194.915643222135,192.028976909386,189.620580865493,193.233699720363,190.248461551228,193.284306336147,191.99885303542,193.451271951122,194.217514665582,193.285755347831,193.182044020055,192.863893357479,193.273407551896,193.148463698083,192.648102358028,193.095342051627
220.955294864878,221.643944216833,220.315537854783,220.748832129539,221.705420220138,218.912026937325,218.695812649116,219.656196748491,221.513225786541,222.124182694454,223.775420701842,221.810439047076,222.128000498367,222.479440143197,223.074650099272,222.77460139082,223.244319595088,222.991305312631,222.593189864643,223.603685574365,222.853369812206,223.701578611436,222.151956675826
180.328110289722,178.229486057293,178.149577082885,175.169671857651,166.1545057543,166.931380937535,164.448148545836,161.731571546755,162.309889967096,163.286866195877,162.655934939127,164.623031435911,165.075716827917,165.410377566575,165.409661030216,164.876305076611,165.01111103697,165.11804488606,165.297138638197,163.820648120149,163.754164624232,163.797243921965,164.517963797494
127.988501470135,124.19984202482,127.275432832805,123.873199961127,114.752008425322,119.625037921906,113.799608664057,115.359290118481,120.145354947731,121.495575625296,122.728558312486,122.563177107521,121.868336441455,122.544271019373,123.72725702167,123.923370614948,123.489392161756,123.940868678802,124.509675045487,123.782097063335,124.018096369317,124.95221291944,124.547369363792
273.456005098258,281.051904784697,258.016598078486,261.502606988503,266.240974269324,263.12277570618,254.510410970087,258.912099750804,261.527465936702,262.006818340903,264.934544994775,263.197703443025,263.626430156307,265.683657828532,264.642155523209,265.059755230635,264.537418586759,265.44656999108,264.678340219345,264.541434776524,263.755143088618,265.133620218188,265.540496117713
155.973031211295,156.375011191974,154.263678612608,151.739124611768,142.287100132019,143.18840135662,144.704267632308,146.00498396207,145.125553048768,145.078685115621,140.263881438505,143.386873989247,145.929446123974,146.480116191572,144.822049660845,145.090648764116,144.905686963457,145.75766257196,145.045415118641,144.245806371536,143.780680323966,144.157482835373,143.768630236205
159.022967137602,157.72009217471,157.326306569723,157.151709407233,145.377766629075,147.905098095182,145.306997249741,143.717321177575,147.409053972411,146.525330899398,145.728728814148,146.778128663419,143.774792342557,144.266946961253,141.613756542977,142.62415869291,142.248342727281,143.207639763193,142.521676942206,141.64965018738,141.68415300737,140.63610694515,140.534346691087
181.913555100997,178.843127537309,183.171211362471,176.765478205061,176.053595738823,178.364926736026,170.420990623167,177.664122143379,173.629404496247,177.79950007928,176.206504221415,176.091733240618,176.135787828708,177.240000815919,174.772438129536,176.409153253728,175.344807300142,176.96299354336,176.831957540004,175.002322203341,175.203266100781,175.220893540858,175.392328226999
220.08161255968,221.803617438496,223.732797540212,223.565174688522,217.390900142405,223.072092346639,222.02183100401,218.063186994088,218.284068077703,220.018777237077,221.923991869528,224.061377350187,221.13689560148,220.990480831223,221.49112820673,221.012164390119,220.866940661051,222.374748115663,220.91109362249,220.700556590929,221.204955963607,220.989782498827,222.050163713507
266.579537913192,265.729680118364,265.249834221692,267.058074289866,265.589247397977,266.220823654155,262.135234503871,264.605064139377,265.819589794143,266.286652785667,265.980128832567,266.275516141059,266.610229641909,266.961286106601,267.583406278341,268.190738185483,266.710273289536,266.320599875562,267.220786317779,267.286599639507,268.197153041776,268.11168142687,267.30501951715
151.419397980646,151.37173107664,148.667687369105,139.318305591915,140.48872292632,138.545380143473,131.705955854033,141.996362861455,139.045602409042,140.924526904453,141.723266089829,144.305701490837,142.925207339278,144.906481341913,146.575826211449,144.569585335803,145.536940230589,144.557805182935,144.716097118754,145.376739689727,145.591563680846,143.192037483368,143.073540494826
204.12010034279,201.941887484297,204.970371730694,211.18801148724,211.277536577223,208.273405584832,202.243331074094,200.671241056445,197.047770113021,202.605807075083,202.910863852774,200.621894055241,204.283284849436,202.886535111128,203.897735747398,201.881632079706,202.586776817596,202.015600721434,202.972032800644,202.475423481716,202.402510449367,203.70822762088,202.655103094098
329.668650574512,329.334197395663,329.156874677028,329.183531831612,327.766427097237,326.059567854447,327.667736660264,326.46611205823,328.446334963825,326.345563586854,324.258395769108,323.675624065038,321.451430139634,321.615689555725,321.865156691478,319.708232877991,320.337996354199,321.427469778065,320.010027871138,320.68930535548,320.51284587927,320.653830303123,318.841740620505
226.185527759059,224.937130051839,224.384826180155,224.177935397339,225.128333643535,226.322364529989,223.594390850261,224.791600139127,222.474338466444,224.249731919139,224.186066920517,220.504933725923,220.720381721749,221.055526227644,220.736370275712,221.507730686505,220.176938238813,221.926119620179,220.863018430767,221.58757890959,220.357487893172,221.009324669874,220.56960855625
241.174010272234,236.499869595622,239.662820215207,237.968844101874,230.694735960526,231.742249208243,227.394215713246,228.396438883436,227.916602970504,229.361427557166,227.593986199295,231.278430817031,233.003490224564,232.835791042142,231.699366258849,233.047112832214,232.648129068773,233.91915920327,233.569847933286,233.168735474325,232.989057847415,232.570087813754,232.934988987702
132.119311797973,132.292099143332,125.690763964161,125.429375395592,116.55173965753,122.317179472931,123.162644489223,124.108748520834,126.138423345732,124.623793113102,124.971270751164,126.30009276906,127.807985415583,126.955067203619,127.281271420173,126.808074213292,127.068450376095,127.204726695604,127.821440230321,127.540257088861,127.224949877614,126.494502168766,125.823229653888
240.65403549592,239.732367895259,243.116854799881,238.971983989679,239.296015145112,238.574156410966,238.441783148737,236.576339112714,231.709458876263,235.44771274182,235.184645663313,237.141875820269,234.727856601514,234.215949437954,233.979724139268,233.752336391067,233.737104803115,235.377989130227,233.858766118982,233.617684096563,234.817444645161,234.924503570473,232.901762870758
177.367547529325,177.67843346495,176.187771985607,175.766197342469,177.12624790604,177.175450296127,176.349389696475,177.30333074862,179.865870169657,178.004575933652,176.748180301282,177.692026617439,178.137937828415,178.676578897957,179.769185123017,178.271306707111,179.215011302257,179.132212564142,178.245432392453,179.504474770511,179.075125017723,177.803619972691,177.574681472672
496.812807641258,496.115308384582,495.990448761172,496.916213076953,496.199638628385,497.691905539737,496.820970182568,491.813167619601,496.528615491406,497.041294108229,493.764970588155,490.853574920505,489.472584519662,493.357165393827,491.614768614704,491.896199933686,490.74476118702,492.241643961894,491.529034621343,491.418577977434,492.478692273691,491.802760346551,490.035686249464
77.7256530162566,79.181025193467,78.2465320099288,77.9748694729383,78.6067498857215,78.5582149427956,77.6980596955875,77.1199975064393,77.599241911722,79.1222690340548,78.3140137491781,78.0484534432777,78.5411654116876,78.5635682090788,78.7355343784018,79.3640979449446,79.2376958375657,78.6120705008922,79.3322156097935,78.4877255309459,79.5297786239681,79.3874794210074,79.510741815893
162.964233131167,163.463777713912,158.216613942911,153.633336998349,149.917281853001,148.420565764889,148.419444465066,150.49616889405,148.987541575583,148.367665830098,150.412768561513,150.691928909885,150.420467192699,151.783494872035,151.848426103006,151.846963612922,151.030826935399,151.871786878858,151.870820151152,150.675137124674,152.091532624651,149.370218848337,151.43029221272
202.250337789811,203.787848091768,201.220293762883,200.173515543554,200.156916889484,187.759722574051,194.556046964282,186.630645854021,183.859546133381,188.545212729048,184.100557662035,184.787795420638,184.889816582177,184.471501943148,185.363613843698,184.994984492605,183.597568438026,183.81678137116,183.625402892185,183.741666239954,181.804375997801,181.8643845827,181.469893341178
179.436056731656,178.817653260085,178.433473022479,178.839295497251,178.804045379703,178.382900712917,180.53033251842,180.233121992576,178.085838111884,175.813124044066,177.346299486587,176.852485878012,179.798431050081,180.089835895589,176.998838600555,176.400840097877,178.395959242397,180.188272603064,178.120084665382,178.826363154222,179.261614605803,178.53167017525,180.142494921244
308.613860254626,312.651136290512,314.271536243209,308.803086031848,308.28975280036,304.572468659255,305.815029663381,301.676162343156,307.707064334328,304.476584168772,304.770169022969,305.123515972959,306.184855801165,307.317977205558,307.141522653815,305.873639159855,307.079988189757,305.273941517182,305.774542699618,305.384641706005,305.597524320125,305.40460068561,305.620730868424
313.971114684649,312.231965122689,314.919765539577,311.802554238763,311.214097154639,309.1496444226,310.394228439004,310.597994540759,313.690908653271,310.092966965442,308.883568467084,309.09746576979,311.035557585429,309.565179476979,308.860955853074,310.551395925049,310.031410245883,308.998525192415,310.081435943212,308.866238523019,310.494154734292,308.529481127807,309.06268640706
170.880017157263,167.098305068092,158.762678369931,158.166077030975,156.63594418617,151.517617514613,153.235194824339,153.250296986857,151.320093484952,150.086988417175,152.085152413033,150.955654696709,149.68658491642,153.132289630605,150.658908867825,152.358090752838,151.405389215943,151.837677295945,151.18769233393,151.943196765417,150.244804424203,150.575024279667,150.170895146598
109.388061378098,108.617754231726,108.405127747637,107.245405534802,105.473404358222,101.48278266826,104.52919407655,101.466841620301,103.53143768631,104.486949094996,103.260037756588,105.428815570096,102.810568982425,103.806942546834,103.452956851196,103.097075363368,103.240798940849,104.014670287164,104.088714110748,103.698304004466,103.570003601982,103.877557557629,103.413710502691
234.343518970054,225.481287966848,224.670614013071,228.753501611658,218.078869079756,223.236012460638,213.009533252126,217.326047514073,218.875749973944,219.253991918964,226.743067688258,225.928782923636,223.992456314989,226.640732329946,225.973432716321,224.691555850471,226.877910758402,225.440083307837,226.305379413607,226.183723861929,225.853612037971,225.380983540427,225.086587284088
282.087174891244,286.12895342326,278.01472047512,279.500116544987,280.919721139764,274.572346716954,273.303185226731,276.880243387778,275.044622031989,276.616007916037,276.706047436895,276.795229898205,279.086521377003,281.044811653188,280.019449574207,281.311740263586,282.425043628366,279.630210078689,281.588271574225,281.567316007372,281.730390357299,281.18355995678,280.847005404601
157.007539930271,153.506348859756,148.474740780039,148.647393266919,150.216867150181,147.013979421384,148.286389441093,150.079080228796,148.80631644861,150.005717856151,148.701112880197,148.4280395476,149.771566204994,150.780605234443,149.295881597586,149.655808303993,149.923273150772,149.506733223882,149.623169287335,149.432967007127,148.000851624458,147.466367514318,147.66099189256
178.683963702375,184.462993104988,187.072949755419,179.718100308773,183.941228645832,185.475341471317,188.747876663517,183.946672208369,191.188919345304,189.695993683982,190.173662092196,188.06925743525,189.865075400342,191.656097064146,190.189306402652,191.657244053424,189.921393408937,190.490204409312,191.355511525886,191.542109467842,191.726026910477,191.332106178159,191.461193659786
298.725330683709,301.486786718579,298.062865515173,299.849239795985,299.544569881453,299.897463530905,298.190787473767,297.199244156204,295.603396806345,293.114951212094,295.045860804722,290.952144482469,293.623229078892,291.861233591888,292.325781280459,292.424267127659,292.482894043866,292.998257519133,293.549241745006,293.72365850678,291.13733363862,293.089762819976,290.489218350676
204.593408779423,201.462396488378,196.824839669671,195.522991570677,192.51584018499,185.677834651779,186.285288175232,187.201552497172,188.104454842381,187.929280363282,187.140235152095,188.494248681189,189.313819068468,188.817632575998,189.251308296229,188.173444819045,189.208968337577,189.277089492108,188.819157324117,187.919941318618,189.219177206888,189.167917400094,187.437269652189
128.197406985872,128.075303281876,123.399260658385,122.630139844036,116.86684690828,119.831445964052,119.116160064884,117.667536886761,119.013712274088,120.673455578928,121.11365504016,123.042961252083,125.034960727847,124.940416533225,125.222420030186,124.527774001432,125.025221318233,124.626683363097,123.687453536009,125.288873180437,125.086003559143,125.007318292509,125.36002699694
298.82434515428,298.83192011113,296.552798691594,301.911408669677,297.527407828755,300.000732476681,299.547908640847,304.493902819047,297.122069120798,301.719220614783,304.398464675481,305.163672076167,305.741712228828,306.431720963682,303.775244606653,304.794350125228,304.934342769173,306.052300856027,306.003033715643,306.495591382283,306.141334540136,305.929762015685,306.764629832904
216.24823851022,219.619163333045,218.738058779072,215.141109264882,218.668329094118,213.925919381794,212.749245320888,214.997404909224,214.699411998555,216.38289506277,215.885617964037,215.210357045244,213.831125366061,215.215822648469,217.029490272199,215.331375292755,216.744353605764,215.982279605195,215.402139112763,215.727137813991,215.736571203763,217.013431058734,216.151907986515
196.303186628754,197.679681913621,194.040063641051,190.602158411903,193.83595396222,188.750483137143,189.334032422069,188.267486237665,191.931650014724,191.230556250898,192.380334619974,192.123150576425,192.454320291763,191.994161926062,190.910081915166,192.717003148667,192.795303932355,193.044464075838,191.939933791323,192.270553428605,192.764047761999,191.824832047921,192.099889608917
127.762704405663,131.879676176281,131.849827115877,129.621492541235,125.771723262971,128.416123838042,129.339250635731,127.7961599105,128.677404312153,130.475485502159,132.704131445927,133.607194269389,135.128932364711,135.558907018029,136.459110343953,135.13135359303,135.909471667767,135.827437482067,136.778063238071,136.975588919776,136.650080335802,138.152062630869,137.988066546389
341.792896266074,338.002374884588,342.461189924304,339.880324443074,338.859050666816,333.846210720728,336.106952328978,336.269997566726,332.906997872015,336.850754269828,336.314769078281,336.047732000581,338.05162200483,338.326248953546,337.497519931612,337.919404401627,337.37722794004,337.082451418453,337.922362102952,337.193034765893,337.610817025118,337.124154854619,337.656492022287
193.989057641134,192.061681855515,195.330442060596,192.2486104882,192.690467030057,193.78622338895,193.478877424161,193.813630592149,193.422160181749,192.234308557268,192.878322168655,192.431790743826,192.387383981638,192.295485411041,191.885349561062,191.752430591011,192.110882178435,191.288755996916,191.658443734511,192.622897012112,192.059185526289,191.692508865793,191.784355967328
233.19604641406,234.296681411642,223.274682335461,226.346409826239,221.58918026886,230.973397117408,227.906986238965,231.536073910976,229.155038015554,229.729307511809,227.175850221793,227.278561103697,226.201377803323,226.434345267936,227.066235791731,227.238887777545,227.926296747508,226.861305806413,229.458249652411,229.680272863374,229.377346812308,227.871935242821,228.762764329682
261.093795508773,258.843416897957,254.724683390155,257.201357152797,257.746743227526,253.801763544375,261.285960103796,257.466029787259,260.248072950337,261.269324255473,262.934728086708,261.882448893736,264.316097796921,266.600959891047,265.335564707002,265.964648941973,265.92306906884,265.651110840821,265.831455589878,266.05805779633,266.527629886623,266.465630492098,265.976062360826
89.9966767796415,87.1800487804154,89.0600791608366,84.8164777129107,85.7050728821725,83.8767820946273,83.8543728462979,83.5612663149298,82.5791892875877,83.0276732849307,81.9752366519629,83.6673563376815,83.4001213741147,82.9172216034204,83.4813454634337,83.1181377893579,83.034097281956,83.0414791136552,83.6133707228984,83.491957052377,82.7302884988188,83.9703366020639,83.4400166686826
89.2478978473488,89.3585738709408,88.2509641461079,84.0987485922229,85.092398572553,81.4863424839945,81.8843083297545,82.7306623487107,81.5785357784376,80.870147302064,82.3257044900319,81.7542121455951,81.2878596858154,80.5455210092625,81.5854755845578,81.834779120076,82.0816281851017,80.5899337901715,81.7017738224438,82.1060030731231,81.6227754530425,80.5726218972461,80.8001169181786
302.059278729879,299.910188431387,301.517370731267,304.077517865651,297.880220380552,300.465774203088,301.91977379869,303.02209245086,305.154078026712,306.068023898933,307.582439115838,309.040304930384,310.144558419798,310.765075977715,311.633711361464,310.899830950279,312.695640572712,309.550812345353,311.120029128073,311.544793686403,311.64398232571,310.563663076998,310.061234681076
76.992969708567,74.8128212222944,71.6110658051538,75.3159839756902,72.305172451482,71.9128661675888,71.106227756725,69.7103096580025,72.8400067831125,72.1495171746053,74.3301881463087,72.0337575640086,72.2563493443259,73.0567379492145,72.3299221915323,72.5299910700788,73.2714533045404,72.0804055817029,72.0265384372714,72.7112829170852,73.0247983439301,72.2015974488312,73.7158505933657
157.395878240123,157.427697875236,158.034833448572,156.144349284964,151.223498946216,153.495755443235,150.514377977316,148.714815377058,148.779017151696,149.971217011101,151.448824420666,154.434108070575,154.452636044497,154.546873811969,153.064923689908,154.277881044729,153.074926558893,153.999189418424,152.668447778665,153.427300472186,153.995528004485,153.723735156506,153.222347815141
131.319779666314,132.039017751154,132.542687854441,133.514030982485,131.431273421971,131.304459968149,131.111879998166,133.252282064254,131.474007457463,131.159152631479,131.869948601797,130.610492295549,132.040247074519,131.459835071811,131.706956359019,131.3710437397,131.841331720439,131.781875014309,132.272279438417,130.558002095327,131.462177897657,129.81216941135,130.443157551765
180.390085311103,182.612247777168,180.192259199229,178.791779447563,184.496905850187,175.986042791543,177.123990972018,172.502623103,174.664081530332,173.669144226858,172.625269463055,174.99111790842,175.61431466171,176.216602571124,175.31950137173,178.142827555345,176.536644631513,176.851433571379,176.234621438885,177.299157520371,176.589304619063,177.541444961397,175.848769501891
298.80577058344,298.578511775017,300.008257907464,303.776238597578,298.331974809647,297.988087055397,300.965051402475,300.2361692832,299.414565649691,298.295186761971,298.181973987394,299.83056764616,298.233896766759,298.537892459562,298.939204222077,298.317870864659,299.401257004227,299.58154670547,300.050393425194,301.429372696849,301.057218098773,300.886283500738,301.369704740243
236.09792596937,236.799416098801,236.180177859222,232.402011285935,229.04397917901,224.530384981647,229.462479844466,228.662075173989,230.457490558781,232.502327999638,232.933135174416,231.899628746876,232.92362846921,232.850253648751,233.095884797582,233.000253405929,231.777597588823,232.139917703876,232.027489277529,233.364576685858,232.450560159119,233.861218453659,232.29808383642
273.314570235634,275.788787850802,270.549620663425,271.534418086306,271.180582523216,266.815598595435,265.72243354533,261.792129608978,266.616931834918,262.438719984747,263.611985545351,265.834843348977,265.8034902194,266.680138871651,266.179123090116,265.503198690656,263.653666264296,265.034407324084,264.371177116836,266.016448328484,262.688137990275,263.022542892393,262.551223019587
152.792840997974,145.267396443848,147.414464495758,152.204202944436,152.34879632401,141.767461844865,144.599669377436,144.414063266593,146.006912527491,147.30845222474,146.745462476719,146.382741837482,147.377303129759,147.824880955111,149.353608576898,147.527460189713,147.998002549926,147.397091581431,148.922499204699,146.922597900103,148.217994805588,146.921758052617,147.160367232478
178.884782831355,173.16185858493,175.179171939747,173.047849238073,163.252806912336,165.092791038891,164.506928432635,168.063318009552,169.892550754119,170.58260002679,170.389528600718,170.555510086802,171.134936195551,172.502433626392,171.541247727548,171.934888028411,171.570738193527,172.40432629353,172.074102770638,172.030889945941,171.891716624874,171.430970112162,171.275253335247
102.698041485103,101.306320112684,93.8618405525429,94.2293163980866,91.6243808493436,92.4305828110403,91.7407920370516,93.2818661438704,96.0990645469601,96.2313268757211,96.6699460600408,96.1368890376181,98.129865213219,97.7022704858986,98.8892655940602,98.5625694961717,98.714897144554,97.6017931079045,98.3471163477972,97.2752625036909,97.509758332138,97.5830228255235,96.8625326373511
229.95930140456,227.706295646886,230.527983879986,227.511500435716,233.649603017297,236.288347926782,234.210686300188,234.401987058523,233.765504207484,232.310500354209,233.78220418511,234.176262938224,234.922060765026,235.293714186761,235.260455899511,234.559365883673,235.259179868006,235.504156859408,235.257268422585,235.890905094606,235.194713564366,235.485664118916,234.83916352598
304.853990805592,302.789223495866,302.667471157799,300.325654209341,302.412398817931,304.304136169138,298.768323602813,299.978414744049,297.924253270698,299.3021825064,300.10439525483,298.638631387219,300.127300001222,298.624044092041,299.214898169802,300.906527116858,300.594785706905,298.040476122351,299.475587984223,299.881757326649,298.923720382875,300.048955995122,299.677783410379
102.396740247479,102.993963204819,101.905099669735,99.7284055780246,95.8756614559348,98.4654897552763,98.0035214959332,98.8116931471777,97.6509942071289,98.592683918233,99.3484557148875,100.452524272813,100.148450748508,99.7939518115976,100.381712062964,99.7630474930306,100.143206816905,99.8737369852428,100.9143997891,100.401117612858,100.485109216919,99.9953249470408,99.457318353332
230.415861103305,231.488130460582,231.567775614403,229.45511437478,230.573881842644,230.542620768134,230.91342644786,230.549986633782,230.925212573445,231.432958929825,231.125121783693,230.283750355438,230.59419222234,227.992801194175,230.974708777626,230.03054935743,229.179930922778,229.907143663309,229.021528125083,229.926581365839,228.686620274372,227.069650044113,228.365936868038
145.020148742715,148.707767146851,147.176152826536,145.338485305101,146.338817316766,141.495471637161,145.335776092448,144.796276583531,147.359686783458,145.599788497241,145.812984194976,144.539422178418,145.168241065702,145.975005166495,145.942880838791,145.612866459119,145.931049455813,146.156033303226,146.426063800165,145.37299396666,147.123354483305,147.020503473137,146.938959834362
168.742099632357,166.220866372371,168.857311198155,165.751256678892,168.659007317309,166.214639478792,164.315866214005,168.340072221059,163.505874956299,164.697052992049,166.479723460786,167.755267816768,165.46143152401,164.969841670885,164.730535462449,165.130107202292,164.019958072545,164.752322479681,162.125247204007,164.499904723421,164.95187364361,164.365878113013,164.711146297603
203.373283241381,203.148939460994,202.419312762615,202.042104229926,201.230560406369,201.679578716541,198.337869837269,201.100302176304,201.559757392592,201.051447452246,198.962916450735,199.824192700865,198.380113356528,199.755501992638,200.73209686998,199.626044277479,200.569103973585,200.388112970131,200.399033763242,200.489886674938,200.515170505415,200.449370631835,199.377432261892
157.895702310173,153.397230634467,149.456564648916,144.454555587019,146.325091626321,145.746653526489,145.813884497629,145.003173069895,143.075350115551,144.976506358094,143.003132562049,143.743515081858,143.448173837259,140.948848798824,142.987735335106,142.316032632139,140.550964381652,141.261097063715,141.753407981709,141.527601819792,141.860712986528,142.523809575383,141.611741967256
165.171928333828,160.217767801273,158.143948368124,156.01188840303,154.292810901607,152.075509339918,154.838735830869,154.757842663923,152.873251857247,154.233677617791,152.478663785961,149.594946116031,152.174399972459,154.046208502474,151.330028273456,152.167855707987,152.197964875329,149.477850959165,149.397275501307,150.401173678891,149.343044999347,149.585177988523,148.554546790576
481.002638400539,479.463618192624,479.619093317458,493.38981039419,474.872148186208,479.656118139401,483.556255083142,481.581522202192,481.861232558596,483.535928682456,480.483589367952,483.177303478964,481.607350145165,480.71501224946,478.577784502241,480.259006328116,479.784402517268,481.961061412069,479.955596997608,480.305580419,480.511393834191,480.633422426592,480.157089451632
481.802038459895,482.747594459364,477.762466927577,481.210217727411,485.427921430387,480.019319755312,484.098105555433,477.224571374811,481.98739603982,478.030993268909,475.423707551853,477.419333486483,478.408984320642,479.616845080307,478.819998191645,477.926793090249,478.245637632856,476.798066195469,477.566603915084,476.592215701694,478.208244958696,477.750071085332,477.634681562515
150.308788112394,146.676940635127,147.22511671929,143.931172150615,141.312629116939,142.808666302646,141.990234100261,139.504488712447,142.129454655918,141.011996938158,142.004575432582,141.146255186103,143.584997734512,142.955525291782,143.236490144443,142.760339597462,142.479542459557,143.041541580719,142.338424492255,143.024286172908,142.374017141866,141.948269695107,142.192778399224
223.272746254107,222.208155328436,220.695724032043,218.95091771453,216.442228280583,215.67245329821,215.001567440886,216.577438272399,215.724071131374,215.562783143394,217.634280759169,218.661591249518,217.745601910103,217.781589659887,218.662740972756,218.534843161471,218.413449217478,218.066058223345,218.562521522409,217.954857326114,217.829745033525,217.951615702971,218.796616314847
294.393734552369,291.697510767773,289.665340888406,296.8660936896,289.121465954343,285.82503089912,289.328155938945,290.054514668783,290.101305489519,289.769589592428,289.911402173658,291.846425578903,290.419381373715,290.832448543543,290.941980199884,290.572645291105,292.351206106974,291.518365363105,290.842746728644,291.741352898738,291.096402275401,292.707470458783,291.248827145635
215.294215063295,215.491951471549,210.666520945397,215.932041150714,212.124632921105,207.903409636093,207.71721131174,207.418889985284,206.580100075469,208.875721464375,208.469642048339,206.918527798548,208.487510654559,209.38602834519,209.861902322473,209.799097633486,210.769165741649,208.511216774446,207.979401074906,209.217986176148,207.94305420842,209.126358816915,207.960317328764
156.351197909373,158.033540941416,153.293105109716,155.921003565018,149.30027093493,148.21115613435,146.41642055465,143.419822728199,146.377419880579,145.552498275106,148.766704970393,145.303290043814,146.021807300039,145.504911228492,146.21182612544,145.340864860549,145.401077533904,145.762137195047,143.959642314054,144.56176114152,144.82878948903,143.230315255481,143.351630336302
281.491308968722,276.31746135528,275.217248561051,273.550288737773,271.367688169898,270.903865904881,270.965121936853,275.846920783691,270.677657752859,273.87415371194,272.954688566954,270.649157105942,269.9387752738,274.355765264639,274.07215628029,274.279552948621,275.392003934832,275.096285369525,275.433001500338,274.845584454922,273.894261940601,274.791019478332,273.284392260232
168.228284218056,168.326669789526,158.880788938087,159.954143650861,147.412943959076,145.846999711197,149.854789632362,150.270821481359,142.960440934088,147.626405535561,143.015854289513,143.114782496751,145.048724004257,143.023664498101,142.601446019098,142.713379251007,144.135457230625,142.772710904933,142.928761925153,142.506007375353,141.609206375598,142.318343131776,140.028274837508
216.988733183623,213.990888831695,209.406245047795,203.863985524093,210.122090431662,206.324186706677,206.222758579937,206.636844289614,207.31647857379,208.591543498134,208.731792233476,207.193079148566,209.136355247915,209.531766519293,209.7285721089,209.673874100596,209.597749140819,209.755883973388,209.620673462604,209.547424658624,210.328012437683,209.220765801661,208.8398917214
205.08628814444,206.47088306287,205.596817615048,207.27910337764,205.341654628255,205.835463543341,205.804221402844,206.06579940909,206.196530487721,207.158394374103,206.524243020146,206.882114893525,206.930873473527,206.626288185653,207.422563001825,206.846640269559,206.925843356028,207.109490403316,206.437373821706,206.951815859345,207.347985156386,207.696076219255,207.78888735446
166.43059657649,160.501815141699,160.64015621663,150.826041358233,144.961410514092,150.653763652485,152.599670286028,149.565401842706,146.958478093592,150.302669278605,150.655685965095,155.134592085678,156.166555712431,155.468929957279,155.655563581944,155.256311738632,156.234604939944,155.519359128338,156.565128693297,155.654415638802,155.578530165634,155.02981681286,155.116890808616
174.481031977821,174.361351394844,175.934561533812,175.103002674441,176.509172383622,176.837763177725,176.271382777902,179.069455477266,178.506287492468,179.880883110709,178.667501757765,178.155967895503,176.576192587694,177.736583270854,177.204194942407,176.945603955637,176.301124298799,176.313472291838,176.026558989474,177.062877515499,176.311037776814,177.271738627294,177.138328168998
269.822277903985,270.213968510572,272.948539025472,271.76721177329,273.382730947025,273.867765567685,273.676016194358,273.297812440964,273.884618041902,274.878265015397,275.121186276196,274.782780145525,274.271647557933,276.005840918577,276.318788969045,276.343210111654,274.364285083607,274.699504233132,275.08248568304,275.831047312303,276.036273169056,275.894986140289,276.778944887331
215.212765611296,212.973790727518,208.594340678827,207.39610773698,200.274403111043,202.575618091265,201.823870280357,204.218901704592,205.321720125576,211.760325882075,213.610014736472,211.145615951205,211.253850019692,211.146738301895,210.651421139307,211.396011085874,209.966909438455,211.120505653551,211.132120869908,210.533081821122,210.839209680987,211.237234905938,210.291566215105
190.169212756283,191.978521646592,192.252865267609,190.946550153081,189.002055270728,190.459397147857,190.343708491325,189.613446872073,191.832963393904,193.32211585127,191.879754244371,193.036871240018,193.704680949951,196.216143964695,194.369064895778,193.700906711431,193.442636014918,194.720765632954,193.633771387141,193.878582029087,194.750907898125,194.547890076216,194.080833589017
335.974255385859,335.439822273629,338.26609392364,327.013730152367,329.904611048891,338.543861037769,335.107013301755,339.276288935115,339.790620568156,339.594224406308,338.391561862061,338.416128241269,336.749218171419,338.013397216832,338.012744786759,337.435601678927,337.678839261214,337.055807269527,337.356912437795,336.613402153378,336.810687412175,336.318753721237,335.13604109769
218.019302464757,218.182421756355,217.205066881993,213.236059429577,215.204464374113,211.163561633453,212.03808722751,213.461025600569,212.29207155924,214.306403622783,212.543515962319,212.786830422202,213.279201039487,213.328232029886,214.223733812536,213.18462181504,212.863440392573,211.79206557234,212.844237190743,212.061097327882,212.808117172093,212.543894520273,212.883194280263
165.63181076157,166.539641385534,162.699596736013,160.069883406211,160.175967585185,159.53011233824,160.569074095153,160.125172885251,158.644350638328,158.174601929524,157.062419734446,157.711762593569,157.731223580877,158.062487248682,158.118517940454,157.763629783159,158.379382879389,156.423251362442,157.365564482062,157.150582837707,157.181003232919,157.183310533882,155.987789801497
146.510394274666,145.08177106633,149.739832289829,146.784615758568,140.305413174908,135.782690471487,133.229346913619,138.246750191136,137.136163539488,139.203162028944,137.833349208492,140.19834420671,140.997724493528,139.619790414883,138.266781328267,139.782614404358,140.155186404145,139.781000959147,138.699727434854,139.80543837822,138.192633761519,139.370706673657,139.973464546146
