"V1","V2","V3","V4","V5","V6","V7","V8","V9","V10","V11","V12","V13","V14","V15","V16","V17","V18","V19","V20","V21","V22","V23"
171.424190200948,171.422565617669,171.422302667845,169.700400120013,168.086318511086,167.618298248075,167.516344788879,168.358296018575,168.251827535494,168.444969055784,169.430140585409,168.430832157509,170.05850923394,170.295584984786,170.214832834434,170.376124318162,170.539019309001,170.64748800836,170.692698509798,170.598035997691,170.566551924424,170.437594328928,170.544797910616
313.18046778638,313.177783934777,313.177525399089,308.710012858515,305.541417608779,306.31331022733,306.746853337629,307.744802180019,308.76317834989,310.590930035577,307.703878109549,310.310428575557,309.474600531978,310.758428569391,311.219558343158,311.170896436938,310.904521769682,311.050322360323,310.978010178038,310.898762738039,310.809301183488,310.644601536106,310.45026253406
330.387096861565,330.387227389632,330.387078607515,329.227673656263,327.921369729842,328.78426012508,325.948820451227,328.286434005726,327.125887368088,328.090533986549,328.038660577734,328.409505888945,328.829552945253,329.451975022758,329.689023961376,329.638878726762,329.559489473252,329.740142617668,329.740103623157,329.681155347547,329.673287272488,329.489200644441,329.585836455904
465.088812324303,465.088930692771,465.088254444723,463.848707265453,461.252135972744,460.765586575346,460.220458662295,458.507062095454,458.99414705215,461.135892033731,459.794667196163,462.111882807218,462.134599687484,463.332762203238,464.210161127552,464.105544735939,464.305987213322,464.070259315517,464.236163531891,463.996144664242,464.150204530694,464.092293123722,464.18394751522
464.722295230914,464.722135726471,464.719544707336,462.385222844083,456.597652775352,457.496675780611,458.979211431301,458.04396372745,459.481698512291,459.879021338949,460.837362456271,460.88550954861,462.14540875262,462.114929610237,461.964980761431,462.66150440713,462.441801026149,462.544605918956,462.48059674978,462.597891278242,462.45291441159,462.532683406937,462.166613348336
375.413127930168,375.410348661758,375.409557537811,372.203891492856,363.755864027899,364.877209465316,368.623130718292,369.793017876632,364.588935099137,367.132558677412,368.576696779824,371.167778206724,372.143360052209,373.407938884572,373.588729570436,373.911839267922,373.058239573086,373.667805746622,373.69729202012,373.874992550571,373.631447800686,373.671201399097,373.503610298867
175.678590097897,175.674703387015,175.675091381997,174.649155815686,172.04288639022,171.456464803,171.531763253348,170.740252075015,171.313424427872,171.238823129048,171.494820448844,171.387840096297,172.35325747549,172.896488147582,173.485557284627,173.113664083507,172.774966522557,173.276140182496,173.054101654978,173.000450947691,173.064560134285,172.973035767287,172.900781151502
505.730731047351,505.730412701531,505.729599524151,503.718717707818,501.070879532087,498.434424747073,501.225170227336,504.443738485468,504.020122549372,497.529097156638,500.813714801663,505.037946024649,504.387810929838,503.727459409271,503.374682273847,505.838504753753,503.009254992064,502.362397191915,502.715642717493,502.683192368527,502.55837143244,502.222097010705,502.146417802316
209.320189095623,209.318129896451,209.317135944876,207.339322885469,201.559704477809,202.706485799719,201.793289965485,201.333835898391,202.025114108791,200.603584943028,205.297491200734,204.117528832324,206.222348965872,206.198841043482,206.288871923162,206.983779894495,207.375573425607,207.374410217221,207.325460915592,207.234089522207,207.231873487181,207.197564746,207.194068495152
557.924205591406,557.922218433238,557.921307653293,556.936824941744,546.192487525439,547.749931320924,549.477022245272,550.086170895394,554.005153139626,552.510229477954,550.717829847778,554.278356532209,556.70709247319,555.453280469585,556.139406273972,556.806842120978,556.759594373955,556.981699556489,556.554463435424,556.569033835966,556.762196192482,556.620089814981,556.653645122011
204.363486118374,204.36494649582,204.365388966426,204.449494370873,205.328296006191,206.815683224489,205.76021208066,206.195814710064,205.010372532773,204.784808456055,204.571750943897,204.61343465085,204.224706566436,203.791182959759,203.793840893021,203.846734052669,204.14227372836,203.951342251881,203.820050731792,204.013226213373,203.918308953603,203.891563484765,203.886020121029
246.941644123772,246.940546598187,246.941290989009,243.568728162891,241.333092498744,241.45122405963,242.953939546268,243.765673141049,240.775784128533,242.705893232955,245.998609658973,244.975007630547,244.687192899618,245.861612486674,245.908149628619,245.153602007961,245.863686018478,245.821274159052,245.911733998867,245.855918064903,245.539547864152,245.630563217827,245.431140736913
102.174833900053,102.174249483608,102.173906370556,101.729258709012,99.7917053846105,99.6788262137875,99.6385374387888,99.6171039578365,100.651667177674,100.022589775778,100.788853605806,101.653631506309,101.525792485193,101.464549099772,101.787034883699,101.774377742463,101.625810715244,101.640672673589,101.636771909759,101.637243197883,101.572830766405,101.584672083802,101.577855123351
340.25380827772,340.249998818914,340.249555937903,339.126649415675,329.109328322799,333.695757753286,332.343802756671,333.750446406701,334.289006446526,332.763824219924,333.834242000506,335.544824582339,337.727634445705,337.538353110368,338.772424935908,338.669853909954,338.219145482534,338.312712729075,338.161002354614,338.261545223698,338.301087075362,338.248478053359,338.012079514138
544.016168332807,544.016187764729,544.015881553694,542.962345919341,546.936574930342,538.728847645758,540.133351108551,540.486863376876,541.37648807592,540.267111225574,542.845555730237,542.737880952924,544.507593528669,541.136022886808,543.920624274851,541.217228944792,542.764758083906,541.556093127233,543.199355601535,542.998766396972,543.371895737671,543.224794646605,543.092899518574
191.436169817596,191.432331394707,191.434269645509,189.931787851447,188.392914722327,186.826832741331,184.61502349715,189.422674250144,193.784738756455,189.007192076818,191.337795650631,186.744152938371,188.669208747041,191.083912046419,191.325241866357,191.59198475978,191.651182178551,191.698871850786,191.524304733898,191.552964391263,191.614036467038,191.608104184938,191.578198721487
290.847863567598,290.841740294653,290.843142797374,287.892694410948,285.915094766821,285.99451548282,286.898698355,287.429747625981,287.736095102844,288.714623692947,287.449762560941,288.227490603827,289.561429783784,289.676990726911,290.274459230791,290.215205613485,290.192934817401,290.111262149797,290.019161918636,289.962173691276,290.001201126838,289.922917134091,289.656065651765
709.773835608363,709.769603113658,709.728880133209,709.26847816695,700.34655642286,705.764873385428,705.408812931366,705.629080732177,707.818982173828,710.217554973945,708.465600483982,710.456308846248,709.956348063183,709.652542299212,709.948273134097,709.868483779577,710.229292177501,710.095053577632,709.924745389917,709.766258953963,709.921729167741,709.531673756946,709.54039180696
362.7120583907,362.711158185546,362.710065899912,360.362114059101,357.199722314312,356.317022248744,357.813666203251,355.762973094863,356.598075852167,356.628344015679,361.89490563951,355.455144127395,362.294033549475,361.664692938193,360.160034669939,361.863311795296,362.132762303561,361.667062104071,362.098712232677,361.408261349722,362.023118058369,362.047297803654,361.891219802539
155.088087813872,155.087938641889,155.087752247885,154.756335751021,154.269022302931,153.341534718857,152.302544203871,154.538624301318,153.085618757043,152.717162792756,153.38391246594,153.672969218929,153.934854191012,153.737951290256,153.575281484248,153.402852814599,153.348518099568,153.356883767988,153.48832485719,153.364023383064,153.371569959235,153.257183965339,153.382494690659
455.974834785829,455.973110306854,455.972380612163,453.157628616987,450.42786049096,447.969485136565,449.965618190172,450.073273224012,451.923785554279,448.304586155464,453.544740283856,454.967582981698,453.563053555634,454.217788816574,454.493324768901,453.975152335606,453.785506876589,454.00477897159,454.074076228556,453.852193425542,453.812949238791,453.784560293746,453.518120040942
236.357405781895,236.353781037086,236.351258579677,233.330391324135,230.645020305507,230.2079237481,227.111227803438,224.070952762342,227.104897563262,231.169783290337,230.436194498903,231.785138843492,233.555611819327,233.738075568249,233.511635896165,234.640035888913,234.775301897716,234.662487527077,234.720220671666,234.635498145019,234.657311750339,234.573643052399,234.50415454779
282.063142223089,282.060518655904,282.059076323174,281.544425785689,278.829240582112,278.123119514006,277.05165289455,276.02607631136,277.634651319423,277.653939911191,276.858397110174,278.904890912721,280.101873635942,280.492461661037,281.244575525402,281.300885763399,280.639596840943,280.867550876953,280.9791539912,280.853519035043,280.808921281271,280.835621264696,280.799498373901
296.127469881201,296.12500527466,296.125107251438,292.309656565361,289.2805359192,289.234269444997,291.416754241896,292.527285475104,292.940258144621,292.652832670963,292.557022597353,290.064234722348,294.245434476595,294.279520197661,294.240624857641,294.214811563479,295.088668519688,295.233356074302,295.041280744574,295.052282539204,295.036140737659,295.148685392752,295.10030774065
423.335117135422,423.331167433833,423.330787135206,419.97461754417,415.126179899197,412.919028071331,414.64494005158,413.970571327777,416.12316943419,414.4489186063,416.900216180718,419.909661277586,419.62778688835,420.618890429145,421.627122814593,420.696039747423,420.768948451229,421.372931597822,421.412379961086,421.351007749584,421.295363318977,420.930409799731,420.880038089961
212.827025231853,212.825650665862,212.824053325081,211.468883553983,208.51442536351,207.836484823865,210.295389171474,208.143124714725,210.591577839484,210.987764139681,210.311772074215,211.149012901859,211.601724813905,211.015938250938,212.020270281163,211.961950109625,211.403805114512,211.760066192024,211.938710044288,211.957528028889,211.963584246003,211.889995784324,211.961976109536
422.063567546581,422.063350933916,422.0618549286,421.261527935513,418.820598848927,419.901080581513,420.949710247326,418.0092101696,420.711697821199,418.825761804324,422.368720333616,420.404517392643,418.857604566283,419.944842915917,419.714956678706,420.391631903753,420.343175868534,420.386717732079,420.495109702323,420.213036858514,420.223937075833,420.264561203647,420.137889298827
253.260360604914,253.257324726615,253.257479609024,253.021000539325,245.158443523963,246.12644654046,244.480824525628,245.793370239743,246.146744867295,246.66382134677,246.42975050861,247.684544617926,249.767647739325,251.352063305733,251.923071115704,251.82175502629,251.839661531027,251.996559227007,251.948827789102,251.949190152632,251.982733716598,251.885555702216,251.924029266335
602.854760920482,602.853302116385,602.852330631947,602.884022397921,604.340399394304,601.218288828393,602.804612291953,601.37914364904,600.625977582466,601.434004410458,599.955774996288,602.569221733604,602.399476185412,602.059267199626,602.841071725841,603.112665047129,603.015358668043,602.925528347543,602.840430140299,603.04334399476,603.095784111084,602.985976023893,603.013102364699
476.90881636098,476.907755324649,476.907272387456,474.565199369463,472.725498700874,474.103440682644,473.302390951499,472.867290015845,474.50661091623,472.721835024865,474.70579642377,475.331620465554,473.565442556966,475.903429268443,476.239372988752,476.829399026059,476.692295531719,476.584746855932,476.556153938469,476.460911221316,476.58521035999,476.420712119183,476.460910167872
360.732151509359,360.732324432192,360.733544898955,361.153830135682,360.874958045361,359.319408930024,358.32258845767,354.336643078675,360.089035753297,358.285828798393,359.268194079459,358.894419441601,358.88467835166,359.390225321297,359.446286092547,359.466999421908,359.686010116439,359.468932030454,360.01296214919,359.537386112779,359.51189607861,359.554503541743,359.746007813074
383.560088026823,383.558191169134,383.552573656288,381.575632711576,374.452853766728,372.447472892789,374.397796210365,375.626838017135,374.651449363959,374.711990200856,375.594699562821,378.069889385079,379.666442580868,379.413471989113,380.387097595359,381.043907771181,381.066723673235,381.053902670646,381.108339783039,381.009643106524,380.77364043964,380.828447056853,380.512674940499
275.161607777121,275.160512950825,275.16012823263,275.075265481938,271.570249567546,269.579293221254,270.41062867625,272.27920888994,271.753369589199,273.029912340479,273.346341025979,271.512789044699,272.754630171774,273.397056067429,273.021500264391,273.146999596416,273.072284462172,273.277539087643,273.061309883782,273.158074693985,273.254840102397,273.24461217316,273.227217814108
234.646990322829,234.646341783103,234.645069559704,230.997159023243,231.230436590709,227.548788857453,229.212577139161,228.24623818694,226.681742418882,229.266728616436,229.603680743614,229.430362004036,231.424235339954,230.592176109254,233.749689942009,233.710748958092,233.213148128866,233.73257631756,233.686969448137,233.620574556087,233.741627330959,233.553862709005,233.651086505738
329.636319945696,329.633669392661,329.632681533134,323.18260556482,319.380144633796,320.109352748656,316.973255626138,323.574332665356,323.480364622785,323.669507111742,325.034540856577,325.833481494205,328.013036598657,327.479993567108,327.650527717461,327.308145811557,328.3173358891,327.959422942357,328.147157045393,328.199542701341,328.215890695154,328.230982428828,328.146104521892
305.783229280498,305.781888189485,305.780150331712,303.163138238157,300.975802245574,301.809907789983,302.701853249174,301.524013148003,303.381312034484,302.065798503042,302.183850073724,303.355958567763,305.431451232405,304.026011360008,303.929227788509,303.23233253208,303.253608147367,303.424962603484,303.668679091486,303.329935980991,303.367366310898,303.533635690916,303.465585037937
288.202620407912,288.198828050921,288.196942054389,286.010242418725,280.525597471849,278.574885487092,280.466553442635,278.989914258471,280.777943794974,281.590766536965,283.380633219551,281.981854217863,285.557183367441,285.470063030328,285.171784681134,286.345661012574,286.032796142824,286.019778046703,286.274307070447,286.277546096675,286.14498108369,285.915127664743,285.904418284059
280.372907530098,280.37107925954,280.371216731965,278.074089020862,276.744357508372,277.438072830346,277.444449495202,278.945038478885,273.99963583846,277.934457931644,275.925466572948,277.721199059934,278.591281359245,280.183016725585,280.056864114322,281.633468963194,280.183963913982,280.268965979071,280.53131207958,280.216608257342,280.142532451393,280.27176328262,280.164837474418
452.053335246334,452.052802354135,452.049594185218,451.649211803,445.644077758986,445.767721216527,447.81448695778,448.400531058964,445.95046828335,446.701331678423,447.753178798886,448.576743362375,449.545434474717,450.450880099862,451.489984296445,451.218716524429,451.364671676141,451.189093575342,451.161011819368,450.302751148358,451.218224902422,451.010021592407,451.023068010021
356.943661248644,356.942376846335,356.942241070994,355.946292034908,346.864182339705,347.609669082779,349.066528880362,348.318271191585,351.617692052055,350.35397996439,352.856297530923,352.125388546479,355.058910535579,355.232415906953,354.733331922417,354.612854668894,355.150916999522,354.749964232146,355.447222980161,355.22558133578,354.956091406419,354.689752038883,354.69067747704
252.807499612303,252.804624846928,252.803965416737,250.721135917119,245.59732973908,245.952032307784,245.151698723705,247.70993836002,244.691937570749,248.133728808733,242.924723089226,248.147227477107,250.278571704675,248.540733157379,249.985209320046,251.225354983553,251.193686106621,251.357330545565,251.164041028502,251.377163443043,251.239530505365,251.355946686577,251.264895024854
761.980446234877,761.980279247994,761.981032018943,762.565334409864,759.58387914954,760.4205030604,761.547097765833,761.188392207743,762.843669483225,760.363656904799,760.927628517124,761.194001311806,761.329468896236,761.451652244978,761.52047798671,761.452661750583,761.485497475829,761.614268608013,761.457960971637,761.551633202872,761.419101202193,761.5586480201,761.577653516272
685.990879062218,685.992082615019,685.992908519645,685.67215583227,689.078867321413,690.0470339108,687.762181885315,689.9358049601,686.567219790567,688.111147422669,687.894243262839,690.478436445856,688.838720523947,684.754868926011,686.360747262488,686.953300026203,686.210944743283,685.582275163577,686.569802896789,686.216538985091,686.448656520991,686.512250966375,686.401915941142
323.088347441602,323.084129472163,323.08435332966,321.71322809776,307.220030757967,312.781355784243,314.015513348767,309.757349192758,307.254679889748,305.492199816095,314.302100347847,312.114176657761,312.144833137973,314.343537684028,316.414776528878,315.029872658732,316.569342237545,315.534422498455,315.209878885216,315.552017010999,314.889946131472,314.04523074177,313.718635326156
319.284166876728,319.283981416226,319.283164585348,319.137341941856,318.049403770315,314.949589655105,315.892970517143,313.809593814416,313.952622350837,316.208990341639,316.608523554513,314.985209752961,318.74239661326,318.285513545607,318.57417752684,318.875541758911,318.569709312528,318.807918569614,318.662863820696,318.75902588087,318.72482239675,318.715646972313,318.752842603467
229.921396658671,229.919377604258,229.919438453422,228.127987539933,220.819552124668,219.46029530275,223.196861473764,222.502358016838,222.126819483136,223.407263479544,223.83338092298,224.931413812682,226.188609395491,227.433338345198,227.294778611188,227.872947212295,228.132502616854,228.145019779635,228.037245057033,228.204347570557,228.052525641377,227.967053545948,227.892997471721
530.236432870775,530.235934953284,530.235957597688,528.786818192923,529.497375943251,528.480610385895,529.396098021042,529.302322096261,529.834559802371,529.485423276629,527.673138839574,528.353865738828,528.681746979053,529.431355289012,529.784133719715,529.867227833504,528.905137132198,529.831047710704,529.820167058008,529.783566197681,529.883259034446,529.868573574158,529.831923010081
208.702652241634,208.701759047384,208.701326116544,207.873693591479,203.734882539079,201.927966324964,202.709774960762,202.017555648675,202.479377697247,203.952685426398,204.730322552348,204.823946638494,204.659001447923,205.30277873719,206.477380742647,207.537367134053,207.410992669241,207.381410164354,206.499381033603,207.078804841572,207.133215035768,207.041919069479,207.122087744307
252.494058332289,252.491283812049,252.489182850467,250.975921970478,246.884222475059,246.192431693427,246.58058535762,247.342100994924,246.179441784809,246.927977023185,248.181592839989,246.459506053084,249.460442415784,249.611720845251,250.281533059879,250.753786100686,250.737575342559,250.615994561188,250.496860037018,250.747840806928,250.596720868445,250.608545782946,250.452421502296
408.394664751625,408.392891717486,408.391523762114,407.062884305719,400.102857618626,405.519846223966,400.805121536984,402.477939156196,409.87979422034,408.767480850339,409.512632018983,409.119400354762,404.948241651072,406.75403287471,407.97518291967,406.809960256298,406.75477965665,407.586342555713,407.492759416711,407.331646018288,407.62040120586,407.509633180821,407.81389763134
267.643847395494,267.642087791119,267.63964707816,263.268991590548,259.98091173309,258.482602571983,260.895843252351,256.41018214469,259.369547629473,257.225916502677,260.739225709007,260.641439425968,263.868465300545,265.699126870313,266.796486521531,266.976512173858,266.944602778765,266.68660904655,266.993235211251,267.017886815809,266.969324841869,267.134388494049,267.051445983097
380.496015116726,380.489969761162,380.489709977096,379.39369924077,372.673271815521,372.910810489959,373.089320773595,373.123639187122,373.20065941777,368.992757547331,376.015085792553,372.024676333269,377.733202707016,377.726999028593,378.717484172726,378.80368232191,378.624224630517,378.562787361903,378.456549818626,378.579855246951,378.435646637783,378.07786736575,378.141601389962
388.337746869185,388.337058924691,388.336873956169,386.571542713428,379.023616648801,381.419704670761,377.560806076642,384.008999021737,380.721539504707,382.753642726603,382.455808081102,382.354425963952,383.748573717739,385.087543523604,385.88149400766,386.506046536091,386.446108378317,386.272451204672,386.32857019835,386.323066088504,386.401100950556,386.137439553993,386.278331639946
237.478021505134,237.475607293733,237.473773836449,236.094192456116,232.483130544074,232.285663851629,233.790405359391,231.529384402939,234.225291407386,235.045494072296,232.630048831217,235.003828608539,236.075669776851,236.670864717596,236.158973735458,236.651785368891,237.366574393325,236.982196612699,237.104630619088,237.010700701289,237.089900261344,236.946394896796,236.997071535485
433.411971331328,433.410507484936,433.409778920985,432.061536640147,420.554615518926,416.711162518028,416.396584432167,412.753184364432,419.092190045058,423.080521863005,422.484093033174,427.270397243546,427.419400142945,428.934842960875,427.502154616926,429.022769909834,428.159092684471,427.924339659817,428.325111728207,427.78347496515,427.449671926372,427.009100375037,426.707037979915
420.795896103922,420.795711960048,420.795178031415,420.206459376337,418.914772843442,418.273244390026,417.599947563142,419.722519755834,418.631734507409,421.751913953162,420.061231362975,417.660273231683,420.029315848914,419.708140560951,419.652424743059,420.110448601098,420.303920594195,420.263468690406,420.279671481556,420.262864729625,420.269318994688,420.260194488227,420.286093811366
327.699946586608,327.694375139101,327.695654231511,323.951510336841,318.144008658304,318.106715597497,318.688386675301,316.187361620862,317.934031909588,321.065485601332,322.739742684164,318.468710633284,322.180469267067,326.619622697061,325.858875482842,326.245358331299,326.624221312532,326.494314493172,326.426441888141,326.133885134974,326.331643217313,326.209565233073,326.072362895362
256.907909212471,256.901760668843,256.90154661213,254.991198962804,249.182212435719,248.69766381276,249.047598978611,250.821515799521,251.052111363062,251.738248805884,253.535317235676,249.944866911208,255.498085069454,255.095806128144,254.924112813219,255.25408402088,255.364396280398,255.173599453742,255.235378448183,255.223890137828,255.365640794042,255.2037052793,255.192810637345
547.268048268366,547.26797842653,547.267959139921,547.992518425352,541.102450143326,536.86269403515,538.12809331346,540.949834502696,537.015051003351,539.895394503816,545.754886985545,543.363887393878,545.445206167612,543.758234079099,545.614899113996,546.674659022031,545.760685308915,545.366529192143,545.048313796233,545.578023310606,545.416235812275,545.066910399658,545.250412093055
136.957528630536,136.956655931585,136.956800687955,136.106275151316,134.881692785068,134.84399966768,134.897280648102,134.629959848507,134.255842060882,135.072522992005,135.811203693899,135.430685693761,135.629738589394,135.822362981262,135.930899483943,135.704291382383,135.878134816742,135.84990775642,135.727307904351,135.770374233119,135.851295062818,135.780160668755,135.701159760551
477.32761232424,477.325256823213,477.325194615344,473.699646816444,469.902311398332,473.053948227045,469.871322342629,475.520774649086,473.551213742682,475.427916326256,476.04093029198,473.758586120626,478.0017738466,478.372204211793,476.349709134502,477.582722883816,477.226181118327,478.237416462636,478.081046301829,478.055935154961,478.563236011022,478.288887039181,478.608766786365
304.997699135476,304.998360922249,304.997598117483,304.293851905395,303.284993350995,300.578391420381,300.742754024882,304.308509998267,302.724470947483,301.697629691653,304.867099300126,303.814390082598,303.050873008579,303.982668071125,304.315561613707,304.064068082432,304.497332487385,304.485520382727,304.548815388571,304.430685726667,304.467074637413,304.370641950332,304.378758046008
405.396306996341,405.393945263811,405.39437480385,402.692395906566,398.805730985466,399.36630150748,399.192821537218,393.295975936231,397.940201179013,398.876327056426,399.865388336344,397.418066729378,400.859325349979,401.730193586403,403.206060452099,404.052806332599,402.865042080408,403.925700945003,403.592839574214,403.931841154496,403.724110093039,403.663808565847,403.556323499675
319.265216250715,319.26088541982,319.25974796896,316.04762338474,310.412610515252,310.405390476898,309.379329579924,310.141155311106,313.555334263634,313.078147182689,310.188678141683,311.28204406437,314.55377537352,317.754228521479,317.010119408125,317.961658796442,317.854461695291,317.741707299211,317.822649557793,317.934062618936,317.745933355381,317.732739770012,317.525277427843
302.292235239394,302.290355353406,302.289457508733,300.91552305254,295.825558301943,294.047480412874,294.550422551072,294.494224470277,295.777431062452,294.682843105803,298.299115598036,297.989599041455,297.845544363343,300.386563784865,300.868527242156,299.891884402189,300.575506839897,300.689509904692,300.664788206449,300.630812515878,300.591263400196,300.637953674705,300.545294975155
560.628031817963,560.626548310905,560.626251286031,559.581257652891,557.641414229308,558.6101401776,557.140708268076,557.078334114491,556.628847304968,559.891707144285,560.23888617319,559.226944238465,558.640590090033,559.258651549916,559.802772757613,559.663424888648,559.802662550371,559.302552933119,559.714529216861,559.747285518726,559.783645031377,559.719035889746,559.821118313328
199.313910360598,199.312779745731,199.313117049062,196.509024553573,193.489500904591,192.259775475473,189.015739529334,195.609443445393,192.541699753303,194.857023391336,195.444184059532,195.516999459581,196.974932011468,196.819672706435,197.507922847622,197.025638094854,197.590109233522,197.527205850872,197.29093669051,197.389858689916,197.306163330273,197.142999140334,197.042693080651
237.203689854391,237.200698813932,237.1996430603,234.993005078941,227.619276573401,228.60586419562,228.843260713966,226.113893938065,230.103604872477,228.870978301515,229.592726081984,231.260551199871,233.411360199709,234.064735006698,235.235253986281,235.288193947449,235.175881174451,235.150643647581,235.061832585584,235.161845052818,235.063224991781,234.92346649539,234.903114169148
328.830658140295,328.83083778382,328.829165312489,327.344062021396,323.828212629603,326.534232896732,319.878700173335,319.568074660995,322.540021277066,325.497165791466,322.604068927641,325.058599873987,325.206789454537,326.651046363493,327.034604015615,327.126555761434,327.541977700248,327.062237128002,327.019409852173,326.976836920294,326.973523670165,326.899759879445,326.919026362676
246.350851309066,246.349318300811,246.348754846758,242.963963440584,236.231333263336,236.100469081611,236.444317198026,239.201901072862,240.157317589545,237.651895425119,241.026893649727,242.15106934189,243.042692372271,244.890021803679,245.11902674194,244.200423872714,245.171829236026,245.134554506435,245.184892177525,245.117509828242,245.027573098801,244.996157894049,244.990889676819
219.268191058798,219.263815121962,219.26139440715,216.540950424996,216.175693229027,214.152141201861,213.867516493908,214.087093216011,214.964548021702,214.266426301743,216.162847044935,216.752665990772,217.317972812273,217.857784321474,218.53470778759,218.254804777205,218.515546763022,218.545862120627,218.565365010735,218.405144766029,218.47560489913,218.382313207473,218.365769829314
94.9993135870044,94.9992194838312,94.9997135661155,95.1013150574236,94.9807514469767,94.7147111119868,94.5748855773208,94.8785180254465,94.8194783248398,94.3646959920791,94.263820024003,94.3064413358476,94.2742515440121,94.258833486991,93.9519854501627,93.9321686885659,93.9970508488864,93.9301975356917,93.9643205778149,93.9648916224455,94.0133009586708,93.9698091358516,93.9954359665261
316.39072903596,316.389987843221,316.390750977731,314.696270203022,309.55023240943,310.019346127733,310.248096616376,313.825062589762,312.699709249372,311.636374812163,312.381175759097,312.634254066627,312.959715133836,312.165911509145,312.968206015265,312.726787001919,313.366866061513,313.045653023061,313.254010677336,313.277870091083,313.247949527447,313.261060963675,313.197079016813
311.665225251182,311.662193408386,311.661703872107,311.129793492742,308.023704068394,306.169098369258,309.616849711074,308.117393196604,307.085883661351,309.399545434669,307.502199137247,308.334478033842,309.171219065834,310.686491905819,310.94620790241,311.086453684504,310.780932583693,310.671537596799,311.20852128799,310.693454872662,310.754581407062,310.795207075854,310.718054508216
290.994435710663,290.989844851037,290.988579830607,285.477641875952,282.027773498247,276.360241373942,283.237937470477,283.806498932649,281.196537609295,285.616187907624,283.151332328303,286.584927696782,289.316267626792,287.879932391866,289.166700521948,288.653356677537,289.065175522188,288.942094745016,289.287939525883,289.177625755239,288.978185735355,288.980153018743,288.75939352562
159.550081678835,159.549500532595,159.549244818067,158.342358297402,156.849391442834,155.119037034245,156.11588213146,157.284004080124,157.239280387498,158.354955439526,156.997505116681,156.858493912985,157.425871512128,158.221274648193,158.497181601008,158.53978132267,158.54086854014,158.505661245719,158.57808899189,158.486973106266,158.508310178236,158.441536998935,158.516195503567
309.98503329566,309.982755607279,309.980683667915,306.688652628224,303.117308524967,300.13857086126,299.17448155083,301.133148566839,305.8372391349,304.913392191218,309.011241721771,305.523805905191,305.55547636108,308.257875021836,307.448828910116,307.407415151306,308.06597546432,307.888105519301,307.938511548825,307.888119786317,307.930336469479,307.853197048573,307.792632715387
238.660621609605,238.658100655261,238.657161135178,238.871228036591,231.343130807821,231.331436719204,233.016794943124,232.802167877776,235.105530517011,233.464806587013,234.723148672654,235.960507930064,236.620808487895,237.058217922719,237.51753608571,237.255024320742,237.900680303196,237.84482721194,237.858886654517,237.861981993821,237.853209383342,237.884343649414,237.759387614373
421.781478440047,421.776719063392,421.775293317061,415.080685823566,405.147714636654,401.469674841339,405.152599853091,407.489319211711,405.078266056466,406.174861162925,408.861205725073,411.478432007988,412.728603644842,414.473972793081,414.407982944913,412.860996123212,414.74874801115,414.208056649076,413.116388011272,414.298111929261,413.93869655108,413.390903538162,413.08443902313
223.224920442125,223.223249696489,223.221803547168,220.891414972901,214.159438044254,216.11288778145,215.823886711913,217.731258231755,218.466134953785,219.773148459417,219.038674683936,218.736005941048,221.176532583199,221.271910960276,221.973966574412,221.639817305874,221.283355908198,221.5567892109,221.562834778395,221.601389233756,221.641276782339,221.46177686369,221.40236912773
262.630187342872,262.626921105577,262.625030334565,259.878641382803,254.445895612518,256.222262054069,254.416715422645,257.662296655535,257.611614053564,258.957011815002,259.98171791379,257.339172221945,260.711839087835,261.021542628618,261.00814395643,260.870672841459,260.91815121958,260.947059592429,261.008299850815,261.040093999723,260.825354581747,260.784986027219,260.760084833591
266.516104397578,266.514025388333,266.512060460046,264.351086452163,259.083679379114,257.156174609906,252.020938880947,257.694542827439,255.888832569955,252.683499767793,251.472767514835,254.329639489312,258.123279551835,262.255578023334,264.008466898444,263.576593358032,264.203435587139,264.981445561875,265.058538795407,265.15496639994,264.955534807295,264.885324407121,265.029483871741
241.125888480071,241.122282682156,241.122708368017,237.346471997675,234.115771158604,235.349395107015,234.35147084241,234.124363832049,235.772612189669,237.469694680391,235.013843023079,237.823550581614,239.330053551024,237.475769527957,239.685157992867,239.928057112875,239.740873980257,239.733422021768,239.809642035425,239.908266330125,239.833291355007,239.765186745071,239.824826702404
75.0653373296599,75.0651723657755,75.0648577593404,74.8668864222668,73.9086279961624,74.3361273795041,73.7217899009594,74.2304203335261,74.1192018525162,73.9641781983023,74.3535523471356,74.1090822670568,74.6537880884396,74.3046166757676,74.5821481950538,74.5295599548456,74.5452817930003,74.5638839827218,74.5405227221749,74.5387896197807,74.5139347789892,74.4888080153582,74.4145693606387
456.616671438474,456.615314474936,456.616598552221,455.924183562509,449.876079413061,451.800100630138,453.831039283252,447.074454942593,451.286743191085,453.370284507059,451.820532789142,450.173377340646,452.479575933359,455.85452735269,454.757215734941,454.951930724235,454.865632893373,454.990696909815,455.012870876814,455.049130156518,454.654941548393,454.473672386142,454.343626770623
365.926622874695,365.92382794828,365.921257255422,362.986566143275,347.872168674618,346.910012098357,347.118730426969,345.364369382474,340.958769797282,356.271746709882,345.111834552333,354.53085724819,356.493455065224,363.503616123061,361.575604654533,363.398370076617,363.71045314321,364.35533201988,364.097368654553,363.362596029267,364.352770325782,364.280011482074,364.05197562746
592.677414767446,592.675139202498,592.675335457811,593.198328399792,591.238473082145,595.059625728367,599.876196400723,596.251831293799,594.524503216739,598.583901049147,596.234050894208,596.492093359933,594.01159691341,591.933032253824,591.701138650994,592.334600075697,592.387250001064,592.029294259091,591.876437339643,592.000097677113,592.044040041659,591.81707905995,591.742456473939
193.746389862301,193.744737467474,193.744530177069,192.68879068782,188.84055542196,188.497466754368,187.052010262012,188.390860263477,190.041699823174,190.643789766557,190.59585233951,191.161255984713,191.756148805534,192.271121380808,192.843629872462,192.649002240828,192.90670556264,192.929894658262,192.761416797961,192.908944198768,192.787621900399,192.768098951562,192.746736600161
377.85801792942,377.8556685962,377.855323546655,375.005691164996,371.322972389525,374.935455637702,375.535142110128,375.13432077403,374.023764804077,374.200793117041,375.750367855125,376.512062412343,377.546331527079,377.199895878646,377.372563104739,376.994875211979,377.190495492291,377.162702538104,377.185879916794,377.126555206731,377.217649771683,377.187194893275,377.331544166608
443.093749340998,443.094091426929,443.092672183532,442.267024191148,442.965148867687,445.927976138721,444.171831177032,445.40957782518,444.154064776424,446.533886948391,441.160919937383,450.997620567047,441.94525077662,442.594593127349,441.313668801674,441.028206994292,443.003128013562,442.183255538253,443.157161356249,443.009839500591,443.052418650452,443.312522013951,443.020365827525
412.132666062321,412.131877447706,412.131976820434,411.86903851315,410.089445352291,410.128492900118,408.798550637014,408.764409510748,408.362340957707,408.480966293191,409.66500319435,408.986460614378,409.545919490028,410.598078548233,409.701188420712,411.340499480978,410.962732975241,411.155434681752,411.267558550197,411.254997938735,411.229266017405,411.105620088593,411.110115205092
211.56184192549,211.562202831632,211.561118353845,212.112530569953,208.382150106972,207.175259783662,208.989045370855,207.575784923339,210.048408666654,207.006206419329,209.056547528028,210.07269451149,209.416468871127,209.747044877562,209.073109623744,209.972647186821,209.579428992219,209.877906129221,210.051175834445,210.079751077783,209.89629872926,209.711654464036,209.825098588177
180.862522872808,180.860658231678,180.85997478631,179.856963687625,177.033383684986,177.523817798091,175.020392253711,174.021651367327,176.505377790302,176.115052475399,177.287074709349,175.444163379822,178.800592863754,179.216097628884,179.239558529787,179.707549542253,179.837907887662,179.719602527241,179.781150463003,179.788659102042,179.717590564243,179.676660727567,179.683795772004
185.769187628248,185.767781577213,185.767263531853,184.67473461916,183.431974386234,182.929267037477,183.511043236723,183.293529797245,183.747707135421,183.229680567934,183.667483969267,184.059429867449,183.855645421851,183.910337032588,183.731380887411,183.901526961601,183.822438495604,183.748959644402,183.932878852304,183.869190937853,183.6252830833,183.761715116151,183.894804808423
613.968318293116,613.968671147269,613.968346543747,611.626696414102,606.83507867451,606.713934744724,607.784053066543,608.771478571642,609.013653058498,609.644687509074,607.860744470021,609.222617453315,609.744630646012,609.622472317133,610.185054104797,610.80285227176,610.530472070809,610.245405348756,609.89949009906,609.761033913333,610.077264070502,610.442668534753,610.46414376997
395.416301476827,395.414752574847,395.414606369781,396.521775563522,395.558163122963,394.692100091136,393.319363231046,395.26826960036,395.32794070117,396.265580827955,393.758435015619,396.391534688269,398.857802104639,397.667049839986,396.621219556497,395.453140950771,396.337335362228,395.446590410602,395.472860409715,395.338709118536,395.342735927332,395.596242272153,395.512172575168
602.546589950108,602.546948417103,602.546893512429,600.861459198156,599.569951300319,602.010453953575,599.74051104994,601.489503220569,600.385254001947,601.359387430014,602.003343344295,599.852264327599,601.324637025398,601.989000855258,602.789037002896,601.578217708647,601.79834651282,601.836558692013,601.925480168401,601.800355479348,601.751185088188,602.07822066316,601.896279385751
319.039438097523,319.038484708434,319.037003456253,318.985176328571,312.162569212963,314.110784026446,309.52356810154,314.597050651577,312.502960398701,316.142602667355,315.571584715735,316.87003816278,314.257455551896,318.231945403564,316.620027605529,317.439978523361,316.410395184123,317.404796752179,317.859006354007,317.641267221675,317.837791890789,317.830441219606,317.791946266064
423.530222066703,423.528482369433,423.525698976038,419.077743363567,413.335079403518,414.970978689264,418.387160495684,419.964032911695,418.878736283915,417.42440574783,418.949958540557,412.796400973041,420.188916460929,421.097272966467,420.705859395702,421.380435678814,421.228731371617,421.533200059419,420.905854836957,421.074856740451,420.766157569003,420.535904638124,420.388911045733
176.884491336747,176.882702115131,176.880934532315,176.365963489033,171.119156967119,172.502912091614,172.105742044764,175.67802926092,176.701064553024,175.08210847957,177.864038834093,175.418468767804,177.628252956204,175.552829789939,175.354920255115,175.677680360399,175.332504081253,175.314270831818,175.219227370239,175.178774365095,175.145420301933,175.308755021736,175.312811750103
