"V1","V2","V3","V4","V5","V6","V7","V8","V9","V10","V11","V12","V13","V14","V15","V16","V17","V18","V19","V20","V21","V22","V23"
319.667590182692,325.252926222034,327.938393814618,328.506454354413,329.800878188412,329.85492197989,326.022499467006,325.664405764227,323.507907161146,323.185112742969,324.056125457846,322.638262895477,319.150785871243,319.286326292013,317.884527090594,317.945677141695,317.008491079209,317.516226759493,317.157783440116,316.84888076324,316.36426502893,315.932607744697,315.925903180364
315.210003783769,300.01295591041,303.586940090204,303.656020535795,302.467485227708,304.683902873185,305.65687124143,306.384815389309,305.553340092827,305.919786848934,307.381619971369,307.634946307482,309.650812237347,311.04145099677,311.116313497496,312.497933353283,312.769439472413,313.090052567076,313.264093262878,313.678209163613,313.749896431529,313.716294065922,314.008916684163
174.654008663462,165.788109899463,166.986268975325,167.2136140282,166.334524907137,166.840871197456,167.248479371863,167.522397433548,168.648265352199,168.205377109968,168.404405994266,168.841172947872,171.068041691475,172.815162003617,173.955992571876,174.459995680147,175.044446360218,175.086274481824,175.609955326806,175.69915393328,176.007887871554,176.299699501265,176.508912400184
209.670316782411,200.048908649758,200.25243115769,197.054675490392,199.351811973994,194.22407903126,199.931407484665,199.796087004162,204.063452654358,205.653096402499,208.035498047867,209.219635399533,214.165048323787,216.285024409757,216.788905407322,217.242651237156,216.940076879814,217.229868164472,217.168110501033,217.17702381854,217.449443325469,217.738788385604,217.732142233814
170.459904500746,132.38239833063,112.941663423999,109.685871848009,110.987810303547,113.975578205305,124.000500779069,132.247551969178,137.575474595434,138.748872156905,147.798168844213,151.223590771436,162.38956507828,166.441597359858,168.71687445988,169.992603250476,170.108421053994,170.513554100685,171.131075620608,171.333555769461,171.381694849761,171.416224201526,171.627407864352
136.124265412658,90.410887218192,88.2481436241418,91.6839409158641,103.325505837859,113.386513279045,121.67005779185,127.242325080599,130.445425893623,135.492715561342,138.078790238982,139.591952601625,145.634607327908,147.085946550977,147.56818436146,147.59521268656,148.01939302593,148.014968046751,147.837531595894,147.962328402346,148.029158519404,148.089356642275,148.12996397645
279.948068139414,262.851149519679,261.080392182393,264.878398841314,264.829121301175,266.596807192004,265.903014861451,266.102776680678,264.857532161085,265.90201533316,265.111837674088,265.360253215166,264.714179389813,264.341505721634,264.773265178013,265.522664101476,264.517777234217,264.938182841424,265.600366039001,265.449701154394,265.179589129754,264.970801488758,264.963465289355
336.226090832366,323.194641424141,324.84968806004,323.954915513488,323.412503828251,324.756053715305,324.909474449384,326.219711807965,324.337799372888,325.021631194797,324.645148672636,324.677667057769,326.553169173228,327.173259732464,328.077605122415,329.387543300849,328.933685401745,329.347578208813,329.026652608564,329.428662319559,329.345683680709,329.776251381711,329.48330743092
125.66735695042,118.750619171718,118.753084377708,118.351722337958,118.329676483864,119.002830114503,118.726771382837,118.464456267078,118.072319610922,119.127629422793,119.213155702363,119.504800344048,120.603651307642,121.836498018693,122.377940250412,122.823576454884,122.954582318792,122.881220754033,123.096036868254,122.968301575541,123.023020722517,123.107804214925,123.099399931937
181.344726861733,178.960873683148,178.016650182736,176.64890801772,176.013223895206,177.055551991195,177.801840030826,179.132739462829,178.631151889406,177.942827481052,179.907075822756,182.438097611379,182.551244110013,184.933998959395,185.065422867452,184.74041403949,185.279191044928,184.79976731115,184.833012890114,184.888004860865,185.026107601572,184.660798824976,184.690995123303
128.401786670336,109.610676159727,106.258252374826,105.917624331445,106.484088058914,108.807784853592,111.169139147286,112.902518496733,114.429186241384,116.091489842165,117.8231584385,119.568027386882,124.237216547979,126.396893743965,127.883281766678,128.149223648385,128.134165621575,128.34584762538,128.498556340421,128.386786529499,128.4174949276,128.491073407946,128.496383129212
162.796438217052,157.06419477314,153.653250447297,153.962164470301,153.132303536177,154.346005801344,154.014390293204,155.034733616526,156.82203013468,159.058672428962,159.370553674493,161.053985958755,163.840539220202,165.902343514245,167.548375559702,167.493876514145,167.820462008177,167.86832579073,167.822419084917,167.770577164755,167.886542676025,167.99874760325,168.09396224798
157.68116036694,119.608667561582,113.133301410968,118.775166401649,125.482400844563,137.337137929832,145.753475612962,157.423299489247,161.06172421871,163.306145852306,169.555628798741,171.947988141869,183.634255823548,186.422062199077,188.322341530277,188.951072297042,188.465576961728,188.758778635049,188.683995452921,188.688339017082,189.087488528231,188.961060821312,188.970107458239
381.948639670518,382.338662750168,381.711976264428,381.428818724016,382.714702151647,384.354495589802,382.756523156268,384.204167346231,385.565852274173,384.647929639403,384.127558514257,385.075710615978,384.289655967945,382.988697436355,383.349501865318,382.972220093649,382.818515666729,382.999331312056,382.962950982146,382.720238311884,382.858266767827,383.018202014099,382.950249578563
146.943887204575,109.303562686962,106.124320997447,111.85192999482,117.482084942339,123.254061125876,128.307538227994,132.880976838975,134.153923440048,135.666155814269,136.38337134488,137.783478030895,142.177306164306,144.268927471849,145.269801303817,144.83238223807,145.723145806706,145.615950924481,145.570501099171,145.735674098902,145.648425418763,145.745938417092,145.695884956249
146.67883791963,135.972390467637,136.133995228292,134.991342884935,137.311310562085,140.300921489358,142.722489345804,143.068904189266,143.671952162328,144.023482801667,143.292110825471,143.921559055402,145.051979131882,145.098921083229,145.404691976185,146.18901747091,146.035668519162,145.989260536552,146.322723686844,146.309115588541,146.160998604228,146.382186823064,146.414546913842
196.256547436683,167.604907708965,168.146401905507,166.542697719426,168.912815988038,170.666564614949,172.946756951583,173.045051226848,174.910274631832,176.44239777101,179.112483264817,179.311381887616,183.717083074094,186.191323186612,186.59497317725,187.901203099142,187.627534273422,188.023589286628,188.387486777645,188.130817602353,188.052333579744,188.126261202095,187.966146276704
208.080123681539,182.724054352259,183.554396277576,188.335575862059,191.18547651891,194.178421130181,200.863741138499,202.259468598172,204.286868531812,207.216039413635,210.331291778445,210.615285914924,215.351616248161,219.259606896003,220.439216558318,221.122331833,222.018643970211,222.133990577434,222.437071424867,222.635879161949,223.078263447276,223.383757063188,223.432267439143
166.391437235977,130.508656889652,131.55597344377,131.192602571572,137.074692776212,139.932287952277,141.853426029328,145.480396942816,149.586491998429,150.907718664995,152.836870069474,153.749334804046,158.391987903826,159.002418797143,159.85924523711,159.742988582288,159.651068023927,159.162319849272,159.28874666472,159.593871335096,159.364621572711,159.084916042321,158.955055882445
120.726137718515,83.719502322317,79.307033198989,78.2138354426882,81.2182036902954,85.9439893875535,89.1015831432798,94.6054134029956,97.4665486357478,101.830621370239,106.330514466254,107.89097867314,114.495382128648,119.696781113916,122.15826279263,124.564445686159,124.991127518912,125.278706241222,125.536004174032,125.444680235529,125.914234410654,126.182050653564,126.263070348358
243.64535308171,254.265181029437,254.960996802932,249.711303443959,249.21339165999,247.522312744321,246.097437076137,243.569456014405,243.709548552159,245.542697796966,241.897301097986,241.777024243663,240.494930385741,241.880359077504,241.532491134413,242.485211820858,242.367008056739,242.416877556424,242.297928665279,242.068216155462,241.801619893526,241.447671181437,241.524530189785
145.165951466949,114.713468339132,109.032839494425,111.808354539543,115.467444090599,119.592102459631,124.91131040761,127.369367621888,130.730450970387,134.282838754382,136.249694587993,135.965037094802,141.961523135621,143.529484742553,144.172558830622,144.632911266427,144.724181522968,144.369149873112,144.791938731457,144.346382475312,144.510708625582,144.632470091705,144.359994073129
147.859399210925,107.897463276501,96.0085149299825,90.5466893123012,90.3451972005823,93.8895635826543,98.6904951812178,105.314309865463,109.087719752436,113.578903191118,117.168074205425,119.614351881287,130.167281061261,134.477622180578,136.809081944528,138.149536728334,138.468642987268,138.543126627736,139.003208764054,138.917113715434,139.218581704271,139.132748223442,139.361113732618
171.956598775321,122.773457807061,115.931670141877,123.912057537402,130.304497768271,141.394284996842,148.938169422655,152.804946874611,156.800120501101,160.510023061239,163.512408524021,165.268539751578,169.635884582629,170.743547933139,171.625083127366,171.624000075171,171.759687302961,171.857446832105,172.374017717405,172.044513319681,172.212598421235,172.426673277649,172.756234222541
220.561588321044,221.373702881217,219.9495933929,219.420833127536,217.758764805853,216.346272378307,215.665853070991,214.102881956119,214.814632111385,215.76970505571,215.439159203791,215.364659690328,216.905266038231,218.600015099661,218.542585971348,218.99934097232,219.346168911957,219.596501127441,219.815303767998,219.833032402747,219.854764092495,220.097422276088,220.13252528144
262.846049882048,267.066165932999,269.399247125397,266.867035397131,267.136834681091,267.356325231134,267.698048430188,266.659434603875,266.322669292015,267.671732078595,268.576424874362,267.390066409496,268.572168505561,269.452117387169,269.85756362079,270.437798746304,270.891627444077,271.160452963839,270.899197219405,271.031280280092,271.285415489157,271.308049279752,271.548331277569
137.859812060093,101.838012403356,100.359062027543,104.017554472654,116.014374458561,122.959911548865,126.016708693708,128.63971514647,131.004240512451,133.292929845995,137.457251744467,139.041323894299,144.501219166486,144.959506250055,147.273777141271,147.713096773389,148.110259583688,148.469352767394,147.920884447282,148.131619759966,148.434066377127,148.43830356755,148.163290536136
193.015300005464,159.780470340532,157.789976479037,159.701438786314,166.007026657005,174.281963262671,179.149124545723,183.080364867452,186.759201551351,189.546176198407,192.77685197257,190.181610520341,197.460887688179,199.246746976444,199.407424085861,201.473884626602,201.564318775954,201.452298297317,201.799721276972,201.539540206881,202.0906757281,202.277096940786,202.395207733166
317.161830630521,311.883037002842,308.057110271316,308.919742723368,306.627370357999,306.179591743899,306.400017932765,306.856120343736,305.992411193036,305.394927850048,306.409890786581,306.198295020934,304.209455325311,303.498178062366,301.883501099398,300.931715022659,301.417298584692,300.276305071876,300.168892597151,300.395845485501,299.679271014131,299.543923611144,299.351661491247
231.221668587428,228.293018006592,228.441031580736,229.918708612379,225.431395088063,222.764474045425,223.45280479208,223.542517484434,223.126602860667,226.184327148065,228.333925666391,226.504836211601,230.027767849805,232.05320449185,231.814349984605,233.203741874183,232.78888220913,234.28129951775,233.470679936136,234.495463343606,234.919980269651,235.275078965184,235.017341043887
236.263904851546,215.353102239208,211.863720180559,210.187267828923,211.737216768228,213.056768572917,213.628518553831,211.814785275188,215.067743408616,215.694054263582,216.836452894062,218.757689295635,225.273751305108,228.522239861101,230.705923494697,231.576434709908,231.502828829608,232.232379657005,232.157648416409,232.298499651455,232.886029443105,232.896893102674,233.258203844995
133.565880068644,119.999685653549,116.221391143243,115.562754047254,113.412152560885,113.827228294721,115.047325679439,115.564248723854,116.105135155881,116.401612543412,117.442006735304,117.834092458881,120.786143224526,122.468405605456,123.069600722458,123.161581848104,123.58674100024,123.816742221471,123.860924800207,123.703648760258,123.941235270984,123.73232048387,123.666379329045
230.830126988203,219.091363822377,214.890512553872,216.165130551637,219.479050408946,220.269790748165,221.062515140816,219.193474981734,219.526109089002,219.967651620198,219.611677496348,219.752571383658,222.092809575423,223.101674444342,223.582648848048,223.561553029827,223.614219180411,224.014797492307,224.109565865744,223.942073150323,224.143915014683,224.141842940495,223.985216655256
169.228603599892,167.85142311909,169.559726856607,168.375993317546,167.861036323634,168.058291836731,169.456745474612,170.747328038079,170.970574278725,172.033771539673,173.043376306768,172.262189365774,173.024967649082,172.741411157024,173.087400070097,172.874264892105,173.115529346141,172.826086118259,172.883559166349,173.136637121559,172.468105998638,172.326268396957,172.314105491993
494.283710178456,497.246595745484,495.375769853351,494.821941903738,494.838165925314,494.11377022979,490.523297668075,491.203791772987,490.629832403869,490.524123797122,490.706056029537,490.823285965853,491.965001253007,492.413253831176,492.5637913645,491.698409540876,491.829863987405,491.650078938203,491.752439354834,491.751563359452,491.658411735869,491.556697192391,491.899049299148
73.094096179644,70.6269646551936,70.5405087208781,70.8239964109655,71.3317469480917,72.711051207877,71.6528475496238,73.0557274054513,73.7708751217276,73.869367456809,74.8743807579505,75.4831254538601,76.874203224343,78.1591645724198,78.0975437378505,78.5871496559015,78.5536664608593,78.7704525040211,78.6874571014715,78.8057720926106,79.0861824611383,79.0258837047994,79.1997389235274
149.626783878945,106.401249300311,102.790325149245,104.618189048594,110.577585804663,117.952719183206,120.18666464218,124.72417713346,127.313054402748,129.954427892775,133.042921686408,132.70581525255,137.456716411373,139.568902742211,140.342201095046,140.260771960418,140.632606869494,140.804299477607,140.92611671072,140.80783673172,141.114029792989,140.982432304618,141.186817188937
207.093907747704,177.804604945254,175.647431692262,174.452336322577,178.498821443844,180.85454643367,186.069572867235,188.1185092107,187.492054489063,189.90860906523,190.055032391395,192.026039282064,192.471730967004,194.588927831045,192.785154156166,194.017952458071,194.539684497085,194.554881210344,194.244844935808,193.683175632921,193.540623156875,193.636049910448,193.536893277352
141.806174347064,131.669817335113,135.170858517805,132.550032952403,133.751325764907,137.7410627321,144.775077079811,146.662825171804,150.337654134613,156.147731821433,159.447970142237,160.599156521514,171.158724543148,173.899883079833,173.665081619186,173.915318438748,174.249569825115,173.469141484713,174.248169038085,173.708100383633,174.047151263546,174.272394813015,174.063319814148
301.950033879308,311.085423437137,312.103443717421,307.695796375062,305.517286936635,300.461426053186,296.958738395789,294.573573119808,297.591621941493,298.650143784332,296.387032003339,296.907723105691,298.506055176437,299.521844304766,299.16468315429,299.179508503534,299.198239454491,299.033305135084,299.391171290352,299.587736024435,298.901127064687,298.710798858273,298.758374967024
323.092273762795,326.137340649189,328.050557363903,327.533331767104,325.465980578909,327.037124382101,325.649916664952,324.210264723578,324.104195041727,323.861158280897,322.067407316388,322.923244493026,321.219475324463,321.872240602856,320.756577332513,321.649087984753,321.966289859265,321.500929633485,321.547479996847,321.770917850725,322.013080199044,321.866706445147,321.721354735181
168.339841325395,154.374220559481,149.436596324084,151.066707180708,147.893625104803,147.749417683552,146.616167273358,147.723495866012,146.290979091728,147.346981710808,148.390743996676,147.815014088042,152.682195893314,155.134847138799,156.830050188509,158.421549016753,157.881098844686,158.685597762959,158.463484994153,158.394592662273,158.449277483951,158.452615891801,158.253173671893
113.401833937885,101.455763286988,101.712532103795,102.478983629501,104.519274202638,103.993742795014,104.975336854624,105.061676878336,106.822777661402,106.799241750929,106.61968459893,108.329032105067,108.642328392515,110.013803592486,109.631349271076,109.420237826968,110.112029882499,109.749974054874,109.978929751485,109.875811384176,109.742174041198,109.568036412024,109.612103469013
214.45420684595,154.809672676339,142.752407037979,145.382278964794,145.293989948411,156.003428888219,161.907145113345,170.834204285855,179.617159210731,181.973709138905,190.183254939557,191.737527769052,204.933750109101,213.540725335554,217.821998967174,219.641974492744,219.943858712158,221.493453842189,221.720940061637,221.66909501158,222.962307710319,223.226631089371,223.296884182397
278.041994478402,272.773061827212,268.988876541662,269.190836591,262.38576523403,261.391328773621,262.968956194626,267.07974436306,270.803391926637,271.111323429765,269.941769071744,273.219490727841,277.50248583242,278.352503085335,279.039111688208,279.173843684493,279.45513762436,279.769327988285,279.355819240444,279.678307125807,279.692823821746,279.66139826884,279.738962408153
152.468157683105,140.776515672459,136.986637783772,135.090972725315,136.53397593212,138.266502867992,140.732401169227,142.87599604705,143.282739338265,144.277187952189,144.451390920813,147.396285130147,147.36734928829,147.22889355819,147.417211637534,147.409238095918,147.256795779734,146.870635444734,146.963718470795,146.748594269094,146.780503192222,146.542385450672,146.536557901924
177.820553412407,174.255909292959,167.396514998912,165.050672716544,165.884218493113,168.976357425733,168.974554064636,173.403029672566,174.790690564826,176.361724593475,181.116508360573,182.948813381161,189.382549020965,191.034722984568,192.153880972946,193.127669397076,194.044666571517,194.101321053178,194.066964408477,194.153558191818,194.631253853613,194.55509075927,194.796410470257
307.991184692089,313.690114607504,313.435874898218,311.843793265945,310.102865640103,308.51808677614,308.679702550367,305.876683181832,305.108437646215,304.076951130812,301.918733261578,302.058894467623,297.557478419006,296.697430004275,295.801063072457,295.244937443245,294.932282958774,294.847191455199,294.823272370778,294.712500770304,294.216428508602,294.227479771684,294.111624283619
197.308900629656,174.469935172377,169.164409425664,169.11623818272,174.076451593522,174.457863572986,176.111171491602,179.075577686098,178.880136039501,179.989893976139,180.395109507708,179.932947129894,182.012161859611,182.806404012022,184.844649796778,184.714775320892,184.867226155548,184.762103225034,185.175118811781,184.954994040216,185.056143625844,184.998578680735,184.957545827404
129.11029644889,115.278218331582,110.874281241447,110.377408195344,109.427878059899,110.404661866748,111.402825463476,112.966921237873,113.101399609864,114.27874194779,116.305425527379,116.826935212154,121.335448031491,124.3691620788,125.657203589243,126.992024672912,127.332906354666,127.504186258245,128.019764132138,128.351231138046,128.800296170022,129.085390150038,128.979157286832
298.367247041405,297.398665119534,299.42170483351,300.6782467925,299.328910139892,298.25446999173,298.007268750837,296.842142223421,297.53116618805,298.314050254699,299.066250395852,299.955070129192,302.19488600664,304.794092614787,305.297601999729,306.04888198167,306.183013936948,306.047614393956,306.197421441016,306.495391378103,307.000067745878,306.916911851442,307.312233702872
208.687638476999,204.550990351991,201.910094300506,201.367640043939,204.219913100391,206.558603365658,209.513775490827,211.869573396082,214.902142654242,214.703772170234,214.55813467108,216.68248575177,218.006142211494,218.34849200311,218.793159726027,218.924798463813,218.593919595202,218.715769491702,218.851238641087,218.687396383459,219.003680000626,219.005582928628,219.180975313472
196.237409186849,195.361870434458,193.706348764329,190.982883115924,189.494093998955,189.170842977416,186.685989663336,186.15582871242,187.103415951735,186.167006929483,185.654605831587,186.409697360473,185.930485515256,187.370771012855,187.262138269476,188.151940566601,188.394741384818,188.670110067003,188.731755378039,188.729289892431,189.17830857009,189.43613316017,189.404858541392
125.432807500733,108.536361782543,105.147024348328,108.794733244845,111.349644922996,116.047455171296,117.564641587711,120.985421455909,123.28153943732,125.733905991535,127.944882665764,130.509079587709,139.715081854199,145.647840170911,148.879431969525,150.68578458334,151.721258466586,151.861761133142,152.758763877923,152.991433717653,153.32943218885,153.607883806082,153.753550125457
344.574985670196,345.289623398102,338.311697861589,337.176998532743,337.420104864549,338.845574918715,337.378264710465,338.252849206821,338.912072701935,335.09848398808,336.140177696049,337.064943669683,340.783890943051,342.54083425355,342.777777731461,343.348742966867,343.544895923389,343.997752565412,344.11052382019,343.830732733362,343.993117332906,344.032717441322,344.001315937918
180.103839243726,164.074902190595,165.54129916308,168.1215251477,170.428749320797,173.473831875564,175.584764773631,178.305271972383,178.064276887985,178.813391150083,180.217195202054,179.718259158392,182.77793181488,182.426124755394,182.361427040606,182.715626770301,183.185381952613,183.012725249509,182.551006757195,182.901317061016,182.672439697667,182.388507536981,182.282191934296
218.37062786647,202.025386819436,200.586765161776,199.054329406128,201.175134594476,206.338103803877,205.584784581135,211.219488666146,211.265865985067,212.838185471356,212.470991771634,214.184826583609,219.309303554314,219.10505720411,220.684361843997,221.340266824217,221.555323952026,221.529313321091,221.772723661428,222.370666342039,222.670762851651,222.448929347161,222.780935353627
253.246126126915,256.026203290151,261.312656042045,261.960166694002,260.568083809803,260.663149313273,257.800869364454,255.813754243139,256.583553058061,255.369963693072,256.038450571915,258.234949833262,258.757595903512,263.847618092565,266.786913927857,267.848110625503,269.121069604996,269.49268958542,269.904439646548,269.934931609053,270.772758542598,271.10823724638,271.308323575682
90.9147164731196,84.2355479994381,85.9507894232516,82.4309867152555,81.3946579169107,81.2666769343614,80.2311456688965,80.1447283910701,81.0487948797481,80.8049429369124,80.141368250299,80.8702280049266,80.678173060886,80.5457655392953,81.1673477329657,81.1771228262567,81.4523244707186,81.2089081319303,81.526012233776,81.2703521973813,81.1863200878574,81.2212145619864,81.1694633473121
82.1636775908724,56.5401851291786,52.2802557961175,51.8752856466205,57.6509857054329,62.1822547819397,64.4757448590201,67.0785154701811,68.2252060609325,69.6314209396751,69.9079462203081,70.8845405513662,73.3786327111597,74.9381705133467,75.5528301223982,76.2519436965411,75.9226567585705,76.2258133750518,75.7882154052416,75.9843744193413,75.8617793784964,75.7339429455046,75.824183663549
321.959889838605,318.511219457152,315.6605618059,315.639127679282,321.450084541947,317.476629393849,318.793334105061,317.543686616302,319.464252229065,319.400104007482,323.6071801549,324.14663224727,331.809247328299,336.353116074336,337.93043073455,339.309046337995,339.952189926563,340.718217504286,341.210859063776,340.98503904753,341.402087573292,341.616559700575,341.488951968337
77.0714056913984,63.8238562392844,59.3426701242729,58.7565742226225,60.3149386918673,60.6809729045121,62.250524177095,64.3083485250501,64.4838496289404,67.2067887557874,68.082652727109,68.1209063061347,73.6002955270916,75.8624370047347,76.3089217829792,76.6286439868099,76.9795286412629,77.0418779492236,76.8605094568618,76.9830004964283,76.9684158289193,77.1500724932225,77.0757638891886
160.991783708222,150.026576620419,144.038547635604,147.65552245422,145.174432875957,146.774854792567,146.647630164589,147.25753628247,149.448379713615,149.598006836926,151.176507968559,152.057080128575,155.928769253001,158.47229549309,160.410128737319,161.004501251272,161.433039440063,161.907347942111,161.904130343129,162.436942171539,162.59553887427,163.037844866353,162.973715257343
129.738734385728,131.518411772212,129.6816127948,130.45529115113,128.275547956693,128.651359355732,127.095920694176,128.818458158364,128.41193770315,129.372226059213,128.885754094063,129.196598051196,131.243781786763,133.189662663975,133.74825607428,133.917697827138,134.277825214663,134.134261220522,134.256035382185,134.183579392607,134.359175541886,134.116343376053,134.23196683918
152.85265446805,126.394062553893,121.865229491128,122.12624715452,123.620286995215,126.534963860674,134.084292302832,137.460275972884,141.630804347908,148.169259542892,147.791199197703,153.499006883788,161.415943539101,164.744313381196,166.361492290952,167.615542014986,168.50041774706,168.40298079301,168.964920114675,168.457052611633,169.523807151758,169.621955045425,169.791577616355
310.698756513427,305.803264253489,305.698249197614,307.292360267242,308.539283869019,309.890268061356,311.832347231995,312.09687444522,312.80923461902,315.455062910566,316.07748632304,315.374616197242,316.105566904852,314.837344161418,313.91411158631,313.167734853013,312.746492832918,312.873824660372,312.467433776726,312.187343071839,311.924741332923,311.437896434099,311.543551898625
231.874902635529,211.146432031862,202.080746723045,207.664029668919,201.425575605788,201.212714070453,205.828673712817,205.351811349802,208.725127156055,212.704063046494,215.367691455002,216.621923157337,228.351390417074,232.931845278226,235.611763281027,237.021972587702,237.422386673853,237.869431958387,238.120133429353,238.102653657234,238.642966991085,238.828817112035,238.962122853746
250.793810699891,215.577436883128,215.692404600003,210.443277696732,208.400808338854,213.759399875592,215.662506282888,221.555554639783,227.090184185784,231.164953703508,234.204881960707,236.595714598523,246.863598084142,252.367050142507,252.966201081938,254.806588173642,255.211875607951,255.422216030534,254.868018864146,255.49029303302,255.599341772979,255.401276310113,255.333214636368
135.105102321016,94.9989708059294,92.3190587681092,90.7338205238624,93.6326581419637,99.7054009620151,107.452972844656,112.995618544801,114.125038859483,120.106449453915,123.323116596827,129.314025593691,135.046187450697,141.053571387965,141.296104754697,141.783557688503,142.071549538507,142.282903493042,142.294568457885,141.751778975754,141.621996305969,141.387413265647,141.33592127022
170.728142913141,155.893212163606,155.915911109908,156.318584255629,156.603621125572,158.101439997374,160.043562617215,161.31035134652,161.206004140993,162.093659212789,162.355128351795,162.604868710611,164.710680813759,164.431280894628,164.699611561316,164.938125791174,164.916792419738,165.279945552612,165.112907271801,164.975781539019,164.914382777648,164.930664878214,164.797917213097
103.940457802616,91.3375947492507,88.1373308890255,88.4797574503104,89.1057332370837,90.1609335874204,90.7492256148348,92.3241632936606,93.4122850651982,94.255879889394,95.0855066477445,95.0422439047577,98.0375639004801,100.060163048861,100.998239846025,101.061684286338,101.169997500602,101.421918047188,101.497077197251,101.291968663528,101.552488960319,101.490942740115,101.596979853527
235.594619722208,238.149720708287,236.181572025741,237.205398689909,237.023543873081,233.895888667289,236.205846180355,234.569385202352,237.197286884605,239.543124762977,241.816546391108,243.053646708172,246.369547162497,248.982733685751,249.663929425437,249.943086660511,250.350032712326,250.400213324115,250.19586317804,250.407783349224,250.442521363127,250.101238480263,249.939407450768
302.875786559056,302.262098920973,293.066836609799,292.005111452346,292.858745362255,289.575048208155,288.246450244117,291.245577982997,292.436166030677,294.490425656393,294.606690440548,296.655650062107,297.568521685219,299.29464659963,300.045947211843,300.235423164644,299.895805867941,300.384619154024,300.138959535764,300.173126877217,300.382018802008,300.204888921448,300.340572148203
99.7627280885645,79.3863372838719,78.6259470135039,76.2071368065435,78.0906066802396,81.406252553312,84.1077920931148,86.9976698348462,88.2972856448438,89.6507820628814,91.2638024872143,92.3252520705729,95.4918396746174,96.9818428185249,97.7771755066552,98.1031359306362,98.4314817933411,98.706645032476,98.6599267492514,98.7381692682414,98.8760909724176,98.8586683729035,98.8279147487124
235.0664769336,232.681171516432,229.166192992782,227.368763754823,228.582206924843,227.933958026159,229.817096672671,231.501933430205,231.133154638693,230.904976744783,230.78900679537,232.831111901989,233.168739423835,233.329780981988,233.71554285405,233.640493493615,233.330559095316,233.725743691771,233.658716546322,233.662549355294,233.658112531364,233.592495127131,233.699415681469
157.546341990639,150.538515298425,148.419166238198,147.679689965535,147.210401600074,147.85429856543,148.678625034786,148.889313954584,150.384119194679,150.162116109052,150.354386079211,151.265663625205,152.942859538067,155.049390498434,155.889851080422,157.028359990499,157.542101937599,157.783793286445,157.600688545916,157.54297077156,158.165706447999,158.09043133328,158.088937864704
168.912103718847,146.795994882125,144.850685783302,142.605838367026,141.793384788879,144.591815570844,145.482754148204,147.385571886425,150.780755560007,152.247889395574,152.598008332636,155.582591507479,163.754752114405,165.207948628799,166.944857906802,167.327936591126,167.704294990993,167.628372300002,167.631343167173,167.659534591693,167.717696749726,167.825222994565,167.60187206807
219.122582399871,200.467805067625,201.956230348894,201.35157604818,202.384505222471,203.391324203677,203.346030167538,203.767749208116,205.161291586444,205.063742057628,205.519869234842,206.635653032168,207.222090756756,208.119738867761,208.180582809268,208.866290684014,208.57217821267,208.712886630529,208.763776321339,208.948794737158,208.86355627586,208.914359299928,208.814543051219
161.497875336834,133.575162268374,133.955464103546,133.014232399249,134.276582540206,133.76323235214,134.627947730876,136.038429184911,136.924058170849,136.88152893718,138.362722519896,136.630213766201,140.696083153399,141.759235260237,143.343402251016,143.765440124646,143.869296153113,144.293982552059,144.729847649447,144.646654416982,144.678834347747,144.877842684729,144.850119875566
166.288800320569,133.275909776913,129.097732735184,129.225573743475,128.579233037684,132.019320252602,133.42273016737,134.648940221373,138.116967802122,137.776571033666,140.225854843887,140.192237850556,144.448605489077,146.784464445461,146.77417208678,147.37523327281,146.917438742353,147.41115305169,147.889755451451,147.675862694203,147.821125075972,147.716211863185,147.749595012226
498.569293956909,502.019921328765,507.521349488474,509.584856155024,501.639941873831,504.867951178307,501.465177026098,497.088735334676,493.969925275093,493.997631808437,495.442629639509,493.408289405477,490.090074086996,488.039004689066,486.428609530767,486.123465706384,485.145798899832,484.988558972198,484.498168681767,484.646009902743,483.572752161923,483.497505663546,483.706268679163
462.601860508815,464.575775351847,460.884791085776,463.274085008113,463.4318204171,462.137186122029,460.300498673169,464.785794534049,465.781926518919,463.742453171183,463.797891541793,464.118121315819,463.107242700493,460.529728898755,461.549880952,460.668050258112,460.376245469067,460.434355061843,459.944142085629,460.64214058624,460.431967770081,460.291502607854,460.327941169434
149.554994671148,115.83493145535,111.656089590605,110.867671359605,115.279616474592,115.852326099571,121.845375126372,123.437523780042,125.811843689028,128.125704730629,129.959058727868,131.511451115465,134.274071036258,137.163386185693,138.23433661795,138.994669424471,139.697017974453,139.685333752461,139.657362388374,140.088124378538,140.123554693244,140.192447593776,140.236414617404
200.004973005508,176.078037844742,172.738322759527,171.162230663011,169.732395746345,174.417888487564,177.429264568523,180.227179699165,183.88544717411,185.114533593712,186.156541951011,187.057365261849,191.620507365265,190.953317554513,190.999084053038,190.775129862505,190.084234407469,190.02998103382,190.081883255988,190.18736173568,189.37018956431,189.242737003617,189.206221160916
293.964710942529,279.950336674323,282.507439698439,282.247849695201,284.712028816847,287.90479706557,288.311724644481,288.491866003722,289.054507423133,288.3418991171,290.172610275428,288.97416338171,290.817674579211,291.831312523819,293.061445614836,293.237489826678,293.355626284527,292.986023449682,293.714555987614,294.129193352775,293.956580933855,294.013320640319,293.864126879589
208.691120894656,170.118765031666,166.965405953828,168.388272981766,176.663026120912,177.744169649094,182.884400203187,186.421362592093,192.115812247514,193.949110092696,196.581617881244,201.038692042298,208.627830405072,212.036318309143,214.150527606111,215.616452127578,216.547496533826,216.307504067963,216.890067349318,216.864211569217,218.144712226269,218.357046439123,218.518445671482
156.200832967549,134.045505845314,131.11426412089,129.906876088148,134.784877634456,137.492665266275,137.559680932131,139.39022452174,142.133992940801,143.45159422288,144.068469878047,146.236553650724,147.509965110102,148.47411183346,149.555018255704,150.307578336365,149.966594180921,150.644954570209,150.671441246198,150.50343019558,150.55604765203,150.588830435898,150.44735440256
280.823321065572,247.614104714761,242.273127784017,245.014680516489,243.465654713273,246.757732750646,247.380238995242,250.806885788441,252.023544703816,253.829499667748,256.081769249868,257.530650485541,265.446539234437,268.85586464533,270.488740706828,271.921438055839,272.713638096916,272.371325409014,273.148881401066,273.31335778822,273.997017078006,273.86715198001,273.759934176742
165.70497697166,143.586427932382,136.820804777267,132.452227487914,131.195865529758,129.955453618565,133.207110269869,133.208826321892,131.357399806456,134.312416206056,133.370659506056,135.182850129739,136.002267098729,136.876430221376,137.159134101378,136.856909662152,137.316150042065,137.226981839195,137.256600732405,137.088274108308,137.223549213832,137.090764990258,137.327177421942
210.50423587061,199.09065980776,197.465901890299,190.592418763064,191.718874522045,193.949105661139,193.901131783102,201.848970223753,203.646628696009,205.988826684465,210.038638934986,210.749729989628,218.535615537516,220.31405149183,222.142000267637,222.222441175175,222.361079685468,222.872244795029,222.739577486883,222.739722575062,222.889860321824,222.966043906156,222.995851538461
198.479265182882,195.939021277493,195.505189720784,198.588677884907,197.905026458124,197.627464801046,200.846301972957,197.847866818965,198.766226279901,200.990008608862,201.376397881736,198.949250023169,200.152410236961,201.215265376606,201.299474018074,201.400247396059,201.643651324782,202.640785375868,202.364000876069,202.370258711753,203.048889123018,203.172118565951,203.340235770164
173.663270679551,143.522554708171,135.847805131035,135.136007083372,131.926337393785,131.521341049191,132.749754588126,133.290346375798,135.820502152457,136.003888689791,137.260564267561,138.689609068386,147.168793366242,151.121756844615,154.040335588196,156.516057104222,157.765507543843,157.595854330629,158.244679428304,157.810895637426,158.219904794575,157.965776484166,158.296936234049
175.518011878159,171.783887907428,172.456377883765,174.210500296995,173.5761656451,175.259548525711,176.989648380477,176.99294560708,177.03849612714,178.498743741446,178.29747505245,179.338807161938,180.216399662511,181.746388959358,182.161084312691,182.101500450842,182.197705398937,182.194567769546,182.362925820202,182.327555614385,182.546485556111,182.670212395826,182.715365246137
269.979570034139,276.023840542334,278.297408731774,275.339045349403,275.26161219918,274.842557427153,275.763096749809,278.316059869272,276.838071355557,276.753006232778,277.489928511461,277.650759380393,280.447313298713,281.047379317794,280.853071465902,280.891671918982,280.417147766414,280.470720460412,280.342303603731,280.526941902831,280.017199327453,280.205768005159,280.217802772208
167.462049726533,129.529218069145,123.028637952996,120.309958688313,134.234712423889,144.066017247249,160.56529445526,166.181102416577,173.709641154254,180.885085326809,187.907048525056,189.873985049592,199.113076823649,205.584859995963,207.227536369692,208.819890303562,210.021619986511,210.275294075866,210.388953171504,211.517176965075,212.252998905647,212.824036007955,213.19199646212
179.306338768645,176.939139522616,177.397565084201,179.16012695928,178.874756398218,179.524322885999,179.772153602786,180.036042130614,179.882073667283,180.847699096965,180.970075327429,181.455284600752,184.385094331267,185.90906307484,187.036104899607,187.835867099343,188.254927807866,188.432118899274,188.261212116726,188.568346571219,188.834116111581,188.913720925271,188.78448972004
318.645923973403,286.245863263763,278.234384227879,282.423033441112,290.045582531206,296.660285167644,299.989303067593,303.708534063361,305.972808382671,307.540940224939,311.962116465589,313.283347543697,318.840484615807,322.395288151819,323.961280797293,324.611784677221,325.194258599803,325.010777429859,324.847097501842,325.370094519994,325.751792503298,325.606465196577,325.754993530009
221.913271596635,202.850808270013,200.744821198098,202.687161637306,203.7324579423,205.922639208837,209.115843079485,209.418747867452,210.48318712449,212.204610645546,211.042024715171,213.339098227184,215.07803820603,214.740426052436,215.661509867771,215.143359109099,215.12000205065,215.090955172854,215.161875517157,215.130945814682,215.037404218035,214.952903779255,215.049491601843
155.257574348704,126.67940935663,122.216474188455,125.068408857558,128.071384143081,135.264976941226,137.886134349253,140.979396263511,142.765527350909,146.346196887809,145.964650252449,148.039219180347,150.242515300812,151.394906683247,151.318915825154,151.902539268462,151.757940306358,151.723993070116,151.850562153397,151.801106263314,151.776208695714,151.631274485381,151.646539196762
147.224255525317,120.094973280453,119.103410247504,121.263133979747,122.53870907538,125.129486962417,125.862311238059,127.449803284516,129.373602596219,129.370411268407,131.263610148888,132.471017983145,136.553501501814,137.805721270768,138.038211947245,138.40124466537,138.875913698084,139.105569529331,138.997957661093,139.100083445673,139.134251228719,139.089168782588,139.133852199238
