"V1","V2","V3","V4","V5","V6","V7","V8","V9","V10","V11","V12","V13","V14","V15","V16","V17","V18","V19","V20","V21","V22","V23"
24.7584962994299,24.5957872881888,24.5459265222923,24.5064126426108,24.4932028349593,24.5042821735908,24.4897835379391,24.5138759136603,24.4905857684104,24.5103537331215,24.4987244477306,24.4971943391408,24.5099967812859,24.516329385512,24.4971060152596,24.5103347947494,24.5216685696622,24.5020742230095,24.5047782581084,24.5059281026826,24.5038243619497,24.5131529151021,24.501185662012
19.9099481340871,19.6368126542975,19.8153028535472,19.8844810235164,19.950095661912,19.9768106594182,19.9536427173247,20.0353715759548,20.0439397271531,20.0648457895082,20.053489360179,20.0529008425881,20.1201263412373,20.055471556199,20.0889771225457,20.1096030567328,20.1319816387959,20.1164086741207,20.0969218616186,20.1340387888849,20.1114725483252,20.0938956607699,20.1273414513962
49.3051413497223,50.6679489077909,51.5711531630455,51.7207562493878,51.3068079460989,51.3803568399846,51.7446152874955,51.5907787002419,51.6500982638052,51.3168636096066,51.5109171457289,51.6190282352074,51.7341764191626,51.6331054550008,51.647353472813,51.6634911564413,51.6778017576124,51.6519751622959,51.5057992893119,51.6904102834841,51.7717445599156,51.667213738229,51.6639620775514
13.7694978869578,13.7141114235817,13.7555105913346,13.8257477469315,13.854580644368,13.8773003151107,13.9665945166715,13.9767378102973,13.98674948202,13.9414775705634,14.0047200354751,13.9603390799988,14.0121218265113,13.9848565773288,14.0095162197891,14.038770585837,14.0200099740442,14.0307688978234,14.0328533785736,14.0257195790377,14.0231599951801,14.0292035917099,14.043317439098
32.9218684998158,34.1951283344453,34.095109454935,34.2517905514513,34.572270202098,34.4777719666522,34.6777972849914,34.7720186549708,34.7047451208776,34.7879890090414,34.8680540474355,34.8745796408967,34.8458452448173,34.8293154366556,34.9289657531466,34.9472104257578,34.8632774269231,34.8311314311711,34.9248499327165,34.8423217777818,34.9629889949924,34.9764112931714,34.9758736823423
43.0436799820385,43.2785574023799,43.1158609452972,43.5929083431053,43.0175887167127,43.4174160790589,43.3536504059083,43.5918074856565,43.4686388773542,43.3397963502545,43.3853442436003,43.5490373602727,43.4302675170848,43.5849117028948,43.505648592067,43.4606138992389,43.4202806665422,43.3879052807517,43.3912545226777,43.3926699597547,43.4057787239476,43.4513374443614,43.4245183142123
19.5384212827074,19.5167826979651,19.6784896318106,19.4254280452749,19.7237799211638,19.5347792778968,19.758879969383,19.4966932891203,19.8276844023878,19.8341613958706,19.59932754,19.6257913367413,19.6338247935287,19.6534767762193,19.648753586284,19.6815926271791,19.6791452628581,19.6986270286241,19.6549642526995,19.6323978839722,19.641447086052,19.6452482825946,19.6681369976772
33.2136969237131,32.8768830860683,33.3064488911116,32.9772637866916,33.5406868889422,33.8348655364357,33.5808585182416,33.5464528820413,33.8927632333728,33.5456568294994,33.3890587920255,33.606031982461,33.558489506899,33.8113432550849,33.7434598482375,33.7389597523408,33.6452244212761,33.6729731230346,33.6498400162649,33.6237988636953,33.7501127794901,33.7060960815315,33.6437774488467
36.2955081632893,35.9636516063774,35.9692358907871,35.8147811748034,35.9841849883802,35.9232559064775,35.9994185831009,36.1452889719935,36.185193100187,36.1157540493275,36.1833651745912,36.2010510613382,36.1726603421155,36.0877099641602,36.2827092147133,36.2577362002321,36.1475907749659,36.1325680077156,36.1825729559436,36.0440218653318,36.157937535301,36.1609192359816,36.1943535070591
28.9092278247478,29.0432735183665,29.0276217087027,28.8147746075311,29.0937124338197,28.9967428252234,28.94286938216,28.8906486724719,29.0192073246037,29.0645066100232,29.0441250854524,29.0656746862348,28.8769912185948,28.9502015745789,28.866413743196,29.0093870739054,29.006308003324,28.968365241868,29.03572545135,28.9937927809893,28.9899062570414,29.0470959972334,28.9837868562376
32.7926623024086,30.5382379897085,29.6484107918308,30.0363363565998,30.5187454294207,30.526138148077,30.6013377868296,30.2164365610409,30.460552592218,30.0537394541058,30.4767768843666,30.2531749130466,30.6270297712048,30.2663678832814,30.1795880684411,30.0234110941056,30.329053093013,30.4752438907946,30.4082640739587,30.3499356278973,30.3462946991131,30.2922763383221,30.3050854897061
21.891801743779,21.8464307979203,21.8728710932134,21.8224489419318,21.9721595605681,21.8811082438461,21.8471041867037,21.8373871313765,21.7973282654973,21.8176141276402,21.7226593878501,21.854260399891,21.8256848379477,21.8696025044536,21.8898927667885,21.8616409509407,21.8717485413895,21.8507778275544,21.8548590529468,21.8687788911733,21.8553926598838,21.9402920523779,21.8774490274418
22.5734007471241,20.9973533766239,21.5521800832194,20.9594543008973,21.4337754356082,21.8741603917917,21.6850928474987,21.9863301075059,21.8754071250758,21.8485650221518,21.890941973892,22.1174880258759,22.0738532249388,22.05646423028,22.1913292348004,22.1318681520822,22.0734534284429,22.1169171436577,22.0493396728716,22.1096316839329,22.1104861943902,22.1700269971271,22.1258346301294
39.6718764061136,39.642867927238,40.0537752431242,39.9932332034445,39.6595316199087,40.0021334092346,39.9818771440781,39.9358793766294,39.8243770881605,39.9150119413971,39.9178609069552,39.950068976954,39.9412067119567,40.0466835711601,39.8682078729134,39.9006914077168,39.9393760798368,39.9616033862474,39.9031397143744,39.9189762660477,39.923889433842,39.9519373500088,39.9035505914649
27.9547919350597,27.0838426509861,26.6418356947706,26.8325866383836,26.8556428791419,26.8196316901157,26.7929308904551,26.9841042850189,26.893195267123,26.7853372050285,26.9642371284256,26.8096469371292,26.8572441683548,26.8170063245717,26.7788400698545,26.7799316142277,26.8337569357803,26.7751594812123,26.8648953866645,26.8290915954118,26.7976285603266,26.7947357646642,26.8496023316137
25.5693939690288,26.8766908111137,26.8768742567813,27.2478165729199,27.3988136509671,27.1549625793784,27.1082777714474,27.1839443901766,27.1739033742464,27.2088197492792,27.3313395328412,27.2326308725699,27.3567860869502,27.2385427979829,27.3220851945685,27.38235491748,27.311938648568,27.3432928670726,27.3243873257572,27.3196847492138,27.337014689082,27.3358184875553,27.3358090075755
32.8605649804027,33.0350143457145,33.1281935120254,33.3738058449767,33.3102417393615,33.3347714296163,33.20184651449,33.1274930981684,33.2784677817612,33.2184201364324,33.3139343174042,33.2519549853429,33.1777507956047,33.330758583818,33.3219664813354,33.2854450627078,33.2595391844964,33.2843677545051,33.3095236430522,33.2736130049997,33.250044074333,33.2797781226943,33.2633082230394
28.1718648245377,26.8593236384305,26.4644920545915,26.5597395568981,26.6748055560855,26.7677284821652,26.8158629089727,26.7569732021702,26.6982239473629,26.7888230898583,26.8238596393304,27.0965503607076,26.9043112526047,26.7656214413289,26.8761935545857,26.8409882589877,26.8039645103117,26.82588084181,26.8278874325009,26.8804835280277,26.889620705322,26.8853112893819,26.8707993315702
30.3650766697278,29.6743517241772,29.7235080878612,29.5670087117884,29.4159222435429,29.6451127821336,29.6324761146162,29.6987959104276,29.7438543726612,29.6552751277604,29.7114923121637,29.7146603457377,29.7142188708259,29.6830301413632,29.7606865259688,29.7424362709725,29.7330154036474,29.715131639173,29.7303239593258,29.7670545869199,29.7350793219794,29.7256212647974,29.725422388176
42.5941948921098,40.6836441979341,40.9454473322415,40.7160404200266,40.847601740173,40.9920237686777,40.9826723128849,40.6523076656022,40.9734277623878,40.7556725872461,40.9857020664237,40.8603794255541,40.831177222027,40.7430428170899,40.8598533230322,40.9050086500893,40.7598333659516,40.7443792863693,40.7454315641388,40.8492535851282,40.7446258002791,40.7999695148146,40.7956911410602
26.3713056049232,26.3300761622252,26.3313699131808,26.3614329576472,26.5159641575141,26.4430415080934,26.7148278026711,26.627661285017,26.697798256065,26.7497210981002,26.8127018522792,26.8729655147681,26.7745300449036,26.8114887641843,26.8800180048034,26.9463646198992,26.8513113733369,26.7997735046704,26.8376735693466,26.8594035374214,26.8578152965027,26.8540149329143,26.8957852306058
27.1347756304605,24.7193669917466,24.7610632706426,24.3875299491953,24.4857227496707,24.5101280219914,24.6013107800496,24.3337961936225,25.0838725618288,24.8241673896405,24.3814344516181,24.5352939585493,24.6019578821485,24.7225468222914,24.6905134400183,24.5981911687835,24.6134681230635,24.7021492049471,24.5605953596698,24.6347686508856,24.611511137395,24.6941584139689,24.5471265562603
19.3242814716215,19.6809227510584,19.7624407135947,19.7610228768489,19.7651070589996,19.8124581429878,19.8221524928303,19.7432469401673,19.7919545746311,19.8120908350175,19.8436912585817,19.8305159327882,19.8446542977193,19.8388310403636,19.8380991080503,19.8730208076625,19.8154248646697,19.846458155415,19.8259848633795,19.8560350135982,19.8333840831347,19.852228350883,19.8366288046914
74.0089267380699,76.2028581793322,75.2410194578063,73.5992781479783,75.9645490641833,75.7897181423448,75.8034310011161,75.9724598366966,75.1431342793162,76.1135260900892,75.6342589169059,76.2738407411112,75.9972071387899,75.6911080528417,75.8690458052418,75.7191642308756,75.7899900978007,75.8629095390827,75.9139384527319,75.8719285450622,75.8710282194723,75.7819346112948,75.7813830003858
27.4984022774682,27.2245845993393,27.219504115231,27.1224740709202,26.9964806359831,27.0875965400973,27.1436805920866,26.9769002416645,27.0270748083214,27.1271215748562,27.1461752855623,27.0483576418922,27.056631815895,27.0724566778074,27.0983181394158,27.0899646119561,27.0860530888104,27.0649913602148,27.0838910811546,27.0477406301539,27.0541166540728,27.0603608050619,27.0623255118522
31.9821815400547,32.0698941486699,32.1443971980707,32.3040021529465,32.6434159628596,32.6078332204071,32.6113547323782,32.8235446182205,32.7383862685954,32.7706446929781,32.7489735939269,32.7907673238527,32.9052059497277,32.8451181884807,32.8918536319341,32.9207445269534,32.8930685377483,32.8413623455548,32.8643343644886,32.8932568751294,32.8816148527354,32.8698536899346,32.8974928152005
32.4182417978685,32.0479893597188,31.9438191025602,32.1187336250834,32.3386203071231,32.222548437934,32.2859690217674,32.360069645425,32.3828153931442,32.3417711851264,32.3744314680069,32.3578544674256,32.378047682549,32.3847075671748,32.4049666838704,32.4194937033365,32.4185990201644,32.3992048846991,32.4225651613581,32.4303926063579,32.4358306192506,32.4259033321116,32.4105454993302
34.4521333683938,34.6088852927159,34.8389449536145,34.6354471518283,34.7455824577804,34.5540009387584,34.6752082599723,34.7743766166719,34.7291672833693,34.5621851231415,34.6570334938247,34.7299112862018,34.6495925322905,34.7027273878423,34.6843244889429,34.6595716287884,34.7043653880875,34.7197117494968,34.6657246663374,34.695463557408,34.6892645033615,34.6734527919658,34.6945866101952
40.0134440723557,38.8311492853208,37.9390680973242,38.1427637303843,38.1340247867713,38.0763796140266,38.1779111825275,37.8112228974785,37.9838528297279,37.8923575510409,38.0499778529374,37.9183618797225,37.9042886765824,37.8355925474908,37.9727140727465,37.8983500864468,37.9779214559452,37.862047110777,37.8609258616428,37.8655062197525,37.9177602495062,37.848240196016,37.9056693851466
28.3826189343846,26.4872613323662,26.5608579603005,26.2493615322877,26.1289720569171,26.10005599246,26.1804861997088,26.0814714782218,26.1302323512828,26.0857449832646,26.0152165079554,26.0688654164735,26.062859957691,26.0679498690221,26.1346069550088,26.0891493815286,26.0750271934308,26.075650430207,25.9825885905943,26.0766901998337,26.0452499097401,26.0341096975187,26.0166434848258
33.0386469853057,33.1724120750539,33.4137098315226,33.5306094235747,33.6748389770818,34.0257344586396,33.7776177912879,33.9934435686774,34.1537315946904,34.0732624985341,34.1482661715361,34.2779441535139,34.1669752141955,34.1616259080891,34.2677124204568,34.2396630111325,34.0968801998068,34.2524471235887,34.2765446198327,34.1698499100272,34.2450801200671,34.2658007036601,34.2612268567208
39.0118431006904,39.9419015002402,39.7423082535258,40.1510735158368,40.1257973257627,40.151789174955,40.3576454300328,39.9998891015185,40.0597941703574,40.161591676305,40.1193918415446,40.2040656584428,40.1816844214736,40.07331382208,40.2532027154301,40.1670961583011,40.0769590080165,40.159571637241,40.278516756545,40.2027971615125,40.189090458038,40.1578778827418,40.1674226819214
36.4852114020805,34.3414862395066,33.7282453222445,34.5587844593102,34.337248880134,34.1691449978662,34.4024871895204,33.7861125379074,34.0034083303148,33.8938178439871,33.8838793429516,33.9956196979516,34.0286988760762,34.1265829807054,34.0001746801125,34.0851750975209,34.2108771012829,34.0748063947991,34.0254630642661,34.0389990793919,34.1087965216104,34.0856763728126,34.1538512542835
31.6738218722886,31.0864013090211,30.8160994055593,30.9376095281575,31.1349290808428,30.8527670110916,30.8141389825071,30.7674947792324,30.7552636581695,30.7211622007345,30.7751605312757,30.7539588865307,30.732757837228,30.7438881660013,30.732102457233,30.8000221074225,30.7361975465537,30.7811181219543,30.7683480868606,30.7757149910007,30.7292401100136,30.8190394411357,30.7999995019156
30.511352036135,30.7107277491352,30.5440260973594,30.5676189555713,30.6432491135951,30.5798962943502,30.4504529992644,30.4772104894138,30.5549497526489,30.567300862605,30.5679133878254,30.4898448378441,30.4989809043454,30.5487406677937,30.4766674371381,30.564933115501,30.541905737675,30.519441525137,30.5441485222803,30.5190892689149,30.5091016589266,30.5212660800177,30.5189109288167
41.156239906091,40.6945273691879,40.3228909477314,41.1202874312181,40.4806918352817,40.2158180868018,40.4283284520963,40.7917086837011,40.4031652526542,40.7160727809212,40.7270087891708,40.4789065503623,40.5070699374456,40.7842218743466,40.5833590957988,40.6333223532785,40.6848811493845,40.5511715081148,40.6539110536993,40.6099780809433,40.5145785079076,40.5995680678819,40.6099793020524
39.2320543049959,37.8595752772284,37.6767616720049,37.6597214180265,38.0492942622789,38.4442028618124,38.1702426906478,37.9947189388716,37.9161157546123,38.0754273890654,38.1509522502514,38.0423560119052,37.9976870717698,38.220766679547,38.0624343846417,38.1383601405118,38.1400878334479,38.1244079567004,38.128968011087,38.1127618016368,38.1724083915146,38.1633361070078,38.1701259511439
22.2292605723219,23.0827799496483,23.1170758713731,23.1660830485547,23.07218909931,23.1954949156302,23.4494478780627,23.4472985261015,23.5167896784688,23.5465129412099,23.3754479113381,23.5121362732647,23.4943050145433,23.5619971464783,23.5392555703396,23.5792687432605,23.5173414218342,23.564740165871,23.5707845818071,23.5386140778151,23.5875672493298,23.5761535817284,23.5904321667316
33.6532779547966,33.1254912245748,33.0536302470698,33.0093290476878,33.1301887049759,33.1421162681516,33.0738235599092,33.1135901058766,33.1042273132588,33.1917688743668,33.1128717831333,33.1537746890704,33.1009659600105,33.1394335804152,33.1202264781322,33.1391118807462,33.1441483125523,33.0990670038132,33.1416756742671,33.1373860870645,33.0905851635,33.1250358845454,33.1437568874516
24.7408830803658,24.526255558015,24.3661514852173,24.3185932845817,24.2340616382039,24.4040942710369,24.4123770577516,24.2966700703442,24.326195465101,24.3448754474986,24.2675241969787,24.3019322541214,24.3059811333193,24.2711506740585,24.2710008633083,24.2915955019393,24.2591373368814,24.2615938681927,24.2460869935354,24.2759799698568,24.2783382489612,24.2742521847133,24.2862775105135
22.830182805804,23.7177632641424,24.0679556691235,23.8113457996987,24.1749999523181,24.0054412683793,24.1488929095472,24.1456624537138,24.2084340173172,24.3562232394473,24.2519862966146,24.3170194335379,24.2914743242107,24.300529879843,24.4132489128533,24.3141056567175,24.4133222642152,24.3745905774065,24.3149129992734,24.3418475594951,24.3851563065332,24.3735339247444,24.4065534487945
44.8137491840748,45.1025874704582,44.9937075156707,44.6417685611163,44.3953258822038,44.321851074586,44.5792970741717,44.5510241198274,44.536627888721,44.7059042396914,44.6416808101084,44.4294595248317,44.5514040785331,44.6291872389981,44.5604237445222,44.648288658627,44.5892386059366,44.6126989197093,44.5825850916436,44.5884859720247,44.5968605510033,44.5458484349412,44.5674953326344
29.0554326086248,29.8444324566596,29.6180045468579,29.8948966865981,29.8640575419781,29.9032538945991,29.7334913584347,29.8159168065614,29.8131757779282,29.869911916054,29.7687996503006,29.8698131465412,29.9077786376762,29.8445492973307,29.8597165708525,29.7902305427858,29.8099974905863,29.779945724398,29.8206691215329,29.8000085732123,29.8022314084918,29.8146941241324,29.8326666141643
64.7719871367763,60.5282956964925,57.9927264803608,58.4982612895437,57.8351457889712,58.0512277059906,58.9563314307077,58.6473704920888,57.5229547545441,58.3357884487796,58.3822783156973,57.767330688181,58.116707759764,57.5657122277442,58.0690411717271,57.9822549643385,57.9601529158302,57.9486068941843,58.0750533175894,57.9656365421254,57.9161861322893,57.9671849590759,57.9922977188874
54.8356594431462,56.8097231399171,56.7121930872389,56.9675625296062,57.3242416722855,57.5270581601507,57.6646339947533,57.5534038742596,57.6825736515683,57.4559327761428,57.4012206706376,57.4719185945332,57.4595801258007,57.577183071721,57.5743624632763,57.6483820489116,57.6797067036364,57.5518580789844,57.6153697580559,57.6414920317014,57.6387326671159,57.6700312153748,57.6294033305421
47.2734309363344,46.9781381504391,46.5449650719436,46.68717204829,47.4339554757918,46.5433034563952,46.6552611112054,47.0396962146805,46.4362617420457,46.6407920083049,46.5715234721115,46.636069768892,46.8850863109714,46.6899476728757,46.6252819132489,46.7864096578313,46.7202736394991,46.826252330619,46.8512919423003,46.8121517601981,46.7373199221575,46.8009608091544,46.7128228811245
28.2063675448146,27.9092096144382,27.8931579972138,27.739979078306,27.8105546825536,27.9309162276714,27.8780388400409,28.0019143409682,27.8215140275475,27.8254997028651,27.831069614505,27.8474069301641,27.8715944784846,27.8250394727116,27.8583073245772,27.8373818408433,27.8505826607985,27.7917235226591,27.8589032878669,27.8474832912044,27.8493629843142,27.8300107365686,27.807375686892
25.7892515746634,25.2097593627181,25.0153444845521,25.2029011717903,25.1763716301054,25.267091584001,25.2668793487509,25.1583985088561,25.2328667673407,25.2253413836151,25.1997688840568,25.317815318573,25.2712535334975,25.2655021999494,25.1999353701399,25.2380110073356,25.2713930255147,25.2539904779739,25.2692507134347,25.2812900007276,25.2871137942973,25.2695398645424,25.2721387920527
42.0748723311305,46.0741652699642,45.9932060665513,46.3635115467259,47.0261129990836,47.1348277335974,46.7417639620191,46.8342023929541,46.8857796680164,47.0690588353759,46.916658904198,46.7586683415028,47.0335336122309,47.1253688840972,47.1053100662464,47.0263309579655,47.0540101608901,47.0716946010701,47.0500382648425,47.0479854362858,47.0399753415024,47.0771771490138,47.1080365385267
48.3578427774074,50.116696099928,49.9473619831926,51.5267536093973,51.0468832993462,51.6737448901309,51.1364265021779,51.4789919173937,50.9458061237472,50.9821175113951,51.2307671690828,51.4366183221615,51.1975025606379,51.2138687504866,51.097522512804,51.2646855297435,51.1280834767964,51.0409021281608,50.994805179008,51.0573343631071,51.1598754355326,51.2323735755091,51.2156560490531
23.8665785600356,23.9091411103382,23.909766402914,23.9187504407744,23.9390952459992,23.9164794127485,23.9301876665869,23.9355247644908,23.9185609151965,23.9298620380468,23.9399713209267,23.930784600278,23.9361509226985,23.9230227310339,23.9411107336876,23.928041722886,23.930319043544,23.9407588998372,23.9251414608415,23.9337451937133,23.9378805817646,23.9428445080805,23.937185508677
29.9878810497865,30.2457568492639,30.1582796445914,29.8772397308117,30.0974432445695,29.8032044642531,30.0166831565571,30.1928534831437,30.0167365096316,30.0658606296261,30.0620032029757,30.1517508268605,30.0909712427224,30.0907702693696,30.1505847054835,30.1026078346418,30.1719634101084,30.1088889373575,30.1278273689731,30.0968167755781,30.1688650071888,30.0697606661676,30.1061474148701
34.3633350562686,33.5051908555509,33.3649338161285,33.1668054047994,33.1812157501793,33.1175336334169,33.178099645895,33.1450790040187,33.1597544484502,33.1860931515097,33.1729319351799,33.2108793510341,33.1189971409559,33.1448925832933,33.1888014522476,33.1392826944213,33.131391503149,33.1613379521484,33.1746971977383,33.1845799501229,33.1610061671437,33.1587981018905,33.1824638054291
34.9895120815624,34.2447594285146,34.3670850938775,34.5692549995583,34.2979588074924,34.3222888865592,34.3772129428777,34.4177324539661,34.5087234644808,34.4990706190549,34.4737929327836,34.4469781344232,34.4883666450784,34.3770334355415,34.4766409394075,34.4028197597511,34.4829392692039,34.4155915250725,34.4310035030586,34.5008588594697,34.4372299460726,34.4215965761503,34.4400294174663
29.4951466113725,29.0856974311708,29.0852774122069,29.0616886244937,29.1548951600359,29.1398614233409,28.9815291568731,29.12485454296,29.0703401882149,28.9873585970491,29.1129220393201,29.0247167803887,29.0312445378365,29.054133324889,29.0254793487785,29.0392868827058,29.0290695356868,29.0649351391808,29.0574890767934,29.0447551325382,29.0341312443831,29.0277931954595,29.0536787518624
28.1754878002391,28.3351946433606,28.2470752621488,28.2407446198461,28.36509167814,28.3765879866042,28.3474412718931,28.3755811443254,28.3793474628378,28.3767437954733,28.4202100629629,28.422048624739,28.3715259060993,28.3984556045006,28.4146361214434,28.4213625742739,28.3908629900498,28.4032467291017,28.415456625676,28.4052546925592,28.4007592647545,28.4000654382315,28.404992488245
19.9131325948608,19.6588110608522,19.4080957098195,19.4842067228888,19.5518530530831,19.417035213362,19.6182613151886,19.591090421108,19.5897326875075,19.5828056548953,19.6769320696096,19.6513595835454,19.6251316866531,19.6374835332503,19.7163457109876,19.6317875413207,19.5623929890481,19.6531014943141,19.6177268725084,19.6285237240508,19.6607604366349,19.6797488426118,19.6959841823696
26.2318966042422,25.2847722313329,25.1257556118619,25.196354793017,25.2864703993817,25.3032668647953,25.3209509964571,25.4143808169291,25.2049083514239,25.4067875410115,25.3243907766428,25.417521817886,25.3621406378459,25.334125321483,25.2145799631977,25.363992835287,25.3383074868608,25.4281030141231,25.3845157154375,25.3322927567121,25.3988381295463,25.3263621191936,25.3833084500394
51.9605501271252,53.3917015653213,53.2039943612017,53.145826589715,53.1186303885045,53.46166760244,53.220529171681,53.3729151503333,53.3267872928033,53.3508588421416,53.4582908113845,53.2011700291247,53.3283785597968,53.2148634007702,53.4777863758987,53.2326635077123,53.4465174180649,53.4674693947462,53.3147301334286,53.4740106679436,53.435162860735,53.3967109755756,53.458217782445
22.0967499690007,21.3007520997443,21.3359226073688,21.2637426051295,21.3660459561017,21.7298754093592,21.7033281488759,21.8897702426765,21.670031032128,21.4961174295953,21.5795844633882,21.638976275666,21.4811969727004,21.6043852811151,21.6074095599685,21.7376213239159,21.6611664246373,21.5804963496508,21.6719659328751,21.7026966172693,21.6642177375349,21.6661049028083,21.7071473597283
24.3039468796435,25.1028055710134,25.2534894982174,25.4445635192749,25.3272115411224,25.2807627830231,25.2961610474825,25.067411423119,25.2775888604457,25.1730584262815,25.2377985142809,25.1294451400431,25.160376437724,25.2284771418359,25.120035037714,25.1429354195662,25.0630566667172,25.0583278860114,25.1270146082107,25.1271475704381,25.1353672318938,25.1672699320095,25.159892128355
56.91478546336,55.1673056427015,55.3616850056515,55.4373878249145,54.911969348243,54.9481081288797,54.836243887935,54.6148657643246,54.6872624289576,54.879973474254,54.6754711215047,54.6923324766917,54.7042732549142,54.4766376081858,54.6021145038427,54.6020149840774,54.5430677335249,54.5788315060808,54.6346512343569,54.5783876128605,54.5276329734927,54.5215277010335,54.5669344825834
35.1163272393903,35.3604927503749,35.5683946085176,35.7863043475437,35.2754783097881,35.7529719929122,35.7266630315009,35.659156965184,35.6007587839253,35.6659281292971,35.8575207679649,35.7358006215818,35.7568987520186,35.7887978733351,35.6070471214965,35.6584234601007,35.7418956341216,35.6703072848103,35.7024812377969,35.7179484731822,35.722043682927,35.7052895952066,35.7087317254388
36.2100973845842,35.1698291903138,34.8095148042459,34.7423450283917,34.5753073635323,34.6577651294025,34.4753117807557,34.6679837627078,34.4905740316293,34.8009777659906,34.5611094580851,34.7540181978993,34.6273982106755,34.6044964886481,34.5250609285442,34.5760752698475,34.6594141416172,34.4837129440784,34.554840320232,34.621310591845,34.5878524860289,34.6156474492485,34.6042617904282
21.3999827486301,21.4601498012806,21.8251454267606,21.4925961366333,21.7169862283625,21.6745632327055,21.7533390107444,21.708216643406,21.6270414244344,21.6651166855604,21.7413888892386,21.8568389295765,21.6589670527907,21.7489917169382,21.7520335283061,21.7168423500093,21.7067697891039,21.8054737322061,21.7526387772548,21.7642574307305,21.7260196597156,21.7281352194158,21.7288753851288
42.8007900885613,41.4945463245527,41.429801352849,41.2015859439852,41.5277832863379,41.3654093523839,41.6350672588722,41.5742642213831,41.5527039895592,41.6379285446494,41.46544420817,41.326495772655,41.4058366554641,41.4995805177488,41.6143319423503,41.4300810128397,41.4717216252584,41.4753077973829,41.4392922318002,41.5417853370651,41.4845515389833,41.5674580677973,41.5311369456169
19.8460930155402,19.990099557827,20.0158215660973,20.0449895056422,20.051730216954,20.0787529426597,20.0939573356485,20.0900361476835,20.0903866422749,20.123153296729,20.111482531993,20.1221158811108,20.1128271457521,20.1279077465566,20.1217283879133,20.1156382275818,20.1335529683685,20.11885042832,20.1119102854031,20.1158285784745,20.1195707547523,20.1251347484622,20.1266636709857
23.7704526368453,23.1724577846006,22.9801208456342,23.0663625112566,23.0515217333652,23.0537693492145,23.1166839090364,23.0748009322706,23.0473425985512,23.0523732929833,23.136971766095,23.1089571609821,23.1346370324222,23.0845535160736,23.1173952903656,23.1077932511617,23.1041900794476,23.0757096508623,23.0929166276284,23.1109266733047,23.1183399312399,23.1101046930361,23.1362635957558
44.1913418387068,45.962786491293,45.8478736333382,45.4098055326517,45.3655516776697,45.74146685409,45.5453565023575,45.2923928583881,45.4524962221095,45.4137803412217,45.7602522163142,45.5511559797143,45.4887894251331,45.5772433297673,45.5073947114345,45.4403021980517,45.4304270278662,45.4608444030582,45.462328773871,45.4611590148009,45.5308759781115,45.4676476943318,45.5178505149198
21.1167634629442,20.7772412079649,20.7564301668668,20.6321256877936,20.8550288050618,21.0555079176648,21.050464136747,21.0170733894287,20.9168131994797,21.1639471075228,21.0226302330808,21.1387721507761,21.1110557236399,21.041133377777,21.0435733664729,21.1009299697026,21.0729664179777,21.0973953533362,21.1340274661524,21.0875436817035,21.0991402093146,21.1499253202921,21.120194534054
34.1734069072342,34.6339253014119,35.0447421766683,35.2574234868751,35.1238996416714,35.5395539562141,35.1739328448636,35.3530094328889,35.2553064025909,35.2514382326859,35.3513657276203,35.3608259265433,35.3614358871965,35.3508725888931,35.3558882524714,35.3888596541546,35.4852494658243,35.3410213316386,35.4648028121496,35.4173823275848,35.4089895796895,35.3698451615586,35.3889329648104
30.216645329572,30.0888924547741,30.118191273006,30.1800451459567,30.2088618722892,30.2048661465222,30.1946677184857,30.2437347062503,30.2318130439364,30.2282480110837,30.2360216820825,30.2360377656226,30.2665185825233,30.2547814981513,30.252318509259,30.2847525923997,30.237533341689,30.2690262329772,30.2756991702152,30.2581794347738,30.2592861427137,30.2582748383318,30.288540212589
43.7985077541958,43.7291551128287,43.8090608823181,44.025202544011,43.6852163440504,43.8818279868834,43.726122598531,43.9477076702957,43.7960182711833,43.7384792898042,43.8298247891301,43.8672813212013,43.8154065109705,43.9144204987808,43.9195654203046,43.8227580572806,43.8170551517293,43.8192556876449,43.8889582991665,43.8562885306461,43.8754724733594,43.8955190623993,43.8778751736332
24.8628372633641,25.5505109444049,26.0833822263716,26.2273633828815,27.2438405642569,27.0827582784715,26.6918946676334,26.7937929414001,26.8660539372745,27.0691833086889,27.2494438945228,27.1992871450367,27.2803586774798,27.2570866064478,27.4002584367701,27.2809567739076,27.3946628198484,27.5389581863246,27.3804035214275,27.3510488683959,27.3515218673526,27.3097201332905,27.4096653285541
38.1697944497934,37.207026004013,37.1320087345297,37.4739208298759,36.937655592716,37.1521423711577,37.0404241674037,37.0975604453605,37.0519437787938,36.9129502163984,36.9915099682843,37.0623246788008,36.9914562359168,37.0403563117189,36.9881154527351,37.0092717559012,36.9631014138517,36.980505126449,36.963666441237,37.0415364274859,37.0089865539821,36.9559582803163,36.986865168932
29.9630013912609,29.5748142208,29.5406807802804,29.5040628310207,29.4613588354298,29.5374805667285,29.541466853996,29.4809966246964,29.5654604741051,29.5776512225958,29.5404605928788,29.5633515546182,29.5504021947619,29.5960414688801,29.5282395928331,29.5711179797841,29.5586366484672,29.5367122310668,29.5886260084994,29.551489479879,29.5912576205666,29.5718054871957,29.5349896226128
27.3210772207128,25.6044709698855,24.8722881746362,25.1686323323369,25.2330747237382,24.7717565655573,24.4964966547806,24.749566589675,24.8730231252684,24.9276318754309,24.8188694138825,25.004615036045,25.0141719253849,25.0313661162673,25.2658030784209,25.0855399783291,25.2546335839707,25.206535144927,25.1585852878665,25.2282371257402,25.1230562044216,25.1924789162756,25.1070837438442
39.7582203051372,39.0239643241496,37.5290752016233,38.0113083311829,37.7647775094584,37.8413338101146,37.7131378854746,37.607832449392,37.8231490529433,37.6589609926656,37.8186696098553,37.780707622769,37.8994659096238,37.9583601967791,37.8339315104299,38.0115345583913,37.8634248982417,37.8985389394211,37.9407919228607,37.8246543946784,37.9560887130908,37.8946576268105,37.9276026825581
37.5417240117108,36.4717666974002,36.4516345998159,37.1443618717782,37.2057719163967,36.5551080769829,36.6597826330834,36.8850680691248,36.8958835730205,36.775800090266,36.7417201339003,36.6897130389087,36.7877094261018,36.8194680296311,36.6961615256891,36.7897738357316,36.877787830277,36.6574638001336,36.650882050713,36.7421287292675,36.712767870598,36.6852096632343,36.6833816872452
19.5264910149504,19.5487603474426,19.5335418817921,19.5882570862317,19.6531044073582,19.667316423143,19.678740560067,19.672969085482,19.663838810529,19.6726514783201,19.7130523052964,19.679378011359,19.7172967982665,19.732670472035,19.7065241674359,19.7179151154004,19.6984584772569,19.7215372255706,19.7236848938968,19.7139849467056,19.7329042090563,19.7165485095523,19.7295394814504
40.3211868524404,41.0275150596667,41.5752837548094,42.0120543271105,41.6243548038456,41.9587769395192,41.7751051285132,41.6881140665492,41.8686187040928,41.9146595481158,42.0275449115719,41.8476685347065,41.7918567817386,41.8024270967191,41.8695452037025,41.9477430867028,42.01518351605,42.0131457661139,41.9777953783914,41.9323048306218,41.8722586394769,41.897534280548,41.9658671094369
63.5668788454877,62.0832905321051,62.9360487057386,61.7947497787846,61.8809331275862,61.6428307643948,62.2649876828612,62.0308673581521,61.7718829046606,61.6163785618426,62.0831131646533,61.8273094657174,62.1868003355167,61.7828917273265,61.9483212535142,61.8630186025257,61.9493611712517,61.9736941514804,61.9749156001549,61.9008597248958,61.9042901653865,61.8923009525672,61.8979639610488
32.1035914848731,30.7064596225763,30.4063772019852,30.3924446946675,30.120084920276,30.258061149543,30.2379087962383,30.1798736418876,30.3536372563188,30.0287123223243,30.2461965195448,30.0985842567368,30.1549710309406,30.2245385784471,30.0871514200356,30.2109585450496,30.1279134381617,30.1545036751877,30.1306439585039,30.1292352330112,30.1597174577975,30.1743013866156,30.1471098797485
23.9223383651517,25.4125763893649,25.6740217543193,25.5643961271876,25.7319548092673,25.6463858692881,25.8479306384297,25.9116996866365,25.8145192473714,25.7462057873685,25.7178373166784,25.7870640947955,25.8602178029045,25.7681137204303,25.7310657013846,25.7939547427255,25.8075529092186,25.747282712503,25.7580283257193,25.7655495600991,25.7814086776546,25.7893079643737,25.8056069750106
21.5986773444271,21.7073207573793,21.7541064381437,21.7850718175967,21.8183767557284,21.7535282791264,21.7864199926604,21.8411524764372,21.8413523583114,21.7987173246825,21.8398786539189,21.8348317181836,21.8523780443118,21.8333523965209,21.8596968648128,21.81122013876,21.8596357213998,21.8100377744318,21.8516803819046,21.8314159992958,21.8498323266984,21.8612242368313,21.8415260688747
32.38381441675,32.0435283796622,31.8975477844767,31.7988094004491,31.8677750106698,31.8506364812617,31.8545682103862,31.8730925843117,31.8712663017231,31.8556550036925,31.8524417676709,31.855868305365,31.8401623550444,31.8745371531653,31.8648187108634,31.8456775854739,31.8493140177601,31.8317378084259,31.8464571765154,31.8243185984798,31.8208918765176,31.8689556269391,31.8058984378509
33.9505106439474,33.4990276705332,32.9693246485133,33.6042345400559,33.3859000668085,33.500967820975,33.525643563798,33.5152285714966,33.5578474328155,33.4783979923169,33.535850864606,33.4149248245115,33.4894111353719,33.4611599794242,33.4318151203106,33.4464935022782,33.5119836747393,33.4886859141576,33.5027176975599,33.5158302333395,33.490769017788,33.5087009237814,33.5339197152602
48.6824831417825,48.8966051287295,49.3109289599978,49.683338960974,50.2746287769527,50.3524433682105,51.0685354047527,50.8670498418348,50.821370437284,50.9327835885999,50.8515139262484,50.6526608478998,51.0864063516492,50.7097592281571,51.1891100133412,51.1298119443982,51.2182330720104,51.0586378384588,51.2026822652036,51.0647078126664,51.1800898286833,51.05465856864,51.2079995079094
48.5363311920547,46.6485061497021,46.6370460037375,47.1729386253281,46.7468220430253,46.4461382661002,46.4268928557226,46.8620922200287,46.9016715096135,46.7245313194065,46.6465883646984,46.4720903019354,46.5754176478946,46.8346808916954,46.6456453623894,46.6333924277883,46.8034164081036,46.6296527936541,46.6828945924708,46.7189908833385,46.667822920046,46.7789971474148,46.6766203424643
26.7201558927076,26.0239366390021,26.2157914914478,26.139783758652,26.2153783307956,25.7745939520324,26.229965687108,25.9783563224409,26.2777008197101,26.2277417898194,26.1211781874977,26.3423865052152,26.3653411729023,26.2058910171147,26.3451467118083,26.3316425853911,26.3632743619543,26.3581703739812,26.3133627212469,26.3825320850571,26.3960543311165,26.3682325654908,26.3454962982127
39.3756556455231,39.1560922569526,38.8582411682145,39.1089724087923,39.0779213137189,38.8337395397546,39.0593310265412,38.8845242045472,38.9195438474703,38.9643125558705,38.8498398126692,38.8946264644317,38.9887138152349,39.0054833439793,39.009093144029,38.990364003081,38.9320126012176,38.9416623516846,39.0053934089417,39.0007289058358,38.9475624070224,38.9896861322604,38.9936270788706
32.6334941171729,31.725678054027,31.2427812151025,31.11988955485,31.2157499350692,31.1091033909107,31.1562707542754,31.1270626592344,30.9165581069298,31.1942514495959,31.006939139555,31.0574699530353,31.0755963831108,31.0149571318049,31.190756686583,31.1183754155746,31.1877316364458,31.1285938318072,31.164786854594,31.1576846107703,31.0968168914197,31.0714344274225,31.0825069085974
21.936835123636,20.3998793134047,20.5327935288563,20.4951747357526,20.5209470652582,20.5615232290512,20.7669716958233,20.6386874927446,20.6737367366661,20.5905961939904,20.679869673521,20.7060682309453,20.6525454955926,20.7483203090414,20.7574568211496,20.7622035541528,20.7149387110392,20.7468135279444,20.731179204149,20.7793484688941,20.7568638789602,20.7181803582063,20.7646774019982
35.945716248461,36.8268700609802,36.879819817793,36.5461415372914,37.0178703599652,36.9617235392563,37.2208560143374,37.4386222457837,37.4118644522408,37.4074783883942,37.2334940345134,36.9542011578333,36.998660637184,37.169246018031,37.3384451774013,37.1460348735911,37.0770151089377,37.0552821876551,37.0792729889867,37.2577072581727,37.1272006780486,37.2467439420939,37.139729701294
35.2870414724278,34.7128983885595,35.6047849888914,35.0706960436106,35.3996115528284,35.2463911244108,35.2551589096462,35.264287534322,35.2592531728098,35.2995491691577,35.4678112979579,35.2067578642855,35.4077912720101,35.2436339431793,35.2842121130816,35.3137672961976,35.305646663375,35.3233825975973,35.273281553026,35.3041133444661,35.3534899717278,35.3302008771967,35.3433416808534
30.165821523162,31.2033127741643,31.1392711740159,31.4743455646748,31.1185490890545,31.2595371381099,31.4015759969286,31.2751993748513,31.1346958969552,31.2384538709256,31.309054236169,31.1764456893361,31.1869864323022,31.2917572524979,31.2368748646941,31.3424378096926,31.2896340863442,31.2963702134944,31.4061348722735,31.2876710119062,31.3080757537332,31.2771966444684,31.3033305932857
28.645289096998,28.2784086015043,28.197634058005,28.1941212595037,28.1186638727488,28.1019745705005,28.122964374235,28.1162882155059,28.1021475240222,28.1389291774008,28.1554191709788,28.1421520231165,28.1565982325394,28.1110928653407,28.125504030182,28.1216090705245,28.1334815777724,28.1078341766532,28.1210081329144,28.1179712553979,28.1228352104893,28.1334821682256,28.1049951999943
25.8018108474018,25.7441918483835,25.7488059416966,25.7876661822049,25.7795081057966,25.7980882315674,25.7850288952686,25.7833306827614,25.7850588284399,25.7942406367046,25.7896108071754,25.778184130978,25.7985768975235,25.8000552746324,25.7919128034071,25.8122071770933,25.801058914425,25.8030055388437,25.7901418536818,25.8006038894605,25.8066739148908,25.8197738141585,25.7994834317198
50.1829861340535,48.9741526141045,49.0527086170342,48.8979396225594,49.1626904030682,49.0896725251493,48.7972358264534,49.2160107407933,48.9385972839617,48.8051715751882,48.8293071422329,48.8159263774468,48.90495668022,48.885355641288,48.8660095960643,48.9043196875555,48.8269361214043,48.799528849038,48.7900380067737,48.7666588561941,48.8130501884778,48.7658884618568,48.803168124464
37.3411755905404,38.066252107286,38.1787807588862,38.2432753907867,38.2442693476774,38.659991457668,38.548467608784,38.614028890091,38.4403115053394,38.4878163620183,38.4436224167262,38.3671620685854,38.4019793615263,38.486740623537,38.5663735090017,38.4265082995619,38.5253736330222,38.5061641557484,38.3782807212646,38.4676508054971,38.5095386793443,38.4633913489318,38.500683975395
