"V1","V2","V3","V4","V5","V6","V7","V8","V9","V10","V11","V12","V13","V14","V15","V16","V17","V18","V19","V20","V21","V22","V23"
23.1298538751211,23.122082628723,23.117374806722,23.1183323287247,23.119042080303,23.1184775075509,23.1182412450225,23.120147800355,23.1170840772842,23.1195683638144,23.1191645057982,23.1161807328578,23.1185713933668,23.1200559031666,23.1165995861228,23.118709066297,23.1195344649947,23.1181385468268,23.1197678192172,23.117662670097,23.1172616800579,23.1186976503907,23.1163990783696
19.5388355853419,19.5569000903045,19.5616691438559,19.5710908136355,19.5696617243112,19.5717612547707,19.572103084737,19.5734612746619,19.5751849710694,19.5716536529429,19.5713552317867,19.5769282596717,19.5765245563259,19.577599548081,19.5746567721834,19.5768177136371,19.5792849657907,19.5797806347722,19.5751820380558,19.5796975680686,19.5773351511928,19.5752824434437,19.5794109109535
29.8796245463575,29.9232121017094,29.939041662569,29.9283870521159,29.930829538404,29.9244154840482,29.9331704273879,29.9324895638543,29.9288144178399,29.928186064284,29.9308870105205,29.9302970095415,29.9335072890103,29.9284749194626,29.9344220522505,29.9261017493548,29.929687103276,29.9282684314699,29.9257080131093,29.9339068980683,29.9338692878846,29.929386366225,29.928761466107
12.517508119265,12.5254900977185,12.5280634800836,12.5358874156819,12.5349946772563,12.5377227874554,12.5399461258971,12.5430505215593,12.5444033635142,12.5389142701326,12.5447159731898,12.5412187528844,12.5473622342628,12.5431520069402,12.5447865318879,12.5465038458528,12.5453811315036,12.5466795883659,12.5471397636573,12.5450353919768,12.5455705468675,12.5454653495184,12.5469370411686
26.1711225242201,26.2147813999198,26.2203098087267,26.2212856931524,26.2300131915129,26.2370968760677,26.2321059794626,26.23220661,26.2401296137657,26.2402824896394,26.2404439600579,26.243383532015,26.237654214379,26.2401168013164,26.2377406072173,26.2468227777782,26.2413128624951,26.2391275502989,26.2403603270805,26.2359331285952,26.2421196097682,26.2408126773425,26.2445186111793
18.4345946259411,18.4688414447331,18.4713244613937,18.4870285390177,18.4810993387343,18.4953939036359,18.4898977939374,18.5036859383929,18.5045827639219,18.5004588774434,18.4987803820274,18.5053041929635,18.5050974329548,18.5043052929162,18.5099390228287,18.5043795721152,18.5071142519049,18.5030437313537,18.5078776585208,18.504706437277,18.4981497469616,18.5079671205498,18.5038831571395
14.8648659102897,14.8851774699908,14.8999554575562,14.8800942087614,14.9050831768303,14.8842834840877,14.9000633979939,14.8855657242888,14.9064680965371,14.9018328507258,14.8917890714523,14.8902427067725,14.8950265116161,14.8935240627111,14.8891668095867,14.8971693301616,14.8964759516431,14.8984924496944,14.8929876288771,14.8917374968803,14.8890245835045,14.8926535619931,14.8961900512546
23.4600354547562,23.4730857858653,23.4927657865531,23.4791195754826,23.5158285969016,23.5162900354995,23.5155264633463,23.5147998015538,23.5208628296625,23.5084961998146,23.5115559716686,23.5163310897697,23.5116562904011,23.51610735957,23.5222978077846,23.5208500502265,23.5191458434724,23.515145698005,23.5198589076974,23.5176007336832,23.52862000366,23.5258137064943,23.5209412857619
20.0533159841312,20.0229669930979,20.0239318875625,20.0175594213693,20.0241543679352,20.0280616907013,20.023452698973,20.0346470568013,20.0328495859838,20.0245828711727,20.0286740866577,20.0271961028685,20.0336882602305,20.0248500436047,20.0312926207976,20.0319379056754,20.03112696247,20.0310969074129,20.0281898847935,20.0251902127327,20.0305190458846,20.0309393500316,20.0317348506807
24.76813418053,24.7880546976308,24.7891586275577,24.7869013907825,24.7983430860242,24.7929274083843,24.7965788529742,24.7956408176928,24.7982412279132,24.8004411122047,24.7998374600371,24.8001945054638,24.7905658120116,24.7903442689772,24.7880768345288,24.7959014608698,24.7953174234297,24.7974218688128,24.8049469126894,24.8029337895858,24.7993121036733,24.8048019786249,24.8004290777281
15.5595916976813,15.3900760810114,15.3514463085103,15.3535734641701,15.3479376254591,15.347642847331,15.3447353018794,15.328370945155,15.3425019436409,15.3356176635371,15.3414415722858,15.3362759763615,15.3461428904169,15.3378164780014,15.3387887100045,15.3278643363002,15.3310796794977,15.3383184305923,15.3404500353986,15.3357288824268,15.3459100042692,15.3339602726367,15.3334332056067
22.6814524760809,22.6910229431803,22.70255199379,22.7062217109484,22.7070187317477,22.7076482186095,22.7087379805508,22.7075439952554,22.7068521499589,22.7065877511812,22.7062509716779,22.7109026444598,22.7062007512775,22.7150534953756,22.7154484085507,22.7124708162457,22.7127861880149,22.7105331925443,22.7167662403363,22.7123745480977,22.711239449214,22.7226452650614,22.7130167300049
17.2361446597531,17.2151733424745,17.2358889270442,17.2160568283886,17.2349980931822,17.2509819932867,17.2441043606468,17.2534228123534,17.2516079460305,17.2585012052763,17.2535012474235,17.26630939991,17.2644828320887,17.2666822719571,17.2662446343266,17.2657937660898,17.2645826750505,17.2641116294634,17.2650110317474,17.2661131762847,17.2614848130097,17.268980517829,17.2667190021911
27.9804980201295,28.0038401918326,28.0236628343938,28.0286192420299,28.0249623901305,28.038090580399,28.0398792353676,28.0336169326373,28.0328417440593,28.0379495339947,28.0392057922711,28.0379211147452,28.0399967983877,28.0434135568923,28.0406941663239,28.0404082788888,28.0413784399374,28.0441647917651,28.0390032179005,28.0429175475469,28.0388710002168,28.0456344400024,28.0389214044341
21.946542658653,21.9248261970249,21.9165998574704,21.9246069645682,21.9254232971683,21.9175698180439,21.9150900647379,21.9288826726267,21.9219594650204,21.9178250750787,21.925862608748,21.9170403584956,21.9241858451895,21.918855146366,21.919244350279,21.9180121288477,21.9250232764426,21.9181829604933,21.9250237782795,21.9191539522762,21.918739516602,21.919622769399,21.9261782096056
18.2814733527852,18.3402540135875,18.3494217033082,18.3685145639264,18.3794514005753,18.3729005873375,18.3689037589415,18.3727286188612,18.3756477006842,18.3775400649504,18.381937208998,18.3772629755395,18.3836601398921,18.374437857595,18.380551688211,18.3838255126285,18.3796957639973,18.3827911697111,18.3819557350039,18.3811627283872,18.383614337747,18.3850904232266,18.3823518002817
28.6030640003778,28.6247945837024,28.6374059372975,28.6389979540125,28.6379389291973,28.6342848351466,28.639901363259,28.6381437921433,28.6418351201786,28.6405554562338,28.6464812264736,28.6405396575477,28.6416723428494,28.6410347912255,28.6456658519941,28.6421833563807,28.6406753123375,28.6397906673803,28.6443713386573,28.6420850755065,28.6405817478462,28.6431189340731,28.6392486821682
21.6261346934173,21.5620045288497,21.5340763617338,21.5358488133734,21.5393038055347,21.5339804419075,21.5358119622491,21.5360782043189,21.5330263972613,21.5308707428788,21.535610798382,21.5359706159294,21.53502787316,21.5321464640479,21.5355265469195,21.5324788242206,21.532435096196,21.532128024124,21.5352455212603,21.5342217992879,21.5358070827744,21.5362551140113,21.5341307755943
26.4202718790942,26.4176576445561,26.4188895236831,26.4221511506245,26.4179035816894,26.4237906661756,26.4250793925779,26.4263711573314,26.4286377424395,26.4219189927905,26.4222109618215,26.426126849216,26.4310059367934,26.4261456981248,26.4312151142848,26.4251807323766,26.4252425990085,26.4266266656584,26.429309831919,26.4258649300035,26.426961070101,26.4240768792513,26.4244265875639
18.2618439619194,18.1729156075543,18.177516515418,18.1704314614833,18.1748243694648,18.1785520908179,18.1801909155189,18.1649630329016,18.1800434291768,18.1679298617457,18.176016719261,18.1756290301744,18.1725635047686,18.1732812432825,18.1756779376887,18.1800002829147,18.1703380171879,18.17054578819,18.1682116307529,18.1774784605938,18.1682708737972,18.1697508932353,18.1713518044985
22.8671635597131,22.8945877340113,22.9024977015313,22.9024559211533,22.9127011252097,22.9088697276226,22.913597233245,22.9188940576324,22.9123434551619,22.9210779282024,22.9253571021957,22.921459388172,22.9276609232899,22.9241360063279,22.9284661328713,22.9273457891093,22.9309086447178,22.925704289998,22.930122674173,22.9306297280195,22.9227994948589,22.9272656588939,22.9311481814328
21.69785470397,21.6032547767287,21.5943685674395,21.5972484015525,21.585155827293,21.5847971010617,21.5839931460482,21.5822470537068,21.6051139645216,21.5838472407023,21.5859834313934,21.5870244702566,21.5834438924252,21.5933304303219,21.5875401300377,21.5914661620176,21.5986286066756,21.5904567506121,21.5922629920447,21.5966288105226,21.5882708664345,21.5932053670782,21.5769619713446
18.60727211952,18.6239872295893,18.6347064539793,18.6330821096241,18.6353924631454,18.6391810959823,18.642253911146,18.6392562157609,18.6403710296289,18.6396931693389,18.63908497098,18.6435838052578,18.6410848800908,18.6457161560202,18.6404113432433,18.6426103461714,18.6419261071744,18.6425698725903,18.6414906228133,18.6426020970034,18.6414295006445,18.6430941934414,18.6426886871987
30.4452272864372,30.5131752598034,30.47525792043,30.4071460247084,30.5064490455383,30.487212820433,30.4844288449224,30.499596662881,30.4694745895357,30.5047207220284,30.4921564673754,30.5016429531479,30.496884839564,30.4885886159649,30.4984417418915,30.4843405193664,30.4881617755432,30.4996561384613,30.4971604500549,30.4988103047547,30.4959118077186,30.4859486074033,30.4916999551009
22.8886338870781,22.8754255842493,22.8773290561285,22.8726199519783,22.8678965355525,22.8768492605035,22.8731516199688,22.8655851000643,22.8732796423642,22.8713152184128,22.875000025561,22.8694831795861,22.8725074251031,22.8710986774804,22.8713000668072,22.8708926785284,22.8705113786403,22.8704175711839,22.8679341958739,22.8691153635046,22.8689117422044,22.8685990648689,22.8659728949914
26.2299126417952,26.2483127409485,26.2590201643257,26.2653477812463,26.2705287214443,26.2702819068055,26.2676586491788,26.2774775103023,26.2730244814237,26.2737334350799,26.2710271132148,26.2750409506945,26.2784234784476,26.2750139047339,26.2775939977001,26.2781542182654,26.2792997014243,26.274280156829,26.2758984080848,26.2753867556272,26.2770986985574,26.2775802975257,26.2795736615677
27.2777197491223,27.3086471309746,27.3170259985752,27.327059412263,27.3355320031101,27.3356205846141,27.3392274370656,27.3433890483435,27.3438459231266,27.3445562778452,27.3440178495732,27.3455440904822,27.3450732346061,27.3476780491794,27.3484464141536,27.3475644241191,27.3476545233463,27.3449753588924,27.3475151148342,27.3490071697469,27.3510616254727,27.3472384072806,27.3475045908759
21.6416050311885,21.6710798591508,21.6862136341031,21.6819116935479,21.6863670874595,21.6766537186967,21.6826628379915,21.688186016527,21.6873624174405,21.6822696371092,21.6866144768006,21.6872646653315,21.6847890125579,21.6888358288626,21.6882632278627,21.6849753824458,21.687201686098,21.6869240816213,21.6865038153683,21.686900219553,21.6856262009912,21.6862924157791,21.6872462707201
16.8841040080799,16.811677259068,16.7703977177211,16.7759389965105,16.7702523124521,16.7607444861221,16.7666605704883,16.7468558111255,16.755673140427,16.7548779348705,16.7595081345281,16.7553360680474,16.7497640725192,16.7424550826733,16.7528332803129,16.7477597335069,16.7546605252852,16.7447716227914,16.7450927118489,16.7473651152297,16.7523218242536,16.744199996714,16.7464383496331
18.3064841215307,18.2964369048381,18.2959774573135,18.2907315721184,18.2940205081446,18.2976667305152,18.297762978676,18.295557157907,18.2946495542889,18.2889946516713,18.2874960265541,18.2928564872492,18.2928976595763,18.2904360119955,18.2947688423169,18.2930079195394,18.2895709331756,18.2938818726767,18.2894520707469,18.2931627724813,18.2948040720093,18.2945953076183,18.2904100313372
25.8398207414332,25.9142114705398,25.9414340381846,25.958749187851,25.9740711342315,25.9836215216213,25.982436718485,25.9833729680074,25.9934927255407,25.9981439501436,26.0021337868298,26.0088474385621,26.0022603220224,26.006316287248,26.013970261366,26.0021191010576,26.0072284942213,26.0070474565137,26.0108293468509,26.0034730742537,26.0058001427202,26.0070933855614,26.006755603021
27.1220506259478,27.1436870483319,27.15091650554,27.1579806330845,27.1529453437275,27.1560624428292,27.1645277988605,27.1563968081706,27.1547811033739,27.1593610066375,27.1589628995627,27.1586331304687,27.1561264651961,27.1556091501476,27.1618195556654,27.1592335933465,27.160876262171,27.1623420263266,27.1658561547985,27.1596146586189,27.1579124215429,27.1599924284993,27.1590588077054
21.72435173958,21.6119976324208,21.5776891887385,21.5862623613413,21.5776688078023,21.5701292647543,21.5716889846825,21.5547043522642,21.5579918666931,21.5549048462337,21.5509093109375,21.5643087269367,21.5562989751329,21.554890367935,21.559781976901,21.5585563279536,21.5583093270478,21.5560700305637,21.5631861392862,21.5531205501376,21.5535406823281,21.5556265934819,21.5611606795593
19.0236443971966,19.0254727922824,19.0231546066758,19.0317019145495,19.0459839708681,19.0330117785096,19.0350691206845,19.0309962427803,19.0312864337364,19.0275861639085,19.0313975381261,19.0319356672841,19.0318383131972,19.031905520424,19.0312935177362,19.0374586993449,19.029599703748,19.0348546753706,19.035141662168,19.0379616124203,19.0340376467875,19.0362043927966,19.0394442124816
23.9867599523866,24.0071828179344,23.9964973396685,24.0030865734473,24.0028577697668,23.9994630476164,23.9952873493008,23.9972379390081,23.9999689212595,23.9981096845353,24.0007101639914,23.9962793760545,23.9960897117426,23.9977187707697,23.9991618347845,24.0010879236352,23.9993151747253,23.997054768032,23.9988401643701,23.998231338861,23.997198721439,23.9986392189738,23.9994335843595
21.3189184139141,21.2772215056523,21.260284034983,21.2892521444079,21.2619644755091,21.2498554748591,21.2597536444642,21.2731137465555,21.2611212060495,21.2663987499296,21.2661552278284,21.2651850873379,21.2628617015968,21.2595708235723,21.2592850428683,21.2649847374172,21.2699988175481,21.2596387285318,21.2645126937897,21.2598529711676,21.2603933518966,21.2593088247573,21.2621002530921
26.7516990186118,26.7579081671092,26.7556826205299,26.7557397858615,26.7708978743945,26.7926941689925,26.7745721635199,26.7759871443431,26.7702328122499,26.7773480153197,26.7757796357275,26.7736693161507,26.7744535479925,26.7845692077178,26.7806223206622,26.7788005360166,26.784235029117,26.7761270086807,26.7856592414978,26.7796358792212,26.7808498322246,26.7829816201279,26.7857129016967
16.9806320125843,17.0141103956438,17.0138577683195,17.0174236386394,17.0151474955391,17.0230314207526,17.0251350715896,17.0299882260209,17.029720537227,17.0302404863125,17.0219680343372,17.0310168127607,17.0289090446836,17.03162397385,17.0279797560311,17.0302912522119,17.0233556055645,17.0282385092026,17.0283424598097,17.0274285590187,17.0278487609377,17.0269134871932,17.0293607642752
23.1751414457224,23.1732508490018,23.1733168774179,23.1722928039324,23.1814359963283,23.1849103823323,23.1810442425645,23.1822022968734,23.1857441976228,23.1858941747801,23.1842297758943,23.1852372302815,23.1846858312733,23.1842583088606,23.185295972275,23.1888596738355,23.1875479632741,23.1857100157077,23.187460989187,23.1845724893771,23.1849095781529,23.1852049815304,23.1893262537734
20.4287682453873,20.4185901579424,20.4120278217112,20.4074787407587,20.4020936099367,20.408647735066,20.4048243443557,20.4036144331453,20.4014397083376,20.4035439417984,20.4022939214874,20.3995778105238,20.4030188204494,20.4023024305197,20.4004606133461,20.4013593791634,20.4002861375362,20.3997630538089,20.3996442582215,20.4004585355929,20.4032359109997,20.4021826335939,20.4011993302833
16.2392853188319,16.2900066451177,16.31008526231,16.3010325191907,16.3175170777768,16.3159571955559,16.3188924027709,16.3152124101388,16.3194242462481,16.3281751027178,16.3191578910607,16.3236440746533,16.3166776092318,16.3252373888388,16.3295399971756,16.3223459916953,16.3282563432171,16.3220258502791,16.3204802704353,16.3246620800346,16.3243799540565,16.3255473577967,16.3259895515736
26.7830440009348,26.751574679891,26.7381629913082,26.7128145759413,26.7053948384131,26.6978911690842,26.704698342542,26.7043092450085,26.6966843268239,26.7061339480161,26.7004211141385,26.6968723128009,26.6991137736463,26.7055557574438,26.6989220040639,26.701425695788,26.6971637192523,26.69843680065,26.6965120758375,26.7021943664045,26.6985618555319,26.6931291038535,26.6997800786233
22.9284063192162,22.9581885298298,22.9558906416123,22.9583411766966,22.9590881166206,22.9651255943081,22.957867551242,22.9567700813287,22.9593867535252,22.9585228254412,22.9533968864507,22.960874861376,22.9628536418365,22.9577296665782,22.9588128304286,22.9580015093701,22.9595259531586,22.9592630727586,22.9589821364536,22.9570210480528,22.9573424166224,22.9611608046386,22.9637945822074
21.6516334769396,21.3427485376919,21.1938845341062,21.2242123165407,21.1743144944123,21.1948564045377,21.2367996359332,21.2100435375059,21.1546938853964,21.1918042084971,21.1979300387646,21.1561156693869,21.1732159842733,21.1497200095077,21.177809479355,21.1670758705858,21.165948997171,21.1668817858839,21.1783949387737,21.161509692901,21.1633616136247,21.164192439783,21.1664214617164
35.2920374802529,35.3494217744541,35.345985108738,35.35959958897,35.3637854479931,35.3707624774591,35.3731647453137,35.3722533366456,35.3786499466119,35.3699290569407,35.3722253540328,35.3703722692541,35.3688199566868,35.3741479995302,35.3711368980614,35.3735894489443,35.3769236645116,35.3759496491544,35.3763967441735,35.3757385951574,35.3731180419142,35.3755960003547,35.3728404362382
26.273778738285,26.2799774812805,26.2598657653933,26.2680042535877,26.2994849552808,26.2673665165601,26.2735633823528,26.2843630662428,26.2569410200742,26.2651973783968,26.2684198188232,26.2648278558888,26.2773264218895,26.2657235588564,26.2732398115915,26.2743528083247,26.2760869624175,26.2763721184188,26.2834296221833,26.2731895881969,26.2719819595401,26.2725125164379,26.2667552985648
18.3241962582424,18.3053173768933,18.29692664601,18.2917251122247,18.2923173683237,18.2877929187187,18.2858645925384,18.2901949572896,18.2848836600639,18.2840339491563,18.2841089714977,18.2867325714192,18.2863487178255,18.282818233782,18.2826742689291,18.2823307475963,18.2825322678179,18.2820967090195,18.2833734550628,18.2840951994559,18.2834273202078,18.2820774568462,18.2783557305527
23.1742384261317,23.139063422264,23.1291147752136,23.1280419112856,23.1301551827581,23.124336109881,23.1211720143976,23.1212384651058,23.1218061919479,23.1221106127523,23.1225643839561,23.1229507657515,23.1228790134699,23.1217040814324,23.1234717048244,23.121175112662,23.1238172446458,23.1203049788734,23.120710898244,23.1222504512727,23.1212189871361,23.1201148013668,23.1210576282069
25.6454972400948,25.759006498766,25.7713359635016,25.7854822652464,25.7999991319936,25.8036846662628,25.7936655113417,25.7901242529797,25.7890594430609,25.803940004661,25.7953907905173,25.7881588166003,25.7980086774483,25.8072065785435,25.7995543910936,25.799915193782,25.8019196815841,25.7971817714763,25.7994242452033,25.8005405170538,25.7998654193022,25.7990593959619,25.8026502219514
22.92727384003,22.9624676359376,22.9722046603183,23.0020281529,22.9909365603691,23.0060656487305,22.9974569355322,23.0077542226697,23.0016185024658,22.9877201900346,22.9974191863067,22.9903927091598,23.0032730098952,23.0092630390269,22.9950928069268,22.9968736733915,22.9854466519979,22.9863883904496,22.9856394631343,22.9945747101722,23.0018284766074,23.0002897785851,23.0033794211506
21.0966859143371,21.0987887321727,21.0985599125548,21.1021834476012,21.1013011933387,21.1012650103956,21.1013176762071,21.1020561789068,21.1010102167663,21.1018383326979,21.1015722119554,21.1014502348995,21.1010857943015,21.1016888384678,21.1023007245569,21.1000903881638,21.1029749627953,21.1037698818251,21.1001965859435,21.1020375022709,21.1026829702659,21.1030525267498,21.1028696358841
25.8749369694292,25.8981904463688,25.8957761499697,25.8860616275012,25.8931206470858,25.8836341829737,25.8884708093871,25.8978671246187,25.8881825128044,25.8885084275294,25.8905045690812,25.8937977051136,25.8881102415221,25.8893203372851,25.8918929721574,25.893893693534,25.8947411812819,25.8925777475364,25.89214806071,25.8895092746688,25.8918020692717,25.885629411588,25.8871383584089
22.0228575464451,22.007326568679,22.006026082579,22.0084498882909,22.0062870063697,22.0052424021904,22.009982264295,22.0063154759674,22.0048642128948,22.0096760534254,22.0091741134195,22.0109955397815,22.0093700641392,22.0108626260934,22.0078697445751,22.0096766559765,22.0063203848805,22.0079827014033,22.0097959937104,22.0118775629779,22.0073889384825,22.0088270418354,22.0097255161399
27.1933077092804,27.2035979539117,27.2167567831193,27.2299736235944,27.2188527610073,27.2247978148734,27.2239341698,27.2246710993949,27.2284800674798,27.2293472891167,27.2350391741542,27.2313735769592,27.2338632909185,27.2317384045415,27.2352114459666,27.2314653057228,27.233139122467,27.2304450146408,27.2299469824899,27.2305414751866,27.2307197607097,27.2250480919403,27.2311263028136
26.9343848970588,26.9558228691868,26.9584631086011,26.9608979018144,26.9632431259556,26.9661268291352,26.9500619905911,26.962994802255,26.9633374714591,26.9566100208396,26.9633838529768,26.9606782996192,26.9588759878324,26.9618725718709,26.9564938561136,26.9596429467363,26.9586782077686,26.9614985663646,26.9589044760954,26.9613770011868,26.9566879914075,26.9565149837449,26.9605583008043
24.6128457376463,24.6210152744234,24.6217426231732,24.6227041556067,24.6221735127771,24.6250353236048,24.6258084847033,24.6267164413701,24.6258483546333,24.627066109807,24.6288112784617,24.6286464510298,24.6298565262972,24.6301051774114,24.6282947919283,24.6314242049483,24.6265184420842,24.6264023785663,24.6296130537935,24.6296702681552,24.6276675262479,24.6277734383829,24.6284756066683
22.5608466031519,22.565637152118,22.5722752462756,22.5757389466809,22.5776665101308,22.5741352618141,22.588088307312,22.5847851722865,22.5860833928494,22.585668628024,22.594056296028,22.586911956898,22.5860137905721,22.5875952916424,22.5934069227909,22.5871648404748,22.5800066123053,22.5893319099297,22.5864667852116,22.588760840408,22.5909739989748,22.5949377545174,22.5928008222013
21.5747042292034,21.5837037110394,21.5812043931967,21.5788818077986,21.5900082684,21.5891931729758,21.5941277707355,21.6039870018777,21.5922078400182,21.5941148937573,21.596654243111,21.5980092455772,21.5935177604364,21.5956840429565,21.5909343229204,21.5925780349405,21.6026580819089,21.5976296474594,21.5988528557583,21.5944175589371,21.5981846478878,21.5948437012646,21.5974755302107
23.1584171392418,23.1831347606648,23.1737209810117,23.1712369271019,23.1751971954136,23.1861778761182,23.1803383858347,23.1778986148324,23.1801255058448,23.1811309711536,23.1798591588969,23.1764755290477,23.1804045585228,23.1714535226654,23.1783811602267,23.1707625461802,23.177368123806,23.1849582906743,23.1784796466626,23.1783565941169,23.1837543743509,23.1758712876861,23.1791786056007
18.8755856186454,18.8324013164813,18.8357085912926,18.8190607756985,18.8276851229105,18.8355267651132,18.8342022491075,18.8445270052305,18.8290170714316,18.826676195639,18.8319859707669,18.8292498052079,18.8278198121522,18.832493335166,18.8275899593572,18.8340833625659,18.8281747647658,18.8297531501924,18.8282992309427,18.8316463409555,18.8279162458148,18.8271388968439,18.8345860484395
17.7555170784459,17.7546623774826,17.7583349790959,17.7561495448428,17.7493230300336,17.7465440582882,17.7454187919713,17.7405834715814,17.7416974628193,17.7409799402516,17.7393415294156,17.7373173293586,17.7347970846952,17.7385914516693,17.7328750539608,17.7363017123777,17.7357315993883,17.732568208766,17.7370815855853,17.7374004311955,17.7366254963961,17.7338764288896,17.7384841386052
24.3921714430814,24.326941827979,24.338016679399,24.3370376615745,24.3198539903978,24.3149474032606,24.3090544911448,24.3094600677392,24.3073765634883,24.3144728239863,24.3082446064435,24.3106427676639,24.315771483324,24.3028651243638,24.3097898034689,24.3000143147902,24.3034865783172,24.3050044109528,24.305328784863,24.3021233959369,24.3015628291645,24.3032011121071,24.3025736072442
17.5442167153066,17.5402760137694,17.5383998062495,17.5423588021401,17.5201325697219,17.5354495982048,17.5362699498985,17.5298818472242,17.528429586969,17.5301553303511,17.5381361624094,17.5334677795055,17.5359522241529,17.5344694540045,17.5291596608721,17.5278192025505,17.527289384198,17.5317424695127,17.5323823981862,17.52984983938,17.5307247152188,17.5281325076307,17.5302576815308
31.1287315018337,31.111932808436,31.0978502490617,31.1035145529791,31.0995015453764,31.0992376515359,31.0998462154602,31.1000121834373,31.0934678861421,31.1066899026083,31.0981626494632,31.1026458997111,31.0985228250917,31.0974487681696,31.1031634655981,31.0995061593165,31.1009918336467,31.0916109779564,31.0972634571288,31.1031786330888,31.0975192178873,31.1041591184303,31.0997989138869
15.660169821374,15.6394148850737,15.6339539904764,15.6261958489763,15.6266261034585,15.6240180017303,15.6255216586035,15.6276988360797,15.6215953803909,15.6217617487391,15.6247157538671,15.6271917567229,15.6174929960915,15.6213262295074,15.623810162085,15.6240670448827,15.6210180725158,15.626140037488,15.6229221743009,15.6241009086964,15.6226300318452,15.6209013341712,15.6212666858773
27.6726985304833,27.6568104907707,27.665050292117,27.6664759954988,27.687511012308,27.6773021992814,27.6920024777697,27.6895085379528,27.6865479727926,27.6937331939136,27.6866825658359,27.6835523082509,27.6845730847422,27.689249154555,27.6925865133943,27.6850182816609,27.6921877829039,27.6859987330472,27.6877851790612,27.689845408214,27.689567152028,27.6934988466241,27.693504787428
19.5071291838963,19.5319474159191,19.5386284436265,19.5429085153954,19.5439204193617,19.5450210235114,19.5483633471034,19.5476645669902,19.5481226902419,19.5508466603432,19.5487963299011,19.5507237176211,19.5490903258834,19.5505033942765,19.5501599780039,19.5475623321752,19.5522776729872,19.5500831319272,19.5501222654387,19.5487874266392,19.5505480965003,19.5510448727446,19.5497994319865
19.1783773720923,19.1570041745949,19.1499019886401,19.1532398448022,19.1493565561828,19.1460774171213,19.1532668515534,19.1464448093864,19.1409286182421,19.1434292903832,19.1467889258628,19.1470965988327,19.147804605454,19.1436011141668,19.1478548507489,19.1452156953357,19.1412612389437,19.1412370483302,19.1445326716221,19.1437182839613,19.1457855318836,19.1445281280112,19.1480726588698
22.4441605797589,22.5348286620938,22.5368789384199,22.5155700857129,22.5198349323046,22.5441722005569,22.5383365383365,22.5247779630749,22.5330449885576,22.5312520969292,22.5463763384109,22.5391351838834,22.5335507428771,22.5401337582301,22.5360158754417,22.5325733668902,22.5319012773637,22.536852378513,22.5349009476765,22.5332234475911,22.5403009677252,22.5349905504873,22.5422507183123
14.9440611948459,14.9475368371135,14.9561448766728,14.9645618223897,14.9717986687097,14.9859353374954,14.9811275586231,14.9834417005438,14.9824957805704,14.9922871802412,14.9859222937244,14.9914334478713,14.9905685571189,14.9925944243137,14.9924778003059,14.9937194981273,14.9932174447169,14.9926032341114,14.9953210778794,14.9903927675438,14.9923630741314,14.9962892657707,14.997812433689
21.9578247596613,22.0132186257704,22.0522891494871,22.0660570152802,22.0647589443011,22.0881883047384,22.0721108416188,22.084369796133,22.0810151432237,22.0852601559998,22.0884951739048,22.0831379379708,22.0876174599395,22.0920243614415,22.0914244532405,22.0917003368691,22.0968288622027,22.0852072084786,22.0977743099597,22.0965571268818,22.0890530743208,22.0911915994066,22.0918990440873
30.8197086028123,30.8331522444885,30.8477959016558,30.8551139708713,30.8600295087544,30.8584170356675,30.8583946207332,30.8653249902874,30.8626199385139,30.8597933184473,30.8626099333434,30.8628741620672,30.8650284144624,30.8641044605815,30.8637006332996,30.8697480291022,30.8640579563416,30.867457795009,30.868274970721,30.8679553171662,30.8650858563182,30.8658471878045,30.8703663524594
21.1625679645357,21.1620785498576,21.1660925343421,21.1778818019637,21.168509101385,21.1744245812381,21.1689926993592,21.175670378388,21.1732534013634,21.1743005244238,21.1733811827017,21.1736130504668,21.1732148359592,21.1747683427346,21.1745774722803,21.1736790106406,21.1730042915171,21.1713679658614,21.1773806072497,21.1758716737528,21.1773302572797,21.1760664824419,21.1788545121859
16.7768938895935,16.7506568184719,16.758530205975,16.7650134213157,16.7887365182861,16.7788507487534,16.774848006294,16.7805882843338,16.7835353127847,16.7845787706742,16.7875531519173,16.7836762522805,16.7851720092519,16.7895095364668,16.7965446239569,16.7959458494541,16.8011044278229,16.8023894097945,16.799855799447,16.789068019581,16.7901057866399,16.7897094075781,16.8008088765244
23.3166164303635,23.311279041961,23.3205107669072,23.3295004729022,23.3266021313921,23.3304751627384,23.3319464911471,23.3388937726556,23.3324311230964,23.3328039075151,23.3359633598649,23.3356035485154,23.3354581967023,23.3404725947351,23.3327596359866,23.3331479541473,23.3349887031878,23.3348687415765,23.3327054720095,23.3347977939203,23.3402224137865,23.3358542629534,23.3363825017699
28.0926473976087,28.1079978950489,28.0920855624672,28.1034723804707,28.1013524726731,28.1079875358997,28.1040922927644,28.1006658340661,28.1063484604291,28.1057227674263,28.1028919535443,28.1095873970323,28.1032276676521,28.1068359494198,28.0979084048563,28.1026781170891,28.1017282262381,28.1006619246026,28.106655952116,28.1016420317929,28.1058317387726,28.1014334090446,28.0983888904985
22.1154168893936,22.0453692909894,22.0236220875746,22.0418218673369,22.0353453020448,22.0222893088176,22.0119756193634,22.0271164405123,22.0278779888622,22.0283249796475,22.0361906469726,22.0236583796447,22.0290309452324,22.0292213401174,22.04282387886,22.0324863278385,22.038567911088,22.0335550307363,22.0368570218734,22.039309512816,22.0395597192373,22.0386964017549,22.0283520391275
26.013047668283,25.9637632974681,25.9112768255389,25.923249689863,25.9211422267055,25.9069490540069,25.905568775334,25.9082698982662,25.9062150200382,25.9111211097401,25.9094581112679,25.9079149973049,25.9100397868104,25.9052605116356,25.9151100619092,25.9187195287184,25.9088201599848,25.911357149579,25.9155242035556,25.9105552865767,25.9115745147434,25.9077402254045,25.9130989573111
22.136787484075,22.0996633717767,22.1047262462657,22.1212738446632,22.1176909884356,22.1076949529632,22.1025607052019,22.104371024453,22.1085859236288,22.107805213566,22.1055574315489,22.1010276095885,22.1120968122654,22.1080333762661,22.1076595415658,22.105990487381,22.1099549403556,22.1027198747759,22.0963706005611,22.1094562345229,22.1049207686908,22.0961636453132,22.101504170361
17.4483177262947,17.4699771345145,17.4731553676031,17.4798247365767,17.4865910608098,17.4894963337335,17.4910301191193,17.4913186223626,17.4892373155111,17.4913959495051,17.4950415952101,17.4925748195283,17.4955477854894,17.4977828353163,17.4959878000933,17.494900692692,17.4930888679223,17.4961241279979,17.4965276286921,17.4946728741901,17.4973795462347,17.494530203396,17.4975167115562
20.225389811313,20.2634896549859,20.2859573419156,20.3019424625018,20.2857433670071,20.294679811299,20.2970204101249,20.2898139001315,20.2939929520778,20.2935346882537,20.2971456483963,20.2967143089403,20.2938120527894,20.2940113377321,20.2964477045584,20.2983321402861,20.3032321094036,20.3026246771162,20.3022132936944,20.297135294662,20.2956205697915,20.2973238444566,20.2974233029607
26.8076059156225,26.8056001505638,26.8525533144013,26.8149453131725,26.8278515711448,26.8289822633008,26.8479383031932,26.8425904599345,26.8276396102728,26.8264901416985,26.8487880175194,26.8317368569141,26.8492494184058,26.8363887023076,26.8456677268024,26.8439803802763,26.8444116535709,26.8480159052045,26.8444252004208,26.8419733878764,26.8451410337619,26.841510790071,26.8429314716517
24.0978167754875,24.0658237339274,24.0447326184056,24.0492543932767,24.0454063853006,24.0448423374409,24.0434072236289,24.0360447121571,24.0425579560153,24.0375722562582,24.0409345018147,24.0333207499074,24.0368488289332,24.0427388359605,24.0346769042704,24.0383573576507,24.0337492912056,24.0326113167178,24.0320476523828,24.035641503292,24.035745502777,24.0424276003272,24.0381281734728
20.2659489514426,20.3318093600993,20.3453832101482,20.345636745089,20.3556586692001,20.3541826482137,20.3557722923828,20.3618921331499,20.3574130040926,20.3610205373471,20.3592926327239,20.357751813647,20.3613526739441,20.3601251337266,20.3594946269587,20.3574857950246,20.3604463534196,20.359607655322,20.3590541573526,20.3588857873501,20.3596612664982,20.3619226054451,20.3604623865254
22.6472356464565,22.6716656821514,22.6797062408112,22.6823837265996,22.6889549910852,22.6806751472586,22.6830191065622,22.6884925193741,22.6872920324471,22.6846867878429,22.6912619057057,22.6886493401869,22.6910939526909,22.6882826883016,22.6925110410839,22.684943318873,22.6926270662241,22.686425083968,22.6922810044254,22.6889755006334,22.6909247126219,22.6923797834255,22.6899196626658
29.7854661438914,29.8050755104512,29.8153970446859,29.8147672272235,29.8175793586834,29.8164818329788,29.8182528508346,29.8203397562681,29.8138015910498,29.8157288096921,29.8160784191753,29.8211616435908,29.8185991409467,29.8223533389697,29.8173744902086,29.8205763840254,29.8210433334015,29.8205369505632,29.8219226075098,29.8168537348608,29.819412137598,29.821692445694,29.8133443562361
23.013213173089,23.020888382388,23.0128833017486,23.0446337213732,23.038095024471,23.0443100320975,23.04659724954,23.0480679542053,23.0565380604251,23.0469772380508,23.0531782898865,23.0460116683098,23.0484150107571,23.0492734281259,23.0487857790807,23.0493588638193,23.0537397710802,23.0488716807365,23.0492012450387,23.0579417523532,23.051227493142,23.0538196575856,23.054607480484
22.0424946494638,22.0977903741221,22.1233495932471,22.1423374663887,22.1721359020963,22.1622623915487,22.2041629391725,22.1913198019219,22.1855172032075,22.190397102733,22.1931374962306,22.1816389841593,22.1990001662526,22.1776079079432,22.1956507018591,22.196613233807,22.204251071289,22.1986914145733,22.2079526693314,22.1958499576474,22.199265687213,22.1917116172601,22.2070677570161
24.820481544289,24.771049325028,24.7782994864645,24.7957158766728,24.7846695184491,24.7817922401649,24.7804006877901,24.7959765945945,24.7953499455824,24.7999396166979,24.7879532707927,24.7830319337068,24.7819624541401,24.8025642869135,24.7930252133017,24.7870665932274,24.792923020067,24.7926378402775,24.794399949333,24.7981649464971,24.7898646374354,24.7961472994313,24.7903017727564
20.941983994313,20.928329386395,20.9373984825508,20.92919129389,20.9356211542876,20.9180042816844,20.9308054505311,20.9261095517488,20.9304540864915,20.9302280091847,20.9268711800214,20.9335695673499,20.9348211889918,20.929286129193,20.9372850506038,20.9351328597645,20.9326560127812,20.9345278561762,20.9332410290225,20.9341682164836,20.9362571311548,20.9354611480747,20.9331132886145
31.33679951244,31.3184014848833,31.3154118304416,31.307489941929,31.3043102127372,31.3003666788656,31.301310269672,31.3025212192497,31.3027957017244,31.3071655507073,31.298324516845,31.2979034041201,31.3017722849286,31.3000646057713,31.300324190145,31.3040604212843,31.298247741628,31.2992642507098,31.3014078211526,31.3039336916764,31.294869230261,31.3003091455208,31.301938360993
16.0864712885541,16.0552866176217,16.0400093537915,16.0363130763581,16.040622994492,16.0388850618851,16.0372507288674,16.0399985477646,16.0303815994447,16.0421476699474,16.0387328883766,16.034792104375,16.0366255935244,16.0358761908546,16.0420499606888,16.0380673109694,16.0391514419342,16.0385051520753,16.0397136920463,16.0430003887953,16.0436819873202,16.0364399412217,16.0403153593132
20.7417086632855,20.7513918233772,20.7694870886255,20.7784762120932,20.7735356642701,20.7785726959043,20.7924751065914,20.7794349976716,20.7848051937922,20.777471123017,20.7853880502447,20.7877861438268,20.7825464647824,20.7947929273893,20.7884106170345,20.7906610163193,20.7843506517261,20.790798729853,20.7852722758714,20.7894416466154,20.7851543491654,20.7832267204734,20.7895676617936
22.3120080829467,22.2915727396236,22.2924105225574,22.2777729988528,22.2789819785776,22.2712744756402,22.2763697884254,22.2772168625132,22.2798619930732,22.2770675826624,22.2760185123079,22.2601213164676,22.2628039539473,22.2701883512375,22.2665826427817,22.2711853510005,22.263019557875,22.2599910396488,22.2685033866967,22.2652523645273,22.2667690681053,22.2721318972055,22.2586415014541
23.2495870773184,23.2709173909247,23.2850093012471,23.2858997441872,23.2922693430386,23.2881063746365,23.2898837540083,23.288818292532,23.2967156229662,23.2917845635361,23.2959804850807,23.2951586947759,23.3009157435364,23.2924583273472,23.2957456389642,23.2996486987756,23.2980188298868,23.2933619649526,23.2949191932431,23.2962236562207,23.2966487932873,23.2991600840087,23.2990500988777
24.1000113811391,24.1238356743991,24.1278758812922,24.1364863746429,24.1304645764258,24.131709209612,24.1394455317341,24.1318951616787,24.1355079262948,24.1352141289648,24.1391443751263,24.1331746783957,24.1329064085447,24.1379019222731,24.1350835856443,24.1409771293384,24.1363778947223,24.1352462276339,24.1445280465196,24.1349576237605,24.1350099641598,24.1388641364661,24.1390330334265
28.2817482918116,28.2604972935919,28.2541406101583,28.253900465783,28.2413699391713,28.2397084525167,28.2413665231101,28.2389949653367,28.2362522879629,28.2408195976544,28.2419165954304,28.2409546122673,28.2416558313127,28.235697310693,28.2383017244992,28.2370445063813,28.2369304436655,28.2347902644052,28.2376865826735,28.2356828509769,28.2345518761715,28.2362809639244,28.2345845655925
26.6607074150325,26.6695943050128,26.6777536749438,26.6814768001848,26.678945209846,26.6847090865959,26.6816825025482,26.6810909057743,26.6823799309699,26.6823291095124,26.6829692173525,26.6804605147592,26.6835129246157,26.6848525175326,26.6835341713796,26.6864291453659,26.6824200259173,26.6846643825333,26.6827509313834,26.6837307641163,26.683772738585,26.6852576555923,26.6845082245419
21.2923918808512,21.2351185412403,21.2306069180353,21.2319691076909,21.2391570581895,21.2402218003831,21.2292938103573,21.2459975636037,21.2384746476751,21.2280276085101,21.2238892647651,21.2243353741391,21.2296705652214,21.2348234753921,21.2298323672695,21.228764983504,21.2243261392885,21.2254002216839,21.2271563247698,21.2264747217585,21.225037430948,21.2255803078357,21.2277710825394
23.3306368461983,23.3846791624177,23.4047318844444,23.4102622627718,23.4127352006836,23.4252492833067,23.4297287854727,23.4266723729073,23.4249045149468,23.4245347769839,23.4255993898537,23.4222578716086,23.4242396187862,23.4304078704783,23.4302901874922,23.4273081364961,23.4297597998269,23.4324984546584,23.425207977582,23.4310583137518,23.4332809515485,23.4325405222097,23.4325733595338
