"V1","V2","V3","V4","V5","V6","V7","V8","V9","V10","V11","V12","V13","V14","V15","V16","V17","V18","V19","V20","V21","V22","V23"
158.631033529214,161.752290953896,158.535453109368,158.797360193233,158.646639538962,157.951160278507,157.447843614415,158.204311751785,157.380340869279,157.126128831198,157.353624808483,156.38003565803,156.926678793332,157.07273349525,157.186232157844,157.156043793826,156.9968569948,157.069338807961,157.063454105375,157.041281485788,156.911341491855,157.092415367577,157.061160188437
160.360154103639,157.7833658565,158.322549682643,157.311614683947,157.597034925873,159.17516160516,159.050180783378,158.81848557265,158.622956522131,158.734250001882,159.238398713125,157.695318042195,158.179416076877,157.386967714448,156.547876856286,156.148462014608,156.327766405146,155.807518451937,156.156035740917,155.964987469991,155.816798949007,156.021767127714,155.827630417562
92.5359613128556,91.3158847362174,91.3813414534907,91.4640281110207,91.9780744266827,91.4581396490253,92.2877833641755,92.0818126202576,92.1255890692416,92.0168546145108,92.3569815916071,92.3580977351848,92.9778769780107,92.7682893309441,93.1356791925361,93.0602100641944,93.1790231589991,93.132539720002,93.2603548370645,93.2632329059154,93.2471359473951,93.2926388322579,93.2595958758798
114.106917142704,108.794200569963,111.534502935681,110.982407718685,112.164077859395,111.725913301532,111.704136174328,112.235169047802,111.70819425121,112.409006568494,112.125825362235,111.99587873383,112.214633522968,112.38440838757,112.520664302996,112.435797265549,112.492768375077,112.213653606798,112.210677572134,112.316295365569,112.356672915935,112.530248500396,112.311915604301
96.3781043240817,93.3876781267217,91.6474302258918,90.5068948530092,90.4266066005182,90.0072702684827,90.7787555370908,91.0008031694542,90.773950578381,90.9613585317269,92.0055247938676,93.1022533593592,94.4333467917494,95.351139137223,95.8342007970246,95.9041524974049,96.1345197648106,96.2171467950562,96.3471177818713,96.4169443493426,96.5276051033589,96.6318796057257,96.7551254684035
79.4483962442408,79.3995399137423,77.2571756988361,78.113269056616,77.7637702683591,77.4806058450206,77.2876315252514,78.3977608269607,78.7854226338467,79.4062675122162,78.6316231983873,78.8213208008215,79.958377582297,80.8037145093586,80.7836717187653,80.7975392144361,80.6793465407844,80.9705500293436,81.0055194003375,80.993447564408,80.9898594955817,80.9942377409399,80.9497436571155
143.49077919024,145.103814134717,143.177954206608,142.290410570867,140.441793608336,139.076117396552,138.566972773474,138.200014811102,137.790600391879,137.768520620922,138.523298428638,137.802334744155,137.798292520087,137.364786128575,138.323980742047,138.377758863976,138.130871470784,138.015678299807,138.243418337564,138.419055696869,138.581736196934,138.624337399737,138.700902859602
174.331198906071,172.798846398039,171.166424659782,170.898035256563,171.357507812935,171.684731046912,171.507693403652,171.06314162082,171.259114720833,171.360981718754,171.658571714899,172.420875626099,171.70640452841,171.68980727064,171.57990217484,171.247771778858,171.603839437132,171.478892750963,171.67731590386,171.743444130047,171.875674711915,171.696315773703,171.67597667852
62.2655948527149,63.9888934674834,62.4466108403118,62.4439929503449,62.8399153390651,63.9535498920044,64.8343996035561,64.7012430993249,65.140662979878,65.2659947475201,65.1320295904517,64.513546285612,65.6451427193744,66.2536112841735,66.5483037831815,66.5723494734128,66.742883680328,67.1136794213254,66.5772545069319,66.9369171543944,66.9020590362806,66.9888290962913,66.9066439560352
92.4801118130688,97.5122405462629,95.6378338997557,97.4890968479454,98.7834115606097,98.2746142497295,98.3750579790124,98.6847005393853,100.426164924043,99.7451355717568,99.2953173970214,100.221306226777,100.355323822239,99.2438107419512,99.6771703113546,100.959964343852,99.9173634535081,99.836799300539,99.67795785754,99.597854048555,98.9735213397597,99.2989594098104,98.4597812610574
71.6484779689621,70.4112294026002,69.8542389808128,70.1930233178644,69.4825696357156,69.6882292036367,69.4799815229886,69.7453005823439,70.2660770927264,71.068981794996,70.0117258281448,70.3342571282931,71.5417248519106,72.2307862176934,72.765892320159,73.1596870119878,73.0493583278332,73.3371075851388,73.2516190130799,73.4631777799486,73.6234171410632,73.8006788714836,73.8067962012313
83.407916157108,84.637194116324,84.2413862453591,83.1172296977113,83.2512021203444,82.9476828083881,83.1606639867358,83.4536212610103,83.3897316177562,83.4182160053579,83.2595249876724,83.7071012240138,83.5432490473954,83.2184398233783,83.3576527837951,83.4977395401969,83.107992345382,83.2749414532016,83.2447519722916,83.0736998693753,82.9581501471546,82.9404190503461,83.0445342387241
93.9285805360291,76.5144570803668,80.9154684601494,79.5203298023281,79.4595832791202,81.2294360221783,83.2921922409177,81.9652033270275,84.782974176712,86.5705938573101,88.208027694584,89.0577489384033,91.5482152764529,93.5610133219552,93.9840229551384,94.0755115378182,95.1766052679102,95.3391474131808,95.3768020725142,95.5261543166394,95.705638438083,95.7267304115119,95.385067304727
202.941855003372,204.953297967932,203.23289521634,202.621116610001,203.317244105038,203.300455624241,202.843327183476,203.073878546115,203.622920136396,203.503421843664,202.893203164903,203.165205992522,202.606462287359,202.781069155348,202.396838200237,202.7935983659,202.592904366619,202.388303467549,202.364592812877,202.497892264321,202.336375227398,202.164515508356,202.276808524095
79.0481503649549,72.8518282747326,72.8182223609524,71.8994069468591,72.2807283161628,74.6704558327821,75.0988749631365,76.8709370538439,75.5717426621994,78.0800407281851,78.4871628610289,78.14363538627,79.2162562177677,79.3871905702618,79.5821362416768,79.4878018933331,79.6053369617452,79.4204639663528,79.4483130575559,79.5008361931935,79.3366403226185,79.7547850100117,79.734574008449
80.1302506966684,78.1467792152885,76.9859944060996,76.8740219240576,76.851912155584,76.5722140319575,76.0450198502032,76.2292635702105,75.8244255147767,75.3937126695927,75.2709534038377,74.7636670772232,75.0005194687082,74.983456047627,74.5271664468855,74.7519174602262,74.618863903601,74.7940196817951,74.7996894679802,74.6747075741697,74.7186606400149,74.8945521297047,74.7804873384745
103.617885227144,101.377798381779,100.35277864645,98.3963740280088,98.1609521493661,98.6373115816552,98.7559969078262,99.5619062076784,99.6871573352719,99.4748800498205,99.881078903965,99.7305951243854,100.704454065682,100.782358619232,101.242629820588,100.971098231217,100.961769077268,100.94466448152,100.839955459372,100.919531916458,101.131587941707,100.870059294843,100.998419473315
116.200502047648,118.466425141913,117.609718000898,116.806751837004,115.459678905574,116.141464127556,116.227244112489,116.430138459962,116.288619624933,116.372171065808,117.187354465229,117.083652719902,118.10364323108,118.288987860984,118.520165945221,118.669936061481,118.637490044154,118.83453115578,118.537831031073,118.585997065993,118.768989188349,118.992315197967,119.011778332482
90.0139919233915,87.3982524065216,87.5721405669118,88.0407843541489,86.5251193139248,85.7518896758957,86.4830361161393,86.1596977169053,86.9288705777459,87.5429226658601,87.6508444548629,87.386141543614,88.6710698345042,88.3863635343894,89.6532541508928,89.4384042872084,89.7887374840744,89.87973304936,89.8619798319739,89.828991716677,90.2065559400569,90.0743925570532,90.0221723767219
66.9328891498038,56.6927142896074,58.9715548629735,57.4672185601317,57.6724074807011,58.0178823896456,58.4702244693441,60.2899271205362,62.2675150024083,62.5442434213634,64.5269926968889,64.4521834748888,67.5582450802342,68.1653102727899,69.4603116869975,69.8275229737938,70.3789240934245,70.0340115179869,70.3979816544167,70.470215712674,70.0983275208168,70.2210200198219,69.9009558520326
124.652614610959,123.696212665776,119.233168644803,119.400537795368,119.592329522274,118.95868456875,119.337864425937,119.50971873606,117.897069747114,118.012268327395,119.249805919956,118.912596236281,119.061087140061,119.546861144063,119.706776494273,119.057512632204,119.40169815471,119.543927260641,119.178899500077,119.572726025838,119.312013667079,119.291354963278,119.332239972372
78.60581514932,77.2027407065752,78.5957130071335,75.3787902360259,75.8911077904058,76.1636677640961,77.3173236923322,78.1231681739405,78.9708724651243,78.5813930213483,79.7796387100794,79.4858008784621,80.5228505424714,81.4166765417088,81.7061245498934,81.6471516812839,81.636627923073,81.9565452122351,81.4464509904708,81.6630033081512,81.7852682512814,81.6320020442847,81.6962016234765
84.3295958866264,78.4734275202869,78.0917961554705,78.4846483687059,78.5569532433785,79.2344335693593,79.7945218432753,79.8929318526587,80.0704952024924,80.3925605588299,81.0450168536038,81.451707213687,82.6310264700069,82.7236716836633,82.7387866345981,82.9192962647002,83.1789364253802,83.0546188061739,83.1981720459944,83.1798407074486,83.5272133558677,83.504235649553,83.5310794798401
91.6353280599149,90.599355312815,90.7102019003738,90.1510502291383,88.973139809585,89.1921743752165,88.6569585879026,89.5351844571541,88.7854984837844,89.4667168128986,90.0482102016577,89.8845205223937,91.0369523153779,91.1469852361343,91.3389377345063,91.1215587160862,91.3577372787915,91.5879639346881,91.5649444627988,91.7197750014971,91.340571269308,91.3557506177199,91.3903651883546
105.300986257946,102.865172664769,102.957453697509,102.521412321348,102.075636748433,102.007808199504,101.145369501991,101.340818935525,101.353480860979,101.968560717135,101.569944063758,100.93356307362,102.993500187343,103.249259986555,103.696042471806,103.312969595094,103.576633372436,103.636405354481,103.622739257641,103.251715736495,103.632952688155,103.358087264613,103.609001302245
126.830467651944,130.165829698032,129.821004947684,130.752398750631,130.401505957474,130.776615063775,130.56790771098,131.459204097016,130.965203885968,130.893458457033,131.652190200062,131.189902707827,131.548751194074,131.166354376205,131.190098178008,130.972624716474,131.18798625279,131.120700354119,131.045222586968,130.840172648475,130.969798788413,130.993734935127,130.707183541715
78.0768253311513,78.326301711366,77.7849925282592,78.8688379385953,78.0307021284256,77.6842372106346,78.5927245442013,79.4693493388658,78.8220302897139,79.2503684194354,79.3203894806285,79.0755879925573,79.5778848484777,80.269276264832,80.6992632646965,80.4954836113615,80.5675060999384,80.5137178039043,80.7879780280604,80.7938296325306,80.6997184535383,80.7513986508579,80.6374884029302
103.312326692392,101.485585407905,98.5053283873193,96.4045363814669,95.9136046658876,98.5935969279688,97.5886130688976,98.7760728672616,99.5571221300964,100.535014500346,100.710568351375,101.861410953837,102.922104983529,104.508475322764,105.487088379625,105.657861715928,106.080938285649,106.32049544296,106.24292776438,106.259340691088,106.297306839655,106.571611583931,106.534273561592
158.075904226283,156.297211258274,154.199726365083,153.041897055999,152.970975153452,152.922038233629,152.336521188599,152.886911574018,153.018483418868,152.336399872838,152.351750674389,152.075249794356,152.288471515391,152.622779624316,152.477807286077,152.440089717842,152.379868440854,152.436705923371,152.437238287735,152.20401279614,152.276882902833,152.11638103045,152.216476760453
113.698420378982,113.413665962833,114.495296459167,113.95928344321,114.722259213397,114.731359623416,115.336818179882,114.779730412538,114.295428358134,114.748098935607,114.624080287121,113.836316438738,113.822871103795,114.750391808747,114.011308350434,115.158964938889,115.31796677721,114.386345127827,114.713068848749,114.833853779537,115.293346229477,115.159679781708,115.15900145955
121.62133967167,119.300395257089,118.079139593078,117.671899937687,117.363529989737,117.596296507402,116.8048584428,117.875715919713,118.146524323155,117.424578374223,118.938441081262,118.329208069971,119.655843775999,119.798669214482,120.019847852762,119.994409731032,120.147897576856,119.967179602092,120.118862977448,120.196981830617,120.14247635664,120.441167022724,120.335512220031
71.7492411775959,67.4087773556069,66.3222318199261,66.8509906966146,67.8227126453359,67.835974096823,68.0447936111696,68.9340319556696,68.6654325732141,68.7740959619332,68.897206077434,69.3423765998569,69.919908968436,70.2197857157543,70.5398270207829,70.4925922333039,70.6087837304514,70.8014959010232,70.8310909463125,70.6877226708008,70.769597825513,70.8158740541295,70.797229343203
118.546667674814,116.222318509843,115.561787546547,115.330537990959,115.358640149327,115.066555765712,115.304747014712,114.243798132701,114.249166369578,114.122255812076,113.838704327934,113.647029493595,114.817903809503,115.37062046383,116.140984292813,116.718004215613,117.160357091825,117.122881105879,117.360214494358,117.70717735716,117.631376443486,117.735318693439,117.851318539508
85.446287937336,89.5029282209501,86.7607215507331,86.9062600260676,88.2525484969861,87.2730913059848,88.5308640879322,89.4257032226509,88.9514528836979,90.3035855177155,89.9346407375068,90.8883409176929,90.6506644081956,91.1471019776959,89.6357427421116,89.7351330511777,89.7352282670245,89.5695526138884,89.4419213403305,89.1418618098166,88.7938498659107,88.7139170293904,88.6456931104253
248.73850104214,248.809261897688,248.975790197883,250.256830391052,250.818890125842,249.205649210983,250.247350504288,250.497467977981,250.703689545006,250.558438832994,250.121547245294,250.625601947829,249.739239017276,249.438175773944,249.945995920816,250.152923923461,250.419090955552,250.396964272688,250.384773810999,250.423960542383,250.18594111484,249.894450797365,250.204919306529
41.6365796676274,43.2608372377921,42.0765030288361,41.7396134513511,42.5535216183882,42.5423030494539,43.0218607203918,43.5062577566453,42.7951224321144,43.4733542070647,43.4894946436813,43.7040991100587,44.66724190265,44.5397445739306,45.0899204407233,45.0822999552735,45.3553208616137,45.193267714548,45.2431058971835,45.7281759999048,45.5071439716688,45.7318802019232,45.6867666885707
83.1104014196598,76.7174870677099,77.6167190059463,77.0475795749612,78.0349547141454,77.9124029589175,77.6074624001073,78.0648339469613,78.277306692067,78.2874769875883,78.9548412280205,78.7241998222091,80.2100060255985,80.4722396950478,81.5377316483869,81.5428869918962,81.5629241076881,81.6047346686435,81.4455596554597,81.6567781610392,82.0420695871582,81.6690855043815,81.6518720792805
105.519434278232,95.9040409103049,99.2649318857703,98.736780598831,98.6339032984339,99.0659625045627,99.8151511410941,101.193781772446,101.277273094348,101.521233646348,101.12605549649,101.922207117079,103.299604238987,104.134598347976,104.673604077997,105.106060636055,105.261256514289,105.408006943544,105.472863438796,105.376162434759,105.30401273949,105.526789686112,105.443954650206
90.3903656603185,90.0137043285465,90.039867575449,89.2745625186216,90.1218369897575,89.0779265628606,89.6982755515136,91.5234089686185,91.4102971541703,91.7717991755683,93.6708241311828,93.0963142549639,97.4718650803679,99.2433325665816,98.719380187518,99.462170662758,100.007378323486,100.385399341592,100.117842899391,99.9826310239666,100.282410901253,100.44514585282,100.588827313265
157.553829388761,155.063449688398,153.175927478767,153.400864918435,154.724517108431,154.713400569012,155.625749078614,154.922848843644,155.34426003648,154.779820323949,155.685673463458,155.080926737943,156.126226916498,156.431778992046,156.427733992377,157.003015692249,156.969131962625,156.98985343793,156.914258905202,156.797483726762,157.136756278944,157.225341201757,157.054955110828
165.027769950975,163.289420266963,163.543646574095,164.07427165638,163.876316905031,163.423358871985,163.759368464857,162.907214605693,163.55751104734,163.796830362866,163.117429158851,162.847646682972,163.759352291651,164.057288391537,164.349070490349,164.298501233921,164.285697861572,164.265792765671,164.303043186092,164.4474033852,164.366213561968,164.452510333002,164.280337077085
99.3431775145115,91.3696060773174,90.3977763431386,89.4534382716512,89.6524460014524,91.4674161152815,91.1602130687837,91.622699529356,92.6456715698526,93.4307329935603,93.8710087886981,94.4099290740724,95.83727661622,96.7861262223446,97.3621002666513,97.8940889727832,97.8091673125321,97.8442343433963,97.9168898011467,98.0373099507647,98.1872838471837,98.2173953201904,98.1815213132236
59.3991613858236,58.2698856851373,59.0856159505441,57.9009900891385,57.8956557822278,58.1498493076634,58.0319592109968,58.0113941552372,58.2181026771668,58.0533211507218,57.7459837046613,58.3444194219511,59.0885288791738,59.1293795093718,59.6082696732018,59.5623084394384,59.7114489137881,59.5867793073429,59.5044890316744,59.7212089783332,59.7458723812245,59.6982507146081,59.8560161993483
121.850309953943,112.189311012465,110.942710400663,110.198802447563,109.642267875231,109.789353813016,110.519907891126,110.831117361228,113.284993496158,113.58770966754,115.300271383083,114.750944959136,119.23344884264,120.215416135468,121.711973582293,121.33354708867,121.846389310182,121.971730851882,121.589846142698,121.69004600382,121.450445623805,121.629435423821,121.233699985193
149.697747029557,148.148087520071,149.11503056718,149.253819898175,148.206417648038,148.172965201865,147.801577912884,148.379656396838,147.661150542347,146.856238121175,147.5099189789,148.629457082177,148.878969633851,149.250244137216,149.893338102805,150.083250493988,150.118206713096,149.817069570141,150.028321216278,150.180204372096,150.213976986589,150.446949936128,150.136229475709
75.4404080640978,74.4580636880084,73.1599144829897,72.6683290188262,72.1928876665252,73.3415312277719,71.6862415082766,72.2013351972243,71.2382580932045,71.6530840194757,71.7625379861404,71.554949716341,71.5452390900469,71.4023409866118,71.6786380857101,71.481461138436,71.6369586037019,71.1652508009093,71.5127038176544,71.404271047815,71.3967059556242,71.3885482856218,71.2797316666194
94.31348975499,98.6060156138699,97.9327896388079,97.2376840183749,95.118093424575,95.604479598329,96.2618316275526,97.3666623012935,97.3927481014427,96.8894522910121,96.9982119170379,98.3426400852201,98.6089534142711,97.7017399705845,98.6611660012009,98.1328791203628,98.496451755902,98.3247985512985,98.0906594494715,98.2133794098263,98.4930113902827,98.0515985163041,98.1934289153044
162.033900197965,160.303486441902,161.643967493426,162.444867049634,161.671248880569,161.133680992997,161.29346519296,161.154129399689,160.581228362692,160.563089910048,161.578931426966,160.493185727453,161.092513162929,160.716840980481,160.893088525737,160.845332457462,161.224363938253,160.810536761407,161.018881626812,160.914824023431,160.964908236579,161.183238479827,160.915232524137
105.935493079794,104.546520105626,102.873315855765,101.422655555219,101.03372245879,100.831245472541,100.703956397001,100.847625394424,100.42105279213,101.514293388374,101.548155122598,101.62762905765,101.496684198283,101.796776495728,102.183742384917,102.219090767567,102.294232985797,102.424174576832,102.247971964009,102.497523222915,102.417563733018,102.174624672342,102.169006692867
71.1913589012709,67.1849804743002,67.083241897231,66.3454803570864,66.6756297570194,66.516628268545,66.315840095717,67.138018428057,66.6408803051838,67.007514172099,67.0235670899433,68.1403241022846,68.3664730008231,68.5085436662629,69.0722859974678,69.256656595914,69.480116797313,69.9831120439794,69.7326844436055,70.0166051502711,69.9432218982296,70.1928894681455,69.9303653709035
151.32542554286,147.395277020134,148.816079364428,149.095048295872,148.911124061622,149.336535249434,151.077385557017,151.475423512124,152.045463017865,151.713711840217,152.13081926822,152.605870221743,153.233070600917,152.501620240323,151.921246076511,152.393577245935,152.305595730915,152.238126106093,151.964009366964,152.033199505685,151.828952687116,151.926266332875,151.887081174013
110.341187311546,115.874628187746,114.828087041357,114.737464772515,114.587395205994,114.86125257608,114.971406160898,115.038080912306,114.417413210053,114.865131985305,114.413029472548,114.820537374821,114.846432657788,114.404116878076,114.226796714088,114.088600200859,114.233626430447,114.272865267539,114.148841684721,114.123989916092,114.091178468022,114.010923518762,114.080663414304
98.3672411224348,97.0298501824461,95.3628636358234,93.9194800772122,94.7365928347477,94.2126569274586,93.3911774144332,93.4073284940214,93.6055042177188,93.6056186431227,93.6066748007613,93.9769462569732,94.0955664474237,94.4618398168762,94.5458839294854,95.1199234606742,94.9552289729404,94.9938126865275,95.0049031520029,95.1390794661777,95.1715089184096,95.0676765645032,95.054551523925
69.1175256207629,70.6255369403915,69.2384333987655,69.4206424224941,71.7290535333916,72.0254014710706,72.1934785439659,71.5497686301372,72.9286567689767,73.1687342689994,73.1388497833981,73.2870381680003,75.2765104027465,76.4993020669315,77.7658403928743,78.4588354907817,79.0643229626774,79.256419053609,79.4258791158041,79.4950817944172,80.2347379778165,80.3365097050849,80.2635734705072
174.965962424936,170.259032277277,170.1440167499,170.594557766369,170.511827087301,171.366778502717,171.658711049286,172.584281320963,170.592212248796,171.700621883096,172.410658826757,171.442359113128,170.348122348375,171.397804484575,171.458125376606,171.120565605579,170.525238920914,170.757364789306,170.940388796633,170.865531690224,170.831375385705,170.836119425061,170.714319402158
92.0347048778596,89.9681282772028,91.3063535887065,91.6195650709307,91.3953844493357,92.1440721818784,92.4002667480639,92.4387168836488,93.106818041532,94.7412088029153,93.7310642097125,94.1758387478332,95.0413279540458,95.811200592757,95.4278622354297,95.7271235454752,95.9771382466418,95.671252958344,95.7905725527825,95.8049696230585,95.4684726929888,95.2504661191874,95.7851008776532
117.241495758454,118.77012984359,116.553044571261,117.225591177161,116.822688222742,116.478659095432,117.219487141739,116.504223401512,116.979786398773,117.733775841634,117.002815658642,117.208277521136,117.465940426301,116.300621346061,116.661876630822,116.219020244912,116.280812489825,116.300320787854,116.270384356097,116.010493016437,115.932552132594,116.148889052227,115.899523538518
134.994682599607,132.880840316221,134.213825445048,134.628320539654,133.32063999911,133.532841542024,133.988875454061,134.077446076458,134.655689378335,134.172763207957,134.120287708437,134.709951110608,135.775817504812,136.961705292212,137.0232737746,137.49807305334,137.856249324229,137.888929610001,137.825198504687,137.829622501699,138.206058375959,138.456707192431,138.585552164599
49.8456511636758,50.1803595910952,49.2522359375931,48.9115763640007,49.2365410916067,49.5955742227288,49.7260281205736,49.3723778552105,49.7440949771474,49.9190335168279,49.2603764094323,49.1769762259267,49.3827810933081,49.8380550615581,49.2604774319711,49.7530933652563,49.4169602114206,49.6120993413501,49.5804689063195,49.6961614611294,49.5207543453126,49.546855466931,49.538680091196
45.6135012759738,44.7252255168273,45.2609783275487,45.6831183949334,45.2402451026959,45.7266034389478,46.515054412963,46.0641011062542,46.4155605005453,46.1394670419736,46.4158094959677,46.3999095151691,46.3082676892213,46.0227873200039,45.893665952169,45.8827725100396,46.118410009554,46.3032489370621,46.3970017793458,46.3828333476067,46.3034532328597,46.305734986796,46.5627587067226
162.766994267679,164.068130035227,159.435980637804,159.403438498094,158.936474813567,159.235819317769,159.42485691959,159.441314556479,161.36516975836,162.077805673276,164.132610158553,162.469940416926,167.16018759074,168.458124235919,169.132537548563,170.554358600168,171.113413188263,171.426848316635,171.435439623163,171.064744275747,171.876451984448,172.052830561174,172.38181805779
42.3158091152758,41.7523207067017,41.7006634824168,41.0679460818432,40.8197134631259,40.8779725925981,40.9038345952554,40.0760382233446,40.6030803422341,40.3611156388826,40.7545581875954,40.717171897004,42.1385017435451,41.8658585901589,42.597469451423,42.6632541762201,43.0797796769616,42.8242817663369,43.076379460148,42.8558242806478,43.0347145311787,43.0209734560388,43.1142338688366
88.8258127319591,90.8523468865171,89.6541822760735,89.6354139180026,87.8258609307011,86.8540122828302,87.0095825015323,86.7650328860166,87.4357014014974,87.488805738598,87.9820735302025,87.2045715157148,87.8366295250861,87.9609600665456,87.9571102767873,88.2979370771344,88.4084412640167,88.2817956129292,87.9963429830829,88.4255868990672,88.4960298832577,88.5143422568441,88.4705640313561
71.6963730473228,72.8079000947284,73.8751512205913,74.1406363755777,72.855709728744,73.1287992284949,72.2579347705481,71.5062871092734,72.7116594071416,72.4187910051063,71.976332040159,72.7128380608384,74.0663965707842,73.3650282743982,73.9916595763904,74.1411181972507,74.3040047792308,74.2734589196964,74.2704145039493,74.6513833610819,74.5953735664716,74.6437461071521,74.629120728037
95.5122201932743,99.4207222651593,96.1844526928053,95.0723365015738,93.8475966809548,93.9221733244898,93.9912744078786,93.4033731319423,94.2035956996755,94.5752457412745,94.7666400483258,94.4991065076993,95.2885818746368,95.6760373522776,95.5440033097975,95.1686028417855,95.2612198234386,95.0112689008103,95.6041485383759,95.4068076499273,95.3673700264204,95.1477756026183,95.0704852883758
158.184512146265,159.980179297186,162.261944817737,161.825083032053,162.22272910868,162.307500475641,161.844063131546,161.846180811205,161.115440398624,161.34469988703,161.005445996131,160.595943956023,160.54309972151,159.717246280676,159.935136880994,159.924252490866,159.794330029,159.514418157276,159.430623113707,159.820454062844,159.6324045628,159.529728643528,159.799202427816
121.195083771743,120.880359368187,119.896225831605,122.04962356057,119.779547343134,120.220897143365,120.214221093982,119.90021681861,118.229729094571,120.475235077962,118.71284489868,119.785024533263,121.416730839913,123.493669898046,124.648274635169,124.875332725351,124.946163978371,125.025944341711,125.430144057186,125.155376665296,125.553871111636,125.527871851478,125.632960671307
135.24150860216,129.540224412452,129.196421582724,128.400611814863,127.580597136637,128.216815097147,128.311997228807,128.769276068255,129.108876629015,129.629753018805,130.556639547502,130.169728276279,132.600641829541,132.681356404845,133.379620482439,133.373535079437,133.84574965494,133.586126490667,133.676958287201,133.817418764131,133.941828242668,133.951054384461,133.876753534776
79.4039015233576,74.4622339650829,73.0043279615919,72.5276139952885,73.0698331714151,73.1088737855041,75.8546031161228,74.950828038631,76.4643444253719,76.7628633100163,76.7644463463264,77.1225038326155,78.6407263224195,77.962532394991,78.2581857332732,78.5543207520653,79.0253933696666,79.3919951980483,79.0229690475041,79.0810368452497,79.2581908508594,79.1087468259199,79.0120212205278
82.8053194332724,83.7431646420787,83.8553916391644,83.0450488276376,83.0510646032772,82.6438759659712,83.1873441590798,83.2812805971178,83.0654434911197,82.3783655196117,82.0707498563095,82.3346803015932,82.56156318461,82.4525250068148,83.0316759737526,82.7029350887479,82.9714250055777,83.0362037302754,82.9181858709216,83.2275714198002,83.330044956958,83.1388543745106,83.0944135606158
57.1367438563208,54.9682509116704,54.3918268478354,54.6020742967366,55.5927875762077,55.307773670615,56.5973852455325,56.7025354865157,57.1462670385193,56.9130037821885,58.1479720519979,57.6383364304772,58.8928082515655,58.621353148188,59.6560180498726,59.5990041396993,60.1360986625219,60.7345790896492,60.5970378159349,60.6395489282553,61.0741935268952,61.1290055412998,61.4679172148725
123.173952000244,122.251498746053,123.999741648375,122.051316442361,122.905514286147,122.67356074008,122.254285007315,123.627133182272,124.359438192631,124.347718797285,124.364936040305,125.177252820962,127.052798775257,128.20869288445,128.427339214967,128.481000192386,129.02351171071,129.332535013548,129.436053288901,129.531388832659,129.694449244833,130.085948337555,129.975786170849
153.096518699154,149.733013053152,149.955538675995,150.173217859307,149.222663812808,148.377183429709,149.455092957584,148.005402112922,148.623713825704,148.265155208616,148.923850810152,149.39815627042,149.591545735439,150.427997813593,150.310219546521,150.671523310697,150.385635833211,150.598055313146,150.407060102438,150.501341091008,150.709435587235,150.490963594089,150.591771907844
56.9904055226443,55.3857832757972,56.0824733073367,56.0010956287589,55.4824964169272,55.0242356921992,55.3463021176509,54.9307677691837,55.1006995154701,54.7828236052629,54.6427441772416,54.8541480504308,54.6687602051457,54.5461748801825,54.7203305543385,54.8268504713235,54.9233501732636,54.9307646687482,54.9463143079326,54.8500283579392,54.9807361748325,54.9227806975219,54.9551454271441
123.881241229117,123.240959635579,122.827119773022,122.362101030218,122.252540756818,121.779346423324,121.645748007917,122.780484697215,123.279700723786,122.035109485627,123.556582920402,123.040213704195,125.5762886463,125.41683310975,126.15937819979,126.544392971118,126.483779091335,126.589812024438,126.425946783047,126.790320502201,126.981338926163,126.789891626488,127.055033110522
93.699225130472,91.7618930122215,90.4075899637771,91.8926681788053,92.4979250426775,91.9908998798924,92.4194826607914,92.2277225566757,92.2554710403501,91.4502276833907,91.5795228064952,91.4983977707964,91.5466942647665,91.6681521207291,91.7211033414734,91.7699469438309,91.866404320591,91.7127175978997,91.8441402404622,91.915858444466,91.8105385646872,91.9886611184329,91.9652845017693
90.5514907047195,85.7055896636512,86.0589813883651,86.0150684132853,85.8989076170591,86.3332309337782,86.3411513634847,88.7234043044278,87.331666751537,88.3371278929157,88.1958352035253,89.1214934518763,90.7730247552724,92.4912662206055,94.73868006167,94.1206663227061,95.2938046190999,94.7045591626363,94.4931327721748,94.7827083948457,95.5916564339723,95.7404606914521,95.7775105353237
118.780743072356,116.593590786081,114.729878862573,114.940348799317,114.454247893297,114.771541305431,114.779872429643,114.312678466595,114.467473400307,114.383190430645,114.39404880283,113.852665907259,114.623615817849,114.562103264257,114.670930890201,114.729369463562,114.824444748904,114.668022212666,114.83627271395,114.859874667701,114.801342186163,114.631795650328,114.695407791997
87.5546028912362,85.5801221110941,83.5127254533884,82.7147264951418,82.4901968119018,82.5143743201248,81.9483105946341,81.7259004468513,82.0489665023498,82.351119265786,82.0037069726906,81.8267974639096,82.8395657801347,83.765082451334,83.8502810253411,84.14535081504,84.1198979447183,84.0019867307277,84.2507829990426,84.2785513152554,84.3012512945874,84.2669459797375,84.2238784876459
90.3237427622348,87.6764513667017,87.0736220233661,85.5945759393783,85.316077610853,85.0908769262115,85.5825880040339,85.6262225954737,84.9615470954959,86.230442468314,85.3434632358117,85.6702362544794,86.5885865057047,87.5462207915447,87.2589683464375,88.0030619292916,88.1437074753394,88.0691981815867,88.5396714681092,88.4730191995055,88.6638729983893,88.7128546036037,89.124887261585
252.623589296333,245.363288974865,247.61343950638,246.059463963281,245.840719292492,244.777149883016,245.514771187447,244.346021730104,245.733474049205,247.13801638987,247.210331631914,245.321522622746,249.112362602473,248.799714032735,249.2774054035,249.656153504571,248.890212111502,248.30964441174,248.851469800958,248.596172365338,248.366857266033,248.53791176236,248.839286059559
237.564274716543,235.150700945275,237.095992418838,237.056599316199,236.795884162537,235.127591610007,235.754406288679,235.943636440522,234.755306135082,235.222748194228,236.008783887069,235.439074631413,236.114144688043,236.352202127456,236.805471541731,236.843539860659,236.967776069466,236.851701201404,237.115472682112,237.136945882579,237.134363621092,237.254701771253,237.305765438405
77.1061385089003,74.4210232146473,74.400185415894,73.9490443204219,74.2235109997882,75.6929124582624,75.6113748049429,74.6095210398872,75.0337252106959,75.3746715008783,75.7951609352751,75.0323424287447,74.7519579065432,74.6239780903973,74.7921151408815,74.9087263211305,74.803453595291,74.690326988997,75.2383815435825,75.1592140453034,74.9082666590267,75.0321245077497,74.91934748478
106.017402215025,101.037205668925,102.517189503431,102.4111459511,101.383565062255,101.10829040012,100.43809568242,100.438833467741,100.549769992112,100.284049564937,99.3915644584348,100.512817106409,99.6330018041509,99.6775741230685,98.8070059531954,98.4288429967861,98.7583384719983,98.3355749727183,98.6552940814208,98.5843325886535,98.4386727989606,98.3214484328325,98.1123529557743
156.641247626539,158.385371931381,156.50985168946,157.245071876999,157.526845345644,156.884004415211,156.530993077952,155.45494517633,156.761673627498,156.418954047865,156.091821682036,156.253491134515,156.133284274965,156.159217802914,155.897729783808,155.915047525029,155.653831629103,156.042698661457,155.798764649045,156.079949077777,155.724516454222,155.660324564354,155.767102931413
114.723887899575,111.119278183214,110.556873623266,110.251412291759,108.271802725243,107.744464708162,107.45263723543,108.56068372754,108.627651598348,108.380127900235,108.506747843282,109.133712371873,110.219466450526,112.598129853366,112.605069221278,113.00355881492,113.795957370778,114.008846457258,114.203550848036,114.03052733,114.075671910424,113.990963528276,114.120178983709
86.160948689579,79.4214546773516,81.344258139024,80.4443856940035,81.8374041734551,83.0026198877231,83.0872381634376,83.758843494949,84.0714283349392,85.2743085573685,84.0214895378218,84.9509723429849,85.971563876313,85.4085623956117,85.9451943126065,86.8734166066271,86.5378565801373,86.5691329104111,86.4137917686713,86.6726089172013,86.7025557655247,86.5695322943374,86.8234386113396
150.422957909302,148.233430257135,147.881607489654,145.713070039923,144.149083862742,145.487182785367,144.947300313423,145.331400282837,145.799188953811,145.551598751934,146.506091075405,146.218021048757,146.355267913858,147.141796879783,147.056512685811,146.829992689765,146.728928066336,146.841477534314,147.219279327361,147.015142017595,147.271700660512,146.855423453172,146.90923902603
86.7094945066821,79.3045212983567,81.1833228179648,80.8395498632089,81.4545235113205,82.0906114365654,81.1855024881673,82.351513521485,81.2176407480873,81.8633210890704,82.7612567761188,81.5893789267168,82.3030396098336,82.6605403659235,83.0700340312802,82.8465171980121,83.2470509460686,82.9851711381175,83.1571803925543,83.1000490855191,83.1996537302164,83.4219898214492,83.5841578235555
119.934483355143,117.306437965357,115.073395801464,115.078423458095,113.782491483579,114.311088684875,114.922753754968,115.08185930351,115.896240397581,116.435685475724,116.292567376465,116.540533630105,118.286916381226,119.498624679588,119.715174353067,119.834146642574,120.178567536157,120.260613384782,120.448882340813,120.221843425314,120.481241801138,120.690916007864,120.742512877915
104.425823728404,107.565014988453,108.281770321092,107.9427215532,107.859211541483,107.512721337273,108.555377496194,107.977852176844,108.545169442993,108.601007747268,107.725841357326,107.831221985832,108.097224653909,108.302027420039,108.350563238794,107.211992578386,107.797862255565,107.919458674098,107.573998065968,107.594667332898,108.082019711614,107.817815762465,107.872086454063
90.499306979191,86.512233582195,85.1677192217015,85.3196367008275,84.5757082633732,83.4697348788519,84.3156935502883,84.5512705309381,83.9166747641464,83.4841604614243,85.0644239760095,85.5692521539612,86.0059548735331,87.8743018306268,88.7151981977773,89.8179173206762,90.1330237701849,90.1558114263018,90.9682814510578,91.1527406800666,91.1605615128437,91.1222405475983,91.18625714378
83.0974928771054,82.8596729408118,82.7469999500392,82.8752478240897,82.9368461270133,82.561176066638,82.5015796947586,83.200159835329,82.937370629484,82.7657963285389,83.5199076642691,83.1635388522368,83.6549783312211,84.049693316647,84.0347302162198,84.0912230547027,84.2364903977079,84.3189514250686,84.2737680301372,84.1970345967418,84.2533565542739,84.1445401776807,84.3862466882123
140.928588399331,145.111336592799,143.565351012827,144.256753248746,144.679514861914,145.621923740213,145.458913486482,145.691623023709,144.903620277893,144.595550844765,145.308244943253,144.739430000578,145.133812990487,144.591352938803,144.49042002196,144.686361651556,144.872045384351,144.749038440755,144.736870753756,144.904444023789,145.016676037199,144.963661959245,144.837077513455
108.018983121119,102.268807332948,101.261210751437,101.518547234601,102.941775383132,102.787678289761,102.785254991577,103.876000810941,104.794126376124,105.642353461957,106.996833462634,106.766923620321,108.598074429786,110.527294181069,113.04729190493,113.24345723672,113.322639809207,113.40182141563,114.245095237406,114.29176513801,115.31091739522,115.708620675736,116.07841976923
87.8335594895645,87.3332036715927,88.173403351417,87.107397673242,86.8535075998439,86.6094590973904,86.6862689963547,86.5041548414981,87.1522202566225,87.433227936469,87.2470774991208,87.6971701413643,88.5449482890808,89.6945596946692,89.2406299599275,89.8889931152788,90.121605468258,90.0923653436513,90.316923412614,90.4066664935333,90.8167716303801,90.3725792957304,90.4698659530312
161.505592107447,156.40558581725,155.020629948236,158.360397805173,156.04518793002,157.587428653025,157.257077403289,156.383287221592,155.958712096483,156.528307191115,156.611413950579,157.448465782194,156.363333286955,156.863255268857,156.790681606597,156.497484141464,156.914903419562,156.611006012665,156.536212294965,156.665721413753,156.52822592383,156.132082787654,156.116162390208
117.957516388173,117.044640880897,116.759649667909,116.753607822693,116.757305274984,115.833542633807,115.465917998745,116.432651412559,115.198201221805,114.761523725586,115.843367589555,116.227605858273,115.863885514351,115.05735571203,116.021716065724,116.512774260229,116.477911483702,116.368962703067,116.331105001895,116.219958816766,116.187694924282,116.321125391668,116.35704158401
74.6682520084348,73.3902235263235,75.541909843444,73.3223251609157,72.6723539520666,74.6764833577976,74.4906516881256,75.7326989622826,75.5938703158896,76.1792833329508,76.0248965116991,76.8851368790984,77.4309105524467,77.0782619765448,77.3846568084152,77.3377072567326,76.9753721591825,77.0773575807879,77.2592393995446,77.4063138838388,77.2426480224566,77.2577282835294,77.2447563227882
73.1606295208618,69.3111126651537,71.3575768355618,71.5022947478749,71.8377568733719,71.085875956428,71.6679123358163,71.9322316834608,71.5404416961371,72.5634680013938,72.1629972525144,72.0088837302754,71.5603188440784,71.2463442977658,71.1234536096709,70.6481104832842,70.7935411782912,70.4960400362844,70.6794489972169,70.5271129655877,70.4107030088421,70.6341411211193,70.3082594748096
