"V1","V2","V3","V4","V5","V6","V7","V8","V9","V10","V11","V12","V13","V14","V15","V16","V17","V18","V19","V20","V21","V22","V23"
490.517134527668,487.358440368182,492.799996505994,484.908673403324,494.443217774914,494.120624766188,487.980222445068,489.37839105733,483.824926616117,487.476893512702,492.375377051503,489.422700945308,486.333061053609,485.077734904375,486.499736881703,484.654818203423,483.516766722558,486.148930401328,486.41039370887,486.603970211834,483.346679048974,483.009092114109,483.737408295863
469.044925564975,471.724039689091,473.338031961299,462.979397794374,464.260522144494,459.712617815206,462.874222477024,470.033516578122,462.375717860496,464.958370043768,464.907780240518,468.461585435694,469.770274370169,469.124561649147,471.120917169046,473.788984871749,472.230857941878,476.434545791512,470.433038110683,470.780991918,469.822803218107,470.186404919091,467.734831661429
255.753376293877,254.084210245486,255.219129603983,252.222384695084,251.524446758345,252.976198929306,248.224406210607,256.739823662109,254.327319374085,256.299271744543,252.754310234915,261.904156505371,264.909604923977,264.920640927531,259.326811494968,260.851809537533,264.995419636459,263.924891697084,266.043944742563,263.917209459471,265.292940353248,264.449630749945,263.630961769624
333.210257462557,308.994061418317,315.605794678334,317.282254076454,312.200527536225,316.795685906309,313.66890482729,319.080913005159,321.082041482325,325.795860059606,321.274597859504,321.639380698303,325.819774695435,325.304460264796,326.684118867724,325.091614640199,325.960515356674,324.358112075308,324.861575588143,325.563204581057,326.282404512642,325.869503492473,325.368682827849
276.802033986807,273.985282619009,274.894392731729,276.048230093744,278.736643696125,272.282286512215,257.767648730611,242.11035305337,242.753826294335,242.428629269788,246.04629675849,258.508504172328,250.783698042597,249.437411396419,251.374726469661,255.964991336694,253.845508485862,253.599845676176,253.867534766125,252.898745355424,252.086384019803,251.877083743669,250.548356653081
224.875292052304,232.740559819514,230.832617201253,231.790213168483,228.953858586303,222.520139070656,217.579239406412,203.982893607507,208.478558635219,204.185493416132,211.392316339039,213.766300591915,216.962178287785,218.726883470827,217.180628704259,216.508577887008,217.219775970778,216.297186809026,216.140355010122,216.550486927671,216.264791721012,214.880502156749,215.026517711561
406.789808426508,404.939623050169,396.60452442353,402.923279139118,378.003258200451,398.554942693015,394.442402003104,393.48897748664,416.887583351307,398.58686420103,405.943203467254,398.053226903114,397.1726645189,393.299575603388,392.768246444587,390.334061679685,389.904921051789,387.890559702433,389.23167859694,389.479933190203,389.306345118801,389.150228184353,388.4853248751
488.902217366367,487.573656411804,482.891461007754,487.121712085353,487.203832372253,487.150335544058,481.488807777228,490.438180667445,490.404763093458,479.756178474108,484.854552868446,484.435138760174,493.00489344613,489.393401731031,488.214833645933,485.992272235253,489.695798573447,492.861155817145,488.851704993886,490.94935023942,491.697154272359,491.357304370069,493.467599088998
195.698415694147,196.445418883519,193.051084976462,189.314643024928,190.09661851516,189.29021499171,184.17628510688,183.174107084344,180.731118221658,180.068626227785,181.597090708717,181.786024360714,181.649951596279,180.373820259103,181.836056788994,181.346979900889,176.631964937997,179.810456203797,178.112598280978,176.248879675963,179.869558609983,178.059124643788,175.447842093709
277.16091071345,275.565405219237,275.025159967405,274.189882276629,276.991959935683,279.306492599143,268.201297050476,271.929661988128,270.421569428654,275.501069733038,269.916229566539,278.171227721814,277.839596881837,275.612234201213,274.732425134978,276.659072778576,277.416413957193,274.995250022193,273.76139959047,277.739769558605,280.552377058735,279.39945369465,280.497853179603
197.054294563043,196.882338521494,196.988401776565,193.998050952047,193.747134044889,192.462367352675,184.706338383701,185.033581991072,186.046593729895,183.580255515343,184.781190915844,182.173979593734,186.896522222987,186.19187264868,186.103929224853,187.73421601797,184.233350315788,185.445919342119,185.911829459146,187.113067584764,187.069352439385,186.195071928564,185.919364441227
257.766148981947,253.712262146493,245.855950042896,240.722150792928,240.831655702973,234.966583838136,242.666480234545,250.319135480464,251.254231041269,246.403764120539,257.563993507821,253.46203925059,254.211701440072,255.181662297299,255.046962197624,254.018257977948,254.783509468218,255.047981821444,254.05735940231,255.042571883149,253.352255857398,254.995011481511,255.096490496705
259.046039715956,281.692376526512,280.590033481358,278.759072190231,269.58498835352,246.597260208677,259.09541247717,258.762037507493,281.26114116636,293.880621731059,296.254907501225,293.220021094395,290.861275388699,284.031430742996,289.766448236061,283.817683882256,284.235918373594,292.479780366372,287.785004173461,280.9533517587,286.247479841625,287.898417937718,289.550409475731
564.272973987582,560.258151933184,572.051377783462,565.899499771282,576.189140446928,570.736448924366,565.527187566573,566.806769323685,567.428898269359,563.597755307628,567.019286931015,565.032668838111,562.900546066867,564.015988271969,564.460492637581,561.018961138702,561.45699608477,563.247074033033,562.133235285781,566.61137212372,564.755500500207,563.607387714538,564.160198893947
222.220289845553,225.079404528441,219.487962521252,210.46001189979,209.904953737194,208.457600619058,205.513847139709,208.167642773026,208.02469157557,211.725941954934,212.654083378166,212.14346799434,209.826159717801,210.493761259231,208.708185844808,208.825594530539,210.044012729053,209.803435320932,210.204280286799,211.213122915698,208.174728790026,209.457552935022,208.417001523474
223.821382518978,223.782492167854,225.717488945038,217.615264846316,217.872510294325,214.809192574009,227.111555750042,222.234287598615,221.647731156323,223.681576628567,219.988114186923,220.210862141453,214.80778879835,218.972670323195,216.392948379368,216.417670469101,217.470125914227,217.983151232238,217.196350929624,217.307866510267,217.587891908128,219.04767482891,218.851250152293
290.587934222916,285.530177899451,293.376061029849,279.545207077766,290.718247002446,291.805030475344,284.400495215272,283.166174203785,278.867717294119,274.714221682432,279.439411127601,278.81025670582,279.582739427236,274.993548102252,278.314459596517,277.541366188542,278.206535994797,277.69113913838,276.842740787954,277.876391220985,273.981740882758,276.257741955883,276.568888778737
323.093570879125,326.204009172328,318.940268986542,326.405099295019,322.514297669913,325.852485943767,322.256661189448,325.97912145126,327.623412222617,328.79585077118,331.587489834346,331.423404957918,332.339385310147,331.99327088482,333.866450300708,333.568088965193,333.450095798145,333.979670442477,334.900981699677,334.046979122446,333.37496552943,336.19305591494,335.620530100221
271.30634347218,266.127244644336,262.686331758763,264.498590252279,241.429162949585,234.617003757768,235.094251090003,226.469021742059,233.959265491051,230.934325233766,231.46571344694,233.680065887209,233.96836395118,233.834036705957,233.32863608729,231.484149552414,232.066566323364,233.976546804176,231.190601052122,230.692755349229,231.221672772345,230.643963702998,229.488567487485
191.325591403278,186.8185709758,203.268198589013,204.962150667583,168.784150079674,179.710245565328,173.449788924847,173.197498415586,172.28754977367,195.833320215745,177.325265940053,184.214842470443,184.392801741329,185.223145975622,187.988070803598,188.679450390653,183.962351534151,186.187675703569,185.745721501551,184.642109797926,184.195483450726,189.878631187744,189.33690526921
372.994930272583,395.800054243637,385.687784128255,384.724342908915,391.294134757275,386.077156238094,375.781597869744,376.618855578678,359.914902134803,362.105113257464,348.129326544702,363.185913395179,356.810081488063,358.682819442066,363.272450065488,363.937925338243,364.127946098499,360.651406037573,360.811080603711,363.039196906171,365.56689458407,365.111592368978,366.656496361009
231.386987177722,236.363206650623,229.192809450461,226.410519582008,222.168836174271,218.469315260308,217.520380435058,216.492349257846,216.53028601522,219.160480315607,207.635024954177,211.438956416291,214.490361178857,216.255166094782,211.324103272597,213.402767837177,213.76377351526,210.709303260433,211.59919149707,210.898717403193,208.853669241593,209.778918918798,207.835682586796
232.663160367002,232.342512064632,231.684900993081,227.017781536634,208.128811257836,209.160062085371,201.800220012048,200.646738844323,211.132557327525,209.411826402034,205.026711602099,208.689180394159,205.394217634091,204.578412158977,200.758498044759,201.1024718466,202.086040830233,203.963735027302,199.890112848545,202.000390790107,199.603762932369,197.09633937126,197.971585319623
269.14763966559,267.054651072736,269.187466986567,268.220432448581,261.892006657538,262.09618579804,240.312629459386,258.183887392797,256.568095561399,255.131605039034,258.873034011833,261.825347703721,254.275403412109,262.508165990466,257.827012371894,259.283978925226,259.033806411822,259.739395574629,257.343352387962,256.374883964443,257.520426665767,256.452718758113,257.13130233573
330.993355467003,334.386941243408,330.344307831763,336.879363769065,329.728830605299,341.946871062744,332.166632288465,330.179761208684,333.913148055282,333.630614674912,341.214392131012,337.292122837058,339.227474120149,337.180814117189,337.444064095372,338.010957573669,336.846313335746,337.93091281186,337.341190820802,335.343978310549,338.464040700621,338.952739142014,338.233650827452
406.016475992357,408.033215963718,403.950890323579,402.926665119142,395.349785152046,408.340548265321,402.407443807485,401.124458049428,406.511512715157,416.30905804148,410.413487596623,408.966719974019,410.043514300756,411.500512393777,411.464814101841,410.675880592731,410.063353695813,411.132136414309,411.888914706509,412.652443561344,412.995605752773,414.450487109666,412.693251233341
236.405441419111,230.806306987355,213.79268296561,204.458245814147,200.262782693064,179.70611952192,193.692234373713,197.953180094359,197.505352723378,207.859485741874,209.789414742125,207.946207309986,213.449580911367,218.511575264677,217.491858703656,212.655667014554,213.516958767097,214.090031089555,214.910885379732,212.870108230885,211.030293807545,214.370777830753,211.27436357909
307.521028785462,306.921168168501,325.130510193804,323.689753518256,317.026461927847,302.346844418458,309.069491661594,299.0312160389,300.757348336962,301.807768846141,301.966525355347,306.285372749777,308.190152078752,305.513195704895,307.166335342892,302.121037702945,305.709569573272,302.615788803785,303.47072384665,303.483204089729,302.132698204784,306.469255074832,305.809813246805
470.484335602393,473.058498038433,466.937776269185,466.160328504606,467.548983958782,464.07913076987,465.476552620498,455.257472842358,461.837863698267,461.880015398002,455.332116545482,456.579116820367,442.858081498623,446.707469021504,445.315875530783,445.253183151441,446.560594203024,448.234758414823,447.18243633477,446.020735156365,445.34644080536,443.835054336315,439.916969822349
345.792105217006,342.446775764393,350.766578622922,355.091032693092,328.983589975026,360.237827407233,332.470286144445,333.05979803825,312.46717612074,332.766580535926,326.737178821075,334.448011203633,336.07786258337,345.105879225806,339.242427962541,344.63290676579,342.065459102042,343.054844973711,340.639775958868,346.692499255495,343.080886590492,344.952842849552,345.860686554893
368.31063657095,358.214564645732,365.678909844038,357.165318882853,347.744871860897,339.7554765974,340.658886437605,333.084216161263,329.247832207889,338.829675948695,334.457736234919,343.912016512212,348.769960644074,347.469860997525,348.768551006392,349.789930776922,348.952798377008,349.518003465365,346.766032252056,350.910938161222,348.798742889095,350.076484544347,351.908038018636
185.891759767317,181.983762149217,156.088197155656,171.510529922626,151.649022986269,159.720177241545,164.932923242069,172.581115685347,171.969305189788,171.484166547028,175.070291710841,177.401874241188,178.804508076091,178.919823950728,181.253102324687,180.109185975788,180.815856764432,179.733964789417,181.346819459638,180.42688575806,180.317669711792,180.486444641146,178.747193624293
350.361848757869,355.671295964616,337.743704177405,328.377166118741,322.560420710085,334.372548387493,333.885459701206,332.462406276798,331.855368660106,336.330982725876,336.478952410584,327.755277031882,332.542836972572,334.473529913373,336.124697077844,335.683313040998,337.164123559689,337.085522380432,336.986743480755,334.899395156079,341.118792113133,340.999136747112,339.19990589322
261.924456864486,262.130715964018,253.770427615642,253.771482111825,247.601654532247,253.269673607068,257.937695951178,256.694220206989,261.636033873998,259.962177505712,255.533927527396,256.781999638146,259.596186415446,260.065149491887,262.144464842393,257.719154920457,256.736751536247,257.043945554666,258.270455282186,258.789732005523,254.371426947797,255.734862314511,256.355515219139
719.112159717821,750.09821285449,742.474921213915,743.023874891062,738.366141403172,744.707942866977,758.657278096266,718.063059606971,746.024084957355,758.285360415097,736.421766966951,753.587815358241,751.048655745278,748.817151185029,752.961309990622,755.593824028734,754.35307087657,755.03128004357,756.256216016038,752.771432314785,756.548280836484,752.519302943545,754.974569066568
109.747019223389,112.955387435053,112.434089441451,110.468452841989,109.765482724979,113.686769372188,111.152020673346,110.76347935671,110.657677531897,112.166894668031,111.708212086241,112.229644940729,114.35060672623,114.917830359922,116.350809602568,116.016595527837,115.931905041992,112.96204492646,116.842902253701,113.139727414854,115.972013738534,115.157051239199,115.959434659994
239.144639746676,240.923692074343,224.477362298953,222.909722477761,211.951708898504,210.296283934745,204.51706481725,205.477973575263,198.229780783388,203.081926327997,202.866007161481,201.709240679315,204.637213579564,207.404656195902,205.734579990527,206.241876140736,204.727061870946,206.367398425463,203.712078198504,203.327840329283,206.170203568287,202.871600920779,203.58328621496
311.329994629677,316.215587654269,308.919962475469,308.782626606921,300.287357726142,288.899983308863,297.647541211027,290.035057391863,288.640607856081,284.590428499623,278.022943401537,281.076500942471,288.043232560235,283.977993356052,284.859634970755,284.41491895776,283.182129922102,282.777340791803,282.416846476151,284.580116874146,278.245024406541,278.895077421122,279.298092169443
264.122260846532,296.267888871022,294.402656941026,287.459150947633,300.827458772488,275.901776631551,286.331367530383,273.81487551114,287.002022981446,271.115902737875,272.715519876134,273.441549514544,269.849541902472,279.975303657621,272.00827702183,279.358266829639,272.835138365509,276.544619367156,274.872599088324,274.139703356911,274.22025778466,276.723848519719,271.899875305195
449.537028736724,455.11354751713,448.329694026593,437.241093074987,443.764213896456,443.078055974963,438.965564270516,441.304283401402,441.721401834763,442.484545639548,439.291533342005,437.264195274534,441.93087036491,441.993632597742,440.317891570811,443.649417006745,441.493148554987,438.535464697183,440.350684259778,439.285677675366,439.920935671061,438.57158268357,438.659210207058
481.241601521216,477.99622201239,480.047538224249,479.915123329284,480.219722997673,470.282209402548,472.772845157056,476.123964730224,476.304913814303,471.095831470282,470.755956848044,464.686761446749,474.191056301084,467.579430326447,471.414764944566,471.878804641518,472.830672777849,472.539149684907,474.044618396014,471.000768396432,469.798274682244,471.990530501903,470.710897266266
262.764808164033,261.070276550227,240.48561969755,250.134261705965,232.567990945703,225.515844704418,228.533813902254,230.536413342231,221.057922786892,213.961696492783,218.116637411947,215.867196580763,222.858632430954,224.989648688738,224.911346855073,225.722995693296,226.710757151316,228.421481623117,222.69348711188,227.57228819241,227.504165224243,227.861259356886,227.131278321563
172.988671836576,172.225918913961,167.617250694611,172.978221443424,176.206692336491,165.500015266633,161.734115212597,158.848056428421,162.148204611611,162.708419585528,162.824060507615,165.118826950567,160.825094260869,160.890201512299,159.626513587927,159.128971645354,160.836666757172,160.285560270125,162.575991569499,160.50632283329,162.550099195192,162.879557624699,161.914081933869
350.853706508061,351.85480942664,344.615875079137,340.115182529261,330.648434013652,322.982623252136,332.590478186253,314.820628776882,313.382095791768,313.587621787484,329.770317505876,329.182606912025,326.851792599604,328.486782410772,330.88156457673,331.780809094435,331.472583317447,332.095125015555,330.104978818188,332.054343233615,330.428033522761,328.589199956178,328.235324143839
427.456257203393,421.00988008001,424.51472677272,412.698329816974,421.017589241483,409.78130993452,400.821466719229,412.181164058654,404.863908918436,407.017490389263,410.123743182909,414.083349735314,410.24254876797,411.057571643593,409.833133165809,409.80659191522,409.068523616601,408.905313018937,409.244435358576,408.878259601218,409.688150306229,409.076453774084,407.511445782999
241.277148999383,232.614146375633,225.676680863693,225.493716765754,222.286858650075,228.651061627038,227.488318720108,229.389540717686,228.834717426851,227.28949371982,226.116364759603,225.032699543329,223.649879136084,225.359986003505,226.853316023067,223.942047106504,223.982162408837,223.799610307671,223.907380897059,223.539056896019,222.194585886418,223.510940753074,222.57515663865
271.554753574595,269.122902080837,279.431804241828,265.86558808412,259.958991120404,286.60686058602,281.261917067698,286.696241812291,302.179474738565,291.809698316849,296.253961732107,287.747164520944,289.543035539001,291.789782116993,292.732409714301,292.246208204209,292.332195669183,292.564711677332,292.002799194818,293.789351351349,291.824411260313,292.282656256509,291.319531752849
445.933160005331,442.471790034729,437.507731476191,434.501618019759,430.98562392008,426.775712130836,428.200387665431,433.754842202908,430.776559646464,433.899722914695,434.957398575725,437.222118682706,428.813638048786,427.432908972792,427.897747519652,431.567662032575,428.443543239747,431.059548722465,429.95581787501,429.109814570178,428.46419495144,426.711184940418,425.727294132751
305.494743157653,295.028935810866,285.991969619325,276.060926448941,287.233585915323,272.037633494581,269.910407888636,276.124788100285,273.426463658382,272.41419014927,276.153046617962,271.736820737783,275.658239184714,276.630035334447,275.51594734511,275.184355210761,276.019542649403,274.48369668673,275.750370027302,277.017018409259,277.58598109943,276.983812280252,276.241730275667
189.540640117958,189.541074467052,184.210856896678,186.688478235939,171.384033948387,178.184100059208,169.728039145749,168.993474953445,175.545063803884,181.409571241268,183.800175876724,183.701444786564,189.145348226795,189.259248976419,191.095472272056,188.648994418927,189.520865771756,189.491061737698,186.478521550245,193.514284198698,190.69428442366,188.342489180236,190.516501164008
447.591035337821,454.956956757258,445.305250370311,456.666400816102,440.661565169047,447.426016754225,455.387568949349,463.985584066046,448.339864222385,450.650208759188,463.61930672981,463.657181626577,464.541176612229,465.257836354273,460.918232168001,460.969781578099,464.25449410765,462.437394623571,466.578801772462,466.013715934854,466.723240445408,466.883729856605,466.678038628028
323.487569932892,330.314970305304,335.466694565277,321.781391212906,323.423158861012,316.289433669098,317.450886366414,321.949905598379,329.044500457672,320.968981944417,318.086302184809,320.652948757821,322.224244873041,325.234026989033,328.302336494779,325.924605144011,326.015544288229,329.897894226498,324.729002145718,328.958464331152,328.391010934534,327.562104458617,325.806878864411
294.426014559319,293.27449023558,282.303899609792,274.537008019944,305.84230955026,282.508226703226,286.06637446789,283.79121122055,282.47163707465,279.359291983847,283.865194168692,286.131431425386,288.237696004514,290.737362778519,285.817415338176,289.140105673425,288.585010798287,290.746187525307,288.95201243531,289.681260617448,289.912274000642,289.690220222649,287.604704582251
195.770409481456,206.368378143935,209.972919084331,204.369584287338,197.9037489744,208.021733455786,199.47503395431,203.003462992745,210.511212082975,210.584203517766,218.694303184681,223.688862953732,222.233917262709,226.637178415247,228.507596689602,226.551624919952,227.056372929762,224.770690051661,230.3151465759,229.592631631553,228.425244439162,230.418582863502,230.280808002626
525.347646832083,513.802677844301,519.361731565888,523.124862236102,516.874969538625,514.162401389473,507.889738122473,510.770697225509,510.418888304848,520.08131339937,514.437806065624,519.870423507407,514.505664513382,515.105273740648,515.412603346392,515.087689076405,514.338918999195,515.867948792847,515.109950499324,516.610666890721,516.511824290212,514.109781037644,513.468910879667
278.907606856743,275.684577284266,284.588175531962,278.064231461026,281.434830794874,281.310752259048,279.099044515866,280.930821379988,279.604424775431,274.804422111472,276.881055386863,279.617785736096,273.699816627106,271.427590782914,273.010414043268,271.43326790467,272.229624598395,272.083812585489,270.324426650276,275.652583601962,272.028508068019,272.863032729113,272.365126574345
340.954732865506,351.425352415939,324.70757048679,323.694212540678,319.680999392089,321.547381435019,329.660885570261,345.52128581313,332.221829053639,330.780410752744,324.630372679096,324.923726939078,325.157973337056,324.785725848164,325.930499572893,327.535357409506,327.220544156195,328.494692030179,329.440402341205,333.753487807727,331.706630594746,331.586071796956,332.392096266358
396.028365256264,394.958758775417,375.687911899265,397.290197669519,399.235663030363,394.759844573245,400.785507215235,396.608862615189,400.268279250835,406.869766258559,406.406481522616,407.493955326435,410.285972154599,409.532339614488,409.713705915477,410.864167582875,407.738192870074,408.76576703781,409.334766281937,407.974839984304,408.35738250399,407.813973200035,406.269319722082
128.142647438123,118.987014082405,120.90643178815,121.337285646595,117.085719920589,115.126215102397,112.373463808965,112.779211236727,112.753928703361,111.763234567738,109.678135911583,115.567857203744,116.930916885295,114.779243127356,117.983022460947,117.14339660094,117.356855450163,114.426767594265,114.859228651336,116.953236064125,114.172112625263,114.897569020706,113.368602197264
121.99462298351,128.091633359915,113.61026331537,107.099083095036,119.364842796508,108.278898984047,113.593192435198,114.98393196591,117.661622575981,112.258076201673,113.776932196661,115.328858664979,111.446477555833,112.731001436222,113.915647818636,113.539791051041,113.358465999634,114.15112214362,112.809651304227,111.488824141047,112.113670972545,111.227615545991,111.822432330214
483.647104206945,480.694944766764,483.325611974053,499.314659024342,473.82888286096,487.581760705441,493.566709702761,491.015340129969,495.218872701018,498.611003056315,503.424643348198,510.099829940728,511.244201950964,512.936411073397,508.62115262237,516.853359491041,516.975638213746,513.119367958844,514.702776080706,515.813437422729,513.201783402988,512.760765283416,511.017786901037
124.767572046774,120.572713136109,127.019807884397,124.211396855559,121.36113869309,111.882980806749,103.52996175367,110.816385002981,112.2987140152,111.727698810679,113.877808753955,112.60156543081,111.673629699345,114.89675026681,114.948754585301,113.141264978964,114.561933905867,112.952946412455,111.67811453184,115.35220883993,112.763733687306,112.322593701846,115.64524429894
240.879186355725,242.640866754868,233.600016037682,238.010213464058,224.133055274173,227.775146463299,228.478907347991,225.305623605171,229.018768513755,229.725419644993,237.935342618476,241.330595625842,242.804809349281,241.174567155464,242.735165257745,242.569362490944,243.354898838222,243.530507822256,243.705297755525,244.506003487205,245.602177532089,245.09023291948,244.918346675862
192.010679646576,194.688200569676,198.562569175779,198.513337814339,191.810159817188,193.004669835703,194.611467033078,194.610962258,196.541264295794,191.659135253506,194.640622337004,193.156196138157,194.822814957879,194.981505652989,194.703044957163,191.782068208557,194.275591124034,193.194427632738,193.569540990682,191.202259381792,189.677435948695,189.241788370588,186.439420471217
265.355800906786,272.686567746746,255.281351551888,257.163752188708,260.993310950707,251.473020325753,251.654058558525,245.593438425282,247.992185710724,245.297112421091,244.638927618414,244.462852950355,248.544928577031,247.276314924204,245.651480665887,245.657466855584,247.527750021228,247.095042853817,249.643340784301,247.159622185062,250.746747089094,251.07862360418,251.487672376855
468.773216879354,466.091630855686,466.375344421666,471.316498490247,460.432857731119,459.010706610344,469.106771513181,469.899785267469,467.761638874849,459.319632093137,463.35485888064,468.318142382796,465.556518868509,463.738100701518,463.109322218602,458.45203596408,463.030525114804,462.063611635456,461.719178814433,462.349487143079,460.262074875204,460.276795618011,459.889185687775
362.237145712953,367.501425615829,364.557448152748,353.791790255738,351.399962084808,340.641769776702,349.412279642591,349.874717867458,352.412136685695,351.618055839702,354.217417123167,355.880489469955,356.464392395696,356.338898432343,360.270457342169,358.154413770756,358.392119545506,358.265579131632,358.573342850336,358.456145225892,356.594733002655,357.904197085855,354.180353887534
402.76486904927,412.179164850553,400.559953113082,397.009819158308,395.252090356874,379.342598496151,378.823751180404,366.788243088888,382.515078698689,373.413955367781,381.137486214098,385.718644445277,385.920618937087,383.282269995671,384.72413810103,384.625076144547,382.132903302302,386.709900323886,383.127186239654,388.339089109495,384.691079958369,384.154833793479,385.383125245737
220.842542949191,225.841245992621,241.407830407686,231.967322888496,233.459820661005,214.795564189374,209.127696444602,214.714025749266,206.825497468469,214.003168484739,213.732408480614,204.860629568984,209.151269519096,209.152715794592,208.806353169405,209.716893686485,210.143491778839,209.17817876204,213.160789276654,209.121243280574,210.766890253124,209.149435289841,208.918049123803
263.695669342853,253.99363102534,250.113346531927,259.836533236317,237.806535062848,247.709211781051,243.974955321495,243.995258695747,244.294050707418,251.564823032562,249.724605970922,253.021854626747,251.298534377986,252.420194522046,254.222482041704,251.540483385826,253.376758772586,251.279031060425,253.420719660046,252.754026092701,253.793795423028,251.934617012191,252.494489379368
148.948049988159,143.055355220463,134.498861369523,131.418989055542,127.751984061121,131.123150503705,130.040391260854,134.574071923262,142.42838927904,144.099416847719,145.556387042611,135.986658422794,142.956281038939,140.426350897595,141.221682711072,141.32284030254,140.791038825774,140.221943452623,141.317254416928,140.909342288546,140.790920941678,141.568760675276,141.860700557095
358.295710949915,358.085701490016,344.081320137447,359.045815416825,367.910241659552,376.556433147401,364.864570760946,369.299366628954,366.221910586421,367.326630362408,365.997969795538,368.431869075953,370.382065907953,373.765441410241,374.06921713432,370.291597038858,371.768993977364,370.665084496923,372.929444555248,370.818731525575,370.784846599029,370.749884697858,369.818052379294
468.759207909233,462.201139919842,462.615912401361,459.187144888081,457.855442381943,460.81124725796,455.855719971071,465.797047838923,454.587072796932,453.881810988108,465.587465616184,459.81240741853,459.055187704132,456.646672383878,460.388963917867,462.45639269337,459.374599313607,461.477002604366,459.623963613647,461.438586142836,463.048233282004,463.748074063348,463.854548476627
148.168486930085,151.255805405897,142.99119895417,143.869372472467,138.050191159417,142.35781446404,143.969775913885,141.584244314877,140.606977346699,140.085335463136,142.108667061899,144.144130921627,144.038905479514,144.277744333574,144.384571282541,144.730308975795,145.471742326838,144.456129953847,145.51792809408,143.697415365409,144.427203488164,145.156334408992,144.609357920164
342.978749831868,347.276416760938,347.108445158791,340.237235527908,346.991916782022,348.436026538124,345.731835879625,345.320599839454,345.105794417421,344.752360696377,344.726937725971,344.372281887446,343.024912391038,339.308958837021,340.901471398381,342.182430554956,339.191986227466,340.951967504125,340.594244304679,340.26218186406,338.416113857627,336.690378976589,338.644111730641
216.896868511354,224.876127143182,222.042506394199,223.635451918714,222.941874881137,213.208836874555,223.257671146701,222.074686107277,223.555018393711,223.836068089121,226.610053599681,221.72505979184,220.260463139067,219.342537538771,222.958044674824,221.463844306909,219.207245632467,222.403415753952,224.048186341313,220.838455648396,225.810228373292,225.665657735418,224.334686266651
243.659159274425,247.087368965753,247.527996004011,242.402041834143,241.719955666747,241.738664039625,238.825886636681,241.323820053756,232.078521337613,240.258642283921,241.090051853303,245.400544016962,236.450470200909,241.408758906789,239.520318298239,238.179275246202,237.20357449779,237.678208306288,233.558080009168,239.206089607807,239.369762265564,237.974664200746,241.661422668618
312.46725245683,314.801696707039,310.719701061858,308.227696898357,309.135596642168,309.173092212473,307.037719685837,311.333426770513,307.397387041307,308.581194986152,304.287287704582,304.097720574453,301.207443962829,300.913037132515,302.784875703467,305.125068842537,304.315633824148,306.106834439829,302.414331401,303.466984891317,304.536126376793,304.603305045037,303.737576660816
231.555344390889,220.461165400567,220.72689575731,220.919084951943,206.358494841595,204.87984078784,207.130314464653,206.169319161218,202.342737462883,199.646217119402,204.417814760435,206.262836896907,203.344629970646,210.711330380822,214.976796929179,210.030398743228,209.826762468922,212.377463726533,211.252332931214,212.492855032369,214.66804088063,217.09726031188,211.202018366258
239.899557494492,230.46103631368,232.396073286474,219.148270657116,204.77723667704,202.734769519143,212.235815962776,213.266678154127,208.310944452784,211.696050676387,206.515039307644,200.316613648086,204.102707981157,212.916099451674,208.175207863054,209.55767770351,208.460737982214,204.270486810212,202.383576721451,207.546498855027,203.866758601179,202.002121345657,202.778523332225
732.638823208832,731.049619135855,712.918396282533,729.380252496497,735.552168400301,744.432543161497,743.132241030923,731.63001465369,732.713605837347,739.504235613995,735.104989278225,737.726730286048,728.304080708959,725.028274662849,726.78434362974,730.939456429252,728.420117932451,729.346524906739,727.731641795707,721.995279192943,727.878068499354,729.109009618558,728.952464722241
693.416274881867,701.352694302706,693.84385847713,681.97354079103,703.163120583309,696.41859913333,701.570758142604,696.322018805711,699.347509630794,687.671407387093,678.675011443323,685.590953631731,684.479105776181,687.763692703064,687.827760349997,686.609650545026,686.070198600428,684.027661087997,683.363824674844,683.18368456515,686.691514808306,687.786305191756,684.100680039065
217.602484845981,214.950119223088,221.399817890094,215.531794623888,202.02994828142,201.251536995542,200.930166178369,195.344277529721,196.936929808524,197.091830180244,203.070031556734,201.924120022676,205.902676042734,205.031395161392,205.300533279544,206.423146745151,204.759073665011,204.87004619595,205.020536925889,204.101261910469,204.471340377916,204.333975325673,204.191103940405
311.2998494831,314.480288537701,310.48705639687,291.25144508158,281.1561546902,278.368769181978,282.542931281085,292.198030104868,286.475511718696,292.320371932519,286.466371246597,289.875699392215,287.847287288923,286.281308199916,287.683751873255,286.876680306975,286.226811943828,287.572471409742,285.385184711265,286.033191825449,285.051897529788,287.1095388377,287.457012035481
442.676642176053,440.413383370497,438.623733687034,441.877991083247,438.730770365137,426.942517635113,433.06977159526,430.778292293155,431.035706640841,429.662861097039,431.521481706372,433.806390557666,431.579770447502,432.554953701961,435.1067485694,432.95048518968,437.454547115949,434.717264702439,434.999540237536,432.805543955341,435.245840451424,434.557547195139,432.040746283368
295.164291666309,312.677574398037,347.563384231501,352.318205814741,337.34528320384,304.647381148269,294.597577153223,313.90863152541,308.239942827889,313.646050834194,315.596361415908,320.366389169698,323.09309376682,314.046402094075,309.026905525598,312.140806145342,305.354062923449,309.347879336439,306.818731844051,311.262389408511,308.298729947034,307.514424517584,306.738896622381
228.915351670554,234.109941246298,223.947775417785,237.203491108883,219.334120062931,224.516791885027,214.34246499243,214.310388177588,217.484010198905,213.499214131825,219.700454675539,208.830162936649,212.83290353657,218.693603207595,218.557332796964,217.453493236711,220.550422969754,219.495611562567,214.435068605193,211.150103243386,212.197382815628,209.831078678896,209.961919490237
422.406115068333,405.831902715133,407.770463633611,403.703427498275,407.346914949312,402.061577515099,410.618781964055,403.844162531057,396.707350123301,403.825270824521,405.739227227079,402.861028673251,404.363093255191,410.224769396972,404.911143276646,413.453361869341,409.101749588646,407.601531645855,408.937385764995,410.913822967231,412.49945600474,412.553933768929,408.246318916036
248.290156782134,244.747135809598,226.537890098598,232.852319136784,213.299120634282,202.259981563159,219.601344501882,222.217392607131,211.849321781333,201.591246427888,198.047160201431,206.885018754126,203.742273280668,203.493199475812,203.349282022654,202.76381124071,202.870307001889,203.811659109821,204.979099724948,203.505831510989,202.817731789005,203.770645327618,201.88195630816
346.118281664742,332.77136024072,326.481719571377,326.318120031251,317.809140392905,324.121846503055,317.380509567117,324.704607999358,327.094477947896,325.314028095053,327.455817839064,325.256765375412,329.001219625126,328.05197123403,330.248576372701,330.708949358678,331.096932640808,330.646746605138,330.330739728458,331.456528714969,331.941834814827,329.91660194416,329.957218274445
297.659104246127,307.07785564926,300.386789055561,304.892666434469,313.039224419975,288.500273733327,290.425404387098,300.182881501471,302.450865199183,304.760782642849,307.781054685723,306.449505462139,305.966138890124,309.133688438267,308.617541544956,307.984318638842,308.28082697986,305.873838389584,306.231268558255,308.595418218537,303.866700563578,306.113558560327,306.341485833601
247.425631129005,242.428685116293,243.073941588798,233.737095073651,223.517116439246,214.116323949092,219.45628438054,219.750038404413,208.389311619212,213.566802950751,209.075709517011,211.478820584894,215.400464363776,213.227027990939,213.662171448552,213.861976542177,213.245688785561,213.024066637886,215.201981659629,212.508125190788,211.082557307486,210.712863950277,210.187580675155
269.410417247919,268.586713617605,270.189641495299,267.47928740694,268.773020009887,273.861320785523,271.674792397667,277.707700098939,279.721608860303,277.176847828143,279.73016397855,277.681310843899,276.257598714901,279.460387858173,276.392848325844,278.67913354645,275.456395657687,277.400594489421,275.047347847353,274.723198306079,279.109175430859,276.653652353264,276.508790441347
406.075425401715,409.678633511215,413.836786631322,430.709977292758,416.559521920151,429.40053491523,429.957918239455,418.485800879991,428.772920365764,425.576044876602,426.640935283448,426.240023854305,421.269368925541,425.789491758649,426.123114864203,425.549888829662,425.730976324868,425.444320557582,419.143110084218,423.380957888424,424.51813297094,424.390094884993,424.1043421612
310.605641297316,320.68306563296,326.489202918922,332.999162908438,293.63580389431,308.396037231079,301.885221840843,300.842242871202,298.604479777095,314.896228370078,321.952619162746,318.508433519984,321.741581728941,321.342718848329,318.266162735729,320.100776141353,322.766400603201,319.413844561365,324.97039307563,320.873589933852,320.287975010115,319.416182770507,315.429575768528
268.092863122954,274.861565097576,273.812100581841,272.711914966273,268.676869016882,274.287404676528,275.775260453419,276.210556348807,280.583716687889,281.537093648469,283.850097299783,286.633018965458,284.464188028066,288.933558107487,287.866603333794,286.210990961842,285.123726755827,287.839963368452,283.623297514702,284.508401268635,285.985123339795,286.98072376774,286.257015111404
494.039317757117,494.166499510354,498.1835560498,489.0684065461,494.446354939616,491.247059656224,491.366973846394,500.655549342523,499.31555985679,496.23558268795,496.998844170012,496.226854763051,496.686313404696,497.891271477266,496.905178448468,497.123027037541,495.443370149862,496.594520489065,496.591237396882,497.141292382351,497.237904468231,496.793887853991,496.002425549834
324.579689642039,331.061170147174,321.15843380847,314.691468659415,313.34526973421,315.032576396057,313.733736052431,313.75840046708,311.078140134339,309.817510171951,316.008230656269,312.931727269013,317.231448919564,316.270003401601,314.76566198104,316.521333952224,315.395351555792,315.563575787938,313.971452362855,313.800511361967,313.888027773439,311.649855044188,309.211760010672
247.439069025493,242.721159342908,234.792085422726,233.981445405487,232.12636589108,220.942972664208,234.140602286537,228.001041790995,225.99401724363,223.234334022373,219.611628384738,227.083763636664,229.645410506277,228.938558016626,228.821778238028,228.238386250682,226.812123165556,226.013520027099,226.048392911394,225.51373302391,224.890570693101,224.720238563742,224.359009759295
224.276470369687,220.68449431063,221.847552007151,213.838371318563,206.257555765799,208.958179033519,200.310094568492,211.905352868766,201.598993095543,207.021886550477,208.492009400231,211.339081201979,209.097504370667,211.076362647978,204.464390424728,207.658311540737,209.199085728895,211.821009203309,206.987890361674,209.720187562861,205.158921938238,206.207188653813,208.25641932032
