"V1","V2","V3","V4","V5","V6","V7","V8","V9","V10","V11","V12","V13","V14","V15","V16","V17","V18","V19","V20","V21","V22","V23"
30.3713477044067,30.7927564189474,30.8294077164201,30.9630754298174,31.0258139850737,31.3157436703413,31.323710938846,31.2414301654781,31.3117358190994,31.2652428959215,31.2848916696565,31.3605469467847,31.3493030043545,31.3137096130686,31.3287663370375,31.3818785396221,31.3092556184961,31.3549731630839,31.3459541231008,31.4048727434073,31.3818489780501,31.3713427043235,31.356065037972
31.9898470812364,31.8081598664951,31.703486480151,31.8574099576172,31.8529149391539,31.8976542502335,31.8019070578005,31.7721922310952,31.7858778306985,31.7891008313242,31.7793872917291,31.8000881917189,31.8024415732423,31.7832322580315,31.8017074095363,31.8236494040053,31.8034534340619,31.7896481014492,31.8088536026111,31.7910332556635,31.7983249918918,31.8246803289361,31.7833466806094
27.4309074378015,27.5093590474636,27.929386042881,27.93471410075,27.7764348829372,27.8405015746378,27.8652138077326,27.8728772286408,27.9354919068168,27.9230676078781,27.9492065807728,27.9405211537197,27.9842955339696,27.9138709944831,27.9419156849881,27.9655654629529,27.9588210382485,27.9247215745776,27.9608655441854,27.9617625706849,27.9300285983673,27.9802756336374,27.9336634167872
22.5237181157557,22.6058157997342,22.6017053300198,22.5771286186179,22.5441347998018,22.5511424816377,22.5279559546692,22.5620436556696,22.5033538928389,22.4966379074519,22.4973579315852,22.5752703249677,22.5408493889013,22.556666529634,22.5745482925721,22.5474469451729,22.5443217457282,22.5558522372927,22.5306003683796,22.5557813199672,22.5422927603123,22.5565067780397,22.5521305136894
31.0511486025485,31.0749545905017,31.0099157616874,31.0113551630475,31.0050846470745,30.995672826658,31.0283454668318,31.0477630530003,31.0027748718529,31.0400175811018,31.0361671425179,31.0171562583209,31.0400097881302,31.0267570140711,31.020482278377,31.0298411731727,31.0000506275676,31.0139506486833,31.0417565451118,31.0262080768259,30.9776439137973,31.0380448629883,31.0528780413826
37.2349190885378,37.4640878264645,37.9355179412759,37.2480293424958,37.200766918181,37.232475656432,37.144392342545,37.302026387708,37.2579882013853,37.3680917454329,37.2255291018014,37.16899598001,37.2580479076814,37.2423311897226,37.3871446344154,37.3545231929919,37.2224547822804,37.1616454190879,37.2041742872707,37.1935775217863,37.2398904524461,37.2628144264551,37.2820386536926
32.217290340705,32.367135197893,32.4116840517626,32.3527544887521,32.4681350646232,32.4529883378978,32.4656689121622,32.3651527839415,32.5091988807251,32.4705267360971,32.5400218598928,32.4556816905419,32.4674715720231,32.494145293766,32.4654111269722,32.435325164654,32.4721846675996,32.4665092113133,32.4645988815865,32.4261797318468,32.4735174802864,32.4686514852724,32.467279668003
36.4292879721351,34.9266070150908,35.0242142921959,34.8177389032502,34.7074439167711,34.5946192208763,34.6783243283695,34.5807688916592,34.6919153118563,34.6697086125229,34.6659165258834,34.6222751980387,34.6050518241974,34.6416354338056,34.644260050338,34.68378939059,34.6117288670888,34.6589927093735,34.5811814047777,34.5974725636735,34.6209589459635,34.6279165322636,34.6504667739292
24.4677283782612,24.6729157789849,24.7099818942306,24.7928009807694,24.6467426166745,24.6075573537481,24.451773989662,24.7309137793554,24.4958273682656,24.6712809327879,24.6104564841389,24.7111004662613,24.6023207533193,24.7132257071511,24.6957714855816,24.6631093341316,24.6475246247788,24.6617740631388,24.6313062214333,24.66702238903,24.6511656087897,24.663821795282,24.6550944327674
28.3063380212528,28.4138852625418,28.665457072775,28.6081040915279,28.6009240751272,28.5449386609428,28.4432394990414,28.6211720919011,28.7341823728734,28.7769012631143,28.585752068572,28.6137310165,28.7269375973292,28.7067428595872,28.6139084939451,28.6045161925884,28.6535031921022,28.6664783847366,28.5720883425989,28.6150734826819,28.6544222677961,28.6748723486852,28.6638938360714
29.7607799362286,30.5771416601662,30.918021731864,31.0154527945788,31.2234601363874,31.1522980864731,31.3135268286798,31.3138883382445,31.2496009690986,31.2287942415977,31.353896615603,31.2991724526618,31.370998623567,31.3587948837982,31.3030062546063,31.3584614026638,31.3435705388998,31.313319670367,31.3702683269429,31.3024994627364,31.3391811299103,31.3483049070753,31.3695222158851
21.2933948692996,21.6602934647727,21.492302860093,21.5641851760134,21.5765122978303,21.4515851372291,21.6217388533548,21.4736391105433,21.4952615168546,21.5252877470891,21.5045083975911,21.511129948483,21.5750996679861,21.4803779188661,21.4606979939342,21.5834224420782,21.5114721896403,21.5297131594689,21.5154263428963,21.5555816520138,21.5404579232879,21.555882612478,21.5495734800911
15.1207820051863,15.2496736255479,15.1994533719303,15.260092087145,15.1751519422055,15.2277058208215,15.1802866727448,15.1742610391943,15.1951013689934,15.1874328094244,15.1766010762816,15.2043323701388,15.1743186401432,15.1820937755568,15.1728974743649,15.19357882445,15.1740831291764,15.176472935441,15.1935469711566,15.1930838691394,15.1842867939962,15.1770308070173,15.196065070227
48.9530955785338,47.4257487472583,47.3829196998929,46.9963000139485,46.8367503949393,46.8186169335557,46.8348847783775,46.8721347735274,46.906246793545,46.797721192319,46.8991486398574,46.8072921196559,46.8372797871124,46.7894789352285,46.8163307515217,46.7791101011876,46.8015612419405,46.7641543819931,46.8551211596589,46.8043535767161,46.8165940306286,46.8219369843226,46.7989881063087
25.2665521647271,25.2203198943993,25.1422405363204,25.0361295504094,25.1089062193942,25.1905904202346,25.0663907367946,25.1398271261887,25.1321831702782,25.0802163774529,25.0878526797797,25.026861662704,25.0788634582761,25.0479495080381,25.0547690932258,25.0353532859313,25.0550801471891,25.0855429362778,25.0659631679762,25.0643085691354,25.0110116888807,25.0690683380522,25.076599624035
19.0424466705118,19.8090071470982,19.6241520507187,19.7013112162389,19.534386087235,19.7186379332077,19.682056440797,19.6881712822064,19.553849569961,19.6123107318251,19.7268049726962,19.6412890459593,19.6736593111327,19.6592988046143,19.6848626032516,19.6590041299594,19.6974706642465,19.6927458635732,19.6407288489597,19.6571070631538,19.6590403924451,19.6925664469208,19.6779223104655
27.3490198124377,27.4280229580506,27.473548800584,27.4772901857293,27.503090086766,27.4962979767685,27.510275835773,27.4676884850407,27.4824365355209,27.4963570538692,27.4921698747159,27.4945536908922,27.4964796164618,27.5087388727814,27.5154372588825,27.5013216416201,27.4972872692782,27.5085549407457,27.5007318120973,27.4928861697429,27.511235629264,27.5063906437833,27.502732217874
36.2764091967104,36.3507834310187,36.1655035083147,36.2104733198324,36.1561292314524,36.128504899558,36.2771776791159,36.1653782194145,36.228272093463,36.2351082708172,36.2495843864616,36.2611973372901,36.20436038083,36.1815607040648,36.2243459973109,36.2328958236794,36.2428415028441,36.2348472280172,36.2004542944085,36.2044887310971,36.2217817583807,36.1939755488615,36.2192370083344
36.592226872786,36.9855970295867,37.3375524422553,37.6243915513456,37.7967611575251,37.7367414564708,37.4843792775834,37.7259921799708,37.7837392332766,37.591584348477,37.5983367626488,37.581569154004,37.7286665157418,37.6019456562495,37.661525943585,37.671080659579,37.6929919923029,37.6663783712316,37.6495019079744,37.6258293413543,37.6637199019242,37.6756800156263,37.6731356353051
30.5628143333655,30.8957355278051,31.2576543645204,31.0600215506187,31.0791477286195,31.0191557965105,31.0289086662039,31.0723100885632,31.3086935324437,31.2023240499069,31.1320510567547,31.1700443171174,31.1527015235024,31.1131313386493,31.1385927058417,31.1497338670534,31.19984907736,31.1361390057861,31.2135335838388,31.2938138430299,31.1626221497882,31.1717156806236,31.2044325954184
30.8408119199255,31.4111963597469,31.1525445375965,31.5686574047148,30.9424846754797,31.1361770407119,31.3064989857288,31.3063428814798,31.0842611421164,31.2589934316393,31.2737915748021,31.1862408950349,31.215270850927,31.1534853004391,31.1745320631022,31.2261938401137,31.0996230090743,31.2456315237042,31.1629088363002,31.2517279112014,31.2137433193508,31.2106251701219,31.2168449036999
25.5985367422077,27.5886930646965,27.2154813570826,27.2307092707336,27.5303824786309,27.8089273282918,27.6938497720496,27.4726295502946,27.7223348948077,27.7600567180849,27.9086263543286,27.6860008921181,27.7643015338068,27.7769262063939,27.7035940212975,27.7840753155249,27.8968860484275,27.7088422817377,27.8017901363596,27.7041383058841,27.7584354773857,27.7830338242987,27.7478580934911
46.6811601462889,46.586955883848,46.7903353429443,47.0818976415458,46.9665294747323,47.1622004253381,47.1308592470934,46.9953858476429,46.9999710403239,47.0372027653073,47.0615505363269,46.9980836901102,47.1544007292717,46.9729525117159,46.9776049445296,47.0117903858949,47.1275573361759,47.1091762886334,47.1114240137606,47.0534058734887,47.0319342709287,47.0594813572576,47.0505440444161
23.4152784359662,22.8640163412067,22.8145661022239,22.8381524065393,22.9550559026503,22.9559633952724,22.8869908342102,22.9612764652167,22.8126382176675,22.9221971092057,22.905410020769,22.8348737331787,22.9135977197531,22.8822737757448,22.9075759128889,22.8865075109748,22.9141951978635,22.8782186116805,22.8858753542328,22.9035671426597,22.9018957672175,22.8898625071804,22.8990013723088
43.2738662219332,42.4623896938888,42.7155809605649,42.9134182299852,42.6220180239922,42.4355132494462,42.6863269191956,42.5166708564213,42.5751615926319,42.8224264011569,42.7179601103504,42.7568915076238,42.8387611392384,42.7574145649948,42.7041708330803,42.7064502587741,42.796073224794,42.6461928091852,42.7387932906175,42.722209924844,42.6552420979776,42.7063120711432,42.6891254093338
29.1477385837031,29.3369053179803,29.1990364706198,29.152394603117,29.3425404910268,29.2965476040297,29.2542788517375,29.1168752602061,29.2806434020514,29.306101076116,29.2525797656842,29.2163577781951,29.2953452009084,29.371423762559,29.1901806389721,29.3195970554292,29.3156581451436,29.2752226364629,29.2895097907758,29.2824288429572,29.2558283432876,29.2858578957217,29.3100101857432
21.0688291119759,20.4626262891152,20.4210638268322,20.4876063282616,20.3763452607297,20.4275731205844,20.3508870167383,20.4132082363673,20.3995098768882,20.3702923228344,20.3231414403833,20.38021686163,20.3768196423843,20.3388541502717,20.3663090790846,20.3712655527202,20.3303418277297,20.3656042551829,20.3584253272022,20.350872432684,20.3486519012822,20.3861885964107,20.3296280438893
25.1651709507915,25.0910634297988,25.0766483403603,25.0567808362987,25.0490533139648,25.053604755008,25.0623970858316,25.0573280764999,25.0653184463709,25.078886518163,25.062553848432,25.0810853870151,25.0686369162734,25.071913552618,25.0726845840859,25.0785336098155,25.0747458434693,25.0741536376492,25.051429207083,25.0556409108691,25.0647569733871,25.0659250832467,25.0791672165502
21.4797915915648,21.6801044277143,21.6421000877311,21.9761065261905,22.0851485686557,22.1036107518537,22.0629372464748,21.971434397899,21.9859597981447,22.0440127815992,22.1075774194472,22.0214274927888,21.9762343260762,22.0066023127417,22.0343604288455,22.0410815827481,22.0349454780744,22.0114567400839,22.0614208875478,22.0345778825449,22.0162760541347,22.005641628316,22.0199968958334
18.0810387030296,17.8671630380385,17.9128752716616,17.9206999241088,17.9374815411671,17.9797194918131,17.9006738616459,17.9470087300466,17.9638511341147,17.9661189626426,17.8994525594876,17.9409679810385,17.9879293944467,17.986345145656,17.9478695626377,17.9460050005709,17.962832950414,17.9585873884369,17.9440500856397,17.9584226537415,17.9520690782569,17.9969183398301,17.967063365412
20.6132219472076,20.688677183644,20.7135565427206,20.8064622871335,20.7632383759081,20.7962674607496,20.723422725089,20.7368930676462,20.7879790055456,20.8298043722564,20.7981884607012,20.7639332593993,20.7798081332322,20.7773395668402,20.8267393715693,20.7795739092718,20.8481384115467,20.8108442921808,20.8025535055136,20.8079446632027,20.798660886491,20.8284152986437,20.7936368319732
23.9293146137515,23.7611574849768,23.8617621727441,23.7079371123699,23.7712350842502,23.6399614258094,23.7400853852469,23.7102566847861,23.6605633354976,23.7255699045089,23.729684457392,23.7284808143013,23.7553718280512,23.7256758775261,23.6994881797234,23.7297095779436,23.7185455695306,23.6992852331397,23.7014838572687,23.7247305516563,23.7262181251089,23.719728707164,23.7231019843181
24.5893038783002,24.4352812077754,24.4899820676615,24.439169750481,24.5448979501445,24.4758765096381,24.4776526753663,24.4436014750433,24.4755498177742,24.4659895070406,24.4791409894288,24.4793888581819,24.5182578478692,24.4692401254932,24.4940503692485,24.4802883675351,24.4835867957584,24.4835100092074,24.5036372903721,24.5331486273416,24.503564369921,24.491762193523,24.4911559614789
11.4326017642825,11.7797785861074,11.590238180729,11.7418517339024,11.6587865644914,11.6667326758379,11.6962212789011,11.6662548326566,11.6345980727722,11.7364838697758,11.6934175854801,11.6213357117558,11.6430821133265,11.6406655110739,11.6924992519298,11.6932331661797,11.6697893842983,11.6361594252761,11.6910625480077,11.6659747807863,11.6905987602815,11.6582237892576,11.6704650002611
23.0162205635187,22.7507550215295,22.5948952421105,22.6980472125706,22.6220893214306,22.5812845729322,22.5868450768692,22.6084299847438,22.5603754294295,22.563450680037,22.5687828478661,22.5486079366694,22.5653133365448,22.5679331295199,22.5807638329496,22.5389237506652,22.5351883200598,22.4871305433755,22.5444981552568,22.536729550383,22.5146006808219,22.5129156372304,22.5407210549774
31.7057916759039,30.1629555306917,30.2218134469643,30.0463722194877,29.9896847530832,29.9492940557297,29.7811294496919,29.7966200730548,29.964370322433,30.056277835647,29.8607814646061,29.9856690354995,29.949918219204,29.9235067906281,29.9855406430966,29.8652382585195,29.8851493123964,29.8925334505206,29.9396481479758,29.8978514627468,29.9651604410699,29.9170614575818,29.9052975163075
26.3106582742687,26.0775810971522,26.1083182396696,26.1129080809555,26.1418493239602,26.1591393983571,26.1399754466215,26.1116588235374,26.0974813508788,26.1271601833054,26.1734658051903,26.0853103985772,26.1422151196987,26.1157572231393,26.1435318926785,26.1021803418582,26.0900693196154,26.1322930376683,26.1272585837371,26.1190808113279,26.149837647587,26.1072960253183,26.1257647517216
17.1546736393963,17.0685803108057,17.4319815437982,17.3329120913728,17.1751635848369,17.1959568804626,17.3940658264224,17.3087040632571,17.3063479050625,17.286179951969,17.3370478624266,17.239300645165,17.262262753047,17.2974613525265,17.2662663562687,17.260186831215,17.2447049428536,17.2859467243843,17.2751955521406,17.2436031085044,17.2722205595969,17.2629924794127,17.2562347192808
38.5556616160495,37.5198937964613,37.5642272587775,37.4972178244413,37.2414578961311,37.3291971292595,37.208838203449,37.3853086316344,37.1747810121599,37.4855823999808,37.2729557867278,37.2881152338432,37.2287114671184,37.3049100090553,37.2257830324225,37.2053598217106,37.2147565211623,37.2812608555679,37.2270618205694,37.3018750276871,37.2470496530441,37.2285675244506,37.2416437502884
29.6034678952452,28.9482233454743,29.1057783526363,28.8304319293454,28.895041589831,28.805343178454,28.8797440471319,28.8150046575695,28.821799043308,28.7611794978716,28.9259246658596,28.7937884514429,28.7876983275827,28.8011621672538,28.7705490850989,28.8276319721902,28.8120879418615,28.8240771889094,28.8087121395947,28.8084750559438,28.7863367316098,28.7823012579643,28.7903821808031
23.1933387312551,23.0748228546495,23.1335755702543,23.2230946369913,23.1259797674237,23.136003332826,23.0903143696344,23.1804909487074,23.1185724558986,23.1373232221977,23.0637177559618,23.1314251443999,23.1336328707809,23.1447395884934,23.120303413538,23.1265429501602,23.1108882624339,23.1348506384828,23.1339553920466,23.1546613962428,23.1095001858396,23.1306049757221,23.1149930562193
35.9300639843802,36.1144767907417,35.6507085908256,35.8140224072853,35.8795993799602,35.7928539230352,35.7850128581459,35.8656575229204,35.9115364453543,35.8085663670989,35.7742202539507,35.899368612337,35.7831688725475,35.8330546023083,35.7983023960563,35.8418035287728,35.8516104753867,35.9034819094335,35.8952807395098,35.8009898835592,35.8905141308588,35.8564450662631,35.8730130394712
14.2426900715358,14.384503510231,14.0423055663674,14.1049917405601,13.9641646038553,14.0993641374181,14.1421424095114,14.0610434143206,13.9994374885575,14.0940689479195,14.0976501022793,14.0901905446379,14.0595678798798,14.0670605176344,14.0541625386587,14.0415865778336,14.0374625513543,14.0639601454941,14.0345902342122,14.0800416496826,14.0498222155159,14.038035667678,14.0304262411764
30.8382804638287,30.0000467189179,30.0174240366018,29.8694389414057,29.9027827914303,29.9354584299934,29.9188750342711,29.9187657844594,29.8946407020888,29.9307991697151,29.9604577446206,29.8539754635362,29.8951033920173,29.9029958757155,29.929877325933,29.8680128673392,29.9273629340888,29.895607594283,29.9461377027341,29.9229297149178,29.9299842658798,29.8973584112444,29.8675891207265
27.2969409246165,27.5112863953628,27.4373015104424,27.7089279064702,27.6859232921167,27.7044438826684,27.5952213566045,27.6027431613713,27.7129277793858,27.6484381889148,27.7041022232043,27.699992672518,27.6109503007045,27.6187653457652,27.6763728445862,27.6521516131924,27.6562088425606,27.6396773182452,27.6343441395038,27.6232617846898,27.6544687135247,27.667553798307,27.6591849833847
41.3568239200084,41.0809438589869,41.5646983083972,41.2821829883445,41.3010558632479,41.3286529964017,41.2940464739646,41.4360704081557,41.4206511195882,41.2725174355761,41.2935546092377,41.300437919285,41.3043818651976,41.3039958003188,41.2731077574761,41.2055427443067,41.2903315693739,41.2556895929721,41.3423655471666,41.3298278103236,41.302403383602,41.2804260685978,41.269294589357
18.5979196565703,19.1238798297359,19.5224467802486,19.3724428045883,19.4490059025043,19.7941324648563,19.6499542745831,19.5969347244856,19.6537594730088,19.6383383372861,19.5836308430307,19.6090795342893,19.561536482835,19.6614498707637,19.6038981256696,19.6433492544387,19.5888337119056,19.6688245040984,19.6165920013283,19.5932923655269,19.6304104220505,19.6277189327802,19.6311395781887
39.5267376091491,37.9109092572101,38.0931539237352,38.3581221830969,38.3642869041426,38.4365696706252,38.0649206034958,38.2800398979689,38.4376301635498,38.1836553924528,38.5518207261598,38.3181989997251,38.3709511134682,38.4349631394569,38.598593070196,38.5215496350108,38.350973828905,38.5662068322347,38.4274205879465,38.4285425551709,38.4823266574243,38.4959652130404,38.4807023582354
28.8303484069291,28.7580698670466,29.0204552220805,28.9944033110786,29.024085183016,29.1489680640048,28.9434452553166,29.0671647850487,29.0845592556377,29.1157031207226,29.0735852854983,29.0251694016025,29.0956731042426,29.0939419757705,29.0821608883147,29.0983220371937,29.0896387290961,29.1184656650237,29.106453966006,29.1052612916834,29.1218691736981,29.0723705168643,29.1184472791301
20.3170772603213,20.756411090645,20.9495886723739,20.7886495808388,20.9869775066239,20.8445246898205,20.8984714890348,20.9936714216843,20.8767884102844,20.9293566355025,20.9436915170706,20.916111115006,20.951930493873,20.932703427503,20.9513195021656,20.9406121299938,20.9392254732616,20.9228503712425,20.9019751700475,20.9429935312292,20.9587208079659,20.9576067202847,20.9107150226684
16.8494493323467,16.9944917740701,16.9255021058305,16.9695967427415,16.9534375133081,16.9735317138739,16.992405317955,16.9904045823666,17.0168244739043,17.0173650070864,17.0118601763842,17.0064609097126,17.0115932777881,16.9897207497262,17.0080585634215,17.0214627489424,17.0083836473319,17.0208910778788,17.0276733364423,17.0133520114305,17.017405059226,17.0076295934884,16.9992092532509
28.9015341335698,28.8693014107744,28.8365974975441,28.7798994642956,28.8049968015701,28.845993855186,28.8092855411961,28.8366098195887,28.8119101143004,28.8288584490787,28.8228745133982,28.8365403982332,28.8387091621117,28.8176995157629,28.8236646682469,28.8464524307874,28.8335115502227,28.8430379800267,28.829320827316,28.8116816087686,28.8410950557301,28.8332391460356,28.827738259138
17.5580797256286,17.9490932909966,18.0806408659898,18.0357749376472,18.1005508156776,18.1057657262843,18.106514760502,18.033840669271,18.1564515810036,18.0862413090694,18.1162038340921,18.1340292154928,18.1763287155342,18.0954290534266,18.1259798253892,18.1226734039462,18.1612037227392,18.144430330509,18.124371122059,18.1741230432309,18.1648840139633,18.1607443541382,18.1512795775826
20.1096938634663,20.2832985171559,20.0088604707578,20.1491849197951,20.0675658705559,20.0949094530898,20.0701645742115,20.1073185615652,20.0339159469019,20.0931802713853,20.0506911650572,20.0317746530037,20.0946960463115,20.1060658227382,20.0534771212882,20.0584269308468,20.089641515378,20.0687295275301,20.0855022872601,20.0692342119114,20.0946007421791,20.0634109946322,20.09859510324
23.0038222753959,22.8707743525637,22.8216563259689,22.8101775796548,22.8515264041498,22.823111917651,22.8426696465306,22.8541558201753,22.8972751156905,22.8888602546331,22.8431549889061,22.8172438574326,22.852999076524,22.8722087606077,22.8986067761041,22.872770584765,22.8059448383054,22.8494736273212,22.8614095189234,22.8590568613134,22.8230436137331,22.8405399668094,22.8657165458307
32.7989143835763,32.5066247472399,33.1805143572299,33.0533638322685,33.0730893565976,33.0099169112542,33.1222149150221,33.0678928258962,33.0847507967289,33.0108658377891,33.1454170321737,33.1255374193019,33.0753971383999,33.1145037063555,33.129811582372,33.0875480661273,33.1047137945267,33.1484129619604,33.1712606350313,33.122696075841,33.1249493356876,33.1520151197742,33.1540659646504
36.4924387100198,36.8875792103693,36.9732609121966,36.7854541013349,36.9431903578541,36.9514467875396,36.9301911037156,36.9227893730594,36.8898386875876,36.9060291278399,36.9065810969889,36.8443561514205,36.9008787098277,36.8795281125863,36.8863305417381,36.9402480625444,36.9400326593473,36.9327973741731,36.9238970756553,36.921188705546,36.9049053964941,36.8846719670105,36.9043652630886
22.5620281007767,22.1380697141476,21.999679358746,21.9138191182207,22.0085814376544,21.9142899205249,21.9422896669452,21.9231039993309,21.9557055569374,21.9245070124244,21.8425370907655,21.9224844848176,21.883469700186,21.8972702839747,21.8982752399015,21.874416065971,21.896103738345,21.8973011484871,21.9164573970409,21.8899203544534,21.9184576912155,21.8939006583015,21.9237916945547
28.9490960467071,26.2726634855409,27.0642905307879,26.8248697594605,26.6536175395375,26.7778400962556,26.9980054007297,27.072253503504,26.9283332402934,26.8609131473858,26.8696771710915,27.0684981908261,27.1033826989761,26.9556405122744,27.1363691081167,27.0444605392478,27.0632938361188,27.025286223791,27.029300745257,26.9983847710243,27.106748449333,27.1126649798061,27.0546830868926
47.4946265326358,47.7169129976783,48.1017738646982,48.1908745623193,48.2669740390658,48.4721850385981,48.6071258533048,48.3556264744776,48.1560604016313,47.9921136268943,48.4947876231844,48.2820812609101,48.2751409109636,48.4151338980969,48.4527011599549,48.3664525646189,48.3112017662776,48.4169042492509,48.3516047244547,48.4444281724629,48.3700425721605,48.3980144663974,48.3989493977287
24.6562024111503,24.2709436414131,24.186696005911,24.2082977290631,24.1499124724805,24.0835806821527,24.1115499581277,24.0708414601123,24.0654556095696,24.0850613047393,24.1317810177786,24.0769370502535,24.0888496623403,24.020010557211,24.0856834216875,24.0506508624683,24.0415015064142,24.0665523896084,24.054206495137,24.0755281692678,24.0395048054602,24.0594274124489,24.0661555258295
11.4407975941099,11.2760034269191,11.4743601952506,11.4696752674492,11.3461261709484,11.4674581460628,11.4199472954544,11.4897877771215,11.4171386721482,11.589227114958,11.5420871670545,11.4219042306003,11.4330235381112,11.4846316133598,11.480698883802,11.4898134673167,11.4723867010033,11.4772103247074,11.4959389071188,11.4514657057451,11.4797047590573,11.4850216011051,11.4951061814044
32.3223512516592,32.6211950851213,32.6830506467258,32.6979068285976,32.4784717222515,32.5870909161473,32.5077314063457,32.4820928846897,32.6182530300606,32.6952544222251,32.6043921523168,32.59907869658,32.6618466042074,32.5884485092777,32.6688731742328,32.6104991653597,32.6608811304289,32.6082270393157,32.645320943533,32.6206501714343,32.63837871387,32.6124422112654,32.5944315448124
27.8166752892806,27.7927664076731,27.7523660290893,27.7761108578364,27.75205748343,27.7792090406249,27.7636247806152,27.7590833642931,27.7613871894692,27.7736640695701,27.7542620125981,27.7781095616257,27.7496390976346,27.7407202395367,27.7348183174492,27.7572514432865,27.7433268843917,27.74217643154,27.7634814949778,27.7575985531042,27.7527181866004,27.7484075757768,27.749507575895
22.5040636370301,22.3083243713873,22.258654556825,22.2630032858191,22.2321786257335,22.2341998892198,22.2096667616003,22.2218719831681,22.2245555060934,22.2083276176286,22.2081978966772,22.2184001576615,22.2260243778887,22.2031433660515,22.2145637335028,22.2130376400535,22.1861252118676,22.231065052257,22.2018450619338,22.1967347222255,22.1935569630012,22.2254955790071,22.1875918696729
22.3216068590248,21.8267311903257,21.8872230940699,21.9726377196824,21.8111193021198,21.7869690255785,21.7294349516565,21.8189431576536,21.7599370652056,21.7701565012558,21.7635800947902,21.8048125766531,21.7824091530689,21.8152187216593,21.7621872990389,21.7633107173535,21.7837070138902,21.8022715655001,21.7488101569164,21.7747369242438,21.7923986493432,21.786721442022,21.7969934941044
20.5103608449517,20.8857410206795,20.8652793588685,21.0463788035976,21.0859842973975,21.12235897155,21.251009140279,21.1942230274846,21.2404620054052,21.2248162988589,21.244693527924,21.2498055772119,21.2301421097295,21.2124802663091,21.2696553366609,21.2657030218944,21.2601178932974,21.2608674731665,21.2920820887285,21.2920249315706,21.2805261964528,21.2639163978794,21.3244372406332
23.8645962839573,23.8167112208469,23.7967964299151,23.8268575643386,23.828472738923,23.8460875288355,23.8756217462041,23.8719029805964,23.8580871432693,23.8516307531072,23.8695659407088,23.8593227479624,23.8536520997723,23.8757624672061,23.8634195972093,23.8588315145433,23.8708151700732,23.8459592616678,23.8672179639465,23.8935734696518,23.8688505466574,23.8402901886759,23.8740290067952
27.372742267014,27.1116496254432,27.2147860364863,27.1842662832026,27.052961136446,27.1837592354281,27.0456941755729,27.1113051173282,27.1622407025797,27.1498127497798,27.1064010569117,27.0927278026004,27.0606907965787,27.1680036213223,27.1273612314501,27.0935746431557,27.1045523084863,27.1377659178123,27.1352368734678,27.0982317091482,27.0694834390829,27.1159414648223,27.1106677084675
29.7551648780143,28.5542462542444,28.1075422923969,28.2118043829329,28.099773241576,28.1025289527263,27.8769562244694,27.9004408535626,27.8266397530601,27.8637056451541,27.7949459860945,27.8035187792003,27.7988716210329,27.803426925524,27.8248580262948,27.8017362497895,27.8763428014046,27.7459261098697,27.8129351952949,27.827933668847,27.7817410229519,27.8037829127058,27.817209461838
22.840870607888,22.5958363773523,22.68153797771,22.4306558736709,22.5259234982822,22.8113820800133,22.5830616746468,22.675838565046,22.4933519190845,22.6043116352687,22.5217303419196,22.550447133367,22.6359906508414,22.539055240497,22.5190841267803,22.5271837094352,22.5086669343786,22.5451379126312,22.531983173701,22.5570566239888,22.5189592328669,22.5416101733995,22.5647578399016
20.1085176501818,20.4472196200051,20.6020493955193,20.5617545907452,20.5427298152807,20.607290190219,20.6204574945819,20.5755843006216,20.6117676014949,20.560028168724,20.5932227920084,20.6341404658886,20.5779923199772,20.6044121105839,20.5895150475771,20.5940788110165,20.6336362523912,20.6254734200491,20.5892001280236,20.6055187260566,20.5820105444894,20.5995557672363,20.609533029715
29.8449164649129,30.0737503698982,29.8465779131926,29.8205400387475,30.0363175523342,29.9275916819577,29.9172121395331,30.0719807261957,29.9686617336066,30.0251148165737,30.0238540706947,30.1332267155614,30.0072199204372,30.0478374992252,30.1143098387139,30.1204508030462,30.0172034601728,30.0422727676286,30.0767252167944,30.0763943873716,30.0393033370149,30.0675249574532,30.0808951488556
29.9285692510851,29.5443810487554,29.4033056506206,29.4150023039883,29.2747001005387,29.2672590760462,29.3161979240395,29.3702526616269,29.2756521948253,29.3539440838718,29.2912287053339,29.3575707973606,29.3329514453963,29.3733114487071,29.3531478245533,29.3140067386861,29.2771217263065,29.3465624822492,29.3686452331549,29.305762922527,29.2971249188453,29.331010857576,29.3174080365769
30.8550272102074,30.0969263790218,30.7365510069411,29.7883241704314,30.2185584427273,29.9417781949991,30.1047344893886,30.1961871340152,30.1886633735698,30.1319457264137,30.0035074391348,30.1416544534774,29.9239679704673,30.0197965666511,29.9593688558256,30.0461763586773,30.0094260719515,30.0419843144991,30.0676992649366,30.0597584917573,30.0977843352497,30.0412380659129,30.0201575679613
65.9089745992414,65.5780578408579,65.273254831165,65.3666365796112,65.6720616612423,65.6754394255887,65.9406715716109,65.5540566463644,65.621051279242,65.3493021382282,65.6554074640294,65.6727262818422,65.6422824587384,65.5663064267444,65.6635642686636,65.6835028953759,65.6457601743733,65.7188365070764,65.6184821544843,65.7042794897215,65.6426359364199,65.6460266593382,65.6606965472244
29.5107618476231,29.2834934945644,29.3920386177627,29.2733117691363,29.2543344564713,29.2280306238705,29.1992532882094,29.259167822777,29.2054625943907,29.2300752635648,29.177667809025,29.1666289974643,29.2026319369955,29.1907383528576,29.1802306655165,29.199803621383,29.182767702963,29.2321354399803,29.1985554113117,29.1534183772562,29.1856053432217,29.2208780364267,29.1839177877835
40.2612701517865,40.6385796129949,40.6060446746178,40.6684472050959,40.760945225969,40.8121798615916,40.8176648570984,40.754688618136,40.7823736899766,40.7889426123759,40.7621880045452,40.8082440888082,40.8106336130809,40.8247528504261,40.801296644548,40.8029352840111,40.818388301054,40.8254651115994,40.8247906230623,40.7898824930261,40.8083062734984,40.8030066373043,40.7886944242915
29.6831515976534,30.2161393110017,30.1703752214604,30.3215060970257,30.3888656365471,30.4515324897755,30.3489110235336,30.3026604490329,30.4104986938796,30.4177565067725,30.3894600527463,30.3608938318134,30.3975370060093,30.3585281907334,30.3723089037808,30.4055539545498,30.3986466728464,30.3996542060269,30.4032507284959,30.4086962145975,30.3993753374221,30.3935780232275,30.4037074600406
34.8994285833519,35.5013226803132,35.6014580359612,35.6747416966593,35.6250254708086,35.7840935383287,35.6991300868842,35.5614831400068,35.6182356449208,35.5136709573922,35.6599870996369,35.5828589658473,35.5904475757555,35.6422258718197,35.6202894334374,35.6558286289209,35.6010052940553,35.5689192005401,35.6060919932956,35.6549264289462,35.6313027308689,35.6326238207933,35.6349396990336
27.6554625559532,27.773504193899,27.5262453035668,27.7313435919302,27.623532256386,27.6592463788451,27.5197599721472,27.6075433066023,27.7117016244133,27.7347907555236,27.6819412677269,27.5999017750402,27.5988593024728,27.595565196726,27.5988037304886,27.617229607869,27.6513991633869,27.6063797814541,27.6934948167237,27.6359050927374,27.6340172214624,27.6255869045218,27.6111170600414
30.4034605531744,30.4349173957355,30.5427520144194,30.7906260633491,30.8090017510784,30.845768948874,30.8265800536295,30.7923045870189,30.8836825989754,30.8202766279827,30.8338228196205,30.8338627583611,30.8340083192409,30.8757614905981,30.856866944206,30.852700210961,30.8501990306187,30.8837821789508,30.8973944253671,30.8821752277796,30.8527706029984,30.9128338610628,30.8853974979052
54.3473426506684,52.7829627100686,51.3258345201739,51.2694445089878,51.4021073583517,51.1300352967026,51.4827576987924,51.2802266202392,51.3252241842979,51.2302681992037,51.1856921175841,51.1929712132059,51.1226889973905,51.0147825704002,51.2053827431179,51.2094237325244,51.0913162719851,51.1553717769226,51.178191711497,51.190911533195,51.1415885620166,51.1516111903785,51.1187147697695
20.1769670809721,20.1130683254042,20.0310722956432,20.0192706218389,20.030404482006,20.0108073095127,20.0326844578513,20.0087999961367,20.0191724329759,20.0042209750145,20.0002304776971,20.0149657640162,19.9794431569734,19.9864967868263,19.9740188170223,20.0144704134134,20.0019256101248,19.9922037886759,19.9966149449996,20.0035471854199,20.0055716254461,20.0023432942398,20.0141880807145
27.4167433635833,26.9525984011117,26.4306417625201,26.704077522908,26.7658027943879,26.6304817587772,26.3896186946551,26.3412424985716,26.5417582364765,26.530537337606,26.5362370523146,26.4913724421673,26.4813211402351,26.4607211817552,26.3699842374003,26.47791168681,26.5128877972645,26.4627389162081,26.4382612920879,26.4591579108283,26.3573582573747,26.4154542234629,26.3933107259063
29.9904300079358,29.5065673199448,29.283678426563,29.3028426921342,29.2522222519832,29.2615722890181,29.2634771753415,29.1763424137732,29.2199338638772,29.15583628528,29.1658431658299,29.2445738218389,29.139028805951,29.1955412878385,29.2317717363709,29.2156142452889,29.2244086910892,29.2054448282466,29.1950162063713,29.1755858405951,29.19669534049,29.2126692560671,29.1802307055481
29.0656052352785,28.5046376740349,28.4133850840836,28.451115092235,28.4740378003945,28.482973291486,28.5822135576646,28.5337468283438,28.5715973180833,28.6477383704652,28.5628806746985,28.5472945543134,28.5972403869153,28.5624111102528,28.6130132817486,28.5760829824541,28.5764247002589,28.5744586026665,28.5967105740552,28.583073719075,28.5956759871526,28.5900694289606,28.5873779319988
46.3330024089284,45.0988744670138,45.0272280523195,44.6670746806882,45.3147711756959,45.1547303036602,45.0353010127584,45.0766209513196,45.0510868680537,45.1651259976422,45.1490317721607,44.9698660173642,45.2994174441978,45.1401641870742,45.3106755498555,45.1074821850927,45.0980490289999,45.1175416855228,45.1414157772135,45.1307815784114,45.0906806296411,45.0799650986349,45.1211283457285
34.4384955930523,35.4410420332904,35.2964160764273,35.3933122930478,35.4472765748506,35.6061465970848,35.4816848471519,35.5199560233938,35.5424696586145,35.500243712376,35.720166729385,35.6285030492443,35.5993837614438,35.6344177927662,35.4876740854332,35.4925143095813,35.4750774490938,35.4955512938233,35.490316451969,35.5136202353879,35.5533364308223,35.5214534955087,35.5504738418238
34.8072625941853,35.2541952237428,35.3163535943918,35.2832584383026,35.318407401999,35.4732639969658,35.3606362932431,35.5763491435088,35.513342282795,35.5425255522415,35.5658547241352,35.5458541283896,35.5126654178791,35.5249419043013,35.5474809595669,35.5303142645435,35.4434146932933,35.413002058919,35.5516170234524,35.4691528093373,35.4717842868463,35.445574118744,35.4298910935888
23.8852158144936,24.3039147865417,24.0170676410547,24.2199596156668,24.0286460084076,24.1891766754725,24.2428661199725,24.2075577430021,24.3360119038039,24.0633764833475,24.2048072853774,24.1099810390942,24.1681861861146,24.207188592137,24.3096659075042,24.2247485342471,24.160419013083,24.2143097018017,24.1836023978418,24.1979151224301,24.2567109343707,24.2286391964405,24.2144661665622
25.3614601579654,25.4228342105878,25.4428271227929,25.4132891581636,25.3897707662816,25.3985002848954,25.4642975859486,25.4124584942879,25.3918372975839,25.5165759248144,25.3908750220347,25.5028539364168,25.3741778338693,25.4053422225165,25.4072611366199,25.4555509089271,25.4097315856627,25.4096164912473,25.4427665010203,25.4004195295049,25.4002163657943,25.410707837908,25.4023851683673
38.6974727634187,40.4659147795055,40.5500142046681,40.2674937299553,40.7063541759253,40.8239402420112,40.7186559909838,40.4598087006765,40.7188925818874,40.6340560757221,40.7259173618274,40.6958716366521,40.798052406722,40.7000265529773,40.7559619329344,40.7859925801362,40.8179098083544,40.8212424561878,40.7331335684693,40.738994729105,40.7654686054996,40.7528874609838,40.741577192956
32.998414080145,33.1505433267999,33.2055614431475,33.2308032454054,33.2335106088522,33.1388058063588,33.2311324280012,33.229805238408,33.1143945326268,33.2602852817885,33.2000843802498,33.2220042884875,33.2104187110207,33.2236660162313,33.1820424593843,33.2084920039548,33.2171290109939,33.1803201418676,33.179840510933,33.1584202427192,33.1946913249641,33.1914749063547,33.2002838862433
25.024511225436,24.7901181657081,24.8432863852712,24.7748336430517,24.6913868436147,24.7644392960609,24.718144409444,24.7472691906625,24.6852184366719,24.6925532738436,24.7047540123272,24.6867875489147,24.6941590739938,24.6848327152458,24.6881700032764,24.6936887862386,24.6894741430028,24.6614549814417,24.6592703019424,24.6628427997909,24.6469075282021,24.6497629015635,24.6524415351055
27.5542535372659,27.8677969324201,27.7864007414696,27.9057772728952,27.9807734875975,28.0370911984088,28.1147366545825,28.1231573008991,28.1115935304288,28.0708978152001,28.1153757689574,27.9973204249997,28.0473756740419,28.0767069465561,28.0546351224482,28.0363056716524,28.1038194077293,28.0765575660375,28.0488612925577,28.0331662207324,28.0520425525462,28.0540061051531,28.0652482858808
46.4224972157611,46.3046669266825,46.5757457858388,46.1387811585899,46.0474280466754,46.2927022165259,46.2587837018026,46.4059494741524,46.3348417692948,46.3504463391479,46.1289768868524,46.3533746212787,46.4837745810774,46.2647094628033,46.3524772622306,46.3641381255967,46.2757997190719,46.3137497696575,46.3397549663499,46.2936544454833,46.2854647113872,46.3131811655726,46.2972516726074
27.9498271621765,27.5949793399959,27.3916742826703,27.1440425926667,27.1504920926862,27.3328111165894,27.2543974197426,27.2817689082911,27.3479580938442,27.2682984460792,27.3638222001133,27.2013558814961,27.3198149883402,27.2115324980818,27.2419379267893,27.2668090788162,27.2255156563746,27.265711248661,27.2839494340161,27.2686952512287,27.2668466624563,27.2438155987781,27.2594132220205
39.138119709609,37.9476381727883,38.5026307442502,38.0029218692854,38.2293135711916,37.8432641197077,37.9789458548084,38.007394161187,37.7871014437212,37.8017699891368,37.9126804429527,37.934401490162,38.0712264781181,37.8990029155192,37.8791106362872,37.8449406867967,37.924455928156,37.8519801727059,37.9993252231147,37.9205354968032,37.8976347003106,37.923875988898,37.9026788740366
24.0820994493508,23.9224272119707,24.0296773023121,24.001558255638,24.0113359429426,24.0052277419361,24.0334650045841,23.9978569348411,23.9266400758918,23.9619032653222,23.9303509079708,23.9592086339391,23.9727046794881,23.9632803367408,23.9939357430277,23.9574931665062,23.94455922472,23.9770438126489,23.9497205790147,23.9652163186031,23.9679490608159,23.9806909030289,23.9737021273089
