"V1","V2","V3","V4","V5","V6","V7","V8","V9","V10","V11","V12","V13","V14","V15","V16","V17","V18","V19","V20","V21","V22","V23"
23.2988200886712,23.2745212387496,23.2645530467077,23.2613707893079,23.2625760556111,23.2626902866782,23.2605652372058,23.2651368392475,23.259719858434,23.2640873914128,23.2613576685983,23.2585107949176,23.2628154775838,23.2647547702038,23.2585643713523,23.2618052655452,23.2645118453787,23.2606621603481,23.2618400052564,23.260792781365,23.2596464405855,23.2624789027689,23.2578936791043
19.3892761347737,19.3951174839044,19.406241985427,19.418374978469,19.4149873830602,19.4186288409641,19.4171207608971,19.4217619672295,19.4233812147922,19.4158390020985,19.4153633032119,19.4250774619188,19.4258826486101,19.4212375513461,19.416797288172,19.4224793993163,19.4285650786941,19.4266306063432,19.4195775832765,19.42815811795,19.4204911335193,19.4171834285751,19.4273741126214
31.5193213601861,31.7069580764932,31.8095571874363,31.8000668159058,31.7678514087693,31.7634369162422,31.808769686243,31.7956233117069,31.7918309359726,31.7637009889344,31.7859944432446,31.7940420861311,31.8091071196581,31.791054429726,31.8022308957236,31.7884804187504,31.7968978689964,31.7948134980157,31.7767441481317,31.8039923083147,31.8113004860488,31.7960872690144,31.7941319153637
12.6332505962242,12.6350811272472,12.6414393719074,12.6574341074976,12.6580285543746,12.6641544960381,12.6746145256525,12.6799796715262,12.6820299818202,12.6711016811807,12.6842817208044,12.674672674279,12.6880656681535,12.6795926748046,12.6840124038986,12.6886127640618,12.6851402492441,12.6886687743047,12.6892816751825,12.6854822536996,12.6857339694751,12.6858704161507,12.6895290837367
26.4219633149801,26.5721411129747,26.5778275541043,26.5915625956193,26.6355202331481,26.6425837516152,26.65047771199,26.6571143370557,26.6680512570141,26.672500700637,26.6787423207828,26.6858499185424,26.6745093847801,26.6774485168457,26.6833602604229,26.6972315326782,26.6826515310482,26.6762815592953,26.683770857729,26.6706084611401,26.6898014398963,26.6902837689782,26.6960660707413
20.8525364795527,20.9072752731095,20.8897759516675,20.9646459195662,20.8927907692775,20.9600714042016,20.942084533321,20.9905563072189,20.9787063417661,20.9564126870484,20.962161071457,20.9907752211839,20.976978401634,20.9927479721191,20.9912069205242,20.9772971458501,20.9785201304228,20.9684161626737,20.9749429739304,20.9705067743744,20.9649809672945,20.9839768949878,20.975075888084
15.4124629799917,15.4237353269287,15.4602301164102,15.4087247735309,15.4710826771205,15.4221150991804,15.4666632316409,15.4201729778664,15.4809507052917,15.4726715802819,15.4381734781938,15.4363412939073,15.445389546841,15.4458427602049,15.4384186038082,15.4542710979587,15.4525215237998,15.4571105706139,15.4450422322532,15.4410357582352,15.4385440488091,15.4433139122179,15.4507616782756
24.5125080693227,24.4740128048085,24.5413055449469,24.4887611432196,24.5960500592311,24.6168311641502,24.594220702569,24.5903211341853,24.6261452125805,24.5826489164394,24.5741329078778,24.5993710703971,24.5876303428038,24.6161490663075,24.6202970366033,24.6173558998939,24.6069081333845,24.6024578029383,24.6076247377755,24.6029541290531,24.6296475276468,24.6253450314105,24.6079781667914
21.5719898638961,21.4528692374252,21.4484172115688,21.4256958081924,21.4499624207544,21.4543846132262,21.4523900535488,21.4833446908089,21.4832697862427,21.4649314314227,21.4764381242051,21.4749482963902,21.4829470840733,21.4628903014424,21.4895455716433,21.4891998533011,21.4799157960207,21.4780194514477,21.4763281523223,21.4600216146982,21.4789493653079,21.4789142809881,21.4841769028945
25.0718516669113,25.1184889037606,25.1203002892024,25.1031585148133,25.1399539711109,25.1254604442665,25.1296796183814,25.1244660941051,25.1380949481813,25.1447582888473,25.1433505880526,25.1430102583387,25.1168446222352,25.1200450452753,25.1109284346031,25.1318928966734,25.1318769020686,25.1341781468629,25.1507495837554,25.1437600279439,25.1380411300797,25.1515305824886,25.1399716533458
16.9791330437974,16.3098982102508,16.1622388570813,16.1737070244582,16.1978117779229,16.2011458873313,16.1992735597468,16.1318094191405,16.1899893073693,16.1334835867944,16.1975427951253,16.1617603677394,16.2160846811893,16.1629844877167,16.1588984982679,16.127198206335,16.1581404760765,16.1853210487022,16.1847806604319,16.1725684124891,16.1875488776873,16.1639819758479,16.1633990490094
22.452333754676,22.4707726665351,22.4930755787814,22.4974732004892,22.5055632894592,22.5036714170378,22.5032305725061,22.4993953036239,22.4969564025141,22.4970986595848,22.4909340690643,22.5075688615773,22.4985059034117,22.5154565194009,22.5177384925595,22.511432020637,22.5115350689341,22.5064634195623,22.5181372394399,22.5100104716894,22.5093895614917,22.5329079506038,22.5123506909862
17.3408512143321,17.2735153522699,17.2916646150254,17.2113802142224,17.2382315847409,17.2787336630871,17.2432359225903,17.2737564392262,17.2588273291165,17.2722168544815,17.2586979918279,17.2972300294759,17.2892706440108,17.2843043950883,17.2966927956513,17.2915800625455,17.284286845121,17.286425507585,17.2859273429823,17.2924750057768,17.2796527808545,17.2977058419871,17.2900531842717
28.9999219683853,29.046710137224,29.1115418177802,29.1135051610794,29.0749935462348,29.1187286274049,29.1181419240772,29.1025004129863,29.091194972744,29.1045564328843,29.1063487775025,29.1066395134605,29.1076544404195,29.1201147852554,29.1000669855405,29.10204774944,29.106170776552,29.1127320565135,29.0984649543464,29.1073057523699,29.1024299899286,29.1140337976586,29.0991242917883
22.5046071348011,22.4076946016668,22.3706136299737,22.394595448308,22.3936709005339,22.3802209087633,22.3741858577836,22.4104495348106,22.3925170378157,22.380572953993,22.4028707065073,22.3784335836857,22.3951250466346,22.3823027302948,22.3798608193372,22.3780385237747,22.3958337740522,22.3791428357099,22.3957219011322,22.3847950158,22.3826770669302,22.3818933131002,22.3960507949365
18.8043369707596,18.9863834510138,18.9997980337803,19.063966446396,19.0919281471061,19.0606868004537,19.0516698836923,19.0642688834001,19.0675900358547,19.0753064490709,19.0911417976557,19.0774098349443,19.0971944319683,19.0720003747715,19.0883857427927,19.0978545602077,19.0867115973517,19.0934427223603,19.0920840103682,19.0889345351578,19.0950083180988,19.0970973518776,19.0931933028277
28.9263587611923,28.9697986503678,28.9964443766645,29.0138469162581,29.0065587972144,29.0014193793074,29.0035305660538,28.9942184759631,29.0109651860759,29.0048444460961,29.0213828130029,29.007127677853,29.0041310791445,29.0138916797434,29.0211699652637,29.0120093866194,29.0080125030784,29.0074357430282,29.0183502241857,29.0116718571861,29.0068445138748,29.0129378432918,29.0054625141317
22.0967072629356,21.8362197479462,21.7517939487119,21.7548531816547,21.765921631571,21.7618187147228,21.7679654827308,21.7657446740837,21.7573504070796,21.7562474666148,21.7686581032792,21.7854714395958,21.7713982496322,21.7587366148094,21.7730879573221,21.764425849684,21.762378689398,21.7615234675398,21.7689941547241,21.7687536021125,21.7728615787911,21.7719005669063,21.7673104577984
26.7387518589067,26.6829879825177,26.6851902960554,26.6812463412677,26.6622586918859,26.6862728284758,26.6884244157847,26.693720850261,26.7001736547305,26.6825331728513,26.6857207068291,26.69320301795,26.7010759608564,26.6919184357569,26.704586991673,26.692136680903,26.6923596745855,26.6926545076906,26.6999675873221,26.6962450713598,26.6951348180658,26.6905470141566,26.6899655955139
20.670701811227,20.3022969833687,20.3407886577268,20.3016246040972,20.3272363683387,20.3438759743774,20.3475281173801,20.2882004406042,20.3459955656937,20.3043153948015,20.3420965079618,20.3285320087947,20.3201354972288,20.3138374948382,20.3280125237353,20.3399590392146,20.3098310650889,20.308553164209,20.3053143002893,20.329749549178,20.3047574149942,20.313062832462,20.3146824090285
23.1736431329277,23.2039979713684,23.2254751161997,23.2331920336762,23.2782740491949,23.274793758011,23.2975904562596,23.3073035079479,23.303059869608,23.3204079416013,23.3359223305615,23.3297516010207,23.3375922384023,23.3381667953657,23.3505749287237,23.3537341892247,23.3561849360854,23.3422461592358,23.3526469748687,23.3541263063663,23.3452553230839,23.3506871795352,23.3600511104432
22.1858721540224,21.8450422175646,21.8302270914888,21.8077853019108,21.7956692024757,21.7960281983755,21.8012841406926,21.7816003069733,21.8708046002721,21.8147180623937,21.7923502788838,21.8027580394566,21.8022017198032,21.8279095803177,21.8143258666982,21.8156793283805,21.8296905794863,21.8195670068316,21.814025568061,21.8246122587201,21.8128210059669,21.8258515649519,21.7867152704287
18.6177210836852,18.6578848483119,18.6796488218084,18.6761420107671,18.6786042639204,18.6868329889783,18.6912105992133,18.6833555079002,18.687183103253,18.6869753765627,18.6877227895508,18.693202755581,18.689498999901,18.6970094131526,18.6894266585365,18.6946967550221,18.6916120793578,18.6935003394614,18.6903784498878,18.6931584577137,18.6894695354453,18.6939257902322,18.6921423286277
34.9372295792254,35.2406848470324,35.0596918272719,34.7599013252469,35.1919462878944,35.1342116869452,35.1311980644834,35.1768226386191,35.0316018148689,35.1973629515919,35.1253923962102,35.2117813802795,35.1730202909153,35.1267623926728,35.1619573785041,35.121879101505,35.1366820827902,35.1623673637185,35.1633531646699,35.1640930788014,35.1563881167981,35.1320132323297,35.1405369522549
23.2694243008185,23.2188374809114,23.2216816775827,23.2069786872098,23.1879414537378,23.2087141589759,23.2064204811343,23.1820098868769,23.1987756111306,23.2028888796452,23.209334508144,23.1928791898355,23.1985587463668,23.197008354346,23.2007098269896,23.1985122117496,23.1970443403696,23.1953254938165,23.1939522546475,23.1922808398293,23.1919873469883,23.1925381503808,23.1901309385535
26.6511595502387,26.6840593488716,26.7042144216741,26.7148965882845,26.7402656631578,26.7354855243687,26.7293106688284,26.7588765685522,26.7441207066198,26.7463428200431,26.7403827893933,26.7485226645926,26.759206172813,26.7486811626191,26.7551128375634,26.7585158216192,26.757146969867,26.745011247975,26.7497764231671,26.7519020493814,26.7493477135516,26.7513149208033,26.7545585815271
27.7087941109981,27.7223590017623,27.724289973542,27.7443871027867,27.7633103643932,27.7549195882051,27.7642905870191,27.7711515860858,27.7725824505667,27.770152186777,27.7709749796298,27.7727908118279,27.7729015866698,27.7759432435032,27.7780712981897,27.7769209075534,27.7769941211218,27.7719770309869,27.7768614272469,27.7802047621739,27.7832398052771,27.7771301984602,27.775792914388
22.6576067184068,22.6974787672869,22.7368979273344,22.7095425550878,22.7265794731944,22.6926647173805,22.7135908800352,22.7280654514124,22.7237113376626,22.7018800299316,22.7169574772186,22.7229759687869,22.7140329273063,22.7234350394244,22.7194584642569,22.7120475967865,22.7203116911252,22.7234940542501,22.7168636668157,22.7199545893733,22.7175279211202,22.7154580950926,22.7184642787833
19.1739470415747,18.9050572856392,18.7307546713451,18.7638406330777,18.7385795253409,18.7169335498884,18.7398995293887,18.6641493442,18.6958923728673,18.6858946441283,18.7107174863743,18.686356432502,18.6752603290418,18.657910310267,18.6883844617981,18.6708088357531,18.6918605137726,18.6621481591897,18.6617812770102,18.6662084065005,18.6799755575914,18.6583377559741,18.669239540622
18.9310995003618,18.7444311833698,18.7409372796832,18.7051821758449,18.7039869252778,18.7058075730549,18.7112687220463,18.6980936066645,18.7032111523416,18.6878776100797,18.6799204524669,18.6935096882255,18.6925875398754,18.6882919555008,18.7007927377601,18.6952776281454,18.6879857977326,18.695716513205,18.6795928274238,18.6936490893902,18.694697478411,18.6933735213782,18.6840721449569
26.368085828707,26.4765750747078,26.5414669256744,26.5766576072899,26.6112726617415,26.6496693324636,26.6336216921081,26.6480538498324,26.6775651811219,26.6801116518077,26.6918452108655,26.71210386996,26.6931771688149,26.6998632253712,26.7195425390161,26.6973545079631,26.6974853340164,26.706329543164,26.7156392391501,26.695745768842,26.7051192566187,26.7088501176471,26.7082924280189
28.1237977064126,28.2203511035144,28.2145703249816,28.2578562192616,28.2487233964123,28.2533847516634,28.2834317288572,28.2432753616382,28.2432941773151,28.2593802428615,28.2553146449856,28.2619518606241,28.2538347543394,28.2456586397634,28.2708882386829,28.2600017402129,28.2542688114787,28.2643540693505,28.2788559104921,28.2624467259121,28.2601729281675,28.2601788537204,28.2585080661497
23.0192039605076,22.5885759845317,22.4777156006013,22.5568965179277,22.5169265434828,22.4900491298753,22.5098262066427,22.4304445725838,22.4548183944151,22.4403387014947,22.4338586517141,22.4627643855409,22.4527874191268,22.4572913721216,22.4575136134914,22.4619960031484,22.470052078133,22.4562784504533,22.4645873930593,22.4469608624839,22.4545358140408,22.455896615064,22.4704977829691
20.341841634665,20.2890887059212,20.2615146041857,20.2846258479644,20.3235977819044,20.2804643645374,20.2789040252185,20.2689635092433,20.2694889041192,20.2602835854686,20.2699871916152,20.2695070769459,20.2677710348843,20.2696398323153,20.2663722732604,20.2829276179884,20.2655418216029,20.2769471392544,20.2754443849422,20.2818253685105,20.2693257797524,20.2829505988475,20.2868822051693
24.6578074928307,24.6997309717285,24.669787591145,24.6799181890953,24.684403505886,24.6746830773547,24.6576734200321,24.6628980234341,24.6726917798828,24.6705482191166,24.6753988957758,24.6619574890832,24.6615676254793,24.669151639658,24.6640847591332,24.6746147967557,24.6704035558297,24.6655194307867,24.669153444711,24.6667959332462,24.6638446642608,24.6668309664152,24.6675149596621
23.2182344824387,23.062171810981,22.9945211513854,23.124927969167,23.0098906503919,22.963430669871,23.0007114110745,23.0618686785378,23.0013460562034,23.0414572237359,23.0419973366911,23.0166477650633,23.013727338238,23.0365697376561,23.0156312754325,23.0295341039147,23.0419984815768,23.0124517312396,23.0302447034508,23.0173601405354,23.009877353636,23.0162322104472,23.0220405075508
27.9313002355583,27.7984044906838,27.7620682013174,27.7543535007554,27.8009063410236,27.8655791181492,27.8126621462908,27.8011471195419,27.7842801794303,27.8068511940313,27.8098038396827,27.7975447970603,27.7955707881028,27.829487553238,27.8087166637397,27.8114266652028,27.8202208153517,27.8053537615743,27.8213146168014,27.809843752397,27.8153421071591,27.8177872368004,27.8217452011593
17.2983925493165,17.3894124662889,17.3813833914259,17.3854207659699,17.3737461073265,17.3949858173899,17.4121149951244,17.4205364861647,17.4270952733452,17.4266785822161,17.4005108684653,17.4261584763042,17.4208145061951,17.4312794778479,17.4220799553181,17.4303275806881,17.4137690188732,17.4244904459471,17.4262294395434,17.4226246574866,17.4260673364081,17.4242649456585,17.4276830195048
24.0167199527809,23.9545436933637,23.9471783214288,23.9444596168513,23.9655686258876,23.9724150265375,23.9622802300078,23.9654150137718,23.9691691008586,23.9768818486053,23.9675429285082,23.9729234549147,23.9671429618331,23.9703954436892,23.9687085801536,23.9751554227634,23.9746428604454,23.9674010314828,23.9745901083065,23.969540591472,23.965930720714,23.9698716765783,23.9756278600298
20.7209858417851,20.6884053324496,20.6646918712041,20.6545203734001,20.6377973174057,20.6602224229091,20.6547365211827,20.645788769126,20.644398239834,20.6481816578654,20.6411481131967,20.639276433182,20.6450728705407,20.6408952291986,20.6387057882048,20.6406815383998,20.6370924318413,20.6355331544239,20.6346946273025,20.6385495730929,20.6422257973369,20.640264753309,20.6407257929088
17.1139022063637,17.2446680060408,17.3030648116123,17.2634862672147,17.3211417410111,17.3040905230339,17.3212534889893,17.3110873886056,17.3250315206851,17.3525434812498,17.3288279115014,17.3412674740583,17.3290712494656,17.3408462125196,17.3594521042735,17.340132039252,17.3575412019718,17.3437572048077,17.3368962195999,17.3442357835036,17.3488020813896,17.3495702962351,17.3544653866845
28.0184005082134,27.9327441801012,27.8891606791378,27.8194846651555,27.7818018226091,27.7622105920229,27.7997790333627,27.7996550633165,27.7845089712025,27.813395296877,27.8005165166747,27.7742006005958,27.7907003684259,27.8065396182581,27.7889920343549,27.8012975682387,27.7894450593173,27.7956573198914,27.7897400827662,27.7988808105972,27.7921225934165,27.7790747041799,27.7932781339823
23.214575355675,23.3186747687187,23.3005327939353,23.3231590480411,23.3231837910196,23.3363873843536,23.3127686722875,23.3161539205892,23.3188678964351,23.3230963487019,23.307268809604,23.3265766133459,23.3322186378605,23.320410942339,23.3224515766396,23.3173232541872,23.3204867589315,23.3172991084382,23.3208295302594,23.3167979237002,23.3161739257804,23.3239675815394,23.3284479962478
27.1666174118329,26.1124618836664,25.5699598392229,25.6666226124893,25.5064054418934,25.5650563979648,25.7345231660727,25.6562809540428,25.4333290547407,25.5878813549348,25.6036497812635,25.4663714617163,25.5347668517982,25.4302205757885,25.5311109340808,25.5041425715332,25.5041081663531,25.5006279052232,25.5317380850743,25.4938828200259,25.4909451124344,25.497845618265,25.5045806125172
37.1081305834172,37.3528619242281,37.3307457642652,37.3764176306121,37.4062899639604,37.4322231406991,37.4474312657432,37.4354840397716,37.4552493285764,37.4235817954876,37.4219030528357,37.4248664691401,37.4201260903294,37.4374631214116,37.4334494089635,37.4438775252059,37.4507473278579,37.4386890906848,37.4445299710503,37.4447605912852,37.4411639545289,37.4484012187285,37.4386864983358
28.6785518918536,28.6623157406532,28.5903093901979,28.6244776255624,28.7391761569646,28.6096980323519,28.6303414046022,28.6828378097292,28.5845242148203,28.6126533378772,28.6137505162357,28.609550653921,28.6581761272707,28.6210775204257,28.6268228486635,28.6421674205192,28.6372148525,28.6488260710907,28.665144495582,28.6421680927983,28.6346244007512,28.6412836119421,28.6242852661424
19.3577657623952,19.2900931442238,19.2688738400183,19.2483825716846,19.2532985556648,19.2564292064672,19.2487853364349,19.2663592766336,19.2430387134365,19.2421404027735,19.2419363324274,19.2482467785892,19.2490109207343,19.2395776255585,19.2439972667247,19.2394563353411,19.2412469349508,19.2365048818238,19.2426235492349,19.2432920443368,19.2425509592131,19.2405289585553,19.2318784290344
23.3589333231516,23.2590666137287,23.2312636408049,23.2456156015744,23.2474930767142,23.2451832514783,23.2395687440958,23.2342271013945,23.2392887815395,23.2400887103495,23.2383976595801,23.2482866533264,23.2444563290635,23.2423033496827,23.240248329937,23.2397343590497,23.2467543576155,23.2407099956232,23.2413667171029,23.244841127978,23.2435127958542,23.2410826703612,23.2420158564364
26.6014254380653,27.1218404606993,27.1253122005174,27.1834056217445,27.2669871317151,27.2856212761705,27.2302583839972,27.2349082894459,27.2368636585655,27.2782524506096,27.2488381079936,27.2220250322177,27.2649675124385,27.2897759572708,27.2739772085563,27.2690924442441,27.2747499091705,27.2685375608316,27.2703265420524,27.2720725954756,27.2696311733484,27.2723604231703,27.2821467251132
24.8706701920541,25.0972826366241,25.097794390395,25.3050338407527,25.2446335122705,25.3250036582049,25.2623262381046,25.3193326720727,25.25068688808,25.2308321440889,25.268632468847,25.280435673043,25.2798690396954,25.2923513309376,25.2549002863289,25.2758696231102,25.2414119734799,25.2371094161297,25.2274688218523,25.2499151695742,25.2716274889339,25.2778701594473,25.2825972484085
21.4493724999341,21.4558304425328,21.4562756495102,21.4617089259485,21.4616958630753,21.4618711455408,21.4619204278571,21.4634950594057,21.4614804329207,21.4636877786755,21.4636603122727,21.4631237905348,21.4633406115194,21.4623879707413,21.4649536208659,21.4612444725152,21.464762099858,21.4667176468437,21.4604102581007,21.464008047869,21.4653126436552,21.4662072639666,21.4650576216027
25.8907332618398,25.9127860084013,25.8953375106704,25.8605173271352,25.8844713414715,25.8506276396745,25.8703775167236,25.8968412191311,25.8697221933868,25.8743411864617,25.8756620601547,25.8877008363069,25.8722250827039,25.8730936626084,25.8828453652505,25.8837679619313,25.8899190439033,25.8813471027067,25.8827893102928,25.8759899535051,25.8840044323622,25.8666898520749,25.8730108744248
23.2087550732762,23.1021273381776,23.0857565301928,23.0712334994137,23.0672441563394,23.0576556454019,23.067684186177,23.0609586280052,23.0597644028759,23.0686507993419,23.0674021793687,23.0716154822381,23.062100620834,23.0670118087643,23.064599758035,23.0643511626221,23.0580439467257,23.0621777871434,23.0672032407165,23.0723349265048,23.0622418927167,23.0640153194103,23.0679942279699
28.1010218587775,28.0529808790352,28.0799014082947,28.1164891672062,28.0749237786933,28.0846709729787,28.0869689856155,28.0923344882608,28.1048620303563,28.1047715927414,28.111950830829,28.1029581172323,28.1100939113095,28.0994042899943,28.1121843586941,28.0988707842739,28.1078810388437,28.0993177513244,28.0989975909111,28.1050808004834,28.1008842724635,28.090529166417,28.1023567935696
27.2110669335655,27.192368561146,27.1917843015497,27.1911453514262,27.2008262460157,27.2037443981799,27.1678777697209,27.1981309887857,27.1944127330809,27.1760395995504,27.1982556786888,27.1855872374994,27.184858469228,27.1906428727136,27.1793113179363,27.1851364614298,27.1835736914226,27.1905065786608,27.1856762620919,27.1889290132047,27.1811869494579,27.1802873868108,27.1899040443174
24.8979461684566,24.9188705561905,24.9145697712597,24.9120780219786,24.9188889488001,24.9229545160634,24.9220514338418,24.92594398088,24.9245080266037,24.92671172004,24.9311825488655,24.9322017918779,24.9301203446613,24.9320299782122,24.9303673596417,24.9360288341568,24.9255833034811,24.9271853502967,24.9322368179737,24.9313545155166,24.9278528571141,24.9277256270533,24.9296498175287
21.8006043195094,21.784297557202,21.7746515931774,21.7812443782543,21.7892161152799,21.7696394581461,21.8046551842197,21.7980093826731,21.800116183971,21.7990670218052,21.8179041324075,21.8044081622163,21.8011951921489,21.8046745347354,21.8203990956893,21.8024063825535,21.7865062207567,21.8077249416178,21.7999047149437,21.8039346841518,21.8104115659146,21.8156281261505,21.816428339608
22.0014936900179,21.8935701971595,21.8740609105204,21.8625643631624,21.8886962058577,21.8876962267262,21.8946859593261,21.9175132734069,21.880018345786,21.8978884101867,21.8941311042235,21.904696307253,21.8932050474907,21.8954007894081,21.8792391393213,21.8912549251966,21.9079562698112,21.9061383842005,21.9054677462876,21.8937252625699,21.9056954683567,21.8929352903793,21.9020021869173
26.609811417541,26.7744126956066,26.7371315884914,26.7308598776773,26.7410992679944,26.7947756232866,26.7637920888899,26.7783410400024,26.7793571045511,26.7803694024722,26.7971775687378,26.7658884170612,26.7877305158409,26.7639369521467,26.7994791577047,26.7662384123641,26.7999051999391,26.8146058291651,26.792178932542,26.8069054069149,26.8115919560058,26.7955815519441,26.8062935852344
19.0350728369974,18.8962627076589,18.8959392117477,18.8634885749352,18.8857573915377,18.9198879964542,18.9162764476909,18.9460753409058,18.9049241879149,18.8928416729794,18.9073999201695,18.9055601702821,18.8946097895693,18.9119413982771,18.9039191633508,18.9224927333724,18.9068949079474,18.90396710193,18.9075628269986,18.9158918238815,18.9065327922619,18.9062751427346,18.924039982955
18.1352664701761,18.1603428235729,18.1835280203726,18.2009014067729,18.1915490699039,18.1857113361013,18.1854811212389,18.1617814426146,18.1823672761783,18.1714698027307,18.1745984847309,18.1671394734355,18.1670335723119,18.1780597856312,18.1618656565867,18.1725273806183,18.1624031637893,18.1593209598119,18.172241868197,18.1720559790547,18.1735193396026,18.1710219057932,18.1807688097881
27.667099071501,27.3457715125656,27.3779869706684,27.3821834006185,27.3038134877393,27.2999933178119,27.2763780713359,27.2554703860278,27.2606667810343,27.29260690584,27.26195319037,27.2665692653913,27.2762016853123,27.2334406207751,27.2580991305692,27.2408057346251,27.2419363512284,27.2482320736524,27.2538444211006,27.2418225152997,27.2370789050397,27.2381918284308,27.2421850365779
18.9110991613749,18.9272426670331,18.9446667439757,18.9721707554165,18.8809758579361,18.954089432145,18.950217567509,18.9346641566411,18.9246164249761,18.933580755072,18.969681682912,18.9468905696623,18.9514423843282,18.9552039509246,18.9270338279168,18.9303001991491,18.9375841628667,18.9374638152681,18.9419214016766,18.9386645896496,18.9421103083065,18.9338370552882,18.9387166134034
31.2842636908848,31.1791489546025,31.1268360192235,31.1319126525915,31.1145327558752,31.1162062419314,31.1072763013312,31.1202882557268,31.096742589184,31.1387346406003,31.1113219520542,31.1267598553007,31.1113071134261,31.1095726958062,31.1141367305077,31.1101928477334,31.11974675129,31.0914546383779,31.1073523164203,31.119149750656,31.1081359308262,31.122170485477,31.1138106210295
16.1471678131995,16.1082120058989,16.1231064163087,16.0829359075226,16.0995095358673,16.0952927214148,16.1029634114758,16.1020660358151,16.08642342152,16.0885461948022,16.0985622468444,16.1121859566902,16.081474088006,16.0958130213491,16.0997030116974,16.0964103539309,16.0900125772853,16.1063667320928,16.096428183169,16.0994018751653,16.095334506581,16.092068840208,16.0935169228866
28.7540813042466,28.5917880739253,28.5968925884446,28.580361358047,28.6418698025182,28.6104360826183,28.6554531686308,28.6453429026743,28.6411795440834,28.6574972675105,28.6339006870109,28.6170229207006,28.6239401261221,28.6410716750455,28.6557731216197,28.6282893496674,28.6426197242462,28.6322937776674,28.632841279751,28.6450632621648,28.6406519733435,28.6542364864652,28.6506419265249
19.5219455308728,19.5717396438791,19.5857873350873,19.5931637735491,19.5966101135964,19.6015690694097,19.6076513759116,19.6064078009411,19.6063706741373,19.6144373498315,19.6105755629699,19.614331833271,19.6110377994449,19.6143876982271,19.6139479913597,19.6102853133797,19.6175668641243,19.6124332333768,19.6117356305871,19.6108041184675,19.6130738029258,19.6149056383629,19.6141906347323
19.9075418413243,19.8146557205003,19.7837809707095,19.7958201374933,19.7857434397887,19.7804398804487,19.7973876208088,19.7816955874273,19.7691746268319,19.7738385310483,19.7856829836199,19.7840081888896,19.7862860565731,19.7751018193981,19.7859869844117,19.7792141742084,19.7732422026389,19.7705203413663,19.7771278028185,19.777963848827,19.7811476690868,19.7790490637857,19.78616824002
24.9470944108922,25.2566029486893,25.2533093156101,25.1739926844651,25.1804638122647,25.2566636651367,25.2266998529842,25.182578938982,25.2092355659916,25.2037865935604,25.2605776771103,25.2297085969609,25.2156823017644,25.233751227681,25.2217809124453,25.2079464191768,25.206327910585,25.2178640781055,25.2143472545858,25.2110385032364,25.2285762322639,25.2164580779848,25.2315462250354
15.4288500574281,15.3941071865372,15.4132341805948,15.421628883581,15.451857733364,15.4918891373309,15.4829949721982,15.4890628250573,15.4816709382412,15.5143248712168,15.4945570920138,15.512294005978,15.510201661348,15.5107618749134,15.5109107022175,15.5168221826927,15.5133488551156,15.5135900360156,15.5200675846597,15.5094610359038,15.5135564025316,15.5243500324488,15.5248873081151
22.968733310429,23.0678040114723,23.1626990683747,23.2026632921143,23.1873962018732,23.2594253502125,23.2033174787907,23.2399179963679,23.2245668884194,23.2326792791003,23.2458586560893,23.2355556352072,23.2446412356521,23.2516964094352,23.2520467807345,23.2552096248285,23.2702845165164,23.240686116158,23.2715954796745,23.265510326307,23.252984269566,23.2517377550992,23.2558443510349
30.7258973928365,30.7322013853377,30.7598746634629,30.7767995968617,30.7885466081363,30.7851232374397,30.7843752677844,30.7995309410698,30.7941981680124,30.7888906610239,30.794346664225,30.7945836650381,30.8014280112402,30.7989890964731,30.7964879172169,30.8101089175408,30.7968380872919,30.8048726691419,30.807130126735,30.8037543487942,30.8010513728935,30.8012597546007,30.8106080562961
23.4434131287387,23.3781393109393,23.3839673671236,23.4236271709362,23.3789336476169,23.4056692925354,23.3834882753983,23.4174777424699,23.3979329794989,23.3942807798329,23.4023832450654,23.4051261050356,23.4008943553817,23.413694663062,23.4133935723063,23.4013015707624,23.4009496040006,23.3988344517704,23.4165580578022,23.4096641580708,23.4128753729123,23.4126042502756,23.4151176391607
17.4422198348782,17.3023316603001,17.3324650377124,17.3473319776556,17.4608344784415,17.4288821520015,17.3936055436939,17.4080254866369,17.419221829529,17.4375969902079,17.4563472474888,17.4467719690068,17.4549983861794,17.4595714998143,17.4874003119451,17.4729432943973,17.491226089734,17.504361379971,17.4908092540903,17.4680410519187,17.4716139408448,17.4669567241119,17.494339883641
24.7092095847599,24.6123555366245,24.6188004508359,24.6617482308207,24.612867021689,24.6358019454981,24.629261903453,24.6453976253824,24.6303651933487,24.6215614059554,24.6321441357135,24.6373064234464,24.6314002721227,24.6436979601424,24.6276046600362,24.627760502782,24.6295914244679,24.6287017823807,24.6244103888089,24.634725014479,24.6402775010678,24.6292138741843,24.6319344492663
28.2546786499508,28.2237924211583,28.1908032525714,28.2055890300604,28.2015460936751,28.2191992527093,28.2130822916647,28.2026687441907,28.2163377929459,28.2181823712733,28.2098254060258,28.2247235510036,28.2136167635985,28.2214462616516,28.2030753261424,28.2139030504329,28.2112606152097,28.2083153936377,28.2209361394687,28.2103284192754,28.2214663458197,28.2134635855572,28.204086337661
22.1419934971442,21.8131068462185,21.7274651474496,21.774817038902,21.7662348758635,21.7175139576172,21.6782126763801,21.7232122646885,21.7334210069776,21.7396228941241,21.7464193112303,21.7360282906759,21.7452834408703,21.7482139853685,21.787922562451,21.756485940384,21.7806531295293,21.7687242225324,21.7708917735266,21.7765000913445,21.7728801771291,21.7764485946338,21.7517298804499
27.489512907317,27.271471958109,27.0388270950361,27.0943533674207,27.0682440879092,27.046382133887,27.0368689606581,27.0324519715498,27.0445667128176,27.0413147688738,27.0497411499162,27.0453462294002,27.0567140329947,27.052021920451,27.0593739424419,27.0807870922277,27.0520749398604,27.0585167323285,27.068477762449,27.0510161102935,27.062720736481,27.0509208885975,27.0630512476142
23.513434334322,23.3265495430022,23.3201889600229,23.4082615544698,23.4003572330986,23.328627854297,23.326671869976,23.3487078772188,23.356928692587,23.3438792371255,23.3387068351173,23.3264756284648,23.3540574609263,23.3488963730478,23.3377031659725,23.3426271304147,23.3561740805796,23.3270850735683,23.3149204594197,23.3432409942578,23.33484303764,23.3178240806919,23.3265929095351
17.7974466969169,17.8314758444934,17.8341845139443,17.8500828738075,17.8655444845986,17.870308452579,17.8737385480789,17.8729041158444,17.8693214544072,17.8741851889136,17.8823060543662,17.8754187046194,17.8835272150705,17.887453847175,17.8824671387701,17.8825460648415,17.8778903170033,17.8848588942932,17.8848429264598,17.8819457751712,17.8868723322529,17.8824542843509,17.8871383332611
22.0173136443679,22.1213504347255,22.209554213177,22.2801484661081,22.2170164845474,22.2668177308323,22.2568931078439,22.2319272399653,22.2586623536522,22.2632073686841,22.2820114082401,22.2619112044782,22.2522922738782,22.2550288054368,22.2645318688668,22.2781732306142,22.2907275326412,22.2913461737001,22.2870082474526,22.2745964607761,22.2630627094619,22.2706456650677,22.2770360843094
30.3207427360655,30.0987022172131,30.2517995813924,30.0607571952986,30.0767817452512,30.0511184028226,30.147476346391,30.1114936202683,30.0578177836122,30.0380449801024,30.1290541448211,30.0710989496052,30.1379388051087,30.0726544552586,30.1055564567659,30.0931473113306,30.1055429469385,30.1143300877148,30.1067780725685,30.0943739950944,30.0999925059332,30.0944725333619,30.0966796834584
24.894492922509,24.6699086820255,24.600671375632,24.6028628766512,24.5701103673818,24.5798197284159,24.5719646578387,24.5578877441856,24.5807280719028,24.5475104727824,24.570494307785,24.5454375159109,24.5560718804692,24.5698431619276,24.5463071481019,24.5625356497232,24.5453013598455,24.5484046389908,24.5444865347189,24.5487902780872,24.5525645107369,24.5635105741379,24.556363610399
20.3901339712578,20.5966304396747,20.6382829419376,20.6312449516408,20.6561807535455,20.6455329265875,20.6591183661966,20.6725384225172,20.661651325655,20.6609787256259,20.6572013018297,20.6592761635711,20.6693974568111,20.6604575479314,20.6547847622212,20.6582420903999,20.6636867487976,20.6583089511419,20.6578451399506,20.6587871585991,20.6592240594415,20.664913473639,20.6633362427489
22.429615524852,22.4793946841783,22.495820632921,22.5011661954415,22.515800285415,22.4960294104896,22.504351012527,22.5169508592091,22.5143609634448,22.5072956695487,22.5195190370194,22.5159858124735,22.5210115762257,22.5160088892384,22.5239036181057,22.5090149393079,22.52393290669,22.5105757302633,22.5222168644382,22.5160023309681,22.5209688235418,22.5240082891017,22.5183718719554
30.0358738282481,30.0424137003932,30.053100790398,30.0469883416135,30.0576710187341,30.0556541084526,30.0577832389217,30.0646180684828,30.0531895823414,30.0557932238472,30.0557219630837,30.0651093806746,30.0613761691051,30.0672779938358,30.0602815532726,30.0636871364818,30.0647267055245,30.062483114156,30.0681738920639,30.0561591845112,30.0584795924804,30.0680710267142,30.050136539204
23.968892204116,23.9503528963275,23.900760773398,24.0017519783049,23.9756388769605,23.9950396388085,23.9996990219876,24.0025567969251,24.0205373803252,23.997502391101,24.0127847782599,23.9942505790316,24.0013564634567,24.0011341741493,23.997829616006,24.000559712105,24.0124332321312,24.0007231759308,24.0047600230689,24.0198832213457,24.0082007422306,24.0126639097248,24.0165922083495
24.9705774020405,25.0704190087733,25.1492388114005,25.2155443669277,25.3153358630682,25.3042723923276,25.4459114320038,25.4031504742581,25.3907544450801,25.4071231296306,25.4055887892885,25.3662969611628,25.4383977314233,25.3652689944839,25.4429999703888,25.4379587555313,25.4590815861769,25.4338790399332,25.4634394568704,25.4299181532962,25.4476634158278,25.4225500953573,25.4635508027952
26.7483327538732,26.4405946218714,26.4553456823901,26.5366341865058,26.4852665534915,26.4613620688361,26.4514537867804,26.5223384589161,26.5269200944936,26.5174633678327,26.4925425627979,26.466624029887,26.4778906199307,26.5375582345845,26.504069375768,26.4926956417336,26.517277306045,26.5000544681126,26.5069365637472,26.5197258632005,26.5010383777245,26.523520619461,26.5044762686003
21.4781041607264,21.3976272807657,21.4210307056852,21.3998273170626,21.413670645982,21.3499514055578,21.4050311305773,21.3773929213287,21.4064011086761,21.4046310818423,21.388933619531,21.4156082710966,21.4211256278079,21.3992990392247,21.4225813391859,21.4185195598632,21.4154791002669,21.4189575707099,21.4137442795797,21.4198914682457,21.4240247366993,21.4219108898818,21.4146202564706
32.0954892237907,32.0330211013197,32.0077500653721,32.0067087021933,32.0002928631629,31.9769870444789,31.9943725367518,31.9856190949802,31.9896418282068,31.9984681697442,31.9772439549116,31.9792910162464,31.9903422526333,31.9890571707334,31.9901986749047,31.994317218462,31.9809866730338,31.9836056465082,31.9908575102937,31.9939809126714,31.9763814251333,31.9888383843373,31.9913108470601
17.3736970215757,17.1930296999339,17.1128556338932,17.0953147225336,17.1093002498747,17.0956008427094,17.0991110319851,17.1017902979467,17.0630142146494,17.1119393461205,17.0878599126039,17.0859426840412,17.0920389607362,17.08343074761,17.1118170355091,17.0977288310315,17.1081416072688,17.0991402711403,17.1052213828667,17.1103900619122,17.1047431521881,17.0904927249377,17.0991930084839
20.6233903312328,20.5414821766604,20.5757003022168,20.5904085773763,20.5822171460413,20.5947134296532,20.6284465021808,20.5963215940911,20.6077947484042,20.5914664462741,20.6113774257541,20.6145901324195,20.6026775753051,20.6298645675198,20.6184048459327,20.6239005764336,20.6087549228306,20.6216053860828,20.6102512551262,20.6216187855414,20.6129405242997,20.6085841293776,20.6217702988374
23.5387563016228,23.5325022202673,23.5316260702451,23.4721958418872,23.5064944574316,23.4877830207323,23.5165088916785,23.5370966763695,23.5387694968575,23.5335208696455,23.5165597418661,23.4650530295505,23.472408039294,23.5002793891614,23.5070945258776,23.4988219615963,23.4788048368484,23.4717987006395,23.486858128641,23.4980445121508,23.4881100696381,23.5094515774356,23.4756136227527
24.1276604307723,24.0809374897402,24.1706436533064,24.1283135233301,24.1609519085394,24.1438413716503,24.1477452392501,24.1462694001994,24.1603329838473,24.154917214838,24.1729865165363,24.1541308970381,24.1783608922943,24.1504791343192,24.160697969814,24.1689404969538,24.1663876617235,24.1594227520893,24.1597723831359,24.163597488499,24.1678258160299,24.1706922188873,24.1710152433483
24.3937551766299,24.4912642301754,24.4939484356642,24.5302421296725,24.4958530224909,24.506591280836,24.529851892914,24.5075472184935,24.5044423356028,24.5114951469803,24.5213880060589,24.5032041012141,24.503822213607,24.5188495282603,24.5114308717846,24.5276206086914,24.5164118460609,24.5159508720835,24.5390544858776,24.5140218524534,24.5147590435487,24.5193102173587,24.5221826107696
28.1908759779461,28.0980552644804,28.0741701278487,28.0710776111285,28.0469446974519,28.0418793999283,28.0464355836416,28.0426624858619,28.0364031779673,28.0470376144575,28.0500299498926,28.0465774955052,28.0498052050228,28.0378864468436,28.0402438045822,28.0401236224686,28.0406955774995,28.0345572141215,28.0395947596152,28.036903612705,28.0377435749385,28.0401870213315,28.0333710263954
26.4787708663423,26.4982516871925,26.5134342436647,26.5240051629293,26.5207288607759,26.5291864530206,26.5248182359442,26.5237383109509,26.524786650295,26.5269660471609,26.5263592310332,26.5223222300186,26.5277757584968,26.5297979070612,26.5271483131803,26.5329261821447,26.5274521285356,26.5301982487512,26.5260956888674,26.5290161290989,26.5301517115697,26.5333932391239,26.5290982817333
24.5842627193155,24.3104520607597,24.2905803193691,24.2680193027524,24.3110999350669,24.3019137430465,24.2540358100525,24.3241979205525,24.2796421640234,24.2522653198234,24.249938778756,24.2474971301685,24.2648721904606,24.2696347702512,24.259779305657,24.263091445131,24.2488647308726,24.2472929289591,24.2487585542727,24.2443753109548,24.2494715642376,24.244070279024,24.2514236630967
23.8755941440877,24.000569122131,24.040718154442,24.0507618121635,24.0485532289834,24.1051181285112,24.1024008428131,24.1011812491382,24.0838159070293,24.087023839837,24.0844321087376,24.0725129770463,24.0778088384267,24.0953251692499,24.100924358115,24.0858383484294,24.0975117228752,24.1007259948701,24.0782755435796,24.0955159834706,24.1008837278018,24.0949189948565,24.0987463927536
