"V1","V2","V3","V4","V5","V6","V7","V8","V9","V10","V11","V12","V13","V14","V15","V16","V17","V18","V19","V20","V21","V22","V23"
22.583704423407,22.5908392643254,22.5908272901127,22.5908272901127,22.5908272901127,22.5908272901127,22.5908272901127,22.5908272901127,22.5908272901127,22.5908272901127,22.5908272901127,22.5908272901127,22.5908272901127,22.5908272901127,22.5908272901127,22.5908272901127,22.5908272901127,22.5908272901127,22.5908272901127,22.5908272901127,22.5908272901127,22.5908272901127,22.5908272901127
29.6797699929935,29.6979910729796,29.701429134013,29.695903853363,29.6923997284144,29.6946822319248,29.6874054886578,29.6886541080394,29.6829076262476,29.691615530564,29.6898915103237,29.6860641539934,29.6848855857912,29.6856337318126,29.685352466812,29.6881494428021,29.6873933869106,29.6856726271486,29.6868470171911,29.6863054909389,29.6857250159696,29.6879557807924,29.684783816567
24.3054486066227,24.3430369143111,24.3430369143111,24.3430369143111,24.3430369143111,24.3430369143112,24.3430369143111,24.3430369143112,24.3430369143111,24.3430369143111,24.3430369143111,24.3430369143111,24.3430369143111,24.3430369143111,24.3430369143111,24.3430369143112,24.3430369143111,24.3430369143111,24.3430369143111,24.3430369143112,24.3430369143112,24.3430369143111,24.3430369143111
19.9961997565791,20.018916490116,20.0189164901159,20.018916490116,20.018916490116,20.018916490116,20.018916490116,20.018916490116,20.0189164901159,20.018916490116,20.018916490116,20.0189164901159,20.0189164901159,20.018916490116,20.018916490116,20.018916490116,20.0189164901159,20.0189164901159,20.018916490116,20.0189164901159,20.0189164901159,20.0189164901159,20.0189164901159
31.7002742038546,31.7080740258354,31.7080740258354,31.7080740258354,31.7080740258354,31.7080740258354,31.7080740258354,31.7080740258354,31.7080740258354,31.7080740258354,31.7080740258354,31.7080740258354,31.7080740258354,31.7080740258354,31.7080740258354,31.7080740258354,31.7080740258354,31.7080740258354,31.7080740258354,31.7080740258354,31.7080740258354,31.7080740258354,31.7080740258354
16.9365645866155,16.9423921831732,16.942521768531,16.9419272028653,16.9426273489756,16.9420826367446,16.9420191124661,16.9420829467051,16.9423404984004,16.9421272869951,16.9412800849422,16.9422785088449,16.9415399822831,16.94173892239,16.9415937888338,16.9423217200797,16.941405789395,16.9414333870562,16.942353609975,16.9414503504151,16.9406916046137,16.9418699602064,16.9419522274484
30.4302208092161,30.4426512246929,30.4426512246929,30.4426512246929,30.4426512246929,30.4426512246929,30.4426512246929,30.4426512246929,30.4426512246929,30.4426512246929,30.4426512246929,30.4426512246929,30.4426512246929,30.4426512246929,30.4426512246929,30.4426512246929,30.4426512246929,30.4426512246929,30.4426512246929,30.4426512246929,30.4426512246929,30.4426512246929,30.4426512246929
26.1564637084389,26.1510188404046,26.1510188404046,26.1510188404046,26.1510188404046,26.1510188404046,26.1510188404046,26.1510188404046,26.1510188404046,26.1510188404046,26.1510188404046,26.1510188404046,26.1510188404046,26.1510188404046,26.1510188404046,26.1510188404046,26.1510188404046,26.1510188404046,26.1510188404046,26.1510188404046,26.1510188404046,26.1510188404046,26.1510188404046
20.1999851251814,20.2039657682556,20.2039657682556,20.2039657682556,20.2039657682556,20.2039657682556,20.2039657682556,20.2039657682556,20.2039657682556,20.2039657682556,20.2039657682556,20.2039657682556,20.2039657682556,20.2039657682556,20.2039657682556,20.2039657682556,20.2039657682556,20.2039657682556,20.2039657682556,20.2039657682556,20.2039657682556,20.2039657682556,20.2039657682556
24.0133933490037,24.0368409587058,24.0368409587058,24.0368409587058,24.0368409587058,24.0368409587058,24.0368409587058,24.0368409587058,24.0368409587058,24.0368409587058,24.0368409587058,24.0368409587058,24.0368409587058,24.0368409587058,24.0368409587058,24.0368409587058,24.0368409587058,24.0368409587058,24.0368409587058,24.0368409587058,24.0368409587058,24.0368409587058,24.0368409587058
26.3390792122323,26.3401433333075,26.3401433333074,26.3401433333074,26.3401433333074,26.3401433333074,26.3401433333074,26.3401433333075,26.3401433333074,26.3401433333074,26.3401433333074,26.3401433333074,26.3401433333074,26.3401433333075,26.3401433333074,26.3401433333074,26.3401433333074,26.3401433333074,26.3401433333074,26.3401433333074,26.3401433333074,26.3401433333074,26.3401433333075
17.7857232441252,17.7907411270318,17.7907411270318,17.7907411270318,17.7907411270318,17.7907411270318,17.7907411270318,17.7907411270318,17.7907411270318,17.7907411270318,17.7907411270318,17.7907411270318,17.7907411270318,17.7907411270318,17.7907411270318,17.7907411270318,17.7907411270318,17.7907411270318,17.7907411270318,17.7907411270318,17.7907411270318,17.7907411270318,17.7907411270318
14.8829078128748,14.8940647529679,14.8931102848272,14.892516230153,14.8936920408978,14.8922787745072,14.8876997341856,14.8863051420333,14.8880729396718,14.8886558546842,14.8872183107277,14.885157476951,14.8862534287305,14.8850962131871,14.8868866718936,14.8859016588892,14.8860685958174,14.8853586780282,14.8864666444502,14.8867580717052,14.8855780502506,14.8848837959844,14.8867087865206
30.5555052477283,30.5660551959493,30.5660551959493,30.5660551959493,30.5660551959493,30.5660551959493,30.5660551959493,30.5660551959493,30.5660551959493,30.5658623006142,30.5661694510857,30.5660021765221,30.5662618783761,30.5654778121199,30.5648418140317,30.5657821181592,30.5651358294617,30.5615342679485,30.5631295084726,30.5643882812026,30.5614915108007,30.5559053300594,30.558683002384
23.5851652953286,23.5791957908631,23.5798709081492,23.5772135167565,23.5785205232214,23.5768050475611,23.5780029707425,23.5778097124026,23.5766941097354,23.5788487916535,23.5787079136228,23.5781958576108,23.5788721645583,23.5780565821228,23.5780257377776,23.5781451822722,23.5775061952659,23.5774322690111,23.5776218824177,23.5781408290991,23.5774554541251,23.5763937886021,23.575771531583
15.487219265435,15.4822477398075,15.4822477398075,15.4822477398075,15.4822477398075,15.4822477398075,15.4822477398075,15.4822477398075,15.4822477398075,15.4822477398075,15.4822477398075,15.4822477398075,15.4822477398075,15.4822477398075,15.4822477398075,15.4822477398075,15.4822477398075,15.4822477398075,15.4822477398075,15.4822477398075,15.4822477398075,15.4822477398075,15.4822477398075
27.1977117111829,27.1976097287757,27.1976097287757,27.1976097287757,27.1976097287757,27.1976097287757,27.1976097287757,27.1976097287757,27.1976097287757,27.1976097287757,27.1976097287757,27.1976097287757,27.1976097287757,27.1976097287757,27.1976097287757,27.1976097287757,27.1976097287757,27.1976097287757,27.1976097287757,27.1976097287757,27.1976097287757,27.1976097287757,27.1976097287757
31.5790442139037,31.5799366630747,31.5799366630746,31.5799366630746,31.5799366630746,31.5799366630746,31.5799366630746,31.5799366630746,31.5799366630746,31.5799366630746,31.5799366630746,31.5799366630746,31.5799366630746,31.5799366630746,31.5799366630746,31.5799366630746,31.5799366630746,31.5799366630746,31.5799366630746,31.5799366630746,31.5799366630746,31.5799366630746,31.5799366630746
23.5907115509898,23.5878172685875,23.5878172685876,23.5878172685875,23.5878172685875,23.5878172685875,23.5878172685875,23.5878172685875,23.5878172685875,23.5878172685875,23.5878172685876,23.5878172685875,23.5878172685876,23.5878172685875,23.5878172685875,23.5878172685876,23.5878172685876,23.5878172685876,23.5878172685875,23.5878172685875,23.5878172685875,23.5878172685875,23.5878172685875
15.2940450246182,15.3156443147499,15.3156443147499,15.3156443147499,15.3156443147499,15.3156443147499,15.3156443147499,15.3156443147499,15.3156443147499,15.3156443147499,15.3156443147499,15.3156443147499,15.3156443147499,15.3156443147499,15.3156443147499,15.3156443147499,15.3156443147499,15.3156443147499,15.3156443147499,15.3156443147499,15.3156443147499,15.3156443147499,15.3156443147499
16.3450269469533,16.3423684053497,16.3423782183498,16.3423782183497,16.3423782183497,16.3423782183497,16.3423782183499,16.3423782183498,16.3423782183497,16.3423782183498,16.3423782183497,16.3423782183498,16.3423782183497,16.3423782183498,16.3423782183498,16.3423782183498,16.3423782183497,16.3423782183497,16.3423782183497,16.3423782183498,16.3423782183497,16.3423782183497,16.3423782183498
18.4170490572389,18.4481732368646,18.4530123091493,18.4577339103413,18.4563423475143,18.4589179474643,18.4579448487546,18.4587014102586,18.4569309836384,18.4585440923117,18.4597727816147,18.4588601821951,18.4562545508889,18.4597950344054,18.4597091452867,18.4590744052311,18.4567517518263,18.4591386915614,18.4593927899785,18.4589709946042,18.4575787797635,18.4593580557803,18.4591349697291
29.6600514040226,29.6672849432403,29.6672849432403,29.6672849432403,29.6672849432403,29.6672849432403,29.6672849432403,29.6672849432403,29.6672849432403,29.6672849432403,29.6672849432403,29.6672849432403,29.6672849432403,29.6672849432403,29.6672849432403,29.6672849432403,29.6672849432403,29.6672849432403,29.6672849432403,29.6672849432403,29.6672849432403,29.6672849432403,29.6672849432403
21.1678615454093,21.1733924586155,21.1733924586156,21.1733924586156,21.1733924586156,21.1733924586156,21.1733924586156,21.1733924586156,21.1733924586156,21.1733924586155,21.1733924586156,21.1733924586156,21.1733924586156,21.1733924586156,21.1733924586156,21.1733924586156,21.1733924586156,21.1733924586156,21.1733924586155,21.1733924586156,21.1733924586156,21.1733924586156,21.1733924586156
21.2460688047241,21.2523866131838,21.2523866131837,21.2523866131837,21.2523866131837,21.2523866131838,21.2523866131838,21.2523866131837,21.2523866131837,21.2523866131838,21.2523866131838,21.2523866131838,21.2523866131838,21.2523866131838,21.2523866131838,21.2523866131838,21.2523866131837,21.2523866131837,21.2523866131838,21.2523866131838,21.2523866131838,21.2523866131838,21.2523866131838
21.5737852263121,21.5714998609592,21.5738368292578,21.5727576615053,21.5737931279464,21.5732990556534,21.5726095929119,21.5727740016567,21.5726726045935,21.5726082844938,21.5731369461558,21.5732061754166,21.5734663014298,21.5731370600663,21.5725155257938,21.5730990631206,21.5733346165787,21.5731449083176,21.5731787566133,21.5728290951415,21.5727555367639,21.5730221737928,21.5736610997326
19.5923645081141,19.6409572642966,19.6077311859852,19.6210242264765,19.6028453919769,19.6243672739011,19.6190324245927,19.6049706505261,19.595733033786,19.6078967529201,19.615334073479,19.6025271845641,19.620906306326,19.6155185245117,19.6102808791578,19.6369786253988,19.6194573193297,19.6364902432798,19.6344809583241,19.6380289553266,19.6388739860037,19.6458674153923,19.6364920339262
24.6806715209035,24.6807587265858,24.6807587265857,24.6807587265857,24.6807587265857,24.6807587265858,24.6807587265857,24.6807587265858,24.6807587265857,24.6807587265858,24.6807587265858,24.6807587265858,24.6807587265857,24.6807587265857,24.6807587265858,24.6807587265857,24.6807587265858,24.6807587265857,24.6807587265857,24.6807587265857,24.6807587265857,24.6807587265858,24.6807587265857
18.1739429042758,18.1842987864815,18.184320299454,18.184320299454,18.184320299454,18.184320299454,18.184320299454,18.184320299454,18.184320299454,18.184320299454,18.184320299454,18.184320299454,18.184320299454,18.184320299454,18.184320299454,18.184320299454,18.184320299454,18.184320299454,18.184320299454,18.184320299454,18.184320299454,18.184320299454,18.184320299454
17.7009725904973,17.7083699081647,17.7083699081647,17.7083699081647,17.7083699081647,17.7083699081648,17.7083699081647,17.7083699081648,17.7083699081648,17.7083699081647,17.7083699081648,17.7083699081647,17.7083699081647,17.7083699081647,17.7083699081647,17.7083699081647,17.7083699081647,17.7083699081648,17.7083699081647,17.7083699081647,17.7083699081647,17.7083699081648,17.7083699081648
19.508758877704,19.5142404297043,19.5142552324673,19.5142552324673,19.5142552324673,19.5142552324673,19.5142552324673,19.5142552324673,19.5142552324673,19.5142552324673,19.5142552324673,19.5142552324673,19.5142552324673,19.5142552324673,19.5142552324673,19.5142552324673,19.5142552324673,19.5142552324673,19.5142552324673,19.5142552324673,19.5142552324673,19.5142552324673,19.5142552324673
22.6749729194784,22.6720199804034,22.6720199804034,22.6720199804034,22.6720199804034,22.6720199804034,22.6720199804034,22.6720199804034,22.6720199804034,22.6720199804034,22.6720199804033,22.6720199804033,22.6720199804034,22.6720199804033,22.6720199804033,22.6720199804034,22.6720199804033,22.6720199804034,22.6720199804034,22.6720199804034,22.6720199804033,22.6720199804034,22.6720199804034
23.8803731321575,23.8806481533051,23.8806481533051,23.8806481533051,23.8806481533051,23.8806481533051,23.8806481533051,23.8806481533051,23.8806481533051,23.8806481533051,23.8806481533051,23.8806481533051,23.8806481533051,23.8806481533051,23.8806481533051,23.8806481533051,23.8806481533051,23.8806481533051,23.8806481533051,23.8806481533051,23.8806481533051,23.8806481533051,23.8806481533051
10.6785581211302,10.6949300690834,10.6949300690834,10.6949300690834,10.6949300690834,10.6949300690834,10.6949300690834,10.6949300690834,10.6949300690834,10.6949300690834,10.6949300690834,10.6949300690834,10.6949300690834,10.6949300690834,10.6949300690834,10.6949300690834,10.6949300690834,10.6949300690834,10.6949300690834,10.6949300690834,10.6949300690834,10.6949300690834,10.6949300690834
22.9205111811499,22.9250717383475,22.9263920774032,22.9252685826335,22.9239499022816,22.9239368308075,22.9255869086386,22.9250666909285,22.9240697697232,22.9254212205233,22.9249462480085,22.9246341116433,22.9254468423576,22.9261744058899,22.9251140548465,22.926139863135,22.9263247623031,22.9252435369697,22.9264183550494,22.9266992368736,22.9255441269572,22.9233139803824,22.9223588702863
21.8421450795224,21.8478710118819,21.8478806728643,21.8478806728643,21.8478806728643,21.8478806728643,21.8478806728643,21.8478806728643,21.8478806728643,21.8478806728643,21.8478806728643,21.8478806728643,21.8478806728643,21.8478806728643,21.8478806728643,21.8478806728643,21.8478806728643,21.8478806728643,21.8478806728643,21.8478806728643,21.8478806728643,21.8478806728643,21.8478806728643
25.1343603309501,25.1281930587044,25.130363932546,25.1300550944214,25.1301031959081,25.1292431676214,25.1291472489489,25.1310269565919,25.1305669057763,25.129922498459,25.1300154732621,25.1287259947861,25.1305876737933,25.1294572311406,25.130146654519,25.1297096015032,25.1304467360317,25.130699444178,25.129173598634,25.1301584511085,25.1294007986133,25.1293849475988,25.1291730754379
16.2429458766863,16.3071258235198,16.3078072974368,16.3011304559596,16.2961957597907,16.2937446029474,16.2869118285307,16.2835396383704,16.2911925469935,16.2884031157147,16.2892079228478,16.2896407605118,16.2856457309906,16.2887878504647,16.2863926401059,16.2758556251895,16.2761440525296,16.2778898344368,16.2857732772812,16.2810751322022,16.2790560293841,16.277831764867,16.2689870566867
24.035742571698,24.0396437483578,24.0396437483577,24.0396437483578,24.0396437483578,24.0396437483578,24.0396437483577,24.0396437483577,24.0396437483578,24.0396437483577,24.0396437483578,24.0396437483577,24.0396437483577,24.0396437483577,24.0396437483578,24.0396437483578,24.0396437483578,24.0396437483578,24.0396437483578,24.0396437483577,24.0396437483577,24.0396437483577,24.0396437483577
22.184465901348,22.1965209998958,22.1965209998958,22.1965209998958,22.1965209998958,22.1965209998958,22.1965209998958,22.1965209998958,22.1965209998958,22.1965209998958,22.1965209998958,22.1965209998958,22.1965209998958,22.1965209998958,22.1965209998958,22.1965209998958,22.1965209998958,22.1965209998958,22.1965209998958,22.1965209998958,22.1965209998958,22.1965209998958,22.1965209998958
21.2187037222487,21.2689259503575,21.2689259503575,21.2689259503575,21.2689259503575,21.2689259503575,21.2689259503575,21.2689259503575,21.2689259503575,21.2689259503575,21.2689259503575,21.2689259503575,21.2689259503575,21.2689259503575,21.2689259503575,21.2689259503575,21.2689259503575,21.2689259503576,21.2689259503576,21.2689259503575,21.2689259503575,21.2689259503575,21.2689259503575
24.7672062495241,24.7667155429275,24.765931420219,24.7680300844929,24.76609813976,24.7637568972376,24.7699779889609,24.7655236858368,24.7687813222228,24.7666027682643,24.7652979428543,24.7698121666203,24.7667573129992,24.7682499904111,24.7712025501475,24.7699030446469,24.7714199621894,24.7701630489657,24.7713761298187,24.7672110285551,24.7713048528563,24.7693650794045,24.7711330555989
12.0669442401116,12.0693944394314,12.0693944394314,12.0693944394314,12.0693944394314,12.0693944394314,12.0693944394314,12.0693944394314,12.0693944394314,12.0693944394314,12.0693944394314,12.0693944394314,12.0693944394314,12.0693944394314,12.0693944394314,12.0693944394314,12.0693944394314,12.0693944394314,12.0693944394314,12.0693944394314,12.0693944394314,12.0693944394314,12.0693944394314
30.9672063129804,30.973717253106,30.973717253106,30.973717253106,30.973717253106,30.973717253106,30.9737172531061,30.973717253106,30.973717253106,30.973717253106,30.973717253106,30.973717253106,30.9737172531061,30.973717253106,30.973717253106,30.973717253106,30.973717253106,30.973717253106,30.973717253106,30.973717253106,30.973717253106,30.973717253106,30.973717253106
24.9909517199686,24.995287628124,24.995287628124,24.995287628124,24.995287628124,24.9952876281239,24.995287628124,24.995287628124,24.9952876281239,24.995287628124,24.995287628124,24.995287628124,24.995287628124,24.995287628124,24.995287628124,24.995287628124,24.9952876281239,24.9952876281239,24.995287628124,24.9952876281239,24.995287628124,24.9952876281239,24.995287628124
16.9672231875981,16.9760109739794,16.9760109739794,16.9760109739794,16.9760109739795,16.9760109739794,16.9760109739794,16.9760109739795,16.9760109739795,16.9760109739794,16.9760109739795,16.9760109739795,16.9760109739794,16.9760109739794,16.9760109739795,16.9760109739794,16.9760109739794,16.9760109739795,16.9760109739795,16.9760109739794,16.9760109739794,16.9760109739794,16.9760109739795
15.617406639074,15.63246812705,15.63246385678,15.63246385678,15.63246385678,15.63246385678,15.63246385678,15.63246385678,15.63246385678,15.63246385678,15.63246385678,15.63246385678,15.63246385678,15.63246385678,15.63246385678,15.63246385678,15.63246385678,15.63246385678,15.63246385678,15.63246385678,15.63246385678,15.63246385678,15.63246385678
17.4760965259727,17.5470003097838,17.5469983810291,17.5469983810291,17.546998381029,17.5469983810291,17.5469983810291,17.546998381029,17.5469983810291,17.546998381029,17.5469983810291,17.546998381029,17.546998381029,17.5469983810291,17.5469983810291,17.5469983810291,17.5469983810291,17.546998381029,17.546998381029,17.5469983810291,17.546998381029,17.546998381029,17.546998381029
25.9597710604336,25.9946911444882,25.9946911444882,25.9946911444882,25.9946911444882,25.9946911444882,25.9946911444882,25.9946911444882,25.9946911444882,25.9946911444882,25.9946911444882,25.9946911444883,25.9946911444882,25.9946911444882,25.9946911444882,25.9946911444882,25.9946911444883,25.9946911444882,25.9946911444882,25.9946911444882,25.9946911444882,25.9946911444882,25.9946911444882
19.2662491698358,19.2843587767809,19.297381577511,19.2924270784421,19.2942297446146,19.2992720236653,19.2931179510568,19.298731593901,19.2943322558172,19.2939822467546,19.2935930859013,19.2997502608505,19.2972472353034,19.2989256249705,19.2937819002309,19.3029524526834,19.297319493635,19.2959135248167,19.2997240622399,19.2996828679168,19.298937941659,19.2946691923672,19.2961624254985
16.4198537567464,16.4574171796146,16.4574171796146,16.4574171796146,16.4574171796146,16.4574171796146,16.4574171796146,16.4574171796146,16.4574171796146,16.4574171796146,16.4574171796146,16.4574171796146,16.4574171796146,16.4574171796146,16.4574171796146,16.4574171796146,16.4574171796146,16.4574171796146,16.4574171796146,16.4574171796146,16.4574171796146,16.4574171796146,16.4574171796146
28.8319744649476,28.8367629634656,28.8367251413617,28.8367251413617,28.8367251413617,28.8367251413617,28.8367251413617,28.8367251413617,28.8367251413617,28.8367251413617,28.8367251413617,28.8367251413617,28.8367251413617,28.8367251413617,28.8367251413617,28.8367251413617,28.8367251413617,28.8367251413617,28.8367251413617,28.8367251413617,28.8367251413617,28.8367251413617,28.8367251413617
14.5380763448352,14.545337648431,14.545337648431,14.545337648431,14.545337648431,14.545337648431,14.545337648431,14.545337648431,14.545337648431,14.545337648431,14.545337648431,14.545337648431,14.545337648431,14.545337648431,14.545337648431,14.545337648431,14.545337648431,14.545337648431,14.545337648431,14.545337648431,14.545337648431,14.545337648431,14.545337648431
17.5348824960104,17.5192546618501,17.5192546618501,17.5192546618501,17.5192546618501,17.5192546618501,17.5192546618501,17.5192546618501,17.5192546618501,17.5192546618501,17.5192546618501,17.5192546618501,17.5192546618501,17.5192546618501,17.5192546618501,17.5192546618501,17.5192546618501,17.5192546618501,17.5192546618501,17.5192546618501,17.5192546618501,17.5192546618501,17.5192546618501
23.3880831410274,23.3905439843767,23.3905545830349,23.3905399469437,23.3904344532319,23.3905921277002,23.3906860150401,23.3907006955475,23.3906637122955,23.3907310456583,23.3906720344281,23.3905543042992,23.3904685425805,23.3907429184877,23.390512108105,23.3905853675112,23.3901752672076,23.3908644085715,23.3905973293067,23.3906613091517,23.3905082580963,23.3908855223291,23.3907003035485
26.8215635351632,26.8250128308594,26.8250128308594,26.8250128308594,26.8250128308594,26.8250128308594,26.8250128308594,26.8250128308594,26.8250128308594,26.8250128308594,26.8250128308594,26.8250128308594,26.8250128308594,26.8250128308594,26.8250128308594,26.8250128308594,26.8250128308594,26.8250128308594,26.8250128308594,26.8250128308594,26.8250128308594,26.8250128308594,26.8250128308594
31.8737014070317,31.8905456710444,31.8906693200029,31.8906693200029,31.8906693200029,31.8906693200029,31.8906693200029,31.8906693200028,31.8906693200029,31.8906693200029,31.8906693200028,31.8906693200029,31.8906693200028,31.8906693200029,31.8906693200029,31.8906693200028,31.8906693200028,31.8906693200029,31.8906693200028,31.8906693200029,31.8906693200029,31.8906693200029,31.8906693200029
22.2121222708609,22.2156500341805,22.2156500341805,22.2156500341805,22.2156500341805,22.2156500341805,22.2156500341805,22.2156500341805,22.2156500341805,22.2156500341805,22.2156500341805,22.2156500341805,22.2156500341805,22.2156500341805,22.2156500341805,22.2156500341805,22.2156500341805,22.2156500341805,22.2156500341805,22.2156500341805,22.2156500341805,22.2156500341805,22.2156500341805
20.4487106390508,20.506611131734,20.4930188376383,20.4919961963977,20.4917199823066,20.4940620929095,20.4822373059355,20.4712035501266,20.4753289732831,20.4753542328332,20.476054680181,20.4716343666516,20.4678801094575,20.4566344657897,20.4567222836848,20.4695876608877,20.4579912539776,20.4618146906075,20.4609316249892,20.4619681884846,20.463199313666,20.459018594198,20.4612504950519
18.3097678165128,18.3160695386506,18.3167900113787,18.3164455029159,18.3172439531328,18.3154289798339,18.3155176114771,18.3155733802608,18.3152826095543,18.3164035839851,18.3141597951351,18.3145290020049,18.3106525968042,18.3099922990442,18.3096432778302,18.3082903014198,18.30951163528,18.3051759866628,18.3085073054916,18.3040695893054,18.3026870592441,18.3022846098001,18.3054078066671
23.510692153444,23.5155108820714,23.5109580976868,23.5102205372537,23.5010546331464,23.4947023118103,23.4902019620251,23.500940773795,23.4990775674881,23.4898134201356,23.4884981010548,23.4932638631643,23.4771428902816,23.4767760728788,23.4752833943121,23.476691401872,23.4771538409212,23.480002477248,23.4827313637523,23.4720436152653,23.4679407246252,23.4785136342058,23.4767149070203
8.81561496587174,8.83848368218966,8.83905463974304,8.83905463974305,8.83905463974304,8.83905463974305,8.83905463974306,8.83905463974305,8.83905463974305,8.83905463974305,8.83905463974303,8.83905463974306,8.83905463974305,8.83905463974305,8.83905463974305,8.83905463974304,8.83905463974303,8.83905463974306,8.83905463974304,8.83905463974305,8.83905463974304,8.83905463974303,8.83905463974305
26.6616289488787,26.6651721447505,26.6628075875992,26.6673166440926,26.6684202165617,26.6667645159121,26.6617706151509,26.6632959225924,26.6652854897572,26.6632663428534,26.6639017411962,26.6661078782931,26.6646219791324,26.6649229825838,26.6661109518545,26.6632159361282,26.6651829004554,26.6635228549985,26.6665091454738,26.666851602411,26.6660263697751,26.667220977609,26.6641073968911
27.8402032411597,27.8526993277908,27.8526833433958,27.8526833433958,27.8526833433958,27.8526833433958,27.8526833433958,27.8526833433958,27.8526833433958,27.8526833433958,27.8526833433958,27.8526833433958,27.8526833433958,27.8526833433958,27.8526833433958,27.8526833433958,27.8526833433958,27.8526833433958,27.8526833433958,27.8526833433958,27.8526833433958,27.8526833433958,27.8526833433958
22.5476592359353,22.5454113159223,22.5454113159223,22.5454113159223,22.5454113159223,22.5454113159223,22.5454113159223,22.5454113159223,22.5454113159223,22.5454113159223,22.5454113159223,22.5454113159223,22.5454113159223,22.5454113159223,22.5454113159223,22.5454113159223,22.5454113159223,22.5454113159223,22.5454113159223,22.5454113159223,22.5454113159223,22.5454113159223,22.5454113159223
20.0982166211345,20.102881724507,20.102881724507,20.102881724507,20.102881724507,20.102881724507,20.102881724507,20.102881724507,20.102881724507,20.102881724507,20.102881724507,20.102881724507,20.102881724507,20.102881724507,20.102881724507,20.102881724507,20.102881724507,20.102881724507,20.102881724507,20.102881724507,20.102881724507,20.102881724507,20.102881724507
20.3923679939949,20.424283111682,20.4264572668872,20.4279499569487,20.4293905190787,20.42452732494,20.4263404328892,20.4291303381994,20.4233400683641,20.4253064368793,20.4252761270405,20.4284360755385,20.4194736799101,20.4240288664264,20.4156750309945,20.4228110721092,20.4251258156081,20.4126337422647,20.4185179999255,20.4225024104761,20.4229484249013,20.4162295869061,20.4193672596047
23.8698848450924,23.8748285440298,23.8748285440298,23.8748285440298,23.8748285440298,23.8748285440298,23.8748285440298,23.8748285440298,23.8748285440298,23.8748285440299,23.8748285440298,23.8748285440298,23.8748285440299,23.8748285440298,23.8748285440298,23.8748285440299,23.8748285440299,23.8748285440298,23.8748285440298,23.8748285440298,23.8748285440298,23.8748285440298,23.8748285440298
23.1898662735891,23.1874527207945,23.1874720022904,23.1874720022904,23.1874720022904,23.1874720022904,23.1874720022904,23.1874720022904,23.1874720022904,23.1874720022904,23.1874720022904,23.1874720022904,23.1874720022904,23.1874720022904,23.1874720022904,23.1874720022904,23.1874720022904,23.1874720022904,23.1874720022904,23.1874720022904,23.1874720022904,23.1874720022904,23.1874720022904
19.133862421576,19.1596957817436,19.160341883881,19.1603568251082,19.160341883881,19.160341883881,19.1602939824939,19.160341883881,19.1603352589095,19.160341883881,19.1603457089888,19.1602863641983,19.160341883881,19.160341883881,19.160341883881,19.1603339833383,19.1603173737016,19.1602633054525,19.1603648149443,19.1603418838809,19.1604089912351,19.16015087124,19.1600959293187
19.0015369301448,19.006839230587,19.006839230587,19.0068392305871,19.0068392305871,19.0068392305871,19.0068392305871,19.0068392305871,19.0068392305871,19.0068392305871,19.0068392305871,19.0068392305871,19.0068392305871,19.0068392305871,19.0068392305871,19.0068392305871,19.0068392305871,19.0068392305871,19.0068392305871,19.0068392305871,19.0068392305871,19.0068392305871,19.0068392305871
17.2825409795066,17.2949661740745,17.2949661740745,17.2949661740745,17.2949661740745,17.2949661740745,17.2949661740745,17.2949661740745,17.2949661740745,17.2949661740745,17.2949661740745,17.2949661740745,17.2949661740745,17.2949661740745,17.2949661740745,17.2949661740745,17.2949661740745,17.2949661740745,17.2949661740745,17.2949661740745,17.2949661740745,17.2949661740745,17.2949661740745
23.2397381009405,23.245676032846,23.245676032846,23.245676032846,23.245676032846,23.245676032846,23.245676032846,23.245676032846,23.245676032846,23.245676032846,23.245676032846,23.245676032846,23.245676032846,23.245676032846,23.245676032846,23.245676032846,23.245676032846,23.245676032846,23.245676032846,23.245676032846,23.245676032846,23.245676032846,23.245676032846
21.0470814310619,21.0882357804243,21.0882456597506,21.0882456597505,21.0882456597505,21.0882456597506,21.0882456597505,21.0882456597506,21.0882456597505,21.0882456597505,21.0882456597506,21.0882456597505,21.0882456597506,21.0882456597505,21.0882456597505,21.0882456597505,21.0882456597506,21.0882456597505,21.0882456597505,21.0882456597505,21.0882456597505,21.0882456597505,21.0882456597505
23.6826669313451,23.6879509331458,23.6873005366519,23.6889004266611,23.6867402554751,23.6880946131362,23.6869486073215,23.686495219516,23.6860605542356,23.6858183201643,23.686520510506,23.6860978205135,23.6855806102305,23.6860167663647,23.6861963255436,23.6865990102425,23.6867602151158,23.6875060377757,23.6859684971914,23.6869128403874,23.6866029808159,23.6850547373778,23.6860819074561
29.6197785422831,29.6370901434791,29.6526333690741,29.6558475735912,29.6455795032862,29.6531656483748,29.6488966324605,29.653122788128,29.6534320296583,29.652114550412,29.6508152283959,29.6514352446573,29.6515122331101,29.655481890923,29.649989706126,29.6475496659158,29.650263270698,29.6557466041591,29.6490828080295,29.6516257627211,29.6525844195014,29.6498451668623,29.6507539909531
30.0675076382944,30.0823287272868,30.0822777692269,30.0822777692269,30.0822777692269,30.0822777692269,30.0822777692269,30.0822777692269,30.0822777692269,30.0822777692269,30.0822777692269,30.0822777692269,30.0822777692269,30.0822777692269,30.0822777692269,30.0822777692269,30.0822777692269,30.0822777692269,30.0822777692269,30.0822777692269,30.0822777692269,30.0822777692269,30.0822777692269
34.3098911968307,34.3078672956307,34.3078378852087,34.307835870627,34.307835870627,34.307835870627,34.307835870627,34.307835870627,34.3078358706271,34.307835870627,34.307835870627,34.307835870627,34.307835870627,34.307835870627,34.307835870627,34.3078358706271,34.307835870627,34.3078358706271,34.307835870627,34.307835870627,34.307835870627,34.307835870627,34.307835870627
23.9563030713578,23.9528562338034,23.9528562338034,23.9528562338035,23.9528562338034,23.9528562338034,23.9528562338034,23.9528562338035,23.9528562338034,23.9528562338034,23.9528562338034,23.9528562338034,23.9528562338035,23.9528562338035,23.9528562338034,23.9528562338034,23.9528562338035,23.9528562338035,23.9528562338035,23.9528562338034,23.9528562338034,23.9528562338035,23.9528562338034
28.9876952345872,28.9673135098375,28.9673452291501,28.9673452291501,28.9673452291501,28.9673452291501,28.9673452291501,28.9673452291501,28.9673452291502,28.9673452291501,28.9673452291501,28.9673452291501,28.9673452291502,28.9673452291501,28.9673452291501,28.9673452291502,28.9673452291501,28.9673452291501,28.9673452291501,28.9673452291502,28.9673452291502,28.9673452291501,28.9673452291502
23.449918935158,23.482032349942,23.4820710000083,23.4820710000082,23.4820710000083,23.4820710000083,23.4820710000083,23.4820710000082,23.4820710000082,23.4820710000082,23.4820710000082,23.4820710000082,23.4820710000082,23.4820710000082,23.4820710000083,23.4820710000083,23.4820710000082,23.4820710000082,23.4820710000082,23.4820710000082,23.4820710000082,23.4820710000083,23.4820710000082
27.8544313221857,27.8588717850628,27.8588717850628,27.8588717850628,27.8588717850628,27.8588717850628,27.8588717850628,27.8588717850628,27.8588717850628,27.8588717850628,27.8588717850628,27.8588717850628,27.8588717850628,27.8588717850628,27.8588717850628,27.8588717850628,27.8588717850628,27.8588717850628,27.8588717850628,27.8588717850628,27.8588717850628,27.8588717850628,27.8588717850628
23.0001992229988,23.0195273562727,23.0170683608402,23.0117592299805,23.0051224344148,23.0006820825484,23.0004513022303,22.9993964979587,23.0035788522059,23.0017932975411,22.9939397311579,22.996666612958,22.9987922043331,23.0035648619834,22.994097548088,22.9957515140697,22.9913745186845,22.993897776328,22.9901732925118,22.9934517770139,22.9962809981698,22.9967662476391,22.9898258787965
20.9665850266439,20.9691222900722,20.9691222900722,20.9691222900722,20.9691222900722,20.9691222900722,20.9691222900722,20.9691222900722,20.9691222900722,20.9691222900722,20.9691222900722,20.9691222900722,20.9691222900722,20.9691222900722,20.9691222900722,20.9691222900722,20.9691222900722,20.9691222900722,20.9691222900722,20.9691222900722,20.9691222900722,20.9691222900722,20.9691222900722
16.2817183436518,16.2915131784809,16.291132633862,16.2910861923815,16.2911133304306,16.2910861923815,16.2910861923815,16.2911848508935,16.2912049630544,16.2910868751228,16.2910861923815,16.2910815803736,16.2911529158529,16.2910894183116,16.2910474083044,16.2910027385142,16.291068764931,16.2911041865521,16.2909882874598,16.2910435225432,16.2910861923815,16.2910861923815,16.291213636984
24.8590483471541,24.8530972496151,24.8530972496151,24.8530972496151,24.8530972496151,24.8530972496151,24.8530972496151,24.8530972496151,24.8530972496151,24.8530972496151,24.8530972496151,24.8530972496151,24.8530972496151,24.8530972496151,24.8530972496151,24.8530972496151,24.8530972496151,24.8530972496151,24.8530972496151,24.8530972496151,24.8530972496151,24.8530972496151,24.8530972496151
27.7238839875797,27.7193698906572,27.7180388525981,27.7182560797757,27.7187997208441,27.7189127526481,27.7189216401024,27.7191004521922,27.7184221286495,27.7195032502558,27.7185010259024,27.7176811206231,27.7181287943682,27.7185650105985,27.7190554161907,27.7192162262504,27.7189397854565,27.7192299384008,27.7195677271922,27.7184886783029,27.7189044335492,27.7194623487974,27.718996531674
33.3351450136232,33.3506826477824,33.3489848490696,33.3497181103699,33.346348758962,33.3447684189372,33.3448730412326,33.3436738125891,33.3492665650057,33.3415199636381,33.3446771360105,33.3463240583027,33.352381773937,33.3494116439904,33.339972474234,33.3436230404499,33.3457220336089,33.3425983055427,33.3403589385204,33.3423857884701,33.3408219809682,33.3423203862571,33.341349061002
27.8697050292889,27.8689455543436,27.8697741319992,27.8700400498552,27.8708851776511,27.869296084918,27.8701683546241,27.8705558500404,27.8696929536557,27.8694434507124,27.870397409184,27.8700828332446,27.8709970031814,27.8691379813469,27.8698030232579,27.8698593890104,27.8705837023853,27.8711552044782,27.8713335724263,27.869328252519,27.8707402150162,27.8704076982904,27.8712536757406
17.9295258122517,17.9010018352088,17.9010018352089,17.9010018352089,17.9010018352089,17.9010018352089,17.9010018352089,17.9010018352089,17.9010018352088,17.9010018352089,17.9010018352089,17.9010018352088,17.9010018352089,17.9010018352089,17.9010018352089,17.9010018352088,17.9010018352089,17.9010018352089,17.9010018352089,17.9010018352088,17.9010018352088,17.9010018352089,17.9010018352088
17.5919424734674,17.5984202016729,17.5984202016729,17.5984202016729,17.5984202016729,17.5984202016729,17.5984202016729,17.5984202016729,17.5984202016729,17.5984202016729,17.5984202016729,17.5984202016729,17.5984202016729,17.5984202016729,17.5984202016729,17.598420201673,17.5984202016729,17.5984202016729,17.5984202016729,17.5984202016729,17.5984202016729,17.5984202016729,17.5984202016729
24.7895451475266,24.7947126073565,24.7947126073565,24.7947126073565,24.7947126073565,24.7947126073565,24.7947126073565,24.7947126073565,24.7947126073565,24.7947126073565,24.7947126073565,24.7947126073565,24.7947126073565,24.7947126073565,24.7947126073565,24.7947126073565,24.7947126073565,24.7947126073565,24.7947126073565,24.7947126073565,24.7947126073565,24.7947126073565,24.7947126073565
19.5586289029921,19.5602575046882,19.5602575046882,19.5602575046882,19.5602575046882,19.5602575046882,19.5602575046882,19.5602575046882,19.5602575046882,19.5602575046882,19.5602575046882,19.5602575046882,19.5602575046882,19.5602575046882,19.5602575046882,19.5602575046882,19.5602575046882,19.5602575046882,19.5602575046882,19.5602575046882,19.5602575046882,19.5602575046882,19.5602575046882
31.1601306485217,31.173640295884,31.173640295884,31.173640295884,31.173640295884,31.173640295884,31.173640295884,31.173640295884,31.173640295884,31.173640295884,31.173640295884,31.173640295884,31.173640295884,31.173640295884,31.173640295884,31.173640295884,31.1736402958841,31.173640295884,31.173640295884,31.173640295884,31.173640295884,31.173640295884,31.173640295884
25.8168745585723,25.8246334902741,25.8246175765052,25.8246175765052,25.8246175765052,25.8246175765052,25.8246175765052,25.8246175765052,25.8246175765052,25.8246175765052,25.8246175765052,25.8246175765052,25.8246175765052,25.8246175765052,25.8246175765052,25.8246175765052,25.8246175765052,25.8246175765052,25.8246175765052,25.8246175765052,25.8246175765052,25.8246175765052,25.8246175765052
19.4065398786069,19.4059183595165,19.4059183595165,19.4059183595165,19.4059183595165,19.4059183595165,19.4059183595165,19.4059183595165,19.4059183595165,19.4059183595165,19.4059183595165,19.4059183595165,19.4059183595165,19.4059183595165,19.4059183595165,19.4059183595165,19.4059183595165,19.4059183595164,19.4059183595165,19.4059183595165,19.4059183595165,19.4059183595165,19.4059183595165
29.8405751887868,29.8476653395273,29.8476660667118,29.8476660667119,29.8476660667119,29.8476660667119,29.8476660667118,29.8476660667119,29.8476660667118,29.8476660667118,29.8476660667119,29.8476660667119,29.8476660667119,29.8476660667119,29.8476660667119,29.8476660667118,29.8476660667119,29.8476660667119,29.8476660667119,29.8476660667119,29.8476660667118,29.8476660667119,29.8476660667118
23.6041076682849,23.6066497234539,23.6066497234539,23.6066497234539,23.6066497234539,23.6066497234539,23.6066497234539,23.6066497234539,23.6066497234539,23.6066497234539,23.6066497234539,23.6066497234539,23.6066497234539,23.6066497234539,23.6066497234539,23.6066497234539,23.6066497234539,23.6066497234539,23.6066497234539,23.6066497234539,23.6066497234539,23.6066497234539,23.6066497234539
18.0805088240886,18.1097683399928,18.1081822315768,18.1087360670469,18.1076771936609,18.106553493538,18.1050531634738,18.1046628218073,18.1065543518457,18.1068919813682,18.1052548268877,18.1060488356546,18.1056662187636,18.1013357607931,18.1066151481033,18.1034491299857,18.1019043073336,18.1068953165621,18.1032663448342,18.1072595772806,18.1037871583918,18.1025109082179,18.1050885362442
17.4352242257296,17.451929271751,17.4522730457998,17.4522730457998,17.4522730457998,17.4522730457998,17.4522730457998,17.4522730457998,17.4522730457998,17.4522730457998,17.4522730457998,17.4522730457998,17.4522730457998,17.4522730457998,17.4522730457998,17.4522730457998,17.4522730457998,17.4522730457998,17.4522730457998,17.4522730457998,17.4522730457998,17.4522730457998,17.4522730457998
