"V1","V2","V3","V4","V5","V6","V7","V8","V9","V10","V11","V12","V13","V14","V15","V16","V17","V18","V19","V20","V21","V22","V23"
325.678044874888,327.694229210171,324.812380572142,325.482041619188,323.309515819658,326.424104182785,323.242838475913,320.194807848114,322.104574968152,319.379605803781,314.579081621103,312.425177230772,313.129202119239,313.101670689296,312.374441502748,312.081783184299,311.76654863112,310.513764786007,311.130716670723,312.1421873605,311.990142865085,311.128161509216,312.403985285336
302.10195424384,305.452949415638,313.227605396152,303.868318644849,308.362192132202,309.652220092776,309.823607590284,310.857381361907,309.092027133323,311.985488722569,309.845278662336,308.065072870013,306.692779203077,308.375449903029,306.077641617745,305.864319551565,307.000820670199,308.053177898267,307.383999893529,307.342624755009,305.66851365457,307.799193365237,305.290057119703
190.095621424622,184.236719738338,192.716962239124,185.395290891024,187.941649917595,189.126478632614,189.682679611415,192.91839204153,190.634095487277,190.310279208899,191.639784773422,188.860223443452,189.816104525922,191.311416422321,191.254130954641,192.934433877646,191.424787336916,190.409298099972,191.825055423489,191.8977836283,190.093997110907,191.606450578681,191.701350202077
217.774098577967,215.44416630794,216.563034043857,222.19741249861,215.725533952592,214.019344447669,210.210112940244,221.880342435149,214.491401547943,218.87723244414,221.338871935984,219.021454448017,221.233792583058,219.272998331038,219.724854127726,219.817133830907,218.98000350587,219.368233209352,220.620261044984,219.871374545842,219.859463732596,220.323410556005,220.234333369932
180.176326020856,177.54899290435,170.195413596505,161.729294958471,162.089202261994,172.387267172951,174.332785969109,171.636615639275,168.269273126083,174.129584726288,175.967976732687,175.123773361904,171.398598293338,176.324728261303,176.938796274077,176.209123641233,175.007407390867,175.669688436941,175.168977097785,177.581530586797,175.253447545002,176.02351438683,175.07245312556
155.249752659234,158.618710546448,162.557352788537,162.23550772056,155.050162088919,156.736604334816,151.265853103033,148.77332436622,157.122554132013,154.256452594561,155.198190090407,158.824010604632,160.409546438124,159.689683762903,158.120305507473,157.951146881806,157.758539592189,157.016784938264,158.905532472764,157.827009656951,158.656258263092,158.079824367715,158.261250593407
290.174030507745,265.120749258217,268.300240516795,263.675929815402,270.131764162432,268.146043197199,265.173293150201,266.788727122714,264.959503715475,268.11725063276,255.849023331853,266.520732700711,260.443154866646,266.898725730703,272.730100979848,267.457241428085,268.28750324981,269.947079139855,270.106132360739,267.40399094614,270.264037514422,267.04395135048,270.466640218447
329.152539746176,328.312133339583,331.50008677684,331.440307137261,334.173798433799,329.435028418398,327.335144708949,330.349260527855,328.667190785995,332.136102041838,321.043570383325,325.791788186252,331.556624138773,332.056584984763,332.770927548775,331.736635740943,330.823012064571,331.6265668125,333.309813584079,331.620489989146,333.092244774232,331.616414874067,332.465164592209
137.497323477543,124.571891266229,128.291284887734,124.246057076974,129.164440985891,127.345659623191,125.775832439006,127.85020526279,124.974724336644,123.6255498329,128.459502122076,124.577593759709,127.436475839902,128.155918695699,129.142250200067,128.531584463433,129.059410932123,130.1903798018,128.2942268504,129.120290125589,130.328778877519,129.373008604306,129.587229035614
205.255209626068,209.521464293298,210.140121753454,212.150460019943,204.012309499939,206.59904919538,211.315346793261,207.347860543185,198.956162566278,214.754396197626,209.867889937289,207.026022741013,201.513610244173,198.43917741737,196.701676866864,195.996490796022,195.225677195024,194.49152224677,194.42110719164,194.948288022108,192.380275904728,191.923581386347,194.631433270382
136.189438417729,142.235552597686,136.344219178579,137.319968284643,134.45508010085,133.52173551572,129.944992508682,132.924967790053,133.528533946265,133.759814553324,131.491285639433,132.832760904732,137.795574086749,135.411102849249,136.091726310849,135.692848697012,135.334278204716,136.315170876789,135.616297022947,135.350061081424,134.15188181025,134.779392180981,135.693907380786
173.945755421492,183.044988808148,182.674701627726,179.150871793403,175.8653795468,178.204094318654,178.916974934177,171.780378651385,177.6442985592,176.267021184936,175.554228515686,176.558323506952,174.468405501073,177.44628355968,176.981350154242,176.107033636719,176.392477347726,176.529456410793,177.108344282297,175.742360607639,176.271393290073,176.834396373301,175.76099541847
188.435740920941,175.327937361015,177.785973313218,199.40452637687,177.493415138542,178.801669958177,174.23446392002,207.884627150047,210.785562029738,194.906864015298,210.64505596499,206.680718349828,204.424577246794,198.280058282406,201.024964726038,198.64676100183,202.555048533826,200.089987732988,199.239930543732,198.898368342084,199.967036731861,202.354019134753,202.918986812686
390.566892161521,393.408705885982,389.894706598842,387.513710552838,392.389080016763,389.695158472221,390.504224093491,391.542179072824,387.518439150059,390.03836726532,388.222049954082,389.431472413534,391.311837797487,392.524377798801,391.066418930023,390.613793561156,391.339704630707,390.158120650893,390.316128190065,390.435336540112,391.959385768266,393.186896318853,389.876704750248
155.313442370564,150.469695452839,147.481774775155,148.595516136256,147.397386470822,155.276738295773,146.996679861774,152.900549659611,146.381245367006,145.155003232177,154.786739103162,150.931696495075,162.561872479403,163.91626759597,162.630042737588,160.980486802809,163.617065106364,162.974777846951,160.669690084009,162.021138241154,161.86196473672,163.142951240979,161.329035357425
154.805850110906,153.647656022878,156.600128399724,153.797877548325,148.826600507273,153.539806676354,151.667704784089,152.236245814663,152.747813775453,151.832972148698,148.477825391912,155.947255176383,148.094794299231,149.355623257136,148.202043315656,148.054759736414,148.820606168781,147.3850777631,148.696027102186,148.9915307346,146.569488516973,148.277061761092,147.664528917324
179.527177022067,181.508068988126,185.939378983766,187.337900257191,183.241943607542,183.428081119015,191.252036394108,184.481747599496,185.871704274696,185.839893142719,181.21890063364,187.817121162875,184.638551957913,186.147580995944,184.133723133433,186.677236991865,186.05802843608,185.489948948454,184.744973368194,187.206853518825,185.444617544939,188.367996890389,187.652017159708
221.453558085509,220.7289823573,216.65799196597,219.36403088111,215.008864439446,213.825329110576,215.171057073789,218.210642321558,213.646936106194,219.171529538356,220.385768802192,219.632917886623,221.315559089033,220.347752635322,221.653852843973,221.050726197064,224.1416281688,220.626745491846,221.574372752539,220.194948968375,220.811746125399,221.943115476257,222.279416380928
183.596086325806,170.342737160395,174.099878194709,171.975008189751,166.265465160463,162.989406873114,162.628721045227,168.621602020423,170.137759962005,164.250562580163,162.409040796331,156.803395534689,164.792493689083,169.319242315088,168.539337137811,169.024648111962,168.568842898512,169.735156808741,170.943324392825,170.17585371594,170.267158634556,168.910209640517,167.934030197596
130.979825757661,136.613583867595,127.372370763857,127.807147341585,122.173249429672,123.358791460322,125.092697046691,124.482185808763,120.549372538813,138.812096438678,140.411363100504,136.569445750288,138.691367449724,138.595423942521,138.29666359395,138.554475315457,138.146450499509,140.591467505404,140.230312031713,137.218910692846,140.955177149841,139.979610250863,138.430096635445
224.408161914584,221.521198081451,215.860598867387,227.840426635718,222.081453055066,223.197625087913,218.291176539919,223.471890427,211.05137567016,223.146903932342,206.528835171028,210.899665287676,210.176869126661,208.524928757845,214.427090246425,212.782024710822,212.555439568834,211.985295726793,216.402648484262,214.424492567487,213.635685504279,211.516697323734,214.455139179169
154.768801938101,150.978216247001,142.205045879916,147.274721568397,145.025826191267,141.173121082672,145.348445926919,154.511992724534,146.798441254263,156.12020166946,150.806459519524,151.007381193915,158.011149115559,156.276760599813,158.098748478702,156.98285622084,157.380460779558,160.021060199487,159.090810445579,159.377533637634,158.828193221855,159.239519973825,161.795930888877
153.808011949831,156.661733298873,158.264513884712,154.093488135607,153.69590661424,149.231216693215,154.427270992459,153.964052206445,149.583180045786,151.742187460317,150.635226284064,150.218178430659,155.479008155293,153.658838486018,155.189768985499,155.14221081355,154.642545246557,153.796057310688,154.138647479313,153.010158658895,152.928200375676,152.730777853667,154.334876968778
177.674127266822,184.335231222211,176.672159342773,179.097487857421,169.629589107963,177.085324357301,168.1400911014,174.873865844573,176.251667006832,176.243841906109,180.040262820808,173.304245609085,175.330368060461,174.626953593103,170.325197241293,171.812805380618,173.195697673554,172.238822216321,171.263112891862,171.853206384499,172.298711556953,171.232713330239,169.85619538986
208.046938009294,207.195198978107,211.084470447907,207.748245638798,206.629135101041,205.373293235252,209.536551574802,209.355577993765,208.623409320969,210.918928270414,214.391437011799,210.073630255727,214.772439011863,215.302843504711,216.26862398881,215.582113075539,214.037936513517,215.427884343665,216.391274762197,214.5684953433,215.036513960872,215.14945291211,215.593101393943
264.840239362766,267.324311060931,268.019783958274,272.477532760345,266.866113974098,270.362401002576,265.077967203435,267.761245905323,271.005286448381,271.597661379893,276.041798893982,272.433365241064,274.422310106026,273.932738855134,275.237756192282,274.65676601768,275.223183768059,276.363455315815,274.845754056516,274.843591808178,276.00636797894,275.736951469129,276.976471447853
168.962154182187,179.241265118221,162.836265505844,168.743193450877,167.750523529681,166.726883228435,164.889020845422,168.362193826648,167.046532998805,160.8421887782,157.596428076105,169.670946027984,164.777863664763,163.02215339233,164.734682014429,163.123092903546,164.350805328137,163.640474082984,162.026912332351,162.974774051365,162.820582466806,165.492155940637,162.992052334143
215.214873733705,224.697673251518,230.761886798744,218.442043516123,200.353822566975,219.833916845723,208.993308657819,213.820370896422,208.692222558245,208.96733692869,215.812672062312,214.189446637537,210.61980641665,207.840806368717,208.426340014112,208.478493641671,208.32078738952,208.117786197237,208.13355160914,210.987357473408,207.819501291632,207.209903555475,207.708169116993
275.579013456546,264.661364739877,280.957646513473,272.256759131708,277.858309270246,275.788290970683,273.127824489878,276.784211487979,272.595333375246,273.194926485238,274.195383966477,275.411018930933,274.854454770744,272.740464704652,273.949985144526,272.847717335937,274.151130911103,270.953879534428,271.704000810139,272.34244832449,273.805422896849,271.081562870614,269.329154760991
240.588973154336,232.172600586046,227.23104290517,231.049409705937,233.684264750211,231.165343489011,223.463050494082,231.593620248726,227.393939165322,226.575661363481,226.346598425616,230.76781489119,230.979029634044,237.267792701193,235.173335021777,234.399744032581,235.092226170794,233.991499711765,235.946385503146,236.328866371647,236.295515657079,236.664381869078,236.010203039478
247.856279298659,251.54826556386,247.749136599295,242.439724631541,241.494456632612,235.605520460307,232.325331157994,235.726371039077,234.185299193366,237.935941222227,239.707222152491,240.324792257543,239.066402952694,241.541080775756,240.251066193177,237.198288268331,239.772564947801,241.046527185287,238.984853568974,241.934343937764,239.159005476857,240.779924060533,239.350106482556
115.373831300294,116.814675524326,110.941121868554,115.537622831906,117.18009560033,123.522052187346,121.958037259315,119.577376792698,124.297282045647,123.497636013163,125.818126356086,121.494072773389,125.879050400231,126.854707605075,127.887864101056,126.663050766026,126.364700574895,126.101448282666,127.171744416204,126.443356964269,126.984356123082,126.275217409245,126.226855450358
217.376802325297,218.222957028792,215.227570087659,221.107869004933,216.586550647104,214.826165939271,207.384700119021,210.486677671301,207.358520610743,211.095347672399,211.491256805915,219.500464970329,215.024256118471,211.891764951193,212.464886579092,214.232328466442,211.449695573058,215.130721500754,213.538611710672,215.180922177342,212.72964113769,213.688301548824,210.717785193697
168.760731645584,165.131542235532,162.869670973131,169.287723419599,173.754207975929,174.16543525205,172.54123128226,171.064720962721,169.031245516381,169.286219033542,166.434910093652,167.503926788826,167.936690007731,169.6403316179,168.253145987052,170.795520697416,168.401018547809,170.074073885949,169.109503536247,169.674827977221,168.873448291597,168.79018273563,169.029955509145
492.455210424548,495.871451151646,500.799084634088,494.610153828844,503.178004953215,492.065802757295,492.838813430564,495.250412571961,495.732594774838,500.669788130893,496.404416650983,506.538887983427,498.620728919667,496.427743660568,498.124879561166,496.900060908877,500.54784793784,498.550135408822,498.220108164245,499.596379857641,499.049018894995,494.833046079648,498.806468857605
77.9392851059716,79.3174384035642,74.9225485417724,75.3126510215476,78.2990134085479,81.5883757280229,87.9950770746261,82.4600281756129,83.2893761939958,88.3515910279721,86.1473398279079,89.1634821363248,89.3766313791979,90.856877135177,91.1121801196635,90.5642674677233,91.1303570768172,90.673798263581,91.3570349928248,91.8886409408063,90.7454992965607,90.4801653751778,91.6036836353815
165.63760880164,162.2307321979,155.599372687389,155.519867266135,152.641332717956,145.270453260731,147.131916193455,150.783704596089,142.6090704266,146.172128326269,140.950986328909,142.022427255352,148.57679871697,146.670882616626,147.572567899393,148.00439498939,146.654656435046,148.422776168098,147.284102328718,147.67416238502,148.582311048939,147.352411004818,148.587267222431
222.092972017341,200.500512858064,195.91691078195,201.314226229252,203.341043414874,208.115696336478,203.065737594527,202.591580395455,212.35227783944,216.298153512333,215.740907814253,222.804320973341,222.221509527871,231.981962441324,230.539994200516,229.074836200791,229.456323935264,227.476823602377,231.288266813934,232.227346739339,229.666160655144,230.00191470023,229.756129446024
201.50444644864,205.559734774242,200.570465642518,204.879705614576,206.353623122118,204.140744299038,210.998995144693,223.16261618148,217.356985728792,222.338193499238,215.031726340433,211.096195209533,218.789211722373,218.768821659356,219.616132231669,218.017827047346,220.405890162633,221.301135488254,218.420915735824,220.948688219683,220.106097706503,219.264634673759,221.632104258698
293.395325510304,294.576713915884,292.515383099826,295.749252846263,289.638067768182,292.163659169358,287.545819221987,286.983467314388,289.304728098366,285.987690374895,287.425822464905,286.001518652541,284.67055313792,289.155636893006,289.446515690945,290.105459489688,287.859425557378,286.528680218801,286.935928942858,288.224213627994,288.547180900421,288.164046810518,287.488802528375
338.933720477905,337.117004299381,339.997165407278,335.259431391534,330.49898387733,332.448895477435,330.642493472464,331.696073070823,328.652220728418,334.692086293716,329.880968447428,337.172884764644,335.643854086526,339.113970707994,340.081457241329,338.91358224424,338.861726922255,338.324331591937,340.921630705008,340.682397757782,341.045864500014,339.268743487362,340.095672207229
199.08620805541,199.176344588694,201.531418753921,177.155028455059,175.102941279806,176.054061603522,181.301908965641,179.601011330232,180.775648875708,180.343375474397,182.518554361081,180.906697659411,180.041029796115,186.12409259511,186.614510982031,186.759524910449,187.567627977142,186.089027924435,186.792570283966,185.123109578987,186.669385130277,187.151812055946,187.312149366353
137.070034056847,131.843196593878,138.231393658027,136.259981234362,134.261721248059,136.259965485662,130.617517516423,130.280552489913,133.452748212652,129.580098941074,127.421733018721,128.809500395825,129.55152929778,130.365498055371,129.252434967473,129.426769114744,129.54744239071,130.167674409488,129.589045180236,129.318155797486,128.638124409766,128.83968823487,128.477678253148
238.237862581694,226.027596202519,232.363667807328,232.337658222007,234.593618137988,226.024541701619,217.959153746916,226.639814444274,232.170067531506,222.22402001261,217.69950224223,229.650919441786,224.426268565571,236.030831884392,237.218532990196,232.023174602359,232.449341208118,230.361049865226,233.320574937093,230.010501738342,232.64573389811,230.380033470321,231.337360948102
298.654685992166,287.843674581354,291.102919953172,292.566667728494,294.09511068241,285.251229307145,289.907507474002,288.417889221284,292.790102159461,290.272911559516,290.637544926123,292.110218165006,289.35403422061,290.0031285489,288.738949092241,290.865767737802,288.283776941704,291.282677667869,290.511399193926,290.756606536348,288.571445253616,290.051267957006,289.712664303753
159.908123189521,154.917481885131,146.713001370033,155.071943710765,145.4000401092,150.689915384965,155.722056974651,147.236406230118,147.246266814151,149.751427914531,154.286241451295,154.328156890039,149.178323804451,151.560482103379,151.222983746546,150.220795735598,149.72400378736,148.948413145339,149.632351680724,149.816409423053,148.892672248972,150.794656555376,150.108241517281
189.664951716517,194.149785132786,192.44963567435,181.974838679619,185.181898084925,184.45233874906,199.227431324154,192.308026960239,188.139790398267,200.970394545962,200.109887561762,207.634634082634,204.063847510349,205.123188702191,203.800402418007,205.702839339594,207.044059930187,203.642534595121,205.43006934251,205.978488269531,205.670578445539,203.353585026658,204.467944959197
301.757467932192,299.116424185597,303.941383688388,304.090064272474,306.658467423629,307.283138774498,306.152839764845,310.297434429503,307.905642321668,306.263480428585,308.731072945369,303.611833711175,303.119798033386,302.786110971847,302.446732343628,304.081604204496,303.074063370977,303.416794502296,303.212524996661,304.546146391762,302.387144831889,303.896055908826,303.239105977953
200.703905620358,204.028718393842,200.850799370046,191.537897284168,188.727816693877,189.58947102768,181.311456520989,186.859497828971,184.956041242339,186.465459170967,184.675302917065,187.817893624594,194.836422685758,194.087778361459,194.00192698161,192.69809724614,194.42292750584,193.678705281944,193.77879695358,194.003951338614,193.724141244309,193.852616294305,194.385470438911
133.560496975212,125.312734482769,128.077961118734,123.930092064167,123.959813130097,129.674248424999,125.987004172531,130.14346022625,124.296933117699,131.546982624058,127.62393990203,128.525596823375,136.10436798509,135.787292256022,136.663420959433,135.875844988541,136.008971025412,137.554545795943,136.439376887253,135.815977990004,135.996909909566,136.606880179491,136.869441409736
304.740680593031,302.178707339243,301.259431559867,296.200832945614,304.047475647186,299.519815948132,305.627934584192,302.982443463002,310.435578259184,308.332212000815,305.193247558406,306.762632082997,300.125964349521,305.531014888008,304.62310190336,305.175443407943,304.637563854607,305.395246835409,304.873746110445,304.604252580148,305.801808209281,302.982083952364,303.138925973277
215.646722842573,226.649487071816,228.234660517321,227.398753902255,235.196472138691,230.522454975786,231.244954025576,225.736741194392,228.080187542837,229.859514061565,227.476579122297,227.884473871696,223.203651868693,230.363761065278,227.867700904975,227.119390642614,228.642756084437,226.606224306759,228.215513161645,229.09039550524,227.041705461319,226.250947643056,226.375656446985
196.243835104087,197.848654461318,194.856224759227,185.260870880271,188.280773231914,190.584066643385,189.023667717628,187.90245830837,183.778053846371,187.75134127941,187.17274318669,185.166635887249,189.604712895954,187.091448314861,189.046018119447,188.130883057141,189.392028867191,188.950789076112,190.179447757697,187.884687634661,188.497867239949,188.641962435807,189.606175432807
146.320261717218,144.757106622152,142.263982145549,152.512111648548,149.682568647604,154.032633735064,146.001415066685,157.911162158321,165.646864743803,164.871673439666,167.025463629294,171.56157849259,186.930531207321,186.658099821619,187.756769805583,188.450426706361,189.192075373944,188.727741479706,187.16149016539,188.024577454022,190.64085971048,190.330267665521,191.233758360302
362.61622298522,365.349686683648,356.553478018809,364.102207044641,354.083922198737,358.500751448512,349.244771948198,357.481692655543,354.744627211218,352.658814016966,350.04776964761,352.00729290178,350.746741492762,353.69686610436,350.297876668306,353.214729697749,352.877706605386,352.426243350283,352.3428144458,353.433501841203,353.538937770439,350.760576039442,352.035670618822
166.270030997687,171.879191370247,170.157871960166,175.147792058534,172.467128359227,172.003358752588,175.923898952062,180.003813852654,179.06969953518,176.00498815395,185.941463488364,178.378621565648,192.261998243237,190.388146387839,191.574428476401,192.583291046898,193.15983255359,193.121217900774,193.341568463124,192.512156605022,193.346568817743,194.429225536901,194.667513008745
220.660781199102,223.882132283531,218.341236053514,218.367946625211,218.467626290963,214.337531833973,210.609222593257,211.120829138321,212.475365435735,212.442035209658,214.40989797431,211.226178493609,209.77297175447,212.197047601929,207.139295133117,211.70464916308,212.575901689108,209.905358512825,212.027639931661,209.945832130534,209.761168565836,213.144131514021,210.176348438265
275.18818981305,280.099062362821,281.622462738691,281.545981293253,272.496562137448,275.956794978779,283.150953233816,280.11822099702,277.731314966471,281.811653902819,283.503480438407,278.797369303653,286.575885384478,291.644160992749,288.500731544576,287.430034317788,286.525235715287,288.761766132397,287.777857285395,288.067838562111,290.437370758265,288.970549496933,291.023904663042
83.6821129087917,83.4914225908012,87.9241988246548,82.1748931130284,86.2922226971564,85.7332407776055,85.1971256922794,83.5929115309966,83.4479135651778,85.7081254701745,86.4282064137336,80.9870643287172,84.1376852081641,88.9621256123733,87.3414630567708,87.7084734156599,87.9193931765331,87.9924378171305,88.1268085608455,88.2789959519995,88.6229047054958,87.0679728276611,88.2204367094977
94.9828360677248,92.367583118301,93.0315488117356,96.4693802511759,95.5509779699215,99.0502945145342,97.6223245700799,96.6381590583969,98.5417839454895,93.4112782607514,98.9394581868867,95.9712430624595,106.887568809358,107.75410701514,108.061810233553,107.927681399715,108.893878813227,109.764696079501,110.477153182009,110.068405918516,110.452611639765,108.49643931459,108.766845418718
363.73418893712,362.504863795316,358.409423643311,354.046929650163,359.102799295037,361.016070282999,361.099367989796,361.701072277428,364.687791275134,366.144653318053,372.209210727824,376.167219680651,399.247038553981,399.300283368702,402.195514219945,402.072245031223,400.993286157869,401.576103472277,402.060736343305,402.02806754598,403.518129875745,404.720373046791,403.522592222284
101.673537106321,98.523032812502,100.256625089594,88.3301712564037,89.9399344837016,83.761041818107,83.6199410171727,93.0921790150763,92.6197400592905,89.2807824760536,90.2876503331351,85.7256251194464,87.353414051519,88.256697857695,87.7362629942423,87.4815886712506,88.4710983127288,87.331753708847,89.1252559050091,88.174348378012,87.9157911562882,88.7793328050722,87.7585723436158
179.008168351183,176.191011248181,165.303434261849,171.412332571091,174.056371014128,171.451095508194,175.421951158371,169.016801574018,179.956735897124,180.015291799918,179.076097150536,180.035792962588,181.36732256568,182.715736049769,181.852777739616,181.901514857282,180.733938106888,182.880617684379,178.987387776191,179.920642904261,180.872518375602,180.928227803598,180.941850619583
131.561769558728,131.770365134069,135.586540946851,135.359443292704,131.015315529703,131.961910932341,133.538833588288,133.043671281673,132.226322934842,133.732985227958,135.958776660693,136.639559900411,145.135602284494,143.813177017858,143.974058465544,145.283982808542,144.537469504231,144.390684502806,145.639009659226,145.26643598817,146.251119535724,143.903477237866,146.302116329303
180.215272935729,177.465789694148,175.448089945517,185.364868609869,177.731220673784,172.041413385806,174.489778681084,164.719246203408,170.100258038517,163.717359047014,165.706449280505,159.846708138168,159.032291756701,166.154547373172,168.052383357871,165.114457953873,166.568101511229,164.932137804538,166.436281588004,164.216689927389,166.720559574418,163.40576353117,163.800684483883
347.718890673246,351.725996567915,355.041570780607,347.920982002915,356.700923209929,352.552604248631,348.638727521271,345.940039081269,348.643671032739,350.610744309434,340.731616250367,343.30476181975,342.499103507768,339.832832597726,337.155120713962,338.676775372127,337.033881220864,337.521917857862,336.619196759939,337.976909413265,336.70990523384,337.264821030151,336.206838104301
251.146711260242,262.927101103278,265.705403471532,271.146955182313,259.760155840871,238.353497295099,254.122312392637,229.902287668696,247.054661879956,251.695984154412,248.891683567774,251.4410490269,261.149395929148,252.937732186234,253.470466687101,258.983281550833,254.908703365814,252.908894407657,254.751237154544,256.921982720357,257.697047692365,254.14622622223,255.050269404986
252.298696116928,251.939354676377,246.5630120312,255.960611406968,250.997361893017,242.051720052695,248.875172742838,241.221494402895,243.854352603049,241.754997213498,245.32671374016,247.362207651387,247.413167078733,252.976125551046,250.015473001185,247.84506208667,247.597182740248,248.750666032947,249.434855859082,249.604721337321,249.304989858961,248.486315692943,248.746200971071
152.563472241138,144.032847060529,144.720921263239,144.928904828129,151.331968827895,148.610545433648,160.607094743119,144.519863975902,151.098196407973,149.228155762659,150.508702773928,161.234202727342,164.893356035916,163.144313783364,162.702869104,162.965894417383,162.446763492656,162.500808053121,163.487391009972,162.567609344804,163.629214339233,163.331761724962,163.917155721421
160.704953451735,160.161356447132,160.720876525449,154.346826103036,150.289082426023,154.244893329414,153.573498375478,152.406240548801,155.121464791089,155.340351363991,154.718862246288,152.192022187426,158.575363632962,159.850645193915,160.2839772786,159.772476089224,160.169334841433,160.448483489787,158.327418069591,159.446524552096,159.428514605593,160.029326959725,159.585179420951
94.4504484062514,96.2940742090601,102.438600053482,91.692556291396,96.8206020063531,103.432259767418,104.466016485334,104.170274734795,112.488487591549,107.198562363344,105.98195154201,105.23368954064,107.01293372562,110.177573303267,111.059228660646,111.150342108587,111.114726131128,112.924085071799,111.516007957741,112.386895656928,112.682654444861,111.54693920234,111.563911280703
264.837244415992,260.251739608181,262.062625609031,266.542673543032,261.056017373547,269.193717376289,266.63876247272,265.573980229375,268.156723208572,271.584442161639,270.041967429883,275.191083495335,280.076129466453,288.910887229348,287.769266629934,288.840691977562,286.359754399572,288.732618018133,286.105446545892,287.709594932211,288.498963554248,286.679338165166,289.516419466213
322.989796131297,310.962022958689,323.184722729385,297.755258751207,307.909409712044,310.127517176983,301.697009802166,309.489576818394,309.989468729196,310.832254568505,305.37453349686,311.252261212197,308.573029731883,307.819730571694,307.471940790517,306.53024483323,305.213925573266,303.359011776729,306.025507488689,308.783135177984,304.582058107904,307.74014024575,306.343911287918
99.9935608797696,98.7715671685139,99.2347534383874,96.6341517838956,95.5536943435721,100.597813557044,97.5063202546289,96.8508146665198,95.3507652124516,96.9533575586689,95.7184340484409,99.8915014417294,99.4750923555608,101.207879754733,101.238595495432,101.327913552698,101.621633949411,101.205760862876,101.102938706887,101.490898280354,101.674787099338,100.229567306027,100.868914565533
239.7745515926,241.425989911451,239.726190793139,237.738200854726,240.221512097327,244.326185556299,242.239345193282,240.26584855123,244.143193856587,242.005373339423,246.276131790916,245.738873618487,248.227074579488,250.261800769449,248.966964668805,248.918750788666,248.537076818199,248.340995949397,250.26931645971,248.9717068821,249.714459526679,248.542890701691,248.916207251582
172.446259955363,172.881362748923,171.558492471006,167.594779985204,169.491155206196,167.52806024858,171.234566037665,167.553200861639,168.053392536312,167.094321651235,170.935334987811,170.032348752649,174.421929976193,176.006139219647,174.022484950704,173.957443299649,173.679396374548,173.661330535127,173.484050312081,174.312024286518,175.194690308197,173.935599753035,173.876443917886
159.948110438352,157.8712651762,158.026673973076,157.705571265107,156.67900386397,165.877420395375,169.161963187989,167.765205905239,174.780809743176,176.646395431165,177.694120017526,176.383780881059,186.84639471699,189.994533992496,189.915911075341,187.590234260695,189.204013913011,188.618126288286,189.686030905793,188.651666108611,189.027780820786,189.700358490183,189.350394481974
230.860702998645,226.37131807168,225.539515153141,224.745692817081,225.539312130292,228.114211783901,232.3579547623,229.59764466035,229.43531674281,227.166903733168,227.589247020703,226.271085123344,224.067562169559,223.914332306235,226.454223216695,226.317285615646,224.855089444854,226.80025075952,225.055966405882,226.383158758259,226.031871918854,227.360024283245,226.463009063413
157.083903686435,148.697059503465,151.714942761986,152.406767316651,153.935746695909,153.944809231139,153.457162412467,155.385981495832,155.754322425972,155.210422184712,156.081705973069,158.834230582081,162.981371520993,163.0565199902,160.956585472679,163.335606531012,162.737037228931,163.826562356937,162.378295311581,160.713257747526,161.678376763456,161.365893699983,161.988835042317
159.71053065072,154.871441022797,149.510639709845,153.008559604241,147.259288543908,146.920605527188,153.776498343113,147.675881277483,159.581003524849,147.535907558859,158.68109128554,155.11919222544,164.232028023245,165.760231679193,165.024347697376,166.532272547895,167.977332874399,166.825310197618,169.813217906903,166.457346676471,167.381197771278,165.97945601359,166.185693984193
511.46013702987,499.837933976726,486.801026216631,478.585503682456,482.16958894068,476.455180412824,497.676914663845,497.727681198782,506.625624176812,508.2217247697,503.086729446678,501.15959374586,503.36355931486,506.184637880157,504.527417815827,504.617662379171,501.125167016539,505.03275333572,506.253415196447,506.161696807624,506.286929170734,506.379082415704,510.24916594747
430.857093839713,420.611331423363,438.586089515841,432.880563547502,429.562191351281,429.799743128252,437.843036167982,431.828265889813,432.703732771229,434.13003489313,430.358129248701,430.45602816831,430.87647688611,434.23220165025,434.681870037054,435.511476095376,436.184205992333,433.511123593581,433.992551102975,434.677864806996,434.993330950181,436.87994327665,436.979758472783
136.193890018763,132.037581536683,129.974569346686,128.295771973994,127.194153266979,127.394891134292,130.859531810109,134.100070870955,138.828093343457,134.14440121682,135.771132638941,142.577518965837,147.287365029438,147.487186866239,147.111623088422,146.968993855505,146.354681937692,148.814489690574,147.654332052541,147.626684621188,147.807539193596,148.472515620202,147.372342323736
181.858733372841,183.844828555925,182.239814574022,178.112001468727,185.64700142656,169.439240843456,170.143034120084,172.086728065808,169.957581995793,170.774777323108,168.825020002447,166.205356032721,172.596243992489,169.473856222447,169.629474729537,170.409349577625,170.304447778018,171.619114147876,171.697510273232,171.399614271476,170.760684459291,170.324624380047,169.650331931576
313.65915563504,318.804827783076,308.598062259548,308.915076323796,306.196372418601,304.056447327346,303.374570423412,301.040582599478,298.90874400673,309.109042471127,309.963786266086,307.680867667012,301.765983060749,300.772360748209,305.577633112732,306.770522695598,305.540677606813,304.117523681076,305.334045645436,303.698031901348,304.596498529665,306.107479966982,304.440173237396
212.032086135561,215.432577417278,216.741867253945,217.873414109476,199.49213841471,206.880461435483,213.557932429602,211.061113991267,215.983355244388,207.624068107114,221.616364323135,220.83565415932,250.192506418967,255.144373650093,253.598321647208,251.524464482085,253.194937002637,254.820438235015,255.848533077573,250.598509774964,251.851308201191,251.233564473574,253.719911754461
151.766283208694,155.943059776456,154.283569351185,157.928923614502,157.20152063941,157.815796361331,167.20434275356,166.493855484423,168.211843248689,158.18078798017,162.705636794863,161.685595041632,164.141337658444,166.853866600276,170.002810284683,171.631369652991,171.785187289417,168.749187409426,171.669356371725,170.130724435323,169.827486276321,171.69626787816,170.662751915224
290.169440200277,284.143189406042,283.083588996079,278.159308453395,275.672676117661,275.774542863641,270.020490340566,270.383783971067,271.880906845365,270.000542932068,276.032428158333,270.979506955023,277.759908092412,276.133932288945,278.551068111492,279.195394268062,277.947783684473,279.232579781651,278.62798807344,281.071605109161,279.49166098713,277.185199124596,277.872295011144
166.965958208284,154.374216995743,154.502763474695,155.077154462827,151.931799591389,141.012901575863,142.692534453841,129.02441391944,129.444103621829,129.786501603233,136.901151491278,143.133144063099,139.103338997382,142.304303583044,140.481407594098,140.703130921023,140.582197576417,142.811481042348,143.423964849895,142.041419470778,143.265378984779,141.268094026347,142.827111985078
265.243055241363,257.636926866347,240.227872705725,257.489048090719,233.802145472595,237.397612666257,225.930097292615,241.592852039975,237.492251760938,244.950149124438,251.260092981572,253.827326377748,252.01137260537,250.865382097228,249.591461997587,251.640290440396,251.249833796309,253.248862850665,251.663685121719,251.415505644837,253.257776362463,252.915666382322,251.789687682468
193.776168429008,196.823346314728,198.219571406738,191.351066796169,197.201279414081,192.832684974628,200.56373377768,203.492378978362,195.360310119505,202.729008219959,195.565381183171,194.603679124509,202.543742801506,200.297629896936,199.956103502037,199.811053985729,198.648313658517,199.451192527825,200.77291156403,200.723020602163,200.055367434615,201.059463956077,199.655745021309
169.324903306542,170.6406498524,172.337549903794,171.622719399789,165.776315997484,163.821283728775,160.198990470185,161.096343011661,164.142016988135,164.778833765111,175.811293654058,173.748879528571,189.478340668866,196.368773755976,194.220570206096,195.67714737786,195.527979575706,199.586422719732,197.534970784536,200.53426171073,199.033949798135,199.553037401381,201.421878088811
171.713614612665,176.581155389943,174.754766146249,178.395618845857,176.22840679181,178.413669515446,171.863001349482,171.277974004647,175.668543928936,177.325931776479,181.41466660659,183.774417826832,183.770975439766,183.285879897084,182.969411466742,184.662534456377,182.768131419052,182.896239160257,181.995658329452,184.071923656453,182.534043003171,182.812496613287,183.88044464938
280.625187973526,285.649819090394,284.64511988394,283.92717494721,283.867339579712,285.72152480493,283.183920904989,287.360289529255,288.287407868383,286.987644278936,288.454907350885,294.266472958046,288.322200361292,286.789673321376,288.413676934975,287.447440984885,287.940411844149,289.157245862258,288.040616622951,288.613007855819,288.739747627184,286.219135153893,287.800967543466
209.994926331824,212.506398155628,214.863098031801,197.681620091816,207.667478074538,209.186496329289,207.349345264215,207.703679281032,202.613622083892,215.3320957435,214.282873674979,212.063242869583,249.779022093679,250.576516950961,249.813465698478,250.325018363945,249.250118564195,250.02662739895,248.277546412395,247.581034612693,252.554975733573,252.849163410916,252.224695473892
153.146036207704,158.162181444995,157.153632120323,160.452355426333,159.858634931044,160.149956666838,162.287478565812,164.781452333221,166.060245661052,172.162044163939,170.421984442133,167.847603655871,180.225222496009,181.252744540444,180.055312826705,181.097279568983,180.434870301654,182.408942439522,181.683421001978,181.265079279866,180.992095666981,181.120103576631,181.559344413663
312.955932265322,303.575875279677,318.616783337728,309.397732053075,312.649705589025,310.349464920289,303.700787221958,307.284640000576,312.386191174918,306.920568264798,300.497521387325,308.65203816364,307.322248887144,305.736985075321,307.822482961691,308.267118744441,306.571349329443,306.986243201381,309.131919001893,306.514947297847,307.737082851064,308.644343902972,307.04056959448
226.448063754225,227.585424355165,223.169044842068,225.202608617129,226.245924700137,229.273299898422,229.229466781462,226.973399715412,228.98089774643,222.445236331646,223.952534137981,222.840822717537,229.185247540377,228.212064845694,228.541625862308,227.531608603357,226.997657292948,229.612892049541,229.973581577929,227.729468814436,228.61156456968,228.264205181482,228.308230338498
157.790702847322,156.772409971627,154.703432166364,151.47214733009,152.803887906347,149.444068528456,146.819842160938,149.790929785126,152.206785852279,147.060991087255,153.713120275127,149.014945363784,152.718768513633,156.390396868571,153.696580822096,156.486366197642,158.378621861516,157.644858426386,156.910900475662,156.487318245594,158.130083606941,157.669202806695,157.158185616941
153.579833271565,146.586354051283,150.826180166408,145.516434880636,147.85900248021,150.918008195754,149.835590313492,148.470248342866,153.141049917652,149.54078009097,153.294449205955,152.214296667605,151.651536353402,147.5828759041,146.125782086366,148.242175023266,148.385972566358,145.65979369612,147.780862456558,150.115304157094,148.200896432166,148.954773966411,147.836267002029
