"V1","V2","V3","V4","V5","V6","V7","V8","V9","V10","V11","V12","V13","V14","V15","V16","V17","V18","V19","V20","V21","V22","V23"
23.2773688700908,23.2702886329343,23.2812018928743,23.2850586997525,23.2892637562117,23.2930117545083,23.2928506290485,23.2941283639899,23.2914618826426,23.2935022934637,23.2990805227116,23.2875672902423,23.2945767658721,23.2987623686878,23.2945680737922,23.2981157395446,23.2988398959401,23.2966242753049,23.2985297799739,23.2960109709882,23.2977590405649,23.2954202685906,23.2974701059171
19.3465537906789,19.4566351683697,19.4574411372495,19.4534447413986,19.4534146961373,19.4541374558375,19.458106269947,19.4600216156044,19.4599973608116,19.4550350597178,19.460181017585,19.4566919599394,19.4605526064612,19.4561804272034,19.4569340531995,19.4609638953115,19.4615096639613,19.4560821152078,19.4618086410572,19.4573671798635,19.4517503908388,19.4589095775691,19.4563182262788
31.8090505249312,31.8206709170591,31.8161508191121,31.8252918267421,31.8432104408091,31.826153547947,31.8326300061905,31.8356634630533,31.8287356893997,31.8288508007494,31.8365472217429,31.8323175617639,31.8395455089362,31.8372437272232,31.8322534420132,31.8341815206007,31.8371781739523,31.8354116434755,31.8294166592485,31.8357883552178,31.8384306408979,31.8392550299394,31.8384360095503
12.6493962796549,12.674946884923,12.69230018002,12.6938395915815,12.6948314515735,12.692804602494,12.6906534161129,12.6945748026411,12.6956066651297,12.6967583984496,12.6943034531536,12.6988617123088,12.6979780126916,12.6937775182743,12.6945208746929,12.6951727547206,12.6918282163343,12.6932746596235,12.6949574464556,12.6925116764548,12.6912498653069,12.6926698621,12.68820894485
26.5447275810342,26.4374380200058,26.5205935435202,26.5096903163765,26.539292587576,26.5368313358113,26.5316754028455,26.541436466819,26.5497388370862,26.5742966000122,26.5432645910309,26.5073829462214,26.5498937905298,26.5487325240625,26.5516379832471,26.5715008099983,26.537153459446,26.5161376500828,26.5452638874347,26.5403495174177,26.5518770635134,26.5610929602172,26.5623687780022
21.141736502389,21.1705151476882,21.1713402380127,21.1782884975634,21.176679110556,21.1826765554091,21.1741376362279,21.1820249343779,21.1724952015671,21.1766091178998,21.1785326997784,21.1806184690825,21.177950649875,21.1793937287152,21.1713930945633,21.1792565482135,21.1772429241818,21.1773347639134,21.1751319232206,21.1727733288786,21.1795607836341,21.1785033547192,21.1764863746635
15.6411111493224,15.6274952182462,15.6226352518775,15.630621486113,15.6291047810977,15.6281757027009,15.637597945839,15.6330664094393,15.6355815890281,15.6337111718144,15.6255413153732,15.6311494721903,15.6293801866845,15.6308244758047,15.6315084757198,15.6328138241481,15.6318305107421,15.6313486457694,15.6324345445551,15.6313424011797,15.6326212626859,15.6327909800702,15.6326642921808
24.7875486704636,24.8074234650089,24.8060831770946,24.8232094496405,24.8223252138804,24.8174565447856,24.8090281806312,24.8163472080833,24.8153159356248,24.8255252018183,24.814085675509,24.8207808366646,24.8233617680693,24.8031225237588,24.8159349785779,24.8211488181815,24.8262490360717,24.8155653435269,24.8183303046382,24.8113099826211,24.8076816746249,24.8221317035596,24.81555406933
21.5201621653726,21.5526295971711,21.5442095485622,21.5389671434293,21.5234676314432,21.5230888009288,21.5252116647375,21.523287617621,21.517325232419,21.5169465291551,21.5151058999662,21.518302356969,21.5166145138565,21.5172903894756,21.5184340721114,21.5176098351578,21.5130511680973,21.5171939540261,21.5146782587601,21.519140588298,21.5123388703452,21.5133392101514,21.5112824463817
25.3690753866119,25.3883975272786,25.3852584347482,25.4000360544458,25.3858490683099,25.3892530623536,25.3905416010797,25.3978481613053,25.3872949806874,25.3852787923988,25.3882126177198,25.3916264776675,25.3842267890884,25.3841771541404,25.3819325962045,25.39147461059,25.3837131736225,25.3857544879025,25.3910258843313,25.3881985602083,25.3859909351983,25.385006567885,25.3880166864961
16.0791380926469,16.2073378160929,16.2135205107601,16.1997936432777,16.2050117509786,16.1875235855147,16.1894501203148,16.1982062275196,16.1864866550209,16.1879453394548,16.1904670106291,16.1893417791836,16.1874866432858,16.1899187076571,16.192743959668,16.1930035838511,16.1909195160808,16.1935445498019,16.1917056109507,16.1899272024025,16.1889659406673,16.1922129414007,16.1924543566337
22.7354837323833,22.7286741612519,22.7603841995857,22.7472886899165,22.7597387491245,22.7613472865316,22.756493754505,22.7493369948462,22.7590951926913,22.7648634937988,22.7643361541165,22.7507961269331,22.7453184839942,22.7665271456749,22.7445970443346,22.7407664034678,22.744289469101,22.7242860240952,22.7318535113427,22.7326809068104,22.7295839817781,22.724591498342,22.7118769074705
17.2313578485894,17.3911481329133,17.3696763909691,17.3770440382942,17.4276597930312,17.4143124933781,17.401311160075,17.423676398277,17.4320178115673,17.4215400118014,17.43764091305,17.4266281045103,17.4194446802032,17.427876028821,17.4506995089352,17.4207348894383,17.420169608712,17.4430464201301,17.4269033347817,17.4518503652557,17.4439199080819,17.4189473250857,17.415206525783
29.0610562946132,29.0843534551189,29.0946360208749,29.1062907957883,29.1133891759314,29.1080618418678,29.1201544721689,29.1162055626477,29.1163626658677,29.1155788362093,29.1172716260797,29.1230435074844,29.1217043528179,29.116064234016,29.1150979643266,29.1156773403234,29.1195781691784,29.1160642428531,29.1188775299711,29.1191189284215,29.1152649542566,29.110278525423,29.1319659032416
22.3850125058382,22.4424770460668,22.4465201938393,22.4596079226159,22.4412673215696,22.4442992291772,22.4389094617182,22.4362729338962,22.4360455922052,22.4365433719966,22.4313454141058,22.4408603401352,22.4349477597057,22.4280352559025,22.432492915025,22.4253573387388,22.4309287228759,22.4317921298176,22.4324735912996,22.4407282435881,22.4335910506205,22.4313439027778,22.4289446904448
19.0153962286865,19.0984720110036,19.074492945784,19.0995744869239,19.0981395350638,19.108064466608,19.1063123948636,19.1113697001009,19.1127612978532,19.110623746314,19.1067211555886,19.1153571030695,19.1176733546701,19.1148162566484,19.1111955953943,19.1197215144929,19.1197939427052,19.1126304638749,19.1168392416107,19.1157096478947,19.1158001478465,19.1198470688187,19.1138810944415
29.0430154629238,29.0582594572764,29.0601758503854,29.0600196680725,29.062617326749,29.0629678177622,29.0587307095877,29.0611673249211,29.0613529871433,29.0588859758441,29.0594509327232,29.0593043702036,29.0608605150344,29.0610656281665,29.0596154906808,29.0617105437553,29.060156701926,29.0599287433658,29.0604746611384,29.0614358552714,29.059932998201,29.0612225625211,29.0605526210272
21.8050625263299,21.8090270763994,21.8153847951484,21.8047164230824,21.8230094907261,21.8136753930075,21.8212041919442,21.8148096060629,21.8085685091923,21.8082655911988,21.8103082724924,21.8093402454013,21.8084560594211,21.8086401275085,21.8063717442653,21.8083657499014,21.8102956274213,21.8115672844165,21.8087646656201,21.8070772444179,21.8122280676871,21.8058206229685,21.8081205911647
26.6599863592838,26.6904986096357,26.6815114580642,26.7022093087483,26.7095257609541,26.7065426007635,26.7120023562057,26.7151283778753,26.7221626523984,26.7162445811602,26.7158142814579,26.72058063727,26.7126465504702,26.7160587601357,26.7260916379343,26.72684657101,26.713667326125,26.7237773116312,26.7207318435703,26.7204084605384,26.7186354701888,26.7241863214706,26.7265481488857
20.321527865367,20.3021066469141,20.307784033719,20.3190726233072,20.3294409908427,20.3310664217236,20.3239017016508,20.3293884522452,20.3366293853946,20.3345173431817,20.3365968815431,20.3409395445974,20.336713908857,20.339691987314,20.3347949367134,20.3367324967709,20.3395106793685,20.3406272637532,20.3381633682614,20.3363506395152,20.3418458131658,20.3406701301726,20.340028306877
23.1870956815733,23.2720048364222,23.2859004122922,23.346052208116,23.3244503913426,23.3413497301127,23.3265637151982,23.3347375936466,23.3262845362057,23.3511174162342,23.3264459970385,23.3018460844132,23.3125517036145,23.3159443365962,23.3125140590007,23.3379301550473,23.3131764277699,23.3252831504539,23.3279315810936,23.3040182837044,23.3142278503467,23.3196293911074,23.3231699772477
21.9429945134229,21.971078929696,21.9594348853749,21.957595663693,21.9579523282072,21.9768575124038,21.9520902072844,21.9947954752143,21.9957944992621,21.9852484066106,21.9861087347392,21.9899048267827,22.0068133040372,21.9909263240381,21.9643074245636,21.968437398566,21.9948256717111,22.0003139239128,21.9986772235556,21.9975703640548,21.9905165034444,22.0034766396111,21.9723766998725
18.7288123434916,18.7190834577828,18.7339969986812,18.7165199098147,18.7197063964776,18.7196178216998,18.7182330991065,18.7200749609441,18.7182216720393,18.7193721765852,18.7180590465516,18.7182337549721,18.7191755184609,18.7194148796143,18.7185583224706,18.7187465451949,18.7192891664895,18.7175052190303,18.7200742535435,18.7184205562726,18.7192874595705,18.7210732828203,18.7190134932688
35.0589332800639,35.2976009684724,35.311284739765,35.3044001654956,35.3076664689242,35.3025321867722,35.3093865600051,35.3173925300788,35.3157481350755,35.3030714798374,35.3075611326385,35.3183676347737,35.3163564394392,35.3082765365611,35.3166656365017,35.3076956917032,35.3206794849532,35.31096724499,35.300342560212,35.3210173473077,35.3122727840166,35.3030284587422,35.3201985724596
23.2686303159476,23.2402641360015,23.2450727467463,23.2409849839719,23.240768228451,23.2418799864246,23.2412710203903,23.2407155410682,23.2437170849087,23.2423560155578,23.2410249685219,23.239322799407,23.2419910031244,23.2424646528589,23.2404962524314,23.2403052038133,23.2400909837898,23.2403670407085,23.2414182321328,23.2399537085667,23.240668384071,23.2403902290011,23.2424263337302
26.6801214643521,26.7738105409729,26.76818296784,26.7680591156145,26.7731200962196,26.7683184902132,26.7715566677968,26.7698926657636,26.7704701907943,26.7711076949725,26.7719762553758,26.7692312181302,26.7699483083471,26.7714291994403,26.7723253205651,26.7691539799561,26.7708773819583,26.769436507219,26.7720354856369,26.7729482375652,26.7667536809351,26.7695372671432,26.7707077836246
27.7509883815853,27.8077935179097,27.8078196072818,27.8065210809528,27.8069895829829,27.7988495858518,27.8003279607767,27.8072439549157,27.8029640696568,27.8028882161978,27.8039574845626,27.8017803168744,27.7981781496105,27.7991679741014,27.7993047010878,27.8016289696715,27.7993405055203,27.7991517595712,27.7992004409477,27.8008069399007,27.803045421643,27.7991725761251,27.7986526956906
22.8467329012305,22.9043211616434,22.9158802323414,22.8827612938487,22.8849952190427,22.8996386584297,22.9189164883149,22.9020960926941,22.8861993464265,22.9054358763171,22.9006980359832,22.8954829906253,22.9000073396274,22.893242433049,22.887340142269,22.8641820511737,22.863291566178,22.8589551000121,22.851787584797,22.8629030221729,22.858697393678,22.8542875878525,22.8444505517924
18.7744729610573,18.8436210023262,18.8631590447001,18.8339282241156,18.8498867936464,18.8416968495666,18.8492148900767,18.8423852915316,18.8444627883619,18.8449941024246,18.8461463680743,18.8365555660412,18.8497289065955,18.8458366548851,18.8392623975276,18.8476896789068,18.8427998689686,18.8426426306288,18.8466670602375,18.8405897761195,18.8400824630322,18.8472544321095,18.8439171751661
18.8912031429374,18.8940314739176,18.8975727664822,18.8876324380067,18.8859425968826,18.8884252977498,18.8859034964657,18.886844212949,18.8902195167016,18.8864538796633,18.8852569469397,18.8920990454617,18.8900215376868,18.8885009869738,18.8858650125073,18.884850300935,18.8857171119587,18.8854546031765,18.8861810938543,18.8871300727722,18.8858151747321,18.8859683788204,18.8857410919454
26.7308944703575,26.7523381668445,26.7716532145112,26.7713963117253,26.760904549935,26.7679377239149,26.7614570793012,26.7634868854205,26.7616313665531,26.7680823796777,26.7609746098455,26.7613244660365,26.7612433483991,26.7605360521836,26.7615289958182,26.7595513480019,26.7618566028704,26.7616093984029,26.7631323610124,26.7630940163486,26.7609583906919,26.7612038462438,26.7654640194002
28.2938712037269,28.3029845559443,28.2972464270002,28.304246472571,28.3049569299878,28.3019596061325,28.3017654641432,28.3014462237764,28.300315127272,28.2992411697328,28.3026232149307,28.3006858453166,28.2997205477467,28.3006926367207,28.3030500310245,28.299916777392,28.299167903295,28.298549137655,28.3025787695256,28.3009189870443,28.2976680431636,28.2977604576235,28.2983992292205
22.4585043787085,22.5069261920205,22.5068576533191,22.496618779014,22.4952099095508,22.5048837279107,22.5006965355432,22.4970099482176,22.4979764158028,22.4890757017755,22.4858035777196,22.4910044194404,22.488732526882,22.4875459819433,22.4925846198798,22.4917389028447,22.4886428602481,22.4902078225148,22.4855021219219,22.4903606263141,22.4909342245441,22.4884215655595,22.4873997623952
20.2320405746685,20.2816612691809,20.2940038274761,20.2970888842211,20.2974462045314,20.3014521430599,20.2978977690078,20.3006899808187,20.2962039593683,20.2977401067145,20.297986066302,20.3029705551777,20.2978827106202,20.2993947741227,20.2981766027408,20.3011265566061,20.30086700013,20.3008495065216,20.2991264839306,20.2963738770129,20.3031897025846,20.2968923287253,20.2983746982793
24.6894884874284,24.7227853360473,24.7126526874544,24.7102909148303,24.7081455986181,24.7072595944985,24.7100183676714,24.708419508453,24.7088280403532,24.7047710375084,24.7059904231156,24.7082908796362,24.7061667712511,24.70629411256,24.705877098058,24.7088665767393,24.7064037850541,24.706218272044,24.7054565303275,24.7070787774755,24.7050426269139,24.705577216525,24.7062002460681
22.9868021283832,23.0502702838718,23.0473010453791,23.0453653890322,23.0405410171898,23.040711170173,23.0440871160503,23.046242037596,23.0407688361507,23.0441151811078,23.0444540393733,23.0441787393321,23.0461545101529,23.0439711875145,23.0420701868056,23.0470472363675,23.0484979034181,23.0472284344329,23.045697602523,23.0479938138583,23.0446309523484,23.0458745306999,23.0458826986316
27.6275374261399,27.7738900238295,27.8046638253659,27.7918315369838,27.8042393096696,27.8003716167898,27.8114007149041,27.8146553048429,27.8220311321685,27.8235442414461,27.8230974463319,27.8244748812617,27.8303818570308,27.8291348022065,27.8287569312396,27.8216498144825,27.8279905509678,27.8297842931948,27.8244925527868,27.821477186324,27.8267385605362,27.8329128967071,27.8241508447416
17.2020577047988,17.4806208788946,17.4531457433079,17.4552175252334,17.4582947781172,17.4702207199961,17.4547087187602,17.4573286730904,17.4621194535278,17.4579126740883,17.463967447139,17.4602126080591,17.4595374042702,17.4592442100391,17.460267778342,17.4579140644572,17.4585964276586,17.46313159988,17.4596940227037,17.4622867841398,17.4628606276609,17.4592035517329,17.4602204892855
23.9668788532157,23.993291405577,23.9983357786456,24.0042438079349,23.998030967494,23.9983444559135,23.9966576822754,23.9969312355651,23.9966972809898,23.998535492289,23.9988977805224,24.0003401503176,24.0005692252548,23.9977142690273,23.9998991452211,23.9999404132548,24.0000862508286,23.9997823858002,23.9989214672289,23.9990512650068,23.9985890893054,23.9989615515183,23.9990964350329
20.6592796294079,20.6706495896681,20.674143465193,20.6728865830543,20.6754043929763,20.6743522988847,20.672888291951,20.6730840585367,20.6756847792883,20.6750000407734,20.6749859513082,20.6739057942666,20.6737157772303,20.6729257393485,20.6733547687099,20.6722092238267,20.6738813669471,20.6739250735699,20.6743195076594,20.6728910089508,20.6724396174571,20.6740206549234,20.672394790488
17.3661876361171,17.3872521760802,17.4020370489974,17.3869514142634,17.3805686835375,17.3881786663052,17.3842349184317,17.3787319595123,17.3822165218634,17.3837663881449,17.3772663669935,17.3820297066028,17.3794208327137,17.3851919173363,17.3779410336533,17.3786174359209,17.3742217700884,17.3781137321335,17.3795172972115,17.376835764558,17.3756428322524,17.3765361148738,17.3774752427461
28.0714112803478,27.996936561351,27.9984575880822,27.9923280785367,27.9737562059307,27.9551454305633,27.9559457384462,27.9641855317147,27.9840456377971,27.9555592785957,27.9601982985924,27.9581695309569,27.9501985458446,27.9566961100264,27.9435690475708,27.9477596463102,27.9428832903462,27.9511244756342,27.9550954182224,27.9524846154211,27.9472233799709,27.9472064987659,27.9559412016062
23.3980225617277,23.3752742360085,23.3673339338588,23.3608007276014,23.3600892746186,23.3593800660342,23.3613146516072,23.3603655958748,23.3585262411085,23.3585836453163,23.3600493662477,23.3613306347239,23.3585095557652,23.3589193188764,23.3589902870377,23.3602868010333,23.3596495851764,23.359173968919,23.3595585974974,23.3596536989303,23.3600133553916,23.3588415017092,23.3572324001274
25.6030519982293,25.6412579894874,25.6354136845626,25.6303887417874,25.6419640469842,25.6610984098714,25.635894134853,25.6336138377176,25.6491001471652,25.6520213306399,25.6608882756139,25.6562105309871,25.6515941168275,25.6197128912828,25.6508335300363,25.6517611245469,25.6372275521753,25.650281871912,25.657562970458,25.6363075997543,25.6338926327423,25.6438631472131,25.6406051438853
37.4703334801463,37.4770554201469,37.496672410779,37.4977522356054,37.4871681375343,37.4875340578396,37.4856905998889,37.483228215682,37.4787020624791,37.4860466651859,37.4820806984951,37.4821072439055,37.4813593469423,37.4812994200084,37.4792142618323,37.476396203804,37.4795910553856,37.4815410075154,37.4813316169023,37.4781075344227,37.4826432490582,37.4784424066015,37.4804348497426
28.6624908522018,28.8336984401804,28.9039802318495,28.923926630793,28.9343051430427,28.9662160215727,28.9482496771129,28.9537386259003,28.9721347972483,28.9447450699024,28.9703101931725,28.9322817130497,28.9665447787742,28.9763244398054,28.956733760738,28.9573895089879,28.9995872400652,29.0159352973205,28.9667338377837,28.9648120467933,28.9784672516227,28.9816378864735,28.9821349222687
19.3082535259739,19.2747049646612,19.277326076858,19.2840961039812,19.2676415589995,19.2695976087985,19.2629565852228,19.2683318073754,19.2652897115742,19.2644195916633,19.2645554394232,19.2646811382216,19.2629591572151,19.2640720149909,19.2624109339854,19.2605195979751,19.2621340725488,19.2620235317537,19.263005778117,19.26278378562,19.263861685352,19.2595073990023,19.2643083587919
23.3053378577881,23.293446000054,23.2945040815723,23.2838515139546,23.2775849895633,23.2747996773103,23.2735378985926,23.2759882402036,23.2780815122201,23.2766866415332,23.2727735092868,23.2713500778395,23.2734436895148,23.2711329021905,23.2705416433417,23.2752849844734,23.2757745045001,23.2727332589374,23.2736412678555,23.2729842430507,23.2730716112908,23.2733198154639,23.2732232775178
27.3921933882247,27.3840542356327,27.4051091976967,27.4006545904511,27.3866825238351,27.4092165342256,27.3974551315903,27.4006820674571,27.4065330609723,27.3899339294724,27.3873520179816,27.3942328651783,27.385586427369,27.3907297669746,27.4065833283755,27.3995959862217,27.4040913754332,27.3893911568782,27.399503424583,27.3898582291204,27.3711887001057,27.3906012481664,27.3800419813518
25.5494627598458,25.4994850681463,25.5230660778004,25.5023837885253,25.5200740788411,25.510557860805,25.5001923433639,25.5102270263727,25.5081835737682,25.5108039212682,25.5036730122311,25.5034218845592,25.5047964651202,25.5000901503839,25.5147861552423,25.5056987208615,25.4970429942695,25.5025744430193,25.5058054962719,25.5022831503016,25.4978610979575,25.5042478352564,25.5115455454698
21.4946982742297,21.4939699979265,21.4957006166579,21.4946777917325,21.4945728186689,21.4959018076506,21.4946482092933,21.4941659502146,21.4957214881422,21.4957665367908,21.4958106814794,21.4945708911509,21.4951837374934,21.4948916249343,21.4958425074226,21.4954759085516,21.4950397960711,21.4951485745116,21.495342265693,21.49545188612,21.4949308902215,21.4947304808794,21.4959546262318
25.8770140085946,25.9032199744813,25.8880300348181,25.9013906874283,25.9060507271232,25.8978603813339,25.9037723040636,25.9016932293762,25.9046490238562,25.9014232109084,25.9044394211217,25.9031629576216,25.9032851403374,25.9027704312118,25.895531242004,25.9041844272417,25.9051201873979,25.9055977698375,25.90374403432,25.9030321490472,25.901705341658,25.9002464298127,25.9013762000228
23.0854202583091,23.0848112561156,23.0814099860519,23.0799168336768,23.085448197293,23.0839209058455,23.0869082468603,23.083334651233,23.0812075482785,23.0853864729667,23.0845812213736,23.0850354244256,23.0829012877185,23.0840939546149,23.0806532291075,23.0855232390732,23.0813371705114,23.0846317157779,23.0838502914633,23.0835389043452,23.0832194109176,23.0839019095518,23.0833865991494
28.1152091243802,28.1591174796051,28.1483060750697,28.1533866095554,28.1451445218716,28.1467640929268,28.1513561020191,28.1474908469381,28.1487154353305,28.1461346964818,28.1510091219143,28.1493284708577,28.1487087428966,28.1493472644871,28.1509296136901,28.1530748078199,28.145458527175,28.1486104612241,28.1482046836488,28.1467950919164,28.1456539569657,28.1478134683931,28.1459704210348
27.3482696983584,27.3493012193717,27.3647550116648,27.3619233586606,27.365799609844,27.3677864133826,27.3710617701265,27.3712382344906,27.3675514011582,27.3680690504822,27.36416561926,27.3661414013316,27.3691273001022,27.3654467696568,27.3695540076184,27.3729583665288,27.3631761486994,27.3654295418384,27.3611921184217,27.363779156892,27.3639922001369,27.3581788073541,27.367012302896
24.9821522512222,24.9740890140917,24.9810335637393,24.9728619521124,24.9712584436102,24.9697804149059,24.9735242075189,24.9733174155166,24.9700388053467,24.9727435083064,24.9719831219963,24.9719875552303,24.9734094733802,24.9707556049072,24.9697617296782,24.971583244686,24.9706567089539,24.9707043899286,24.9722444069785,24.9722075853068,24.9710801806062,24.9716280887346,24.9705035889678
22.0162183680637,22.024048607868,22.0250273971352,22.025490537499,22.015224968132,22.0138575620371,22.0101948162621,22.01232451402,22.0115827465498,22.0112988923427,21.9996740632916,22.0147629565955,21.9997058052178,22.0033976334359,22.0013671423626,22.0101636500094,21.9930539699705,21.9840163778638,22.0037794553848,21.9996898871043,21.9646872045547,21.9868187871423,21.9704496359378
22.0337654806878,22.1281439163201,22.1010503423778,22.1291062045473,22.1291933298266,22.1318630156651,22.1330074771323,22.1293574713252,22.131799075686,22.1276983970078,22.1312618992431,22.1303875285247,22.1292739757199,22.1272631057929,22.1261139781267,22.1263397344244,22.1291487958607,22.1278937806635,22.1324079086269,22.1164581060913,22.1291967408096,22.1315329475809,22.1312919101105
26.8570318383698,27.0962030715802,27.0291192981467,27.0427264570284,27.0262160485182,26.995052133432,27.043835704617,27.0467355799884,27.023817510891,27.0422626800464,27.0118419695959,27.0163354965522,27.0350022131527,27.0062873738302,27.0231974976675,27.041475711372,27.0009192323192,26.96542962222,26.9779109119289,27.0273776593599,27.0114460151324,26.9785519390708,26.9764057129477
19.043240409765,19.0713662721425,19.0789920036318,19.0868156772295,19.0925701947416,19.0809653647312,19.0654203064386,19.0818558949091,19.0977899293807,19.1033737348329,19.0826888877614,19.0783763603445,19.0829625128897,19.1030949728021,19.0933822333298,19.0746737376875,19.0789052840729,19.0968327814924,19.0859748825363,19.0855387534198,19.0995797792331,19.0839450551257,19.0852365279835
18.3066715041456,18.2732272668947,18.2864513032225,18.2951503022222,18.3123220966364,18.3320845569913,18.3127172548367,18.3108464282075,18.31592210484,18.3284578162852,18.3275956863265,18.3246126294227,18.3260075553556,18.3273319103385,18.3224652923324,18.3096146401222,18.3202671651202,18.3301560865643,18.3159742470436,18.3127100075816,18.3288680339873,18.3130919448436,18.3127725378077
26.9564683778365,27.2175959574895,27.2552753573916,27.2541781665704,27.2402463664491,27.2439641127477,27.2547575501209,27.2511878608194,27.2572788571172,27.2600565295934,27.2357274099577,27.2542037280881,27.2540064205282,27.2515965287191,27.2499160061136,27.2628568699518,27.261106567588,27.273107772598,27.2538589685942,27.2573299361349,27.2686494014856,27.2654727923299,27.2674634530741
19.1498393280659,19.1476881571311,19.1442176986132,19.1455654941945,19.1392466377075,19.1383017992293,19.1375230602702,19.1354628569657,19.1345013337744,19.1361909614336,19.1333571927494,19.1327580799602,19.1342098734167,19.1367687285582,19.1352807822823,19.1347272703551,19.1358094526633,19.1353116410583,19.1338538346106,19.1368163654713,19.133776811043,19.1345005711152,19.1342782754636
31.1487543670412,31.1527649605868,31.1533788401926,31.1588815747302,31.1533546537635,31.1606133144809,31.1609164053727,31.155589751563,31.1553355026337,31.1577112528611,31.1623037754934,31.1585247572737,31.1605448555351,31.1565560843926,31.1576927990513,31.1550169883016,31.1564225498238,31.157293140999,31.1610457661276,31.1616159768444,31.1578849289863,31.157262331121,31.1594883048416
16.1142037684565,16.1002971681001,16.1094138454959,16.1096944639714,16.1092601047108,16.1101645458837,16.1082310993154,16.1093781404392,16.1121795620912,16.1118952379217,16.111718288871,16.1124000371716,16.1143725618731,16.1133909185693,16.1125396632365,16.1116002657671,16.111817818189,16.1147287085327,16.1120491084908,16.1132914222401,16.1106916620973,16.1107928955,16.111911068923
28.5531327125724,28.6271606489169,28.6409264374172,28.6502076059679,28.663686304146,28.6518078215361,28.6541917260671,28.6704612143839,28.6786263574814,28.6709585571185,28.6744569806791,28.6730647768021,28.6740598179835,28.6755743860449,28.6738818985404,28.6745946116255,28.6769052274935,28.676519692586,28.6759487530503,28.6670499079862,28.6811317866808,28.6814679480927,28.6827016758509
19.6392690237383,19.6473214995413,19.6420681930249,19.6424718944122,19.6418725434442,19.642132539171,19.6434044398292,19.6406203232984,19.6425881543295,19.6423505076159,19.6426784919203,19.6407041484874,19.6406233812089,19.6411796282037,19.6427729273368,19.641410921041,19.6410709271222,19.6410605556242,19.6412203304302,19.6401987211337,19.6419061267928,19.6415691992974,19.64185768182
19.7796726150957,19.792546610106,19.7880957457744,19.7950292391509,19.7978758062192,19.795253360848,19.7970633242953,19.792611155393,19.7927024643603,19.7953771292432,19.7963153148463,19.7969724423926,19.7958329839142,19.7934791915009,19.7954731426523,19.795951204076,19.7952385299678,19.7945280860857,19.7945771789028,19.7956670987265,19.7950718107068,19.7957514461884,19.7972396292362
25.3940134207646,25.446274078824,25.4391950570997,25.4417705170645,25.4452178128873,25.4420119561859,25.4384102194337,25.4375428558441,25.4428952011874,25.4379778054587,25.441754108944,25.4399216465618,25.4332272984471,25.4358210449841,25.449410780084,25.4412783092455,25.4349796278275,25.432148800306,25.4424594308986,25.434176091317,25.4450964456924,25.451532413764,25.433234409748
15.2592917704932,15.5045818465845,15.4865743530258,15.4838300708805,15.4932461791957,15.4825975598922,15.4906881837583,15.46629311378,15.484778404164,15.4847077161716,15.4572638273815,15.4861002523149,15.4605144731076,15.4720402910958,15.4592112769071,15.4395892713829,15.4313023339413,15.4324828876143,15.4461963603567,15.4632282155429,15.4279951633939,15.4517173429999,15.4174774378646
23.2727830978178,23.2981717467958,23.3003414307512,23.2915196438065,23.2988513791217,23.2942386854243,23.2919424811829,23.2939524873134,23.3012440958283,23.2951583479445,23.2975274269453,23.2991133855479,23.2957734384724,23.298848462769,23.2965212435817,23.2989176795186,23.2940205534065,23.2991451572138,23.2971145027037,23.2940667738546,23.2975643046673,23.2952987181233,23.2971440786786
30.6972203454469,30.7712176208345,30.8055721708236,30.8161153280349,30.8187796157704,30.8199688798768,30.8222527851493,30.8269891040426,30.8173760205202,30.8290892256114,30.8214913328117,30.8245052234681,30.828550705829,30.8268147080728,30.8289606083102,30.8254429779657,30.8262104016049,30.8332598969461,30.8335026684654,30.8318914932157,30.8205453399894,30.833333264301,30.8316813803752
23.5597654303277,23.6302964853144,23.6303113802039,23.6275917954867,23.6265445431611,23.6336525374755,23.6350968042226,23.6361986846632,23.6310366012609,23.625528366266,23.6383612162869,23.6307966429139,23.6286746748144,23.623791070761,23.6320385748434,23.6341454525915,23.6307812805959,23.6335814553558,23.6309960946426,23.6294909501374,23.6256095446437,23.6155598300618,23.6232226964405
17.8409883093615,17.7864763293399,17.7110062488089,17.7211639267749,17.7166811752416,17.7378934730255,17.7235126509453,17.7255362121819,17.7325965668036,17.7309492554875,17.7322239752409,17.7329897502984,17.7276989388653,17.736095057504,17.7346323937588,17.7300759749173,17.734825652724,17.7337696400799,17.732081692105,17.7346507211381,17.7317025284434,17.7332146485829,17.7325746127035
24.5980254938856,24.6733016883775,24.6574372812672,24.6458534242587,24.6552770450825,24.6482791939406,24.651621305478,24.6514538692528,24.6461169082137,24.6489281659489,24.6487475440364,24.6456039887167,24.6513215558885,24.6479047307543,24.6472601219348,24.6460381150899,24.6488823923111,24.6473107358656,24.6520997739737,24.6484069531691,24.6485805839299,24.6491234082834,24.6480269769415
28.3655414087734,28.3927383311385,28.3948046306105,28.3957199588044,28.3969166480859,28.3941513464066,28.3979884026435,28.3935113967298,28.3987048173844,28.3984663090311,28.3956822039809,28.3973963500347,28.3970253735155,28.3978379893754,28.3951878909563,28.3975638974946,28.3976319503895,28.3991751754959,28.3961048858781,28.3976338808164,28.3993038230843,28.3993331428265,28.3989009719573
22.3673566470401,22.4885053218197,22.4428598111289,22.4529416813097,22.4483669395594,22.4412159864226,22.4366012755367,22.4451760185888,22.4451021359186,22.4459374756184,22.4502410942219,22.4530558359054,22.4520125124509,22.4532024657166,22.446375587029,22.446492266947,22.4441395782681,22.4460981224682,22.437238982343,22.4570336781881,22.4427033504291,22.4517113027598,22.4540263570743
27.0682121018401,27.240353484157,27.2882412854467,27.2687887178622,27.2686188043808,27.2780294596603,27.2804155283135,27.2803327940047,27.2768432057933,27.2734439686997,27.2759282820582,27.2673560147053,27.2794497125087,27.275352205866,27.2581184572054,27.2530041581832,27.2775579920477,27.2535015005288,27.2611071650519,27.2546924427332,27.2579274334479,27.2425504890217,27.2446073726758
23.4975902335325,23.4797967847346,23.4994228855828,23.5052115169923,23.5027059695312,23.4960509843763,23.4989480725522,23.5020781837289,23.5039256789008,23.4959937070521,23.4965941970993,23.5045515058908,23.5025404532381,23.5014699939134,23.5019911948672,23.4969016074358,23.5028371732758,23.5063836596817,23.5049098882582,23.5100579639363,23.5058373042962,23.5005630635248,23.5025304795545
17.840588936449,17.8644676829312,17.8858198201808,17.8893719204146,17.8973500127723,17.8954837014718,17.8940064275344,17.896661874656,17.8983260773925,17.9041288150709,17.9009333670054,17.9004940416991,17.9057545334436,17.9006544277579,17.9021038498222,17.9022712500535,17.9056581855539,17.9037871361374,17.9044534280321,17.906499382931,17.9019780725072,17.9033720269824,17.9037076770864
22.2122584856396,22.2707257737991,22.2781125889238,22.2878039474554,22.2986321137462,22.2977723197076,22.2934192005877,22.2978792857848,22.2961387187712,22.2945103463126,22.2945834575505,22.2972002689089,22.2996523057683,22.2972611710895,22.299023270873,22.2917402174471,22.2899213407408,22.2965062476611,22.2938112932551,22.2911731026871,22.2961993813814,22.292540045159,22.2980317428398
30.1770341376481,30.0613050445603,30.1476737989336,30.1993315015495,30.1541062544668,30.1554333041794,30.1663511409063,30.149860499655,30.1784046777144,30.1671061690282,30.1327215341492,30.1212904815008,30.1453669131154,30.1368556707416,30.1901875107749,30.1432400640262,30.1765205099936,30.1570784021672,30.1771677964119,30.161772589869,30.2046857764789,30.1634428118364,30.1941894002549
24.7517790775663,24.7759031356718,24.7888305191837,24.7962668460857,24.7991978044533,24.7811498264603,24.7858443473111,24.7871848947356,24.7916440487133,24.776613668162,24.785145190551,24.7782266022298,24.7751503575032,24.7915612088999,24.7681682209871,24.7853187294866,24.7680727062014,24.7706644969454,24.759145451824,24.7764676282149,24.7587609678262,24.761615243417,24.7507979025433
20.4434040175378,20.6936858591206,20.6847292171726,20.6891848529671,20.6892660085905,20.6982446692069,20.6897614587222,20.6895252701754,20.6968622441353,20.6874962768537,20.6935354509444,20.6873181920059,20.6932344719623,20.6845347787511,20.6862487804844,20.6843925138264,20.6892986111166,20.6914131761072,20.6911095262101,20.6851556816377,20.6821821241071,20.6907698507895,20.6810666502395
22.5600753588006,22.5653112084519,22.5682797641846,22.567488987324,22.5637796274481,22.5653690394384,22.5697033737117,22.5661253492984,22.56558595094,22.5656848299884,22.5646033098815,22.5664269234461,22.5656034345239,22.5665551296346,22.5660011283544,22.5654521133195,22.5653263244441,22.5663239033202,22.5661347243584,22.5663420376456,22.5660378353091,22.566517090069,22.5654857837482
30.0988297236802,30.0914887038132,30.0925948968095,30.0943960493436,30.0936792028354,30.1004906148399,30.1012659423836,30.0945990290117,30.0996539887431,30.1006688208762,30.1025965709375,30.1037387739246,30.1027072752007,30.1038814428078,30.0985814807859,30.1030829805977,30.1029783793934,30.102676944828,30.0994330776717,30.1035569217467,30.1016968105224,30.0999637068093,30.0990525509807
24.0387129695946,24.0490048376147,24.0544318704585,24.052664380951,24.052864323776,24.0523384718764,24.0501968525718,24.0520577246669,24.0504475418481,24.0503558374264,24.0515302183737,24.0508396585948,24.0501732337074,24.0517759047469,24.0503790287719,24.0521098690665,24.0532018248305,24.0537462569135,24.0514351575803,24.050945875217,24.0513869249617,24.0516672464152,24.0521316254237
25.1484745676387,25.5751215156786,25.5327856226288,25.5551848125405,25.5494396177776,25.5394364448618,25.5405876785777,25.5457522183138,25.5462415323934,25.5443776493078,25.5373369233598,25.5438037211897,25.5348500399053,25.53657712215,25.5456216915697,25.5472679733365,25.5361853088834,25.5565696735873,25.5487528994205,25.5557827355031,25.5520289660952,25.5398442018025,25.5246410080365
26.4840329520241,26.5769830944129,26.5468398927639,26.5507302098554,26.5572224426372,26.5681217388848,26.5497160258328,26.5289507193575,26.5364080839684,26.5238146180701,26.5228542099003,26.5368975324023,26.5277182152492,26.5058440537228,26.5320861419856,26.4903436407271,26.5085796333741,26.5002639557609,26.5067655619592,26.5067172753411,26.4919303011713,26.492446645022,26.4739049124095
21.4943717747217,21.5356840750006,21.5695879425729,21.5822970851237,21.5648465211453,21.5852126630314,21.5859222817316,21.5980331715072,21.5884337989024,21.5951903451803,21.5816497322113,21.5836489365287,21.5956818717112,21.5991845346534,21.5836457902303,21.5894910780452,21.5924274903219,21.5968602167761,21.5982019955638,21.5803623933241,21.5850103766605,21.5629029157268,21.5601805541565
32.1343351044003,32.1995704883501,32.1824185878013,32.1774207395814,32.1798419675221,32.1836690105706,32.1747052630498,32.1632261131069,32.1713431279232,32.1642040340159,32.1669336003837,32.1645464963802,32.1603661509557,32.1585864845681,32.1625474839048,32.1706613108768,32.1565165795993,32.1478225903767,32.1490609909177,32.1553132402164,32.137521102045,32.1321893428013,32.1269666282827
17.0817976928843,17.093375550322,17.1113659124456,17.1055666365493,17.1130765573222,17.1088256897397,17.1139694282739,17.1101865981419,17.11597386076,17.1156120260175,17.116734205532,17.1101553172727,17.1126875013532,17.115414030873,17.1133013051832,17.1166426128024,17.1150867661228,17.1145592718223,17.1153448460063,17.115143438737,17.1142094563644,17.1140214557517,17.1162100670455
20.7727691788242,20.7906969968935,20.7998837041457,20.7909611734957,20.7993221974697,20.8001076624258,20.7854971216811,20.8245244291695,20.8261360099301,20.8077815040073,20.8158780337677,20.8094086304403,20.8209481102431,20.8103445630921,20.8044653321857,20.815189858471,20.8254436925776,20.80620344421,20.8070407233674,20.8016491064807,20.800262922216,20.7969689033788,20.8282586534167
23.4300158727035,23.4866512936125,23.5018056445229,23.4987865362176,23.5006890497864,23.5036515709591,23.5047221767711,23.5084594319509,23.5070099910928,23.5053204655425,23.5056166079166,23.5113105617651,23.5081847715232,23.5084806042792,23.5088635277293,23.5029053004091,23.5110705391019,23.5114676773335,23.51396009849,23.5057973050987,23.501332161616,23.5063860837486,23.5091413759818
24.1120188217023,24.1409786676485,24.1619561811398,24.1641256873555,24.1819381903752,24.1746151684868,24.173021182052,24.1895651054002,24.177227955935,24.1917388338064,24.1881867367072,24.1853057226711,24.186499164893,24.1857888991817,24.187939155027,24.183879661824,24.182516585125,24.1826913437576,24.1817325353906,24.1826537225513,24.1776911076687,24.1690764603666,24.1776309434549
24.5610523136966,24.5471629984797,24.553918164452,24.5505104947764,24.549208282476,24.5471573685181,24.5513519080267,24.5509238448439,24.5513481421166,24.5521709092134,24.5500696360678,24.5507823005247,24.5483500776307,24.5491242627156,24.5487238474631,24.5526224823073,24.549299222139,24.5476890360013,24.5525626810627,24.5493555863425,24.5477668901986,24.5481198954064,24.5500443777431
28.1726609565674,28.2246224467793,28.2219970187841,28.2203881194336,28.2189620540019,28.2207819239316,28.2286324696336,28.2236987279265,28.234333114225,28.2262106030735,28.2284440077189,28.2236187764412,28.2324501338817,28.2251497520155,28.2296257780687,28.2294530414593,28.2298455801046,28.2309211729422,28.2298676326067,28.229754129376,28.2297811285439,28.2294745561695,28.2295260772443
26.5742618205858,26.5779170669941,26.5803008511576,26.5759732715418,26.575654278737,26.5774201197069,26.5787034851405,26.5752240616685,26.5764680480078,26.5780476956266,26.5780362523026,26.5782093003896,26.5773566402689,26.5786920782766,26.5784370073045,26.5785668767075,26.577227591825,26.5794842843717,26.5771927762902,26.5776747908696,26.5773162055459,26.5759639755581,26.5773515614589
24.341705748393,24.3822974958772,24.3756027683226,24.4102128118254,24.3826368660869,24.3922782562291,24.4007345744616,24.4338296126569,24.4167247449013,24.410531130965,24.4057944798404,24.4322356334,24.3921569865104,24.4141810448689,24.3839045684388,24.4074440251712,24.3690023214497,24.4050636575478,24.4123129218414,24.3987160054304,24.4056674915947,24.3662102806306,24.3919084899461
24.3015343376702,24.3051646181198,24.3160743783466,24.3085670130755,24.3133704000627,24.3145472246223,24.313601374353,24.3141103016655,24.3161529641725,24.3126615783921,24.3186905053579,24.3097491904089,24.311542942715,24.311364195574,24.3098003297142,24.3140442706043,24.3115577865391,24.3094732054032,24.3120502296878,24.3128340960694,24.3137850952691,24.3104956348666,24.3141106259851
