"V1","V2","V3","V4","V5","V6","V7","V8","V9","V10","V11","V12","V13","V14","V15","V16","V17","V18","V19","V20","V21","V22","V23"
482.453954243447,504.395901115055,495.429562332203,495.93113898923,490.452250974972,493.924585453413,481.369436314542,478.737701995617,485.740720731336,488.839853192682,479.930790588686,476.260651010251,476.222589135377,474.738982941585,475.774994571713,479.416183719565,479.831321800713,480.527560207128,478.937810538574,480.725781750055,480.403263472565,479.767243448587,481.486457871048
501.133819994682,476.56914636885,471.49736463215,462.570963955839,472.830864640134,478.856554465783,487.42939391769,485.080737540945,485.226881309813,496.01622596509,488.274475394691,477.699880023213,474.596202251149,470.715633507457,459.368705245646,456.26476515032,456.524312726669,455.389450880764,457.552638428201,456.899236654927,455.833839100117,456.982808183258,458.561652558696
313.816206356665,303.333696650709,298.552268187736,299.4826968593,304.842868066719,307.769212430614,304.798031036843,308.025093948261,309.877759656378,310.265684728102,312.746173127517,308.284444111606,315.054396066415,313.549646270225,312.265121750384,317.569016047907,316.407633459411,318.33533715333,317.242045297081,318.478160572978,319.563094055739,318.971904375035,318.886716500603
305.157605755454,288.697825109035,302.586266267068,286.97923296977,283.616349651277,279.145220740398,279.778666861409,279.097190490666,282.497117628482,289.684328834396,298.634551650337,295.696236824845,308.727906374333,313.005703132797,312.373109607236,317.683961691271,316.213732011344,318.929641113217,319.196457845275,317.618129491255,319.831358307629,319.463280758636,320.258955290247
264.957060643995,221.951511143475,200.169095540113,181.099834307405,193.708870461757,190.98563350327,199.058519056411,201.876780067022,210.06234765993,205.931569330828,216.415693745464,222.62412075527,231.898785440771,247.416839335069,253.894252695501,254.950218564854,253.842005696115,255.502465944094,255.553581127717,254.481485498714,255.123754503933,253.284532946008,254.680360997537
197.695583243656,167.86692203909,151.789340317322,158.171098180638,168.972423147068,176.280332257394,184.971210642245,189.045785426779,194.347933289714,200.830204324009,201.02554454725,204.059663169464,215.081116238459,223.741753099403,227.735580394111,233.031781445754,234.844855959648,236.250240637213,236.443137051546,237.177702281187,238.2385788675,238.196314588118,239.009423572746
420.356969408653,412.948554401753,384.442002514004,378.425031720225,377.709446917148,369.226492352916,381.043266650843,383.933173751968,385.453652289984,372.429967813363,389.290691092029,382.597656499288,385.296878229372,388.415484625112,395.495109484277,404.890054977158,410.624417691045,410.351522853186,411.178809585537,412.479345478245,414.993817408107,416.359831533246,417.587655847774
517.710556680911,491.904510723455,475.952084845683,467.383516622796,463.196541029238,476.513127903101,477.858420466209,473.386501377303,480.557044663074,472.23284066383,485.408560235622,489.70223621238,479.366516359577,477.354426221318,477.713259433817,483.883158198681,485.980070071733,487.847957282188,486.647441544247,484.071982755821,486.048894607966,484.028303214499,481.129857279811
159.92277456308,151.201130578642,143.791981114531,151.227387377878,156.053274499225,156.890034146,160.641676810557,159.779429934749,166.316881713479,159.707638675816,163.162623958795,166.845446219836,174.073668115725,172.289415967061,175.851068587936,180.527179084398,179.844874797301,177.453717116733,180.745403301787,181.123417720304,181.327678203277,181.080840926088,180.950838458867
300.51935537466,305.599111685572,300.699757598345,295.692450500165,308.20594144374,314.334237439903,321.011649239168,316.265409353477,328.992774050843,321.62066906037,326.161467468976,318.514081930209,323.587618411801,330.887677900529,322.678849116926,320.939967926906,316.721375049561,313.971525003519,315.046618248722,316.967885887998,312.444710132584,313.678328067921,312.71007238047
191.945103460716,176.18611649971,172.868717079099,184.40472074403,174.336623556981,167.434747349879,170.059167022837,171.417419038456,171.155777989542,179.530087849619,178.812241623524,180.512437076692,185.684264623889,192.431605448742,194.172180418925,197.094299756348,197.701762911174,199.557210049802,201.696649794825,200.180612838321,201.882709073541,201.112027231967,200.925152884717
273.7297984763,295.187999496265,288.966491587484,283.850399712382,282.369974416558,288.714348063669,287.739578032151,292.821314043583,292.704873532693,295.086283744577,287.109530752354,300.741354118459,301.275198900502,302.35948605159,301.740750442878,303.46088842768,305.097777344288,302.770489712447,304.665250818998,302.855125887266,303.7508033556,302.354906908584,302.896147405299
237.453428728736,203.943387493289,210.152211342866,206.757637360501,201.139330350476,232.145591140638,215.27978703611,230.540208853264,243.058826841662,259.155357280214,258.392904239909,274.119276128539,298.463340326981,308.825566168314,314.294743998885,315.166020643423,317.354498718028,320.453418790899,319.341844859759,316.84624858293,321.116343787202,320.837090560447,321.78863146449
579.10289774767,576.6248593161,580.771104276839,576.310928073705,572.298044861014,578.595868233384,579.711457673816,575.467137517392,577.473621815043,581.987096973512,582.007593645317,579.102321546139,578.458479913005,575.355234497875,571.152914310902,573.164722851218,573.651726403387,572.367190498381,569.473964944765,569.625678787825,568.489676013189,568.825486973331,569.714807355226
224.151200461123,208.993739586296,187.236107569723,183.705254780644,189.705038214858,201.406523356893,202.403741890133,196.969368861285,205.439072618727,207.212306546566,218.458246786633,220.653755540809,236.977104063947,267.681353499992,272.877574847351,276.899846825254,284.020914783433,286.135242269063,289.474002910633,289.617223809029,294.210726820901,291.716705725181,293.88047212068
262.512585876949,240.379215376897,224.478800977992,227.795663549152,227.562741498485,228.928052622636,228.391591573467,230.001432226482,219.872511737395,223.699777079859,230.473474117069,225.700245476323,220.309687176871,225.811493505595,225.828436333982,226.409891439091,228.499882923398,228.454505820784,228.827343527561,227.815523317818,230.100226178148,229.163155568764,230.361229870379
291.577096912054,248.100733897026,236.919778800641,233.873233108718,234.347834251512,233.745354937909,238.430311434353,246.158068606405,243.261627249265,244.851825240472,244.968273731845,247.514468271915,250.676535072567,250.222190114501,249.95325928259,250.76540866576,250.29785499254,249.987501692972,251.099573150965,249.416338529608,251.191778293596,252.588026062402,251.872297373353
285.565092738852,297.538806663744,302.834613690189,309.764857332871,295.671661224474,296.753154118094,295.249275319007,292.951282288332,291.935180429546,300.19467290186,297.021714295892,306.303816827742,312.314642855128,312.806366991874,319.701606651782,324.072081555498,322.149039483842,324.931746819442,324.106547017391,325.32090415605,326.162224300898,328.87990713483,330.305102533865
248.074356578722,218.806109674147,198.714901517737,191.671614919724,185.348578851608,185.892623937484,191.389171357784,191.491095106963,190.607351991331,200.839460487061,208.002545724647,215.870995464559,220.260879371935,220.385747970554,230.439541003804,228.275977824682,230.993306630765,235.950075724705,236.375432295107,236.385926915002,236.883317819814,237.971975726621,238.892364303023
186.627647671679,133.888231956362,111.46056217453,112.365924649847,114.675701687909,108.780959263905,122.328468249858,123.705693321088,138.31375526322,142.008874147037,149.870849155418,163.550509394072,185.391605148865,199.799507688692,205.10352183338,207.516879979271,211.586241163118,211.499841134302,211.804815097573,212.780496667195,212.010276241419,212.453526383983,212.579076969096
294.156253133645,280.876761071277,266.227585385319,259.716293973323,267.580721410928,258.042920931167,252.40826655765,262.604767895947,256.545824758407,246.337280715813,258.415285370287,251.177745193038,255.004095550659,254.145887149808,255.265344191538,251.477344814047,250.605362934584,250.917889450274,253.350012782304,251.298410914037,251.102414031811,252.330989461007,253.825731260878
225.803389070706,195.808850280992,185.177583676426,181.205011318328,178.745587918594,186.206654339084,190.371988654021,188.440693930101,197.040906242118,196.58960775983,203.348115654885,205.382725133613,213.743588955823,223.78969969759,225.295009687238,239.007725872457,236.437236943902,239.053281630216,239.05075090582,242.298517798673,247.065222714853,242.75791586217,246.882404458147
240.149326219476,177.041812570404,158.417389584526,164.172492509154,163.34648164668,172.479312849584,170.331729189688,181.816229957971,187.984716022276,188.045853084037,198.118987879565,201.421049599576,210.243437267675,214.947619166689,220.322340248387,217.022223649124,221.778099964007,221.631891384577,222.012869555891,221.160358411024,221.085202747334,220.635130005721,220.223530461868
250.058057200591,222.414379064302,219.877419152002,224.096262784979,212.837439283544,217.835006473496,218.563656241051,223.934931307676,222.765392462718,236.119868157479,241.35869436041,247.796811641467,257.101380829361,254.756414784879,256.522450064533,255.485250315556,254.519691549527,250.601750384311,253.803731184113,252.912550930283,250.829570117284,248.499827203942,247.174001572607
355.834062060621,323.416347430441,325.34939901819,324.722807552067,321.223572600282,312.190257541566,317.53735150976,314.879392499591,324.48265984302,325.708760866123,325.614848354773,322.662440647555,324.956338001187,344.530032991687,346.190237744368,352.760302323901,349.353987125018,350.967305677506,349.118214871721,350.381552707487,350.98780200768,350.318310032322,351.025154941709
405.564436196052,443.417907197031,431.715421587911,443.055783529208,440.026268793559,445.847925803543,435.940519742939,439.766685107244,441.379085085017,435.017947407179,443.73412721369,448.293882197681,444.380742508928,445.706381671886,440.825956587405,434.300799175462,436.037228118705,436.538496709141,436.830290845308,436.607395374118,436.218578667476,436.427004803039,436.212263228069
232.59181093546,226.8065683144,193.481691324131,202.863354201419,204.978340905882,203.210016140198,218.293329817521,224.499619453232,232.463111383099,242.479981463216,237.795434264023,251.287050089904,255.036061434862,266.473651641799,270.209100801049,274.679977801689,275.812210497508,278.033239940933,279.058588296183,279.758304430669,284.407634353901,281.969525547077,281.224281456811
320.75180909664,307.59701909451,279.765021432889,287.757332387507,296.378710142853,297.332003985555,310.888752403297,315.273109816882,317.212469779653,321.172368561188,324.440622651029,327.98737955453,328.684183955862,331.675909065433,335.326742492639,346.254643787559,346.442079514318,345.000114781207,349.505379703441,348.622681549486,350.519459556085,352.401075831926,352.180165356325
386.168365572226,371.808484686721,370.258330514881,365.758647339192,355.506869486928,347.295658903208,348.810197254074,351.528668667768,347.938641265709,358.699138961844,346.823026157961,349.506170734695,344.413860265414,344.334873869834,345.937040828438,348.527111262642,344.954230918475,345.368953312067,342.378021484454,342.915044178346,343.2350354219,343.217131474417,344.325504137557
360.00738875137,336.569026740136,353.758213981748,348.612261406447,354.847048783951,349.710802068361,342.581301289,341.412216399364,345.723192225912,335.036759891989,336.88276023243,341.967884278344,342.632246147534,360.147632095748,369.627855004484,381.785288196222,395.666405633382,398.361830360323,402.799104023892,402.82347011515,409.666946625599,411.018653154943,410.978199166451
377.533813348649,346.3993040627,323.42409922382,323.968290182717,320.392904391746,322.297539482346,322.555149238381,328.249341028297,326.856149295057,331.667609793212,336.515980062536,334.685042663413,341.330204719031,350.866784053689,351.675010736161,356.565884393922,357.782066464014,357.870667004566,357.860417333314,357.665118144275,360.533250409593,359.753872287033,360.366976876679
180.970328257812,161.412873338427,150.896513464509,160.758638061753,155.51339589238,150.975752919079,153.761797343868,154.447128468227,152.947602655725,160.185061291577,158.985608073338,158.968349387314,159.688541464378,166.746012867945,171.478103444973,171.244577213602,170.874136796719,176.391989540802,174.851254489257,175.197457937158,175.064484201302,175.794418595348,174.124197992679
310.405808567456,273.23592995508,269.812230046125,268.004987822702,255.949671834321,259.489002320476,262.12476085529,265.82448288116,255.679006319327,257.647008737174,255.383834463292,256.499969285209,273.217996106915,272.665700749629,278.819273359773,280.24679914985,282.492210566196,280.190893037539,280.142008726694,282.193235312418,279.572484970817,281.864278848256,280.23363487075
225.838680895806,238.421345063753,233.195661966722,236.511229506807,233.074383146695,235.495530532029,243.333764174753,244.06035268914,245.738757505537,250.783444772724,252.490204317175,252.015439016547,246.744615216629,245.341765220341,249.04916535896,244.110845135562,243.359091866363,245.808409891994,245.314146793317,247.456221042786,245.979644707792,246.169502102179,245.268229129658
734.334857465061,712.57086363598,756.372260500887,758.646965869597,752.055933534797,748.615660366138,758.325241402224,762.916049102758,759.565624600227,756.034927252805,763.707835947944,749.804846092155,766.095437406483,750.170812867746,750.683734131661,752.896256353805,753.080033968157,752.658333867419,752.899463470806,752.181755313633,751.67983585132,748.987995639928,749.168866377069
120.212244561263,125.801493409943,132.27478736024,127.802261744347,124.799771588028,125.252555939146,123.891014080002,129.832324172912,129.057190674764,131.570661868473,132.679469601957,129.737119206805,140.778207883926,150.983159001378,154.798373473483,158.426274594542,163.115023432379,163.01537412717,163.06256156742,163.994889909609,165.113401244275,165.488720376359,163.756948412739
223.711107642852,165.415951313714,160.619801197222,170.099631807467,163.943282510702,169.560339448135,170.291751793741,171.730654808707,173.792332450629,181.988719135523,184.030372031189,179.207943617519,198.977934874972,200.279381812926,204.585866554162,210.408921483569,211.61268281569,212.582123765298,212.96258622141,215.061861063066,214.63119020444,214.479829760692,214.883422333492
365.752347065346,326.983723882202,317.113874052181,294.466247397534,292.993340597589,310.533733118463,321.854774845194,334.102149178212,332.237206709322,341.218101186307,335.527766942428,345.05065166727,351.164474803045,362.653273892571,372.359804570501,382.282415078373,387.290144046114,390.222802678828,390.304130203553,392.119457804231,394.528858742163,395.67369654754,395.364513969242
351.864755783485,321.593798222788,353.767941164338,350.70681015968,353.30914976742,347.5746650382,349.93658151091,361.162150517001,353.064031986997,367.277015556451,362.782538393895,377.942922619303,385.835196604565,398.506395455544,403.928650077581,403.60321757325,403.768072905519,403.718793565494,404.215090141682,407.913710478952,408.046533522482,405.984371053805,410.790351662676
411.223804211833,394.294829639743,379.092986859616,385.309005755209,379.562788128158,391.009297488627,390.039674655811,391.648653867688,390.722994262854,392.759783051444,390.578104766977,394.109963625542,395.101445925632,390.910259592434,395.538364755431,390.517042310681,392.597763795308,391.396360054004,390.606695293593,391.227227557675,391.574372580428,392.128289238579,392.059921567491
541.973108637203,546.5023527778,553.085469724437,543.28752635647,547.321323666688,542.492897017913,539.348515740888,525.966176639774,526.231517986188,533.522594130557,524.780785388082,529.434650248066,535.074510998626,537.127895039055,537.55334317741,544.030597734464,550.250043840657,548.860530714172,551.087424737305,550.564662749209,554.699313980143,555.448321962588,553.709748346753
311.405237060544,280.444534246181,269.910882183942,255.243733761196,260.492387147644,257.452054819121,263.330772996634,268.693686445532,265.35149140757,272.504837999385,278.849401837639,283.784134912177,288.299329847675,291.903518598961,288.428805971877,293.499530787421,295.307508691231,297.26670435294,296.152374377502,296.047897264597,295.050154224858,293.321893058499,291.25796292134
239.653917318108,230.640696680947,235.711699093696,228.498424064279,225.827656141097,220.481056124702,225.937731371722,220.068415716287,219.403797256055,212.50967500802,223.777085615529,224.507669411482,226.281918977233,225.677959097268,227.044324313371,225.208770356693,226.749026700968,226.0554070913,225.523956253092,226.246778036129,225.846807774278,225.005025685966,224.229929580142
361.484716301231,286.046667104217,274.706410334882,256.773539774495,230.933378310013,238.151592482178,243.636945225246,249.941992859873,249.024663711186,237.045197266216,256.208451918515,268.741332538291,289.481842353238,301.934480248738,319.994041455856,324.232564101272,332.292154436555,337.78064207152,336.752223374089,341.54018113144,344.934314845737,343.540396911773,346.476869045372
441.742142451093,412.117276842072,419.73538898906,421.092715805737,412.235876294223,416.177230803572,408.644984050097,403.854247216411,410.789986699832,410.315396293014,413.344181758048,406.40974639599,414.396546246831,410.922801405827,416.186494950708,415.469811827385,416.160369702705,416.201656602052,414.162707534991,412.424330631344,412.980092072102,406.998753070406,406.996251999163
242.784058299329,242.536262223614,232.198165112315,235.593757073733,239.144108720271,251.182716092721,246.58169629992,241.907928041043,240.119442401021,247.095838593275,249.308515645956,245.574653943218,247.371226838661,244.690180403823,249.09012122905,250.209033925129,252.935987272276,253.168008362831,253.755646987219,253.379517872471,256.674018907753,256.936301810536,258.018131740555
249.049527898153,287.266134322937,272.836627572707,268.972942531642,257.45054733621,253.159082071126,249.329940378045,267.142922543521,266.911584965955,272.230748017152,269.120642074203,266.676529367255,291.494170530837,311.853562365785,318.124452139637,318.982225622617,332.578282783499,330.047543996942,333.146022578324,336.135805091146,334.779682291419,332.426489211704,333.723698815088
455.784300874895,441.141559534075,453.980341558815,447.5792024936,438.935484064113,436.038700362436,428.348103624927,439.172860341034,444.588420010707,441.514849726356,433.347346868225,438.198847211643,436.434483793327,432.685953946488,433.278095145747,430.123470533065,429.327468842116,432.585179359868,429.878791048748,430.6023258674,430.36987530489,428.694165009832,429.10793582953
302.103375015173,284.821375708679,283.71215177033,274.968978654713,269.377771817975,274.304581747934,271.11516317601,272.5105657885,280.48174521151,270.380922697176,273.952078477517,273.150039129973,280.950724663666,287.675212412181,298.65662942973,299.227369922495,302.326351355277,304.346500625676,305.455584410067,305.78887704479,305.097185627704,304.512997350604,306.778695940048
209.851710359275,181.37761942581,176.411240589417,173.642278041513,175.490050452442,170.284934886367,171.386472120023,176.176424878891,177.077937439395,180.533700072084,182.78001356249,185.211749682512,194.984766265611,202.844053222313,206.528793977077,210.683911701071,210.755677891183,211.10643261507,212.959270565861,210.621052383944,212.822190137524,212.938520834727,213.101421439283
467.810856958994,419.38361650617,438.56202258981,443.235560371801,449.366513153448,454.97854449886,457.776468621944,458.846596089245,461.99079199311,466.986886777081,459.742953674984,461.453904570757,473.00000549704,477.916302518234,468.451908669934,467.680472499462,466.969403973955,466.587077660805,464.912410088492,465.73940571265,463.294982266596,466.284447583725,465.873397892944
309.404018919143,330.799398755114,351.14673515628,337.561275275074,346.90160773861,350.98191971358,356.89549727547,352.723893531253,359.838185501552,355.145901347991,353.844674234893,352.071197062169,357.764472989761,354.077005707462,351.556278634422,352.555386393581,352.343732068456,352.695205421309,349.486255577834,350.602145901165,349.479854158893,349.520118116159,349.029449818101
302.507590064795,278.283524300716,271.507510296484,271.173971697607,264.151539346862,254.515597380206,262.24373034343,266.688989916068,262.803304476195,257.233886255922,265.754751008498,266.127195296958,271.252578142142,278.698736831334,283.013555147077,293.267032647914,299.434094675764,302.144126007405,304.640170554371,305.783733696004,305.830626624354,305.417366111803,305.278056697997
215.603446364405,213.414345188161,195.488004044926,206.812633018452,218.882496093208,224.070079594097,222.985143237824,230.094852515935,232.970977547114,240.365639474879,243.629885790115,248.89186685669,269.553754995834,291.78849298188,305.809594017732,322.213694134372,334.276279257011,340.127704395516,340.277334222128,341.510228216828,346.231068900381,348.22259347909,348.378586901589
579.523066746115,549.28656462003,548.271919653513,552.299914822522,565.837393598423,564.117678919699,567.488734555454,563.688542927725,568.924061337247,557.908981896192,559.149080216977,562.277581044007,561.392772490629,563.950017956386,563.97460340536,561.802937103871,560.232039950159,557.691049703024,560.498083847744,560.894150842041,563.071326450434,561.955475468708,562.621811956829
233.275186616498,215.368505303326,227.596457017584,226.414456930496,233.192625507797,237.759052075256,241.689349167595,237.460486251054,247.278542121887,239.041478197249,242.814731333037,244.67203003018,262.358155143316,269.098711360677,280.40347539816,299.319171738321,310.408014718333,312.708748386575,320.0798345235,323.633453743443,329.030276189076,328.519549510022,329.819325391223
301.031134212768,297.079476016976,286.48534443508,289.315957735045,294.263729066208,298.703988328235,293.137282461271,302.474506182212,304.215460824661,308.610861663069,306.651003044815,297.993865157595,308.849502218363,301.626120125635,296.084259242041,300.794333064802,298.327217705099,300.298294329004,300.755025938784,298.613598689619,300.011015021594,298.322810264419,298.934859970716
446.394258467556,442.633572522099,461.215479564919,454.141031080638,459.391926226378,453.700908730869,452.51632571622,455.734146886689,455.005469410078,449.711784737345,452.949057235691,458.715839270174,456.19227377607,461.162821268379,463.622803725256,468.440137913466,471.202595726316,477.333225997814,474.353226504429,475.424813208903,477.785332674345,477.806738000254,476.508434100785
132.060426808624,125.515886670777,124.87741355249,122.191731448258,127.029749270631,127.113533347819,119.316857288764,122.740007916745,121.37664113459,115.834829659597,116.774720256479,115.423454579404,120.03749586948,133.038796401695,128.708449262377,135.208004725394,134.040293700773,137.958046520336,140.593114049064,139.386356645036,137.648248280111,140.342182027887,139.313209329871
180.203005421756,167.154974331837,166.93367671851,179.854922295132,184.164409660591,190.693175099923,177.595132373992,175.375207400813,183.158110438803,180.200672553473,180.367311036077,185.74746980694,195.427489016537,203.702651332978,212.617092553289,217.641153122342,221.019191844402,223.122473040525,221.244772093215,221.546914560356,224.514034280159,223.242566821785,222.479202865177
650.303211274354,652.04533132797,651.975748244984,649.396243973003,643.124047994942,645.105489332664,642.685946954679,658.406368960171,641.330898303133,640.93559773169,646.795791830428,658.79692261422,675.33439744035,701.929830517227,712.866773592179,723.615385544749,724.379307402072,724.587037192784,724.022889230543,723.861082249967,725.049466732232,726.227980418979,725.33229743515
146.69766541911,126.135605884749,111.895998504209,117.189252062788,114.631208831335,113.009374308424,109.953127914651,110.08888917479,113.343274764146,113.125793226235,123.590397349691,120.090632591779,127.468404962279,140.559926621918,142.378424268441,148.181634621379,148.015258007518,148.985543897568,151.646339311272,150.494560795689,152.400303866613,152.072257674312,152.713379768711
277.445243887893,276.995615470221,271.848107004468,269.070904979623,268.76470179433,265.769749712238,269.927835303723,269.055720263591,264.991427083452,258.301914857452,270.977382776791,272.568194115679,273.606356237388,277.077951889905,294.068277012375,298.610636314644,297.863294044103,302.969298990927,300.478506151253,302.963290588268,303.032486845839,303.461869556902,303.736238149865
179.954876745509,201.315976331854,207.630152716912,216.740074006044,198.931320943908,195.134199592474,196.351122332878,188.593640244607,186.670169524629,193.204271676319,193.270785545794,192.765954052957,200.478284066739,207.966588923577,215.935714626548,221.217016831331,225.813280207327,227.343984135576,227.326288342207,229.23105020016,228.607808259006,228.900815686282,227.691565410811
258.570325008875,230.903485732436,224.216942210559,231.925938086857,208.602913702412,213.196752618429,211.955305366807,214.374225120231,205.380178288375,218.465591362514,217.4856890518,212.957498970337,230.489237499666,232.326453149478,228.404161443462,231.196337674074,221.793909324099,220.254451994481,219.561730093274,219.078124308423,217.103595088861,216.833226267902,216.690435926292
552.958602002791,576.432351090256,572.799046867678,573.284905865102,579.049158612698,578.413110014046,582.349361525816,582.545690181605,591.046400628598,584.53542178893,586.147994329338,587.002171591218,584.230767334108,569.590007298453,568.765504121485,562.927595214575,564.722045458664,558.88739328437,563.166207542662,557.231965808901,556.070672937146,555.804892038424,553.95657762063
381.188794112738,363.506045097651,350.729479313417,344.830949923911,344.102666652111,346.996965717812,356.442996229655,347.748934465636,347.026927876771,352.852507799479,343.76118598505,352.309229030321,365.928665324828,376.483787405137,385.082467428834,384.726718685105,391.226604906176,393.469547030423,392.684989630093,393.432986430538,394.183777649148,395.6834463612,395.534946594734
335.415757756654,291.745835361694,281.861412700076,274.392421157117,288.880535121279,292.902537077266,279.304410459131,282.920007982772,289.22633739819,296.026417325914,305.456434247608,304.637296202243,325.580372904639,336.298735537838,340.634181327095,345.209767825277,345.227179244526,347.396110662068,346.26910111332,345.088218716193,344.630366437235,344.330146529475,343.839939754333
224.834500223639,180.592738697113,167.663400006847,158.879926959077,159.876853993331,175.993256819239,179.620122737453,179.762790357423,188.664979935648,198.544388031901,197.63508766994,213.019243575842,236.438289585955,256.909283534629,272.406189688317,279.120861823864,283.433619974311,287.910732887768,287.868858070258,287.514240857197,291.034101818173,292.137357006433,295.399476960472
225.944029244701,214.004765022973,220.802626950618,221.760852002102,225.719243648803,230.424004263617,218.128501323916,220.230878783318,223.169175348526,221.376678761615,221.42319065002,216.604872824656,221.983076028544,225.932493008664,234.40538684262,239.024946803227,242.718890213915,240.93812686692,243.583224386909,243.064277746524,242.932324663036,242.9955898643,241.9897421071
154.379062532529,137.594931311111,126.826148651723,123.084512599226,123.416644327929,132.498563396125,133.299952171611,141.50204250579,140.649736598649,137.952587902145,144.932108792408,147.752939800565,144.110514142969,143.418618464371,141.956575449856,145.494337204528,141.698434912679,142.423616512257,142.56350763973,142.8585682497,142.608691731208,143.181582751363,143.338532301303
425.894362989864,431.203092805547,432.344705376666,438.3541204363,425.589116164771,419.697466481995,419.336524949237,429.359252500349,422.793398914038,426.493260782259,413.514920306385,421.710642213257,440.70860089112,451.259501572736,464.397911938461,478.389292467449,481.96209025804,480.832674837758,484.08128701117,484.857542846638,488.056579993587,488.636505549884,488.718228730556
486.509924131875,493.505860363137,492.446303608715,488.825492936182,489.945667263096,481.980856530078,486.239956423445,480.387649349775,480.474816838054,474.577451401952,486.747384882663,488.569568066341,487.155150419356,483.197046339153,495.269747263248,489.429705540953,490.303640767688,490.284447957087,490.814336746976,489.49169848409,489.96091250767,490.2336280855,489.36821961935
152.970000677591,125.79398230007,127.656275633225,129.163243522871,128.636122991371,125.478587564848,129.702160263658,130.487594841016,135.84998033884,126.743718070723,126.863973297438,131.838335429528,134.724987576178,137.051895260507,137.072873918087,141.647793058027,141.064001250945,143.735837542264,144.316663887689,142.693949700826,144.758413247533,144.552226250114,145.661714342039
362.491209376245,373.391243512002,362.977643654801,355.80587837006,362.982326679131,358.270044845399,357.200379171768,353.381039625777,357.559283659737,359.655811107503,357.644638920003,360.910237205746,365.595734978693,367.762505339941,369.777937191312,372.617410906863,372.511283303062,371.938662211721,373.655793335785,372.539126929727,373.943426956117,375.267314028055,375.039842110704
270.444902767478,254.565929920633,252.634496370907,252.023477405951,252.425546498061,244.796978634263,246.796685620956,245.901240493092,248.369397491869,247.509308781317,252.113083222312,252.640253599978,253.164168016867,256.286836316079,254.598413629563,252.639660439975,258.391896522203,259.48094291637,258.755996648837,257.735632269478,255.948496027214,255.754172280488,255.160543679759
236.75056993357,193.348539790216,190.241341289437,199.57285150401,190.891585534847,198.887755504587,201.799084015497,215.987362486544,215.534902307737,228.296951665676,245.207168892989,246.973636585702,260.230684769495,276.650013739382,277.691477216862,286.730611180047,290.755957217709,293.837356695806,293.265178086646,295.50053594624,293.629186110826,294.040292421551,292.277000658769
398.611593480954,379.774701600285,377.558452767527,376.505322823051,376.002473870251,376.244452776063,368.627981345628,367.759715581138,369.66490786028,372.473013945701,364.419459874191,371.246728001587,364.804584867646,361.958261050023,361.018299473685,364.548113971005,364.883614312734,365.089257953538,364.552636808913,363.614857806414,363.937318961053,363.72170448932,364.662725465519
256.777037314641,229.359167626888,228.241384765954,223.250032044412,219.129919388608,225.820930147548,225.291182576153,225.587753607511,223.219366270503,225.367580136362,229.363814671082,237.049545302472,240.227733374897,246.519251758033,243.524669242886,250.18928542864,248.815124709897,248.129525424899,246.919246392585,246.926168502153,248.712654440188,249.952011420891,250.150631098518
252.352709898727,181.129648602128,194.808116139269,188.765228292333,188.819082642605,184.182173163997,183.478838963301,186.331090441637,192.17116099854,194.137661873694,187.708776786299,201.69843521676,206.007044096211,217.912769021625,221.116974412462,226.057673917533,223.826528477162,226.18497796221,226.288033828628,226.303077886821,226.618970210601,218.169906374194,221.188201135577
824.687617883143,835.589699963273,817.610728632647,815.255343794517,799.425719327512,786.020119142568,776.173504600447,774.743005031137,768.71840147715,787.461734541258,778.905132489083,788.258146853686,785.408417696036,792.670962516946,795.538429445206,798.374170184211,796.395055521047,791.219951371546,794.1985704627,790.761392289178,795.52067560623,798.239100090823,796.340409255332
582.420541961907,579.101785727466,574.565097230196,589.322459260773,573.048618432556,578.292599187571,573.203015401919,564.186936238064,571.669527902484,569.496037483664,566.712189920837,554.373179770262,558.888653186101,566.995494935219,576.604844135081,583.389809085457,589.795752824284,589.123277031821,592.838723861608,592.589314725093,598.189707584769,598.127035013279,598.249513916164
227.258684162987,169.84112238256,173.926033571331,155.983733727253,160.384419386071,157.089233650912,160.902205423656,168.229890847836,169.190633275009,175.098770721685,170.050860065429,187.138473074539,202.001975060409,213.405187123202,221.929621153455,227.001103137902,235.65390926885,237.978415029903,241.695550612432,241.694347648741,246.202969613278,247.495272938204,246.274823444888
242.100385775469,178.251168297891,171.08668439454,162.584661618389,174.956440025773,177.589065790137,175.04041114157,177.038302341457,173.41240242031,180.361542659347,177.722082042924,182.453095553783,191.288330338618,202.484173674234,218.52734587156,217.628579603605,224.639688844907,229.523423444031,226.234315503431,227.678835338109,227.438862112494,227.245496773647,227.667458290323
472.73713799191,437.732366921764,441.817992528669,455.687362945076,449.878685808236,447.914083799583,450.606475559889,449.558812568818,448.376793346256,453.95215857028,443.918081900583,447.777966196797,443.151071348957,443.990206506777,445.097057500056,445.437558501727,442.348268753139,443.1797006505,446.270944165179,443.729279808124,442.451299869965,442.387654552321,442.368800888422
328.054963333385,288.503222710526,268.372402596192,268.140080045212,264.078769808833,270.051241361221,270.568614915951,285.076283850307,277.603581557696,293.579306588553,296.812302345915,307.697461803417,350.660564298672,396.37627279673,415.55644102492,432.199380452784,449.631453876079,465.654186385362,462.205371446024,464.640223165992,473.096230319984,473.619500136163,470.973290810615
263.264803944816,217.611585058401,211.970825912956,216.545529968915,208.44459088515,219.807310809786,223.368976477078,230.730773414569,220.882344562284,237.587152259,241.115773708555,243.867918954304,252.631849396518,266.058948346602,266.736594294565,267.098567126069,275.216497594554,274.930854631938,280.228535238447,274.740202002873,276.148326917178,280.77803638878,277.080136443985
437.076579367734,392.514541325852,386.394880869704,384.036548424239,393.924678291129,396.875270393722,401.066916558879,393.66910682523,392.214382961766,401.429968106177,401.512006768888,396.985999661023,403.573726197689,410.534327783736,406.351514871262,408.995085562876,400.246652093734,403.904675062732,402.991016273118,402.978021386589,403.008414183379,399.464421131266,402.082361224414
235.835849802574,187.30846914647,178.380981344299,177.759741179275,173.269789242164,166.39072676007,175.33243997115,176.10008675203,181.548238053944,182.338036137569,180.095106265001,189.321441601734,184.978802254542,184.687439495327,178.549414178481,184.330881811963,189.239398498722,188.051364074863,184.167298303025,185.173859539406,187.001621941553,187.418930724132,188.026693725658
405.319266569876,355.501582648315,374.56270352565,352.868594923429,361.81229896934,353.99351614765,356.096265931395,353.52360933457,352.078514645305,361.557508669944,364.176267539819,368.653829369276,384.056409026674,410.25481005879,413.307663518974,415.468847369567,418.526976264552,416.353104525563,421.544461029211,420.187432576092,422.323549840686,422.061451340353,423.352312670581
251.856826219621,258.547608547606,266.766305037597,268.052125370952,264.348580082337,266.94290776928,267.970017579587,273.059450303413,266.647592324273,262.913788215139,273.772646894383,272.021837535761,280.410022532742,275.33114164707,287.750628641682,289.630127238692,293.480422563372,296.299810892939,298.372754384921,298.191756269649,298.655945288147,299.133305874888,297.287999263189
291.917634292734,245.401302002994,256.295976761726,243.03238978232,239.065141546184,232.587997162717,236.777414438678,247.869024021154,250.356453018394,244.454198058485,249.843618405568,246.393749889834,271.312136009814,279.560992504953,305.082849968356,323.853622133548,336.180921400918,332.318460683386,332.436604427742,334.103338557841,337.008514228898,336.972768713716,336.81408617776
282.630885502976,279.199228200626,271.790159880948,274.215970622562,273.66790507992,272.707228902768,273.979791767237,277.995859644033,276.577266418589,275.042631114371,274.418510418081,277.542109740137,290.402911645481,293.427181637499,295.064037844151,304.388496743554,302.069799609662,304.525432012447,304.561148374939,304.323036776221,305.549466717587,304.563466851169,303.309710150204
391.894137462645,418.830869383643,428.738444776996,437.479652004952,438.361668904333,437.982849753082,444.007587161329,440.96669974381,434.962383171413,427.649294256771,429.824366280372,430.302022149274,431.272109890855,432.925078018856,429.169739534399,426.177744253258,432.946202376899,438.721202123364,436.205509002442,440.668155521129,437.460176966635,439.469969629239,441.362148878084
307.170928748484,282.456609080673,275.817413823167,266.456719298944,249.016501133197,250.745950018753,251.891863197415,259.925202209717,270.935415317953,264.914710261624,280.165054552157,285.891199246207,336.155275139423,363.590709687663,393.060314022983,408.13705543224,426.787879441434,437.76312620434,445.351069246472,447.290908056534,461.827894647064,462.744735970856,461.187727891437
210.938697869544,213.862024777409,225.963201641102,215.982525174694,216.137067502418,219.311936652784,217.716188089011,214.232474832626,219.852598841091,225.258084712188,222.129562215382,225.546488843545,240.735849599844,255.242502747087,261.909474093432,268.090230565946,270.039934695131,269.964620500631,274.08508780205,276.963408489655,276.227402369699,275.67131036495,274.422767228185
471.641160661509,437.621330752726,441.932329550042,453.871146401781,447.757536530423,440.573188114732,448.781681287051,440.822744328472,441.363756883122,449.389500063308,442.314321729286,445.119901764974,444.180622115086,443.283517306759,437.346091743939,439.204398036783,439.840063066095,444.597767820647,447.25388888025,446.363588582742,440.234818186088,441.930707110499,439.109507525458
357.535834668747,354.450507929628,344.02306054534,339.184522691282,344.625992975286,336.417410604,330.02058868146,335.550557323402,336.478923582925,334.436198662614,333.605363942266,336.718424398434,332.981865324774,334.830411135473,336.596667510268,338.107868577084,340.021542828091,336.579485433922,333.543784653671,340.320472158501,338.957883157694,338.385239946976,338.654582988598
228.726909291816,190.912012145965,194.228661509402,181.558595074493,194.356655942291,197.38125226431,207.065565248365,202.359181778651,206.412379088143,211.600208982223,213.571275343969,222.604780397321,224.794478967491,229.81244720262,228.473716816826,230.961900193713,234.843453231939,237.125676656164,238.941481705393,236.134312085838,238.028271060283,239.213358684473,240.041688566769
252.417847458077,223.743461512316,224.533098638447,230.061131189227,233.022101121652,232.702667294241,231.151488238195,229.840452982014,242.21871411317,237.379151612686,231.642721216783,235.550421806453,234.416909669692,243.655905597755,243.386978845155,245.34327998141,244.767739683483,246.430127610876,244.615377757238,244.677122622622,246.77671536093,247.869067940573,244.931054192229
