"V1","V2","V3","V4","V5","V6","V7","V8","V9","V10","V11","V12","V13","V14","V15","V16","V17","V18","V19","V20","V21","V22","V23"
197.782643268415,167.579650068022,170.168474957246,175.360763209556,182.291059434027,179.511318304781,178.644039613992,173.9207380845,177.506429336403,182.051285895423,179.515499689844,179.856412126687,180.706970770594,182.403329120776,182.17802462371,183.140525560347,183.104808567465,183.046280987297,183.122466729917,183.042660154925,183.053004354395,183.133310204581,183.083662011877
327.97266327153,286.776962477092,311.470109937858,286.763043147355,289.275421525677,298.905570043211,298.866190851824,296.304339751885,302.946305497652,301.450221399308,304.806811932278,303.653558336477,303.12055506559,304.784039691696,303.422567951545,305.53140109941,305.429490683612,305.443146982701,305.395511817107,305.485983760229,305.507716172593,305.454884810793,305.524728934479
448.680512443767,440.420886883576,444.111037710672,448.230631970261,450.692398149441,453.658374565716,451.156491242102,453.256956479443,451.814645255966,451.711436021987,452.525775578328,454.258305531865,455.442130946756,456.673877990452,455.706073227815,458.390125044956,457.65676877795,457.632807483966,457.612540499544,457.620660496432,457.616208272282,457.621086059263,457.620874940818
405.790039627544,424.460135659259,428.527616737721,425.736144730891,440.482100749687,446.657338790349,447.982204359584,447.867791839327,449.865565022302,454.522080786142,449.839039993356,450.717911795248,451.428828084381,459.868778896647,461.772076210963,461.625060833286,462.350207044741,461.602226945917,461.56387240767,461.760860481501,461.693436077254,461.292086064322,461.492205413065
389.640331507242,379.499499310605,381.769494715424,387.909030285106,387.325972234368,386.426962193785,392.295101019379,397.946479873246,393.750688468328,395.508990966724,401.268145449801,399.901827388327,400.64388325078,398.478503525682,401.596015846901,401.227165614096,401.46204202423,401.533846594283,401.464718309179,401.52738228058,401.373710660654,401.008145508979,401.161464848822
343.757536120357,334.570118637263,341.993775993097,360.163754676247,362.435667491055,379.610683871558,363.035381963434,372.969207495103,381.958454941246,382.735606970942,377.905775041007,387.050673101365,389.202100211182,391.968110108799,395.184133258286,396.738517719592,396.497395448564,396.264029198359,396.121610242642,396.446958364869,396.402720296744,396.024139660483,395.99123933656
197.869060512386,171.673571810424,161.08777586068,165.257314621355,161.205109811624,164.687916482589,163.378262669723,160.689256849803,162.033610767563,160.617265637599,162.550946740297,159.700088594011,157.675553609575,159.137758974833,158.9548414066,158.673958957392,158.748420342759,159.063118093801,158.623411379611,158.589023851199,158.652453329841,158.599815893934,158.631238971185
342.837123531295,341.061116342524,402.383554848011,396.957928788251,405.357353670573,414.227143957164,405.915632701221,421.632290468464,428.750739341486,417.210011901868,425.69752237997,424.28716489996,422.008515286157,424.438083115498,423.520745321839,425.886019567104,424.896278053441,425.001725420273,424.292190071646,424.603966017649,424.538002930048,424.113941725936,424.231855959741
249.115350380233,224.796041232975,219.861760208172,220.517343560741,213.489511872268,229.287873798988,227.813327072774,228.585768050771,230.980481356091,234.328838236298,232.976630549721,235.291610177151,240.350591205146,240.638183693191,241.665639383706,242.009927270517,241.831625608875,241.947906399427,242.007634597029,242.026026795512,241.919693007756,241.878620895168,241.908515888352
513.503754412391,517.425002425479,515.153964262041,497.977510162327,494.093038643824,504.260184994114,500.59567035415,501.169538643958,511.891050800968,510.129167287211,510.021097682755,509.402797162826,512.275720488671,513.965750351463,515.553903682404,514.030756594635,514.210992701078,513.653012622881,514.026093916234,513.984828919219,514.20889895245,514.238268770613,513.72494210373
189.583004124343,183.260798094318,172.816242914413,177.228637499629,173.950400259031,171.062163710522,174.874521155794,172.425343624588,174.133617945691,175.814504383305,174.309347399657,175.36003314692,177.170632444508,176.078376960054,176.741447403982,176.92199922749,176.088978373981,176.841236486872,176.409347368684,176.783841775143,176.618875025069,176.835848421049,176.690910404019
220.910885048113,208.219312211363,216.058317081988,218.758075467844,223.170064750937,231.22651384478,234.961083390694,240.430732760959,238.854371800565,246.357696649271,238.586684616571,240.35897959181,245.513282500666,247.055391291789,245.051446133017,247.010133256786,246.478565468114,246.555508030141,246.64044304956,246.687101592872,246.685010432473,246.66859193134,246.564021892431
143.369865950293,136.657512925456,137.416740219152,136.760098580588,139.41939163566,142.07527790757,141.005967849001,141.807514841319,139.422113688126,141.811888814494,142.770011759543,139.524203431565,145.610945509649,141.687824857531,142.257768483897,142.330665830305,142.332099344246,142.721173047511,142.323067883433,142.332456126712,142.385801221509,142.349226437851,142.32333234482
300.360460806859,308.886054879446,318.063486060658,324.464548529655,322.381308765278,333.451646242724,342.52414593925,346.026712003881,340.561369362739,340.522057398986,341.37471276939,349.506090099395,349.287628794242,350.185112068805,347.311085719417,349.512000329672,349.281895362544,349.248947802632,349.208240341037,349.31423927767,349.108191494267,348.956614143736,349.066509187051
508.601313512015,507.06048564965,501.663008245196,503.370827049103,506.747092077859,507.869988877271,501.604316627301,514.835356825845,501.233773243539,508.517419089176,508.511339277519,504.989601366659,512.547140675916,509.254184228817,510.988949506377,510.558238969759,512.090399663344,512.178935662519,512.080758490386,512.318101802676,512.444102287082,512.571869830279,512.847043200673
183.358357906605,143.665050594649,131.407519234258,131.269968701363,137.723856774323,140.814236914753,146.412230163533,142.716111110381,143.923571239589,146.903765977063,149.120760420793,146.218359457079,151.305185204646,152.821556170767,153.762629409913,153.362018759481,153.813305333717,153.818318413828,153.83600290317,153.840793809794,153.908067341365,153.819473501869,153.730076641528
509.853162196044,499.313117778974,514.016087630014,518.432809467555,516.820891654361,520.366646766609,514.883851384798,512.405091122064,517.137645858873,513.990160046593,517.391707634696,510.998711096129,515.32435777759,512.1474427049,512.891684246936,512.686277226148,512.363472844379,512.527876893064,512.207723940131,512.296255007974,512.444969257411,512.057492945188,512.373742318832
788.297074260732,795.262770456787,771.133549872834,782.138768285777,799.215996111538,784.579482627197,791.351473691852,797.85213309984,800.026612760643,797.042388081113,801.521140800435,798.521377255923,799.57270503831,794.920986023597,797.021800006473,797.136765192131,797.144918513906,797.335976861552,797.60186118215,797.087499389825,797.185531086698,797.530751303551,797.213012165822
460.008212922669,418.131591835345,438.839565698074,442.020696820103,443.101995268442,430.169594648374,439.177209113469,433.979150071396,445.375504090295,443.638876460127,442.902752975192,443.818488781241,446.686160204888,446.740701779863,448.76727531015,448.49825150558,448.550397975829,447.040643490896,448.414821189665,448.522350481018,448.522569148041,448.429070192088,448.517211804528
193.399643511508,195.769933528624,182.447550631233,186.5848436324,190.382740317536,190.264961576448,189.680577154092,186.68402440824,187.698055289077,189.231787118926,188.650331683542,193.67504921004,194.62236607344,194.288450578823,194.831808343702,195.070344252977,195.490511285846,194.854553297935,195.202691246107,195.426037437694,195.418467846063,195.182528937688,195.353844212872
440.966552778569,405.512571678697,419.955337242814,424.074549732152,438.505432408257,443.916577014235,445.957374354026,441.069268442341,449.64218763969,452.445136222817,451.500895572359,454.16512919136,455.653201574454,454.662526450344,458.527974634521,458.65834361969,458.93744121556,459.026257504059,458.944723592433,458.880279503904,458.955771605158,458.59892129797,458.622493127032
271.735764443973,248.777678833088,260.079725678043,255.030555843785,269.337612651753,265.953808500913,267.19114888377,268.962465854422,265.718942169297,266.366067707024,269.426857206951,269.254397797632,270.10638056914,271.758896548273,272.833906148416,271.679901440835,272.717693051569,272.43605764793,272.612225984381,272.61677488039,272.491527564261,272.488526927209,272.497696263907
286.513324840401,306.853024490108,318.013286180219,320.143225507096,324.1802142644,329.401977609513,324.869278254235,321.181964792427,332.914866411209,327.506258211767,333.531642883273,330.988093813728,331.857325840883,333.934747159363,333.390057032843,333.391349169104,332.761739244114,333.458835180967,333.308072021455,333.347694442925,333.4498654431,333.471206625206,333.506408319487
259.628155165269,238.495980047143,238.478227174914,237.456605099248,241.315815091803,242.183670163109,241.88081295416,243.46317746532,248.100486223742,248.423601851415,247.367446126957,248.903018521618,248.165961859595,248.217315603573,248.675651350359,249.449414821314,249.372427738733,249.531294989715,249.476849701956,249.342770067468,249.523875988651,249.456009560126,249.61233710116
344.607622037041,390.372566475146,404.799619242618,405.710174424361,405.387246968071,419.944117829144,418.30381048829,435.165284559766,431.992646450844,428.990199557681,427.086873034263,437.250555625021,441.36795317695,443.416361651465,443.516195908122,445.241919173012,444.808422308725,444.224264630427,444.914358446271,445.124758187594,444.816257126761,444.685037240304,444.497177690653
135.21499187936,111.809359340622,123.847135298235,115.720763876604,116.935045345095,117.535887506781,120.349932287849,120.503270197204,119.397687245048,118.927386082455,119.633348857507,117.259125682158,119.90249950646,118.488486701202,118.583698291145,119.121220992715,119.23606169335,119.213771689538,119.116297949234,119.124166830255,119.132538851108,118.891843200243,119.084497882805
347.208857498076,368.260529654517,384.53114629653,385.241147804428,384.887170613026,387.707520754812,389.505610972574,391.64458944937,398.785302994179,394.974246384589,394.660236807851,394.954406993705,393.942079900908,394.055479015114,393.827681606135,393.617077021003,393.222829914779,393.253107142006,393.356996719141,393.402836074078,393.318937877313,393.421269588493,393.371843740572
204.125983488019,171.697544386165,167.675712797574,178.192967754497,182.311182378186,184.919454904123,195.760244533305,195.64762625245,195.473229721911,195.930439369799,198.357662540188,202.314436729449,200.599379618168,205.532262257623,205.33492274918,205.003780643173,205.68621668983,205.44328303326,204.951874248696,205.562813622654,205.342813838021,205.422562114509,205.413301475301
585.440387435169,560.788521442221,593.395435698152,570.530716439002,559.268832036166,566.106531863916,576.25426210354,572.623831711908,573.474916449099,574.385509083679,559.215548419477,570.546798795375,569.096118018188,566.073395924402,567.018515760074,567.74156294976,568.973502984646,569.937235674434,569.008046436199,568.770403877721,568.992197777857,569.587934889197,569.342847180788
433.797542577266,357.609903973537,358.103542672303,351.752972107441,350.540694465011,352.821470959456,350.141872977529,356.136533698688,349.771643901006,354.598194448113,353.521207776794,353.662776889514,352.756761272019,352.713700780336,354.922234924539,353.582014558509,354.901021332184,354.616177466421,354.743574134149,354.769551947914,354.662147934452,354.613744209733,354.549477929221
329.747270617608,295.416601664383,302.686146340915,306.636985249927,302.612452938678,299.84495219431,308.350030533996,295.632335074357,299.334437634623,302.359737943208,301.263038132074,303.087579563379,302.559566888345,303.661456858932,304.105509977362,304.300832600581,304.249578745252,303.987672166228,304.097221278692,303.860536687449,303.875535244358,303.918415952559,303.827018035235
363.941017992754,290.697017996068,321.231131969292,334.905286536864,333.950578181274,345.643109513223,340.402116123427,353.555538701573,348.968545817217,348.828001171365,352.699405685695,361.472289997262,357.353546286914,359.656558160004,359.081324494914,360.346102198127,360.464259721429,361.067869132052,360.925708023748,360.03349841676,361.063910950695,361.084592458108,361.007731828599
303.08303480044,317.003936391256,323.613434557229,329.243760381311,333.205097975273,329.926953447475,329.84829400343,340.832878092657,338.704656697935,341.066808224718,344.755620741969,345.023358651324,350.077430670925,352.73054889845,351.613692187719,352.575974418465,352.383781474155,352.55589923718,352.732543441858,352.446234298169,352.663679651589,352.625316882704,352.472791709247
200.852008792338,199.53429521221,212.659283566655,219.974585050626,212.856676317952,218.989955132967,218.403272762442,220.483222652775,223.293083291576,225.230854548779,221.244703321257,225.550856947397,231.029097278358,231.128898561332,231.60356221151,231.956917945759,231.629591047845,231.589663166197,231.629029615668,231.59417821265,231.752514538262,231.681530790398,231.57616910293
363.406997788139,315.302683451755,329.381095540544,354.250566046585,339.143729274202,345.64160317974,355.531450177598,357.679181278961,355.216954934024,355.593644426264,364.319411972901,360.993626450081,364.388379032842,366.077284348741,367.204324882392,367.894401860422,366.889925692454,367.779581579265,367.599214432836,367.852168134205,367.839665138771,367.87248030428,367.816480917254
370.906948204323,349.138306297772,351.668468433556,350.813155654758,353.836516605209,364.464216619562,361.632262002045,356.985264478411,363.069883908955,356.422081140526,360.858633417021,360.181269053416,357.913650767292,358.959095077719,358.867323538299,358.356289082283,358.289443616157,357.991806158584,358.11164832905,358.109526801206,358.392890646805,357.998339362707,357.828555040641
275.061534865774,226.124565454788,238.148541081516,242.537289380527,254.211940860242,255.283911878982,250.859574758151,254.284998790134,253.480571613905,256.860471977018,255.815157853268,257.338213612134,260.882356409135,262.732483017605,262.495825212226,262.20778144715,262.673072574736,262.731534042008,262.896432462803,262.829968086147,262.635582297839,262.706627751205,262.523635056338
250.788381775287,208.920775357515,220.938738841126,227.621243997482,232.910117974204,235.493380064354,239.094683823774,243.853661014843,248.742287365919,250.371067374711,249.437810931603,247.416451515688,253.893083787425,254.983191826206,254.585634709806,254.677356597345,255.363651558833,253.825835069912,255.346552275233,255.083570351474,255.118853463386,254.92282419028,254.866852825105
327.086027404775,315.06289091799,314.08603787124,310.800072886526,315.977685847349,313.937857800044,315.928724984456,318.421866147187,322.65106435476,323.731904318942,321.0505490053,323.605061512892,324.333555853444,324.552189704805,325.317574291638,325.402957162484,325.609491936896,325.421059765203,325.383065963468,325.425706180259,325.636472470283,325.329799263876,325.271041513671
450.770639705344,457.768139924845,449.112247031059,457.754675633346,466.411608199524,460.087844422661,467.799911178027,460.964450555159,459.773526053432,467.602220225851,467.504249656304,471.926142863155,473.230826876691,482.616635700587,485.290296103722,484.330978041009,484.282576134432,484.739109613636,485.375292580612,485.316558789015,485.166072929728,484.865229473953,484.672078014902
273.217900760166,243.252718002878,236.861005773171,230.546336648297,245.360006728858,232.956161182183,242.835806621254,244.278888439404,242.676550990711,246.475937933918,243.072284249373,239.198433384927,244.599042741672,245.645454217688,246.959925094173,246.069720985908,246.166091018892,246.20262919111,246.060469334718,246.151254616284,246.074164828577,246.146729732429,246.182626995266
674.382483166595,669.533803791884,674.411277659144,680.226909210774,688.122374632058,679.74363971496,678.755815491795,672.527512933051,671.843874518337,676.714290029968,676.621093138644,677.252348613899,674.361166009475,674.647551135357,675.933297684839,675.507849735235,675.161592668991,675.158223051311,675.031994518356,675.096956756357,675.121135053642,675.113811230156,675.157395086091
685.489836649253,742.617403212669,732.676767552447,735.596927650701,742.453184967714,733.989220151374,733.929667609364,729.866252645592,735.276655273425,737.102562079193,731.578431517923,732.079140374854,732.748985885383,730.400885191024,732.25316326754,732.533037546691,732.923330416721,732.10822449318,731.460014881945,731.900402626056,731.511264791538,731.668834981099,731.427175024403
294.127954215175,234.084062991292,261.569427884249,273.076412155852,269.952806528452,275.968018157768,276.641323950639,280.27857873374,276.577713426806,281.24776101835,283.821664489658,281.570723098553,286.111178371309,285.880188506395,288.412278435895,288.062638489147,288.486133317964,288.22114935719,288.433573926757,288.58682887415,288.620881200128,288.537988637095,288.396875137129
382.831488828566,444.767743911246,439.430475100932,433.23865040864,430.561769215179,426.908435835415,433.383062038015,435.539889781854,439.29465405096,438.486396768864,441.132770214957,441.774300820811,438.061723331008,443.80002771188,443.195622029233,443.955520930777,444.073324409713,443.725596485033,444.325073047133,444.412636404789,444.393462442732,444.384910724977,444.458791004225
242.957216375902,191.622248891603,177.152690007926,184.250153010238,187.812844184939,185.628827307592,199.192272355164,193.372657574933,196.860335315002,194.389908916986,194.625512574301,197.995866573778,198.221664015884,199.312635320837,199.456662655395,199.147296176912,199.621156943589,199.625188688993,199.550483648615,199.522904961091,199.53849021086,199.733434876595,199.674928146087
577.442489038578,540.368717883031,544.374098775014,541.141608372811,531.007456151863,543.931133333438,538.491480327253,536.227394262064,535.810591239845,536.752053489981,534.499592212751,537.844716888414,533.327784109043,535.786387055912,536.084647243182,535.695430034895,535.880690836902,536.50008133757,535.967703574297,535.845367202117,535.871657511727,535.98683771954,535.956657444377
203.483878876097,178.449848148022,180.208743212825,178.868780286973,176.107528331454,186.75908971446,191.983464568149,191.962440365694,193.61138375908,195.978827966761,193.540484283918,194.538404549584,200.57922601852,201.042299948435,198.983699276479,200.739891865737,200.650407244582,200.788745371801,200.841911929177,200.612702087655,200.486130952245,200.583359290465,200.576410767022
272.625542286479,259.270621233619,243.088907521338,244.019235761996,247.562066048044,245.956402973556,240.264275036449,241.497126603667,241.516725271398,243.73504470302,245.782279506622,247.844254403323,247.16562633834,247.347325652819,247.430018491454,247.078350271253,247.284735878537,247.443367613,247.064852516736,247.462891725107,247.319898372642,247.262274988819,247.270894310446
365.833306556161,338.054767974172,345.26922124979,353.201103688151,354.044664629214,357.227578159768,366.830630031035,369.671791500149,380.046747230515,379.371018023027,380.315540044285,380.211507581753,384.178539483599,380.031568810627,382.596909407785,382.787353692672,382.75328003097,382.535105325401,382.616415826397,382.526610990846,382.605771515606,382.389521579522,382.642908568384
228.275443625924,204.90029311423,233.415291492927,235.337239933711,229.675868201736,232.840859959739,241.488891399931,239.547351085537,249.157198453479,244.59455892732,247.003543607463,254.997682369359,254.619056672579,258.023287350077,257.246714792927,260.086704348303,260.213879112446,260.035237023972,260.30615434896,260.210915816562,260.251837360291,260.054706153983,260.176651668065
378.708061278054,324.640745070483,324.143191612058,333.622909656895,354.062408843538,349.912633234364,362.243147605987,356.752638006063,368.439239849354,367.501209028253,367.005635338662,368.682369661624,367.626657679807,373.373903530528,373.421074275417,373.363155797724,373.391346086201,373.42526281436,373.263731581381,373.466271836685,373.41140389813,373.327590056225,373.055811836551
464.358548866282,432.270692438305,445.940388050785,432.486890283608,447.090154280468,450.515157049809,452.866555117595,451.215816646543,453.965699363854,457.230343033703,462.256445474683,467.049903709246,469.881226550828,471.201873239562,470.565498372143,471.120258193547,470.470932743876,471.088052133716,471.243014987708,471.215917112201,471.165984081509,471.139498397464,471.1654119917
168.729558309611,139.995993347524,131.802070414012,130.158904395401,137.730370497672,136.475380392946,137.271450519471,140.176276558335,138.833224187775,139.490302797723,139.093623152259,140.140991341747,141.778458107755,142.339450489441,141.008075865624,141.84839198249,141.863468833135,141.96408796374,142.025459432649,142.163927124765,142.01223756951,142.156627557279,142.025095494517
412.728467118316,378.254354992976,397.646969644609,419.143647932102,421.624863209578,412.384312838774,432.297228701892,438.805522144278,434.503613089939,439.665322286419,439.5947186736,445.416910735007,451.386090166138,455.662816490997,459.286539142616,458.413613534635,458.752863402125,458.798227093604,458.776782500817,458.765516600691,458.426754251094,458.364934956057,458.023696305965
512.066364597597,500.398330460034,492.272169055358,499.068186507326,505.10485896686,497.395833894112,508.514490972904,503.416968604376,502.696251436554,501.979917455075,503.833969865403,502.196777861998,504.517203047189,505.136747082113,503.623363079276,505.059633281149,504.97481878883,504.607742047709,504.943740787805,504.941790953535,504.974587439162,505.004450973995,504.809618785442
266.152471639841,235.945137221802,236.122897088851,251.479799539289,254.146644961714,246.435591503577,266.432932744618,260.917858395228,267.824139539081,268.80367072719,270.02999953648,271.537589630595,277.853510365843,276.402432302455,276.400857852702,278.35854353491,277.693608886199,278.046793708311,277.774701928155,277.912857256787,277.779034737571,277.746911604208,277.483202982277
338.431523520468,270.905488696764,279.626548380414,287.721150107843,287.025379072779,286.124870227145,295.329218572923,297.312265186809,300.269833473983,302.655476203972,302.696861859511,300.19506450427,303.39354926853,306.679744682467,305.604675479417,304.480727375399,305.520844980901,305.629251011207,305.503663186052,305.548691739163,305.451673528096,305.499255807968,305.575586169672
429.526404904507,441.361525491786,468.257754332564,470.153371476266,482.662500985544,481.253228372569,487.35545901985,487.37975348321,484.867400225007,487.717992420983,483.102519140235,479.736521645302,493.569182202955,495.650791804294,488.213242972965,489.998396456195,494.851556591498,493.492023867039,492.248895906592,493.602134409715,494.017506980905,493.911244648912,494.042918943853
146.392436542196,135.851224803894,130.692706507886,133.048206341686,136.947074451966,130.823143444268,136.145736819588,136.661756582228,136.823154981211,136.502520967196,136.121939683517,136.410777865235,135.540025186514,136.996166670995,136.424534089313,136.875814007617,136.663785393636,136.735245989195,136.722814127296,136.743960018157,136.652583462973,136.651425289461,136.682087324993
345.495392006315,360.978581935577,391.989284787441,393.455466063551,401.373673012398,417.677334071102,415.072967274194,415.707945814863,432.939804001577,426.457556155641,425.983982851962,430.452958078011,437.549816549689,436.757032047298,437.736548222033,440.06727354056,439.991562946723,440.018712663296,439.442133201323,439.956149053272,439.973885697067,439.89605499678,439.469002762194
328.983177756579,367.807938728317,365.050919155678,365.042494327886,362.310335113764,367.577132982588,370.512005697601,366.669023487386,370.209172225216,368.682473928456,370.550132813912,370.019395105056,370.856043751653,369.3649020429,371.308854364568,370.76376903609,370.776859589331,370.72791283207,370.731499147176,370.753113607562,370.721267689742,370.675640952777,370.811029539784
480.777177094481,464.981701806216,480.646574674389,479.19408134414,483.437257550352,491.885200953065,489.066923534139,492.345492501996,484.687797254512,492.159551485486,492.919472092475,494.671220404633,494.829792448808,501.671144219534,502.359346479473,501.36289256826,503.938677733543,503.513886203569,503.6153357915,503.494830818188,503.378317487317,503.231913297087,503.229782187447
308.554738121766,256.79224469034,283.375936071157,272.606510313229,289.53158456582,285.416906514726,295.416995665382,294.880376921521,297.655505220204,304.352639579449,304.769417096705,306.299919968842,318.461074794552,315.791359907628,318.163443060808,318.800447664475,320.792932044489,319.660642453483,320.51715200349,320.663094031919,320.531181744733,320.640024499677,320.227831341066
366.127050869069,357.433200272077,347.044604901025,350.119775722282,349.50626586374,346.952296198752,347.864839450687,349.982081182631,350.860316132438,354.505359526393,350.788573306365,352.33852931439,354.130729773408,351.114625017102,350.206505315175,350.181137316625,349.510768293109,349.901845980622,350.214833922318,350.129981921389,350.067844102363,350.032233888631,350.072977897374
475.934004752359,441.113295936266,431.554938560149,440.837436400071,440.842749773709,444.443642485127,447.692572849524,450.06946766751,447.436447290956,447.183795354176,445.344264286736,447.458268955337,447.803098187608,449.491638434693,449.4307458213,450.043495953476,450.121939569937,449.9945434524,450.139409238397,450.144349275387,450.052876388753,449.965084843037,449.961751825299
230.659289501911,239.040834442837,249.539576695884,231.389761739169,243.89659965419,249.650188148105,248.456444158404,257.263480163693,254.438960126034,259.877221407508,263.62090920052,263.281222232214,264.029469808143,264.379577363978,265.619677693095,265.014612471631,266.050003732328,265.529193883659,265.586093990122,265.625703684286,265.58743747976,265.530688824839,265.500369078371
229.978311794776,197.026680535607,205.778615311927,211.192050955924,218.973330093372,216.409982029246,231.176737766971,225.958384516351,234.628886280684,240.932494736939,240.052908673912,240.338288168249,244.978152172727,245.64253892009,245.304900955839,244.720501174854,246.421663206843,247.01173886821,246.958851103037,246.982004878487,246.835454503546,246.842956370027,246.703174259233
209.137790686265,160.267426873591,167.087899714135,162.251259539564,168.707036873474,179.821546235078,180.359055554775,182.805277579403,184.132939510924,184.233705269751,184.615413306222,187.712225925699,188.909598357687,190.142076833982,190.300020519494,189.510503346269,190.199922239303,189.578960075194,190.258076114755,190.190022970182,190.078749611392,190.146554430131,190.004904433707
254.334998533605,226.392204217214,235.97491858245,234.738751735344,238.509866856338,253.404586505999,264.122643956082,252.45294807245,266.69108794156,268.504649573119,258.287296443717,264.932200614834,280.46894967308,278.093993308312,277.869737846835,279.044656906337,278.660419131271,280.650220011594,280.504208385805,280.595092461167,280.522469199194,280.669895370124,280.632684881601
190.227446256303,179.395503836558,210.213371668825,211.671752778494,207.757586668804,216.857840532555,218.139845199357,222.294531076882,223.614733533857,222.7013752772,228.215965791872,227.742792749003,231.382014871054,232.922907376161,233.205555819023,234.318008977765,234.259119350458,234.323323021735,233.279786270219,234.233294560918,234.144797984207,234.286864123964,234.175666269195
144.431982665982,153.26176312984,155.892151766628,157.173926877924,156.571545048259,159.075121960662,159.178760143322,154.089026075079,159.045963151023,157.214820073831,158.635911451744,157.57215767307,154.990363158695,156.888882474526,156.706341852196,156.861868875182,156.774248943825,156.851143917944,156.745259117436,156.747737935553,156.763059168379,156.656604041323,156.841279304079
293.773270370386,315.951957766531,336.088889810855,348.168952506217,339.290170207926,346.092846265749,355.165596963724,358.580003824667,368.392086828065,360.804375810054,365.617535432329,368.146975571899,365.960739654457,369.375640471069,370.545952549329,370.603574498115,370.569311054017,370.571062657454,370.614960693767,370.598587088095,370.374202335586,370.182046408224,370.16326132152
526.914422367687,520.327504092288,514.818713593557,517.141331557677,513.94558101143,508.819960528616,514.59702191193,507.507549315615,502.959937842179,511.2703946722,504.79151109817,508.357784201799,505.966180267988,507.50228153511,506.10270106649,505.562027722996,505.682411046517,506.151354101937,505.897157580412,506.042653713188,506.105989785003,506.030796724609,506.107343117727
320.733770823141,251.048241978257,268.272974813772,285.893197635219,285.511071928951,299.151046119761,313.68664190603,306.781213529319,307.844398989733,303.128005004166,310.392108936177,309.015792403091,316.644377023306,312.390769533322,315.469011942898,314.964451451089,314.868130070359,313.435265765498,314.855123106221,314.882480946669,314.834468077099,314.957599547185,314.617133692721
181.46431078703,152.816816657517,159.199629150214,156.36368384525,160.526707789765,158.084081894062,159.855452031437,166.225784977079,161.471622300479,164.1652078933,165.581463710659,167.958116441993,171.000918457031,170.767586274783,173.087516515652,173.092028722197,172.694007814629,173.254694955845,173.179306397504,173.207659408121,173.31352718393,173.315037005807,173.278502848975
343.878910575527,321.486340710951,329.663544272267,330.063381108551,328.824393838953,343.685719214456,328.703484195437,326.339012866687,329.960964060102,329.170602243876,333.350930919892,330.647493175235,332.938181908149,332.048144683249,332.544057642387,330.623217216316,331.878290058064,331.924216918666,331.777588051285,331.49572520519,331.570408914269,331.513943975197,331.645295922521
238.623803206819,226.11958341219,229.065274112635,238.770116621016,241.130654648021,235.381937414045,251.607073557388,253.145359082911,251.886919720888,254.516830200653,251.65490861207,256.631392234725,259.178616681501,260.900922934517,262.128849641166,262.002769731771,260.821571177688,261.753297628365,261.773730272807,260.888658796122,261.704668681592,261.612805020005,261.745703241857
304.821115178248,294.297798796501,311.500958086924,323.012899868543,340.571656896527,327.236718684729,349.159108075618,356.679606837935,365.015469557768,346.316582760418,364.504912983215,364.119352517335,375.029671771471,375.728359090711,377.048218765083,376.368520063966,376.731325010131,376.841321030971,376.905251446351,376.903032309732,376.892285757883,376.851960795367,376.523106070607
224.409213793574,221.729162147815,226.530082459748,222.947890640793,221.864814218957,220.228814515109,216.957084224707,221.423593826395,221.520066255459,220.510573832149,224.064216038073,220.66708661009,223.18039467503,223.848649605318,223.936610360518,223.511904658109,224.041472784215,223.767742962232,223.600754523002,224.158721910245,224.135276816342,224.098355725749,224.170499080293
253.133566435235,223.878485657772,241.288421738916,261.548780193343,253.802830138328,252.106426767357,256.578996360422,265.400110338585,256.928505293137,266.385104872445,266.791272772486,263.567965564238,269.510419067114,269.415727687558,271.015105457575,270.825422397764,271.056696419772,270.912473717511,271.621676420671,271.56446346882,271.570310164599,271.334088988125,271.442802670398
231.915965855979,201.738241276359,222.682651254474,234.810141556663,229.260724456803,234.529956207475,235.227340723145,251.258190613679,248.769093543415,248.782463069661,257.577076710306,268.049861567953,268.392872445996,273.396504086478,271.959132904786,271.247404931302,273.907520911758,272.515783906237,273.64369115621,273.677804701875,273.469046937034,273.363340414808,273.521920719134
205.336872451626,184.574206546274,186.564109636139,190.97423676327,186.954820631428,187.248335032066,190.550238690929,198.596517721673,197.61085971372,197.611724764054,200.613576444055,195.082921242665,202.037702914896,200.89071025566,202.335292771484,202.381717793576,202.055406695749,202.711916333294,202.701868641468,202.70506029479,202.702887226756,202.7218040717,202.64806219698
83.0684725453948,81.4044393687311,83.2244210051073,85.7121643541968,84.5792212455732,87.6207292112803,85.8186770447626,86.4383223701217,83.9263445686732,85.9488359133921,87.1189275250667,85.2103708470502,87.3512068958003,88.6240857144516,88.7754637323565,89.4548736077229,89.4790213946619,89.4726531326247,89.4898269598055,89.4302605316979,89.4301769797428,89.5470064519722,89.5943042541264
397.299099764295,385.067562681465,410.677277148521,405.418166834972,408.555789538765,432.965115054167,428.010527164878,431.33650780787,431.994316065337,440.33065868584,441.028986514159,446.614928085558,441.109347051498,445.243321582777,444.23152387254,444.193812995125,444.284681484716,444.143391147749,444.064457048325,444.28125977644,444.232059142424,444.0132202303,444.034072233459
301.143416228049,259.934514413243,256.457893142407,273.701283359698,296.395904263914,291.898041404898,313.723091688884,312.352477439642,319.611123793481,318.538554245891,318.947976327722,333.84781301673,332.353583284819,331.335231356331,333.562803404478,333.475123651588,334.459064414435,334.973240354019,335.388826992019,335.256632824375,335.106856236292,335.019764544552,335.034421349812
680.125943371461,685.640241166524,676.333284781012,668.301032790253,669.662206203015,681.127323905647,681.523428309118,672.915961534441,666.041438458493,667.360077872302,663.748339709678,668.696852634335,658.693404192564,662.717591058696,659.822241961335,660.726030406122,662.179599661484,660.939533595048,661.00673998641,660.968192158044,660.987421567287,660.873414481027,661.027147469341
243.862169289411,221.117651942242,217.478784787619,230.363282049659,234.516680407927,231.211196506308,235.771887999242,234.248783648401,234.696476594906,240.382479723841,232.700257772371,233.368157149076,245.601578431601,245.52240109332,243.093058989745,245.289478078832,244.958518452658,245.079080947414,244.989777323369,245.111005978265,245.019936251636,245.06864083055,244.972851339064
400.515805338147,353.926098898315,345.411192081055,358.748196277206,350.791463065181,361.136087694811,360.26840322171,357.450741994622,362.011469087441,358.1128342766,361.221006647346,360.740629718412,360.598682466804,361.385155582818,360.842534600047,360.259279361022,360.760749711889,360.750098699174,360.824533108624,360.958618804168,360.866108196753,360.972513274658,361.202335944437
435.798654306569,439.83053645757,454.391101687518,465.217685466523,458.466457045431,490.443019959742,484.896695932656,496.983508585107,486.432925648351,488.564445879651,498.606216116663,501.04690119441,499.618059242801,508.055385064986,506.53109315416,507.830370520663,506.127217285575,507.610640820399,507.432223635673,507.639854685011,507.651754550783,507.622503829433,507.634952580871
311.634472470852,313.841962411782,325.104769027017,327.218332240231,328.517235063574,320.663811025229,327.750569773333,337.479897802387,334.085448627297,332.832995462751,337.390928503198,339.114636588674,336.979316421196,344.537804773472,346.603869505747,347.123118780201,347.094906133811,347.122186192854,347.304218897382,347.226576105865,347.308025907646,347.109864545586,347.13675508759
214.559140755808,201.074559116225,196.317218976144,200.47497555246,193.823256685603,195.461893357848,195.775595039937,195.62023824889,198.927322982807,201.495273572883,195.610286397716,197.283044304778,199.301129376598,197.943050298595,200.210173488175,202.408414367597,200.670490105626,200.863435213189,200.575796483404,200.56060416295,200.667664435474,200.65599811548,200.691680050964
208.658535125778,171.332029908236,170.063076872135,166.414964034164,171.978923835044,168.849492633911,169.310835812586,170.91067051039,168.701180434719,170.614332208154,169.718422746397,166.290149351037,167.558307327529,170.428659678932,170.482804840247,170.728765782954,170.813477816647,170.699136182284,170.581875525212,170.683662606942,170.639395039849,170.729133697271,170.75874118617
200.435257495339,210.501585635494,219.10564676812,228.211635983777,231.925726573686,231.865083450405,234.4362789124,236.457453804473,236.799020719517,240.71705637648,238.006161273509,237.532824173157,242.302529010311,242.97968890322,243.085513745219,242.835593834623,242.979887356301,243.021283591005,242.590948227047,242.976772520766,242.888216079862,243.071821775798,242.993215670066
523.584543012765,590.456996676842,583.044923071959,612.364233147607,606.730664477137,619.128400237372,615.914548890257,623.619944402031,625.043774120019,619.598252812119,627.265761402492,624.030370562681,627.471362589501,625.693000677049,625.359687071704,625.49195899622,626.004020237321,625.474015531043,625.785619684968,626.007527898409,625.338505618199,625.340794745985,625.629090600434
387.406577098906,361.363389549923,364.519355938653,363.273480156284,372.38352488714,366.441920885987,364.929352686395,368.352797167323,371.664956831951,367.33628335411,363.090824395951,362.208234658034,362.001299885735,361.258189669069,361.766450776048,361.844852829778,361.75097471609,361.913229732769,361.88825866246,361.830533846322,361.909485374237,361.874304628202,362.039172558217
631.590915264358,620.929320730342,625.039337775202,623.054107759258,621.092024731078,616.390037965145,621.613584359169,615.101822517089,617.47144649181,617.173006961716,616.775623822282,619.802373153432,618.947780639247,617.515376858678,618.309818770745,617.71662144909,617.623759123117,617.816301914767,617.853771557184,617.340573950072,617.580775241624,617.572829699912,617.527826904453
253.125708743865,230.045168613968,211.692292580714,215.990499046179,221.169448529023,225.570040419258,220.92588469357,218.47114957233,227.76773731081,223.989013278577,232.367632329117,231.204095709942,233.241415856597,241.714417525081,241.003609687255,240.472779334473,243.814054471273,243.636464229202,243.708316449441,243.692916141742,243.730544099201,243.646716380448,243.670554911945
408.152225721286,395.757532860771,408.516223454641,412.1284912608,409.502581767707,417.73877243758,430.629414035629,441.683923604124,436.404677901573,437.085443220159,442.081293827693,446.398215356104,449.247144937972,452.077364702292,451.138136690338,451.326044872279,450.598060921616,450.666690032933,450.439008231041,450.725799398674,450.57597973364,450.672254396414,450.423911892642
167.869992142756,156.968721374482,158.813673248902,170.874714951498,175.105856435623,183.806876794475,177.605153414647,183.078373881842,184.668560811792,186.299749439172,183.903578005977,188.242634014758,187.005024214062,188.040332887985,188.678651554749,188.543021294867,188.574053882452,188.583246394447,188.280770544471,188.360317729591,188.589397037938,188.577004739757,188.425776456412
