"V1","V2","V3","V4","V5","V6","V7","V8","V9","V10","V11","V12","V13","V14","V15","V16","V17","V18","V19","V20","V21","V22","V23"
68.3477887722745,67.635957201586,67.474921497977,67.4187713960221,67.4034855748612,67.4511663530975,67.44756608464,67.397781483603,67.3731889862678,67.4183587611963,67.450374432862,67.4399107959411,67.4314335326447,67.407724700793,67.3891393533551,67.3930211021294,67.4137038728113,67.396970316694,67.3745749433962,67.3520347022507,67.3369564963834,67.3076006118285,67.2920316065795
135.438614752362,135.831184092801,136.677124405898,136.634135502115,136.688446202388,136.709862386794,136.832236114267,136.739696005534,136.751391019115,136.728785587121,136.739567621092,136.825755610298,136.765084289107,136.71546129438,136.740513758213,136.739495415251,136.726794044986,136.724427653815,136.771310521158,136.741077528517,136.705675843994,136.771396022013,136.729015006892
58.0042611494842,58.2147461349805,58.8013923212493,58.9749645021767,59.0524311426219,59.0761212148356,59.0253226153178,59.0803630668109,59.0762435310345,59.0987930283865,59.0855289583717,59.0733134431224,59.098319572793,59.0465697151635,59.0578924912229,59.0598546107031,59.0616306832618,59.04804061587,59.0805626622038,59.0466429140568,59.0246433514202,58.9629755118633,59.0008078044959
43.0589043894206,44.3176077515061,43.8453502475794,43.7939195927419,43.9593395037108,43.9468884352977,43.9514841354745,43.9431137948938,43.961385386118,43.943185161794,43.9578135350541,43.9510102811058,43.9451998208879,43.9347283189863,43.9297533366408,43.9526409565694,43.9486567041983,43.943253763459,43.9467761250854,43.9559920146073,43.9514121666486,43.950644003471,43.9410898733262
90.4052252670857,90.5671080947474,90.4309584845927,90.4794931085304,90.3880696969078,90.3298681980046,90.2866482097959,90.248173773796,90.2640574899347,90.2598433553562,90.1863508044608,90.2788528415401,90.1619163326421,90.124324110869,90.1771931019704,90.1904377576816,90.1949881177135,90.1158828893843,90.2005512836698,90.2129281584226,90.1565805353994,90.133451590819,90.1179796646583
79.8812846271926,79.914556336103,79.5736133110604,79.588519415719,79.5668520367395,79.656237836766,79.6939775898714,79.8541266371383,79.8051562431749,79.7508362364275,79.7381963445,79.7528384579292,79.7443445612081,79.7369447872076,79.6459970329324,79.6584554750209,79.6169295917551,79.5990992137725,79.6299398448257,79.5450098634281,79.5233518399416,79.519526058844,79.4783709406006
155.231690914912,155.746886189554,155.112303814609,155.838982091388,155.792873098744,155.91045081293,155.86049219124,155.906578815798,155.819322452911,155.866212997791,155.916962499521,155.818186423527,155.868820090761,155.900459275921,155.898233649353,155.826446995805,155.828984385424,155.838727849643,155.809886486994,155.722937259075,155.73314429115,155.787402738099,155.691945608627
87.8268055204493,84.6908531174168,86.0353932358676,85.3891835085841,85.2559564604903,85.1963078749342,85.3256094301428,85.2645125391309,85.142075978405,85.0144191623851,84.9212509209734,84.9248578544183,84.8365855345197,84.7703732037115,84.7346974840528,84.7916346284144,84.7346027592027,84.7985592435061,84.8016066741184,84.7599699259156,84.7037374300994,84.6595080645821,84.7317419979144
109.068561896177,109.326621615403,109.894339167068,110.892957036994,111.083751292001,110.976810837351,111.057459697196,111.081076208401,111.115743520094,111.093632780503,111.095323541066,111.139076894597,111.111840274349,111.094743944482,111.075524565281,111.087620493482,111.076178077237,111.062898859625,111.095176831031,111.036765024462,111.057159452313,111.033916099877,110.973737600208
77.4037177221161,77.545733255709,77.2590228379195,77.0848113109341,77.0458051653567,77.0218485582765,76.9985864238117,76.9790326441804,76.9954417484378,76.9528647919052,76.9865117044013,76.9786513833567,76.9701656100425,77.0043058060066,76.9662664581776,76.980114450233,76.9946594368569,76.9594533405097,76.9891379289171,76.9731851612182,76.9790099402343,76.9790660125988,76.9730262532412
51.05728006715,51.1402997320604,50.247806012296,50.0789326543645,49.9396777542623,49.9753467938685,49.9688829747675,50.0044471191682,49.9566696243558,49.9759479887875,49.9917435449692,49.968014923239,49.9788603319512,49.9672918445176,49.9767916812195,49.947217486674,49.9677333382121,49.9485846379729,49.9629959631914,49.9773204219267,49.9425598396021,49.9370685909372,49.9450087653437
71.253111976407,72.9003917580359,73.7004272533205,73.2046065538833,73.3961303667073,73.4127818391514,73.363443479732,73.3668259593468,73.3582039742913,73.3812439724657,73.3542359736128,73.3709713825492,73.3528447408234,73.3561227407118,73.3434485988033,73.3324118094247,73.3243363298427,73.3339374845703,73.3202234321193,73.3306306935774,73.322259172399,73.2800560829474,73.2419097348239
96.7322669505779,96.8647165359089,95.9882377665575,96.0594808489074,97.1983699447174,97.2548571090687,97.4875361525036,97.5135043537782,97.4684569977522,97.3879535364635,97.479753869808,97.5698605953929,97.450352480428,97.4129357382043,97.4390451566556,97.4869688557571,97.3941143104048,97.4090930901381,97.4446400238666,97.4162026315607,97.3750997285977,97.4007942398468,97.3322264103657
137.863004326073,138.04197640378,134.912139289514,134.942517593656,135.001184435578,135.032081765117,135.27173048963,135.170196102766,135.226996516788,135.197102271025,135.308051987884,135.12955325498,135.168950556257,135.023015871857,135.027549454895,135.029737012437,134.996417748025,134.971371655452,134.827278946896,134.969240379671,134.94043569651,134.790182640642,134.767348716375
70.8203886893246,68.9141243554288,68.7113588328707,68.7458397768426,68.6563115142693,68.6606453942012,68.6153303123317,68.6305124287218,68.6401479010119,68.6102047349844,68.6125562425604,68.6313361018385,68.6216654681997,68.6467512707338,68.6277411079346,68.6301082761697,68.6122970463822,68.6136156567759,68.6435866403972,68.6251690469382,68.6274892420013,68.6443331111131,68.6162755252939
84.2274787784761,84.9113841577627,83.7447560016905,83.8711886032966,84.4549085664365,84.3797613193596,84.2635669666019,84.230376719863,84.2837404362599,84.2915276573532,84.2594698534142,84.2186829203555,84.2427464268081,84.2174529495545,84.2300105718836,84.2118712520094,84.1510376447463,84.1989753958611,84.1698069594877,84.1812107002958,84.1772696377912,84.1608503470291,84.0641449985493
81.6400858769361,81.2973434401497,81.8705289373278,81.3097474910902,81.6404106164227,81.6452590606192,81.6176531272071,81.636482912405,81.5970179394125,81.6109651352041,81.6316939414111,81.6647320186574,81.6500317201908,81.6573201308841,81.6529694462152,81.6328848464081,81.6509038364702,81.6494467993126,81.6448450271088,81.6420033182631,81.6319308460794,81.6526945298788,81.6314171050586
122.105112334718,122.677152510999,122.673075126871,122.550591923198,122.578228662246,122.615585151509,122.557474307815,122.541391839148,122.556544670631,122.560492952562,122.605633377073,122.566894457796,122.628495374496,122.596899618031,122.627251052497,122.555475579326,122.569034894557,122.588135786203,122.504696324166,122.61928826633,122.61839287161,122.604531359823,122.580819000152
28.6426876377278,28.741445566748,28.6907819759352,28.7057700865299,28.7005909127565,28.714565813114,28.7130697726116,28.7097212425939,28.7098644330813,28.6992910675659,28.7106898633792,28.7081821128403,28.698700825013,28.7039565334641,28.7017409307934,28.6924169604619,28.7088094569,28.7051393434179,28.6968370718947,28.7030203043095,28.7018826922182,28.7050866718999,28.7059887764458
99.2126904259954,95.3312410308821,96.7311107088167,94.9641269562593,94.3865392911066,94.4156844734046,94.2878685032722,94.2139469863683,94.0835027992134,93.8063500775793,93.9243004428995,93.9447465454883,93.9766544306611,93.9512151943051,94.0290176877038,93.8854649312282,93.9535031948395,93.9992727293422,93.9615966032744,93.9956724404499,93.9665227589182,94.0257534080196,93.982567290156
104.873924897813,105.207855030042,105.090026841049,105.203705633781,105.248407066092,105.359615446138,105.374840944774,105.383644682577,105.345855190948,105.416028772033,105.406834308524,105.429753694632,105.40778116116,105.341688429621,105.351676799898,105.320958571539,105.348691588516,105.351342055456,105.315833402194,105.352370124162,105.295774231953,105.275863581173,105.212032301043
103.173943234068,102.770705460958,104.021508952353,104.485668074564,104.503052495414,104.491427537007,104.489793457968,104.49645154782,104.499799763744,104.51359829368,104.458691557818,104.509736434113,104.507459470652,104.461225324015,104.48893346915,104.488849768492,104.496767996167,104.505421864759,104.474765381737,104.4853768293,104.477996489223,104.508073874755,104.458123675379
61.8743690407903,62.0288601928188,62.0894813892908,61.9611512875249,61.8909919875661,61.9182340493769,61.9147654957909,61.8869036138268,61.8899348981662,61.9611196460709,61.8652089928124,61.8405280175875,61.8422444861699,61.773467206564,61.824735369361,61.7907571267953,61.8051442613349,61.7901349784602,61.7608133779248,61.7444843371605,61.7680636536156,61.7155952196866,61.7178141744482
85.1834380339904,85.2051633766022,86.9661584982026,86.639936382495,86.6745644877435,86.615844543195,86.5790901945813,86.6307895316331,86.6544198651886,86.6019706570128,86.5758586800961,86.5736648954776,86.5720904864318,86.5174169989943,86.5490802269494,86.5600200216993,86.4992004131964,86.5030236101338,86.5035478393795,86.4790557353355,86.4524107454015,86.448474453241,86.4453624679425
87.7896519947897,87.7391882605538,87.2803492466373,87.0808265621384,87.096740685099,87.1567919166011,87.2273523658423,87.0311655121833,87.1828981096217,86.9651200130931,87.0236526649727,87.0789279778631,87.03193296791,87.0522296110041,87.0271365925239,86.9731243991691,87.0594133471938,87.020649738135,86.9344213189879,87.0146027326968,86.9597557187528,86.9573243775376,86.9600857708946
80.3070664001321,82.1680909194234,80.4874815213185,80.540327119308,80.4935195636751,80.4628148767199,80.6524301537717,80.5851031634974,80.5192994014847,80.5443765012425,80.4907330287657,80.3816973863457,80.3547601172206,80.3594478517939,80.310731346805,80.3136519293526,80.2842395789607,80.2856084008315,80.2721991108898,80.3216488984117,80.1863951488556,80.1877459776074,80.1611580122321
188.256251457149,187.728910430873,187.271477770958,187.60415286838,187.386676604427,187.490228215986,187.500089647345,187.650073546102,187.575333596366,187.380588057304,187.33438454398,187.48870088075,187.226946805601,187.232325230333,187.238761549143,187.150753025926,187.294969711102,187.324291125959,187.168592910981,187.117617688332,187.169760055138,187.12974485057,187.110300863039
81.4522146270994,81.5533911376359,81.5369973017994,81.0308628659936,81.0283003138491,81.1425275835719,81.1465298498091,81.081970277497,80.8901553715222,81.0090910287597,80.9452202513708,80.9631474812613,80.9031702173581,80.8113231016103,80.9106004885821,80.8639911235098,80.8413988835359,80.7925728841183,80.8345194813292,80.8102369532199,80.7806190039787,80.8212428187802,80.800177178413
89.873432857341,89.5088318038603,89.2783189726065,89.3537614444545,89.4103953958475,89.3820880696855,89.4025168769969,89.4348179077692,89.4215503349842,89.3953074250529,89.4207565297824,89.4185629686026,89.4063212360606,89.4173486314532,89.3946216820726,89.4055990627166,89.4233494095545,89.4208871490218,89.3972736117883,89.4004890349663,89.3912905264049,89.4002509058551,89.4378466238871
55.9275144939453,54.1042065456957,52.7012589734244,52.5080261013321,52.4883037963696,52.4993221685787,52.5144843711337,52.5064556534273,52.5003005340362,52.5119724574356,52.4951225769595,52.5355091937583,52.533597413232,52.5278554339329,52.5199855881521,52.5115933272868,52.5178546475589,52.5177307569512,52.5202510347968,52.5399544541959,52.5172463766117,52.5190873300297,52.5078588946726
127.003755136665,127.01495884455,126.828576378912,126.803309644503,127.224523655256,127.175396441991,127.002154782768,127.208832126311,127.232828395951,127.029471506452,126.98401464449,126.904734197366,126.765850450964,126.65123260247,126.615660167365,126.575951166761,126.642158504919,126.573384128448,126.507298505917,126.505957004924,126.512086577382,126.401337613752,126.415271522246
72.1030311697009,72.035177204981,72.2441235006013,72.0428068264249,72.0514717696357,71.9572182589173,71.9213813667037,71.9527711812375,71.9403019523476,71.9367226592211,71.9383444298556,71.926946424556,71.8923910796725,71.8972353982558,71.9082387057475,71.878718812791,71.8855913640748,71.9003475459453,71.922583228647,71.8795004548822,71.8782285934244,71.8514747604863,71.859186515851
75.1103352652,73.0769782180208,72.9248855399575,72.6840672156174,72.6799863636903,72.714241185792,72.639046946205,72.6427228905243,72.6210635393773,72.6182934118278,72.5886491444028,72.5321616740895,72.533624365555,72.554061737516,72.5234471450833,72.5576264693202,72.5911019270577,72.5789362304889,72.5645037958818,72.603967886048,72.5669100184826,72.5373397492364,72.5111327698191
109.448949222903,112.129305216818,112.477897048342,112.339678811492,112.197882618707,112.564963755073,112.407090273999,112.452624084236,112.448580013547,112.554025782556,112.4932943415,112.461697554341,112.518226843402,112.369506771082,112.402256994485,112.512449239169,112.472568387223,112.408417661513,112.466044464866,112.372343189392,112.428051116652,112.419369911179,112.403113021084
58.6067378045397,58.7926693056411,58.6495668303498,58.6644399427905,58.6236853991915,58.6436262890557,58.5905910633037,58.6106021286083,58.5908936849818,58.5421107656513,58.5111033563205,58.5196466678496,58.478210120911,58.4811366154877,58.4628597894968,58.4557831262683,58.3950354614888,58.3637155113607,58.3578921331381,58.3815742294269,58.3290256082777,58.2719972202511,58.2902856993959
103.823957675671,101.951841950855,102.015933701374,102.046884436184,102.08523402852,102.005599049715,102.031386875019,102.050313365576,102.016871995053,102.013725994648,102.066203922563,102.048295048184,102.014215730356,102.005295156488,101.972329545073,102.109395041132,101.978835440859,102.016763530256,101.996431314745,101.994511320731,102.007209967763,101.959723577683,101.972980655006
135.356801499028,134.315119844313,136.074622622755,135.520363245418,135.783767686244,135.81568877963,135.821755468342,135.903247105304,135.806838834258,135.843163807972,135.862845114257,135.836484787688,135.74601980977,135.68499203527,135.763984591815,135.654399612574,135.645409051837,135.612946221979,135.652417429478,135.532936975275,135.528088747501,135.491672994086,135.597272901488
117.435873138416,118.038251502968,117.797942516588,118.088031248948,118.037044858626,118.147393439275,118.212717216237,118.115128835085,118.118087078294,118.195508926251,118.092629500911,118.053069802886,118.006902544577,118.003822984405,117.983620042446,117.978059986083,117.998728937836,118.018992981723,118.003887146408,117.948849850499,118.009556615072,118.044199138759,117.981365765378
115.377547389936,116.089682364164,115.687117181011,116.072720340458,115.723341857163,115.588644940432,115.451704844694,115.373981440429,115.468499688807,115.495904376328,115.393668509449,115.410121225497,115.304523572319,115.382668700538,115.390848750794,115.28113498841,115.292821544673,115.38063031755,115.363199566569,115.329461289131,115.311352424879,115.349125759723,115.305004501498
57.5441958071628,56.7670421279704,56.5393895913778,56.5240514950595,56.5385338950631,56.5134396988842,56.4978551323109,56.4892807041232,56.4805634310388,56.4978728043472,56.4890344724003,56.4579528494884,56.467608636354,56.4326287356815,56.4080683566467,56.397311593435,56.3798417186953,56.3579525070669,56.3569819813637,56.3852180380251,56.3410286464313,56.3241443310787,56.3215052777267
84.6357091668697,84.3585686699923,84.3270300195569,84.272488415645,84.2431298247621,84.3715359592845,84.1456862937518,84.1711148470737,84.0533870212267,84.044181370524,84.0028900213029,84.0075091808403,83.9136174316903,83.9465578270513,83.9076069336497,83.9228967736465,83.9225262255274,83.9185301361726,83.8657984541769,83.8764374986199,83.8225191388903,83.8468238467918,83.8406227239704
211.819451395158,212.056158371537,211.868865250156,212.041492455514,211.882780300836,211.73971838229,211.76523090508,211.632744066726,211.641132706917,211.668642455172,211.654556636324,211.673105717421,211.632614883418,211.589076576819,211.594637559631,211.521419390169,211.646618966013,211.623286939951,211.590263034131,211.54100772377,211.558015272222,211.567414744146,211.511693048753
79.6524292410822,80.7411377982864,81.4504913474742,82.4812822596585,82.0888724986663,82.1369368836346,82.138502862126,82.1392082709745,82.1851502231529,82.1647904927845,82.1796299661986,82.1672783329173,82.1787000451629,82.1278355077192,82.109353683986,82.1501009848787,82.1663480288802,82.1264242891236,82.1420464858209,82.1496279489311,82.1149123661798,82.11456233118,82.125198537393
50.7338418496595,50.3972012378941,50.3112611609139,50.5076369438534,50.6602107064474,50.6916848779644,50.680062690459,50.6947404644822,50.6716862543261,50.6870372441869,50.6904403529293,50.6854991417532,50.6677673238272,50.6881681276802,50.667894835222,50.6340964875111,50.6647582935227,50.669455248069,50.667251743886,50.6413305244778,50.6367967461726,50.6419342481953,50.6591084550266
109.7578408242,106.098360476684,105.45068961284,105.772644527371,105.425852311965,105.377608835908,105.41609871819,105.302332845833,105.292044009088,105.279621916858,105.312745047281,105.272846397175,105.130749037943,105.088405816532,105.067268706872,105.054526734016,105.100394394268,105.100635006578,105.091591743733,105.070086850366,105.034091829761,104.963685048139,105.039062199836
44.2471603830662,46.4088404890464,47.602204182878,47.9282355718937,48.0548841841081,48.0534091999391,48.1054581387952,48.0477799181559,48.0823307288896,48.0809962909884,48.0781162014846,48.0898639968419,48.1003820403729,48.085422089107,48.0893905640457,48.0913638843735,48.0899437213758,48.065961536464,48.0843292491756,48.0547689182649,48.0822570385297,48.0763906594461,48.1024777670499
116.40960253755,116.410215038991,116.075590616671,115.939887619095,116.235823671046,116.12315486157,116.089829818912,116.100717992575,116.05055031312,116.031849351108,116.041255359327,116.049506821237,116.066893386735,116.054796731628,116.032187067885,116.030002072306,116.013155021817,116.025682709795,116.086399062705,116.068891516062,116.024064138373,116.045513022263,116.075183755033
187.079394032745,186.801206252195,186.822025478649,186.757415996962,186.827353460663,186.831563410624,186.855689875587,186.753282573843,186.728164355279,186.741028609039,186.702351051794,186.79860242744,186.678774689185,186.726138850838,186.719912640414,186.723522693896,186.753401980093,186.674393737853,186.671412569092,186.73997175106,186.67646318408,186.643212448464,186.650317194598
48.9751262429303,49.1317984871768,49.6115443523267,49.7544304008306,49.8949058812909,49.8575560516537,49.8839463798264,49.8824200522226,49.8788213214733,49.8974187189026,49.9074914962399,49.8890538252914,49.8862592327838,49.894478439782,49.9067891864025,49.9017249670723,49.8918799280624,49.9155902792512,49.8902337414809,49.9049557905842,49.8861687354408,49.8981444056525,49.9040767832393
49.9177349147736,54.7935501669593,54.8880094894012,55.1195130947974,54.8871494331396,54.8684052889695,54.8959101582433,54.8995830761821,54.8890101392126,54.916453916436,54.9064359690846,54.8961485064335,54.9049229896875,54.9070049343198,54.8885621458355,54.9343712291905,54.892402108633,54.9123731996211,54.8816217302601,54.8863800652007,54.8971999103004,54.8849570451839,54.9054115692435
22.4963673565146,22.7164968567663,22.6568867169875,22.6451389115775,22.6093225077753,22.6060499837597,22.6070547592015,22.607043772251,22.60853565402,22.6066086678522,22.6097835074944,22.605109251228,22.6056458276812,22.6053939501513,22.6062227932214,22.6058214548161,22.6058504627437,22.6056257497422,22.6050202480434,22.6052462874801,22.6073476246987,22.6064669421837,22.6069822237196
85.2719437647915,85.7736002372736,85.6270913334311,85.8251889199536,85.8865611974177,85.9503897514111,85.8904143467176,85.9311512304209,85.9165744906974,85.8972266363193,85.9030549606438,85.9438439718031,85.8925220091553,85.9311600350439,85.8939386885036,85.9289754137734,85.906992514215,85.901541329007,85.9119108586791,85.9429215318032,85.9228499081623,85.8780346145718,85.9178888339143
66.2954144955783,67.800453956655,68.3129659557299,68.835159495491,68.8312524150788,68.8656347880603,68.8436679072172,68.8736952068996,68.9372559830748,68.9791447844797,68.9529060350029,68.9156890458896,68.9155689266115,68.8519262800715,68.9109373146186,68.8283221430729,68.9093298596417,68.9163562905447,68.9019975484709,68.8751984246475,68.8179268341907,68.7987027938897,68.817150907627
36.5737359183209,37.1475710347553,37.0925805359191,36.7852731911293,36.8095336775335,36.8097077870481,36.8107977457325,36.826938731534,36.8132425378775,36.8128112439877,36.810859261787,36.8157509550208,36.8086658916365,36.8090545023283,36.7958631912866,36.8106720446904,36.8101979042417,36.8035029153886,36.8069625747846,36.796039524717,36.7998029459511,36.7930554847467,36.7957185619196
52.8227257763593,53.8853590253661,53.1105853513112,53.1649678843764,53.1659140614315,53.1671316328919,53.166813847467,53.1590026797117,53.1842896242768,53.1723288740346,53.1690332704252,53.1747138798682,53.174028206188,53.1801995782425,53.1613975969339,53.1734620120328,53.1802974481372,53.1298039587519,53.1552866756215,53.1612164608898,53.1621618682754,53.1497158380331,53.1514560773314
80.3157550762354,79.5005582961367,79.8087808807926,79.4997307516681,79.420959497092,79.4700075237066,79.4659597312299,79.4506411171506,79.3804517151387,79.3909908624855,79.3514981105709,79.3035874551427,79.2505492258759,79.2636464795029,79.2964926452256,79.2420374517173,79.2469161560366,79.2201718749693,79.1894376504337,79.2003243374739,79.2092294127767,79.1891689892444,79.1870852252464
38.8424976711367,40.1804379670392,40.5131209605696,40.4763584812,40.416402983188,40.4801353218724,40.4481809871279,40.4494119541082,40.4457201087272,40.4563051094743,40.4356516717084,40.4498204251154,40.4385348717415,40.4422290841578,40.4533584986237,40.4560471596693,40.433569158626,40.4464387927029,40.4561736282177,40.4498770014243,40.454718101035,40.4592485576303,40.473672450476
20.2239597321311,23.6392237722853,23.515456597759,23.6119070592351,23.6112033216731,23.6129174294672,23.6164599800236,23.6255613471861,23.6263328041544,23.6184864733412,23.619487575745,23.6264504577734,23.6143263292967,23.6156578910875,23.6203802843478,23.6301850581338,23.6212660926411,23.6225452504508,23.6141506652781,23.6279990882635,23.6256524423502,23.6269951141382,23.6246106542784
74.2586790470787,72.6797793725172,72.9599817398272,72.0818922376525,72.1853879312229,72.1160134574285,72.2124782553802,72.1419758880878,72.1966828537299,72.116771053401,72.1047335683295,72.0579058911845,72.0082616703194,72.115183649407,72.1342949400004,72.0966086387472,72.0396262922008,72.0510216756552,72.0128889098533,72.0749161315956,72.0321347972542,72.0323280233511,72.0712734183961
62.5264330119864,62.8704794208557,62.7746911126495,62.8379761697412,62.8295887325097,62.8412817137925,62.8387203513116,62.8430626634062,62.8582113606498,62.8427631043707,62.8076039425519,62.856511617484,62.8413703350082,62.8375423228572,62.8622144694049,62.8077602320232,62.7850074610673,62.8377742247846,62.7900897164612,62.8080277906649,62.7989699993912,62.785964362045,62.7767297353794
54.2670351445432,54.8036120555189,54.5417260369183,54.4473317763507,54.5362734116112,54.557646402937,54.5617430120737,54.5057010978,54.5275097569292,54.5624095674592,54.5243595738094,54.5411289858132,54.5645397510688,54.5190448929734,54.4904249311318,54.5138144435551,54.4943061177193,54.4436519478774,54.5253517216387,54.50996065554,54.4537900798241,54.4610930990324,54.41579055175
174.770791248808,172.63455136069,170.841947467444,172.718340156165,172.230523142808,172.15652206206,172.328237855938,172.233700357034,172.242662676564,172.190536629746,172.407336567273,172.336215118245,172.208372307335,172.215206038047,172.359875326572,172.364912423507,172.307760203604,172.241051064682,172.298775502537,172.282724038402,172.311258038909,172.336585280335,172.321591750054
48.1860665988919,48.174595071021,47.8742798858395,47.8408585694676,47.8169351993761,47.8296465180451,47.8444508062232,47.8159612642678,47.8133253243494,47.8154447850454,47.8272514353859,47.7875230735519,47.7890536720346,47.7834431571278,47.7971290521272,47.8088064832,47.7919867186443,47.7915240087246,47.7917604168177,47.8154541315722,47.8037277942139,47.8025693620567,47.8050537417114
55.3992593217385,55.8262561338525,55.7067754062879,55.6962769392567,55.7048269115185,55.6846803753117,55.6889028659483,55.7061444891659,55.6854201076209,55.7111984257545,55.6836650099632,55.6862981420015,55.6880013621289,55.7024531904736,55.7094972957972,55.6920066353288,55.6955685060736,55.693625011135,55.6862071447625,55.7069247860109,55.7094776495345,55.7039854536698,55.7066445260471
90.9726204777746,90.7002434456735,90.7257065918333,90.6938586140616,90.5996981641504,90.645817299746,90.5805117221165,90.6210380139788,90.624532028908,90.6316659705941,90.6487962053517,90.628626138357,90.6314806689075,90.638245783153,90.6675086819189,90.6017127314709,90.5980151255752,90.6070877076901,90.6174328292312,90.6055123490864,90.570848258545,90.6044645340083,90.6485274282693
65.2313888558231,65.8036946541274,66.9701695644273,67.2167276288442,67.0792754074217,67.0514635562854,67.0870090349274,67.1034198300253,67.0835109410265,67.0973437350308,67.0695481601369,67.1132090441478,67.1040099040026,67.0945173630081,67.0996381088921,67.0861443307348,67.1083583802815,67.1271944307553,67.1069054464208,67.08430849562,67.1156515444179,67.0992860896564,67.097968904985
65.0542374198704,65.0670959183584,64.9895781223221,64.9081517933144,64.9201845077525,65.0155901774059,65.0481159242605,64.9777230678798,64.8821864625204,64.9609838254063,64.8251989380213,64.7903216132264,64.7308457657078,64.6779039573367,64.6847568036294,64.6971791601048,64.655442914123,64.6952963880946,64.6450698191977,64.6548934200596,64.6102527221061,64.6595411886018,64.5988017153258
49.0244952427866,48.7433663896963,48.9167914256232,49.024460165832,49.0207437768511,48.9965286871241,49.0129885080837,48.9932148749817,48.974691468931,49.0152162604139,48.9828495699183,48.9915375162715,48.9917942312844,49.0193236987705,49.0172811210334,49.0078037245644,49.002255983707,48.9921633963039,48.9932527507143,49.0127452929376,48.9875929809989,49.0145064260401,49.0020122251229
129.082481142905,131.759654196288,132.11009946661,131.754213233212,131.799454002755,131.748129721898,131.707710151216,131.646189561467,131.640828352587,131.670260944583,131.675282083373,131.651113042869,131.663511531236,131.62912681093,131.605479786266,131.675194733187,131.620253112496,131.662423870598,131.620451707167,131.596097807876,131.609695529282,131.630619309872,131.59695323424
59.9758761701965,59.6020269384293,58.9552613632983,59.3386197131608,59.281099311635,59.3145715705228,59.4193482018362,59.488256494777,59.5055514104014,59.4632674312177,59.4418184431813,59.4317414811998,59.4521713916395,59.4223585098145,59.4171313375351,59.3615667674322,59.3592152686041,59.3726157099785,59.3478479193817,59.3085081554423,59.3100159183828,59.2747680348098,59.229478771693
146.980485828196,146.367367641815,146.79229204541,146.739980326767,146.617505448062,146.521500978967,146.633896505198,146.509875887719,146.500595656817,146.510228802799,146.515008171047,146.39412831817,146.531238230399,146.546134541981,146.564866543475,146.567014710382,146.574878688811,146.617445601543,146.564998949598,146.620299875681,146.560449093016,146.618989158006,146.741667575932
200.038361967659,201.80494324682,201.606808621157,200.240529204989,201.925096188999,201.436248019494,201.149438319341,201.200072204362,201.015039367693,200.951660749611,200.900869681817,201.010101353668,200.945147544593,200.673195907185,200.713478537762,200.649979818839,200.669400501868,200.693271098308,200.676823804872,200.683329557859,200.800143298028,200.646339934267,200.76842985389
95.6352383879859,97.2807122711325,96.2710094867522,96.3249302573577,96.2589755896983,96.1902331163752,96.15477404034,96.1528296811244,96.1636001265061,96.1856824324466,96.1691505927223,96.1056578669009,96.0940918764007,96.0782119780928,96.0745801802915,96.0715328056509,96.0906519441969,96.0884740850209,96.0899942347888,96.0364803453355,96.0683720231804,96.0859892283009,96.0673496245159
63.3180400907231,64.0227444039273,63.9721290309517,63.779252048654,63.823368945761,63.8542475566688,63.8256401514376,63.8400328219273,63.836809213568,63.8468870931397,63.8612199026038,63.8042548821926,63.7511996028075,63.7246344003356,63.7223840251605,63.7478901566465,63.7269756635652,63.7462004241657,63.7062702605704,63.7306059087667,63.7479931140224,63.6789289143018,63.6392025825273
43.6142977530672,43.1287678363143,43.0660333505813,43.0735715734813,43.0436387236154,43.0716230295179,43.0580398930565,43.0555530325282,43.0581558164859,43.0577426709376,43.0600559576512,43.0596129184693,43.0655587526043,43.0590382115124,43.0583985423171,43.0661836803248,43.0660264073694,43.0714200818886,43.0669863813428,43.0780946210281,43.0531800310853,43.0641642068261,43.055902839048
69.344756101573,69.8021323910671,69.0434048261649,68.845253851732,68.7057540956195,68.6579598837645,68.6724040682124,68.6742465489497,68.660822926898,68.6772142160392,68.6528029632256,68.6638798844643,68.6709828949665,68.6533041470153,68.6385369227434,68.6408539321622,68.6486897797359,68.6277447997964,68.6297004922864,68.6415216629728,68.5959190397469,68.6184955808411,68.6252081596341
90.7318068398594,91.0453009869754,89.8645318614203,90.1846342226032,89.7969168904445,89.8120350657611,89.830015798311,89.7828229071952,89.7855465116705,89.814848044184,89.8102396496498,89.7783443967255,89.8193369498674,89.7825601418853,89.7904217662982,89.8299249129602,89.8371529249999,89.8182007649701,89.7990403322055,89.804613391079,89.7948250072521,89.7978335388607,89.8124937787945
70.5360319599529,70.2469684067567,70.1271335371965,69.9935938071412,70.0267024321193,70.0123289898821,70.0452452544936,70.0306084110617,70.0229330878176,70.0405500642474,70.0327155799969,70.0212293320027,70.0130677817474,70.0102548689408,70.0001553587641,70.0215396342949,69.9882943914479,69.9974890838267,69.9915686042853,69.9984123300417,69.9988373875583,70.0036312950931,70.0118092726287
71.7417830855333,73.4105528683823,73.0955467506013,73.9232993738231,73.4570571346708,73.5258124177737,73.528991986087,73.5046846309885,73.4916045336693,73.471788622195,73.4274300266051,73.4787887291193,73.4071411214338,73.3372602238255,73.3729978769158,73.3203520077975,73.382562652256,73.3457455168263,73.3484190967991,73.3151471418805,73.3050559170415,73.3470902978205,73.353584545716
61.2976373368631,61.5619895249002,62.18714870675,62.25830275806,62.3383407811107,62.3563902589938,62.3193758263975,62.444657972514,62.442301594718,62.4113907844627,62.3806374410117,62.4106789824717,62.3887494001187,62.4077634428469,62.3728905514837,62.4620933275212,62.3888320429433,62.3964861850629,62.384694630135,62.3653708508719,62.3638929922843,62.3618375726044,62.3561916867878
58.0735824762928,60.7185890114486,61.640823254303,61.7257004450917,61.8737780412946,61.8689266420568,61.8581087552441,61.8518950226223,61.8746129731258,61.9076349111244,61.8838965445796,61.874452517658,61.8733103797598,61.8590821355055,61.8762713626956,61.81628609205,61.8226518628076,61.8159105345361,61.7977382896849,61.7914026121152,61.7880022802784,61.7439589644393,61.761095400567
125.690636139492,125.651018960762,124.897773002602,125.289734452426,126.003559791002,126.01127645123,126.129880984296,125.916917052022,126.279170788823,126.21429883255,126.236564289463,126.340833871075,126.296368585362,126.316101411519,126.249578653713,126.179275643056,126.20010551382,126.196274190861,126.211415842667,126.181841088257,126.160749301303,126.126688828981,126.101179578346
81.4385339745826,82.0213016660931,82.1303331486436,81.744720659498,81.287792969099,81.2631561775797,81.2819190088056,81.2712999898743,81.2511035175833,81.2708085399774,81.243883836598,81.2575289395666,81.2575737308261,81.2606735182627,81.2767733845311,81.2846391133937,81.277624390631,81.2653784390246,81.2487947779007,81.2662699877071,81.2816711000698,81.2533128054891,81.2780837614538
90.4500731956306,90.6371007314086,91.3783522411872,91.4584954881933,91.5374906061931,91.4623327834929,91.4992798256364,91.5078466719035,91.5203501322291,91.5097947133303,91.4955529556549,91.5279839797994,91.5157633521682,91.4774946090948,91.4862077441835,91.507916426521,91.4237950084946,91.4699873176111,91.4476289588241,91.4842599372304,91.3724966457814,91.347345858182,91.3677131494202
45.2730321541839,45.3777521785402,45.0665158140847,44.9060029551018,44.8658187133401,44.8779222732074,44.8819876487735,44.8535799980205,44.8534239403986,44.852683254,44.8502359884514,44.8325948253003,44.8339439863046,44.8295218241954,44.8333287481736,44.8119730687468,44.8253799540555,44.8133839345798,44.8284180330817,44.8250024814568,44.8070628750023,44.799995469871,44.7882178796216
71.1802856798731,70.4947254867705,70.2771318404342,70.3448213291377,70.8000997791816,70.8885715149324,70.8304191423859,70.8128851719024,70.8899233858413,70.8463318858333,70.8481057378632,70.8590383264745,70.8800784294431,70.8020514101908,70.841871973154,70.8166937319158,70.8296364497584,70.8500593730028,70.7994102189829,70.7790539087553,70.7600632583367,70.6411167914554,70.6748609891089
150.251489399185,150.520546068607,149.549450511883,150.211093043544,150.374833181757,150.373809800145,150.414496011163,150.507847177603,150.466182106098,150.463296010465,150.533461319426,150.443197700805,150.455027757961,150.361103257364,150.438080030598,150.475067605859,150.359637893757,150.517433959294,150.504283457161,150.506793900771,150.402553499714,150.457682408363,150.578511666844
102.674591974145,101.509285099942,101.748913617576,101.614086961258,101.78230294938,101.808185714926,101.818210003813,101.807352517749,101.847364737828,101.837931897408,101.798668951355,101.826418882876,101.793668981771,101.791237294831,101.735392824469,101.770385540942,101.710083068607,101.709428779639,101.770911463221,101.722117360327,101.764795938148,101.763806817304,101.743278669408
40.9586998825583,40.4559336079115,40.2719443591812,39.9491984788967,39.9514958010645,39.959612050272,39.950202906375,39.9624893686145,39.9537928358907,39.9568637918428,39.9507842365555,39.9528509914963,39.9409684797556,39.9559739367314,39.9411780621683,39.931196424682,39.9399040468085,39.9364366724379,39.9531209451789,39.9469367480087,39.9493376502262,39.9436067274152,39.9558361498873
90.429796308451,91.4815903252035,90.7472654500404,90.8501277552081,90.6008709999425,90.6465863772051,90.6403295049798,90.6452473984402,90.6537109200167,90.7635482365453,90.7116956507989,90.7140498641685,90.6369847259049,90.6457212087638,90.6536737176607,90.6371085044808,90.5925178992214,90.6975874536229,90.602812521206,90.6079644718642,90.6335372772489,90.6239944408665,90.5605888408197
61.3434701782754,61.1915691313672,60.9663886064441,61.2605112659507,61.7053849491933,61.7023516919066,61.7241584596184,61.6891382601283,61.7273165493307,61.7421632215108,61.7246451948058,61.7259022747555,61.7408139266371,61.7218311837869,61.7034068420894,61.7152390542592,61.6956991447149,61.7250714665958,61.7193831640114,61.6978719399714,61.6826662520379,61.6768876304416,61.6665310096425
70.3992641060475,70.548955413535,70.4027336168834,70.3789631153069,70.3364796757337,70.3427708194833,70.2395001136693,70.2131652691813,70.2771220810759,70.2618255830655,70.2390776740231,70.2462706272219,70.2369196474145,70.2388272196221,70.2065120362743,70.2798424598255,70.2269694427592,70.2338262641761,70.2703483721108,70.2300677858172,70.1697645659663,70.1827882070089,70.1964711248757
166.776499226064,167.287396064527,164.807460151975,164.56896518652,164.331167161207,164.335073843222,164.128486342417,164.145289385513,164.239119949248,164.078559372324,164.170104433164,164.143062325777,164.153613456776,164.029361452803,163.929789629972,164.01615445765,164.078106185074,163.99045643737,164.00624256855,164.020025869129,163.937260311514,163.957299130726,164.006305134463
48.8891080561534,48.2359082783111,49.0723426440781,49.0362927273633,49.0974680059326,49.096069448722,49.092712492613,49.0609404964377,49.0502577251584,49.049578207171,49.0149838500958,49.0885351327774,49.015634525047,49.0656849321444,49.0164584949602,49.0248442517965,48.9977551499576,49.0163033625014,49.0318665249284,49.0435812537082,49.0237907457028,49.0368095093978,49.0235187832065
91.2012234080547,88.6614415998349,88.2450906323367,88.5454656694276,88.414895415402,88.3855363858599,88.3391476442689,88.3379888595364,88.3383971299693,88.3057561464854,88.3056111365329,88.2817599476429,88.2593275871901,88.2642744210168,88.2507353443142,88.2814561066661,88.2581677968945,88.266912315642,88.2869578927634,88.2612943309922,88.2574794604537,88.27962318798,88.2921869847694
38.4633709851918,37.5670124591374,37.1750746260259,37.3053027221565,36.9104327790348,36.9222812542319,36.8924823202831,36.8817506517289,36.8872124293614,36.8896493918387,36.8940579753419,36.9076006560721,36.8828450559632,36.9122432722839,36.8839165496317,36.8942351623318,36.8948792482645,36.895681587035,36.8981997154555,36.9000688756719,36.8962273596501,36.8922876900081,36.8955555702557
147.650382648107,147.827808022792,146.25978610672,144.791200853982,146.059906164311,146.050150808167,146.008786206511,146.008308027561,145.973045843083,145.864577071703,145.986059026663,146.017529858216,145.945571785025,145.920410640175,145.999920180497,145.881342239826,145.990487643103,145.953348501484,145.941573452984,145.901337564496,145.886759209795,145.964208079585,145.926933289089
107.704250793739,106.23436893661,106.262576222441,105.872133773455,105.769280636136,105.801439647858,105.756539546489,105.762016207366,105.830299948376,105.850501455976,105.874936931954,105.792420084608,105.776700899092,105.778366041714,105.753619060595,105.810029091694,105.68585181484,105.739609368718,105.733457710149,105.750440916092,105.747615291751,105.726198250072,105.667366428496
119.816276572617,117.368370209367,116.284807108983,116.439606224841,117.446166093226,117.463159564295,117.625863587994,117.504985348244,117.439584424483,117.523083985584,117.245627829238,117.35978496104,117.284529321041,117.078582150707,117.150439528812,117.268940002851,117.231468826177,116.970390652142,117.137572499976,117.085528267995,117.08333210606,117.113538167663,117.032310381504
83.6454575508924,83.536391363179,83.771093260099,82.9420736414647,83.2148538699731,83.1807194013755,83.1941128152881,83.165878426608,83.1668195847724,83.1856711923717,83.1638049476423,83.1782174522683,83.16434450822,83.1629529140212,83.1797010222994,83.1527814005563,83.1804037086381,83.1724187357435,83.170484812451,83.1850212840806,83.16802936412,83.1638258823035,83.1847413359882
