"V1","V2","V3","V4","V5","V6","V7","V8","V9","V10","V11","V12","V13","V14","V15","V16","V17","V18","V19","V20","V21","V22","V23"
50.7554822875924,48.6817539483412,48.9587612017167,48.9257188169565,49.8341386582305,50.1340157163483,50.6097177108719,50.7935354176796,51.2253113787415,51.6210376668351,51.8388427294528,51.9053576369005,52.5456552593965,52.7581533879355,52.8971953167891,53.0140472806935,53.0661174712848,53.1044460757251,53.1013056845209,53.1011668797935,53.1271145231161,53.1345415596352,53.1428625549228
87.2245796382314,84.992169975569,85.7539223918558,86.7810771111542,88.7457120089043,89.6717744376357,90.1394972386869,90.720188251323,90.4781131902237,91.1745828089436,91.1580395501922,91.2760779383417,91.2918074178281,91.2464814755674,91.2584657656345,91.357039587666,91.4757616191435,91.4014807277453,91.3939674117182,91.4270007922084,91.4236840161878,91.4324290923951,91.4209075503518
95.3608979664395,94.7179649244669,95.0052616983108,95.2178366592129,94.3671726142126,94.3447770958727,94.8265164727292,94.5733591297855,94.532262922102,95.2808542298307,94.9975085805593,95.3088995771068,95.8447571558207,96.4040352397677,96.7291410925473,96.7204602340664,96.7860900360132,96.8118366332252,96.847861628236,96.8485239914392,96.924361215237,96.9451261467471,96.9400001371302
116.971301915755,115.501631178425,115.235541140654,114.705961731469,114.983697385787,114.999302837461,116.331686991579,116.007030376121,116.610609263857,117.540122173351,117.66222144693,117.871878676456,118.73596314827,119.163944613135,119.418110391681,119.504376356848,119.537698039008,119.55675346111,119.62247721401,119.602850506659,119.618069566986,119.629093468488,119.614570336007
116.023605435116,108.836295300135,109.388017132554,109.187328557747,110.178885120626,111.052770465226,111.746767605035,111.988221303392,112.208172460249,112.647518440536,112.662396475485,112.893568395949,113.332162560116,113.420250534919,113.480998747076,113.533949156385,113.617386118883,113.621751452112,113.62139520088,113.665233204052,113.639284631406,113.67082532969,113.658998628477
94.9604638475399,90.3532315557372,90.5798753877019,90.9754564978947,92.8979385551418,94.4916645285801,95.8918220048228,97.0687328648452,97.7295209765488,97.9991813583321,98.3872203591346,98.4913232461591,99.2056113190773,99.1917410507512,99.2957552003643,99.2896630377467,99.3642193949291,99.3685144771196,99.3731853362247,99.3931714514641,99.4047688707426,99.4326922132342,99.4150306248565
55.4709436261935,54.3819290241527,53.6007017070644,53.0129881931656,52.3550220886601,51.9825438912535,51.7367863898468,51.4052383411274,51.2938268872116,51.2633907671087,51.1397437985488,50.9644219456309,50.8162339909768,50.7154908039329,50.6449104634074,50.6065966262945,50.6062744175916,50.5925427598425,50.5850203416982,50.5930799756262,50.5884762746993,50.5989206044517,50.5982814227777
120.168775341079,115.164421198667,113.222846137464,114.252112029221,114.729378832775,116.292340978539,117.111805608698,117.117982909609,118.034051544255,118.613637696784,118.566300189623,118.611676927587,118.815866928069,119.053822960257,119.135744176158,119.17179314474,119.263476610068,119.218354528416,119.255258620204,119.232991448548,119.253055053084,119.205010940946,119.223864780755
64.4635952069766,61.0505716494939,60.1220879459494,60.9537839187314,61.3224091491269,62.1122844553224,62.5423495397543,62.7180279596801,63.2226887849745,63.5180036942521,63.9736963250096,63.9854388195227,64.9888725777886,65.3336581574565,65.5005934981148,65.5466601087891,65.6696938959427,65.6369368360452,65.641956451572,65.6958569502228,65.6918421546135,65.7093700657641,65.7106180379797
139.280072776767,136.824312353654,136.258817485132,135.920146844156,135.74971194693,135.971983719678,135.566521061572,136.344887598304,136.504812041443,136.831528327531,137.266562018503,137.55971012972,138.401832701257,139.304256260247,139.274176388177,139.607246261386,139.738013422755,139.767338473836,139.766553464358,139.793301151079,139.83910923869,139.881605355756,139.901791944317
62.8680031823084,63.5415249615062,63.4797700952802,62.5157861794786,61.9795261517489,61.6737454632169,60.9022651499587,60.8634738278329,60.6070688850502,60.6626627236573,60.7490309464173,60.4065492214052,60.6467759508616,60.7764182525661,60.7458620326483,60.8406866610171,60.8235520042485,60.8046808391189,60.8000795275502,60.8140642434797,60.8218209894891,60.8188646673965,60.8116093923124
66.5133259053945,64.228205895466,63.4885217230534,63.657864406059,64.2943326522935,64.6236377542028,65.2657453989984,65.4897270732476,65.6883173433369,65.9790658959822,66.1354198783678,66.1017193148136,66.3841304822167,66.4798807348646,66.5199459747894,66.4882754194518,66.5130303325579,66.5107464599066,66.5171371626494,66.5095489585927,66.5168998312261,66.5265689109257,66.5186534712807
31.4006155182731,30.4324788820886,29.9918605019935,29.4081795429795,28.869593926614,28.5796167601943,28.3072453456855,28.1227152074859,27.9302243831262,27.5114643756748,27.5805442283332,27.3366409689226,27.1039198558657,26.9954127425935,26.8198341762605,26.8041002158709,26.7906540796339,26.8089591555345,26.7846475198932,26.7898300050119,26.7691280787481,26.7725391737821,26.7735734743717
91.1699913966125,88.7820675207415,89.341081406469,90.7399225630129,91.572394889873,92.2834005043213,92.4974104039954,92.7693889942944,92.8125489218153,93.1629652779862,93.1211280918011,93.5340616428705,93.5053742439003,93.8018484977285,93.839029276712,94.0010277014972,93.9536335339984,93.9893691336257,93.9470425711433,93.980363605837,93.9404988303871,93.9435420026426,93.9364171658789
137.189206857435,138.340494915763,138.000990148398,138.467920247639,138.515744183778,138.261998248486,138.076515619914,138.190370821445,137.906730139486,137.6681197554,137.727000124256,137.800953351102,137.655034217834,137.416861634064,137.132393182165,137.038402704826,137.058296538571,137.013766894957,136.915470131003,136.952966149559,136.909919142791,136.877925284172,136.908694908956
48.5101856409748,47.352553281541,47.0391039062436,47.4580566483146,47.6279933435614,47.9376169101049,48.2783293853266,48.3535575569163,48.520943445649,48.8014758974847,48.5782168348924,48.8148375925302,49.2892237734195,49.33401671476,49.4117384738112,49.4936497916203,49.5850850663613,49.5898055254832,49.6105201493209,49.6130800286435,49.6183895828899,49.6382128563748,49.6468311335571
84.2295531563475,83.8256889366807,84.4996542481969,83.2683894493031,84.0663398604019,84.1490616012665,84.2157590080053,84.4640652326398,84.6762368408214,84.8090437412388,84.7772133400392,85.1200742549177,85.3274652779467,85.6589660898238,85.8332752785122,85.9671101185258,86.0224099976631,86.0474107593932,86.0312806208022,86.0500501211849,86.0641545154633,86.1075601522569,86.1073098025668
186.376633733924,183.887660896876,185.230958120413,185.554066352413,186.095311048471,186.778866638621,187.233538709651,187.488301495323,188.128402742103,188.234850295967,188.602403514321,188.76968679869,189.184991223825,189.427091086034,189.571384405497,189.579922362231,189.709698440167,189.742958632834,189.753489674555,189.724710055426,189.81308258143,189.803210956142,189.822556474599
101.911308209616,100.194008113434,98.9045863823334,98.5852700302711,98.5875044765558,98.8541367468927,98.8094785316069,99.0712840361618,99.0900750662226,99.1355242213221,99.5508946543443,99.6480574398083,100.154877866664,100.482531373328,100.552025071542,100.60856579975,100.687766851837,100.710007134822,100.713095658216,100.712399030445,100.747382948881,100.748270690082,100.732786598763
49.9007109827598,49.5468063478669,49.7815899754429,50.1103432621016,50.0960887959471,50.0819348570747,50.083269853536,50.0322245557738,50.1207596545556,50.1467577166734,50.1561167275624,50.0905216359575,50.0725044398546,50.1577275279832,50.1124401021302,50.1433343502126,50.1287720287433,50.1190335500485,50.1339468983615,50.1346739908964,50.132243576642,50.132394944133,50.1334148049463
121.472450122497,114.520107025243,112.687758447975,112.681633256248,114.179689015043,115.953992097986,116.831352420546,117.728731721669,118.701512089138,119.841337672717,120.079150538687,120.270337001691,121.531655254079,122.294966894015,122.390774330546,122.605694589146,122.665768116133,122.703430226161,122.701881947796,122.743163303171,122.767316570018,122.779983824558,122.816624099228
69.6384390864521,69.3209723584329,69.4489943990639,70.4462046027543,71.6724978858631,72.333617401388,73.3161431717431,74.1266398190867,74.1737773487969,74.4566918693752,74.4136877473264,74.9132849898179,74.8912732870075,74.7815179298704,74.8323969982791,74.8236869164717,74.89939690164,74.8453663089914,74.9046725779466,74.879700181489,74.892255122388,74.8969320167087,74.8935659718746
77.5307587894304,77.7344845075615,77.7901557935303,78.223994322396,78.5611183434656,78.7640663108988,78.6503149786791,79.4007658863375,79.7078347206594,79.8500742477925,80.0138399533223,80.0107714763834,80.9179380327352,81.2407249289336,81.7243712338286,81.9824735361526,81.9191241447219,81.9616715129341,82.0347803372252,82.0268303768982,82.0082323457138,82.0307328941389,82.0217673604979
75.3405415371699,74.5435198980339,73.8569527472422,73.6015989195502,73.6753085932218,73.8125100741204,73.4113513661039,73.754823203525,73.5527953343408,73.7069801592292,73.6350640845332,73.7781783990511,74.3034670309558,74.307492965432,74.4888255315048,74.5376760888452,74.5900371823815,74.5847210430443,74.6082395070274,74.6333943628336,74.6362294830821,74.6324945588342,74.6489103872774
112.424734415961,108.159757372142,108.540408887959,108.598815466932,108.960132027967,109.877702858792,110.437853105724,111.230541235948,110.687327559667,111.004669519888,111.55748686493,111.629180711798,112.708384117706,112.824942479596,113.105181096704,113.138509378379,113.25486819151,113.315894992429,113.362708174296,113.341986526281,113.336779250727,113.345466658089,113.348792064975
53.7994646355687,53.697833138073,53.6063421384831,53.6171521244303,54.1742676601128,53.798081802567,53.4123737866223,53.1813649517039,52.838508185214,52.9190442762849,52.3400355008349,52.1052721132999,51.2507345285892,51.0130337598486,50.9391054587155,50.8861283102453,50.8129827692711,50.7939948558418,50.7929887643301,50.788517361561,50.7739997374913,50.7757940014751,50.762510613242
105.070428757515,106.325507087309,107.24850462366,107.589079875819,107.645378954442,108.22617137242,108.739683212684,109.066988976713,109.37521762389,109.585146926985,109.752311259551,109.648926364733,110.012226885804,109.919194463231,109.958402802605,109.932512390276,110.005526465473,109.979826165479,109.971937927763,109.982416518288,109.969838066647,109.972887820068,109.970696752147
67.6678931389234,65.8002142699021,64.857527655609,64.528107169208,64.9522743589308,65.1708288271447,65.0142517206366,65.2549746035103,65.1480338546175,65.220383153013,65.2737598689612,65.1899925406906,65.2421127189166,65.2723351611315,65.2890231186295,65.2890737620587,65.2822943194885,65.2794252988952,65.2887841718781,65.2971770778233,65.3010793611912,65.2914936555577,65.287508224791
156.710048771359,155.897973795507,155.030176524824,154.060490947104,154.076675259111,153.033045434313,152.793362259766,152.963667193208,152.727185591197,153.392521260745,153.549143618074,153.453464805082,153.854928274738,154.00026310189,154.164526294477,154.371677094481,154.360639174371,154.336772444163,154.320673827137,154.294516859337,154.325469875618,154.307360748466,154.330753110941
125.097495872295,123.003796651327,121.784693961984,121.592123198908,121.315291770723,120.687234188525,120.344392665952,120.147776290771,119.931603889705,119.760264177068,119.558082804036,119.434220820182,118.68569329279,118.23139654342,118.114862465,117.991344734799,118.021780203617,117.928612303605,117.907414080531,117.89259743672,117.901690890506,117.882043267657,117.878712056309
94.7848722892066,94.6823446073209,94.5344227398205,94.177835038421,93.8882576030641,93.5840157439092,93.8733109186461,94.2383937839806,93.7486166643576,94.404805337486,94.1061655002112,94.6145557877646,94.8679643506187,95.0278029572172,95.1359903166075,95.2654660874886,95.2890849473136,95.320139040174,95.3088275470556,95.3218132474056,95.3355629747072,95.3294789326986,95.3271435967164
99.8420950686707,91.2506709932529,90.9468851190964,91.6158071599612,93.335043897807,95.0504482920675,95.7050517867139,96.9227855460716,97.3469673759249,97.6890230614636,97.9768351387061,98.4793392217994,99.7318505337339,99.9912696762767,100.3840652433,100.438114366699,100.490012618401,100.602958502083,100.638530980882,100.622894801724,100.69809557067,100.734026848418,100.730381550327
74.3651007122042,72.4662915598782,72.6915179828969,72.3082922530186,72.5367758913088,73.5922358555621,73.6834167005113,74.0787599026505,74.666636895265,75.2576355530122,75.6985694426731,75.813291467302,76.7519645897245,77.2165786194999,77.4767131731064,77.7279864036438,77.8024183815087,77.7940279457022,77.8561071165247,77.8477419390954,77.8596163582822,77.8601107010221,77.8752158066776
59.8887263360925,57.3188521392655,57.189180461758,56.7761536640481,56.6858872187783,57.0815337083748,57.1826230339872,57.0945099952154,57.5164653213988,57.6880680565718,57.6977488064994,58.0611579816917,58.3778591100889,58.5324536436243,58.6347451518894,58.652890711035,58.6847880326698,58.7189724563883,58.7120088988897,58.7087588634989,58.7160482946065,58.7175696598367,58.7229029103717
83.7155660435439,75.3028451980345,75.0867703646779,75.7572695546126,77.3903786274315,79.6451315771163,80.8060782614971,83.0211516512698,83.4487396665679,84.5705650877798,84.4384304357554,84.9100158771999,86.6715316523362,87.3976536963712,87.7538602996915,87.8165117988414,87.9855416000188,88.0045641886661,88.0331702484844,88.0813240936683,88.0985444166482,88.1433247732461,88.1193073932949
98.8518125959928,97.4483489769117,96.4801847392395,96.2173961156802,96.0670742641334,95.8422994770567,95.9399213775368,96.1311363746778,95.916904008691,96.0312124010941,96.2740537515664,96.2200192846631,96.5042054722819,96.4186022696624,96.5274052335512,96.4970390697164,96.4815072398601,96.4499042177498,96.4415995539004,96.4772672498756,96.4636472397842,96.4543898561141,96.4410720051552
76.8063339141395,74.6763312565918,75.2270235532701,74.2103963601978,75.2726280735412,75.5647867325032,76.0059406445532,76.0493033195492,76.3951464142364,77.1301136018061,76.924579958607,76.8659073555459,77.5467957624812,77.6609055951606,77.667782406771,77.8337403773998,77.8034251938509,77.7777203707172,77.8268899324102,77.8284010381604,77.8439743747743,77.853569470225,77.8601687310798
74.0286000614235,66.3499720211264,67.3336303849287,68.7622713741489,70.149176245715,71.9129896364205,73.362746714176,74.3152552992775,74.7574959901659,75.1705576314506,75.8423862425542,75.9804304677515,76.8964923141699,77.2271578478721,77.3916101695651,77.45444704508,77.5769357097422,77.5652445354237,77.5469849624427,77.5870886010318,77.6111771384822,77.6160310423991,77.6140317807522
123.522189598392,120.809900826968,121.405143924792,121.519244631186,122.158320177755,122.608637171927,123.285095622539,122.844642562316,123.232837633577,123.289294279912,123.038499513857,123.069463366201,123.204412839097,123.231948996765,123.308174217,123.280090175093,123.229003328642,123.238807915286,123.259166583161,123.254562547169,123.267708521181,123.297330301938,123.293499081397
99.286202789198,99.0857283762693,98.4427690998614,97.9884540984899,97.8201936692945,97.5179962932074,97.5061626513957,97.6202956017099,97.7664547694906,97.8315143766251,98.5309961697019,98.353567115889,100.130220779043,100.715829622408,101.173500436216,101.418572283546,101.573994182164,101.55785032037,101.593197782108,101.620258037039,101.670175894632,101.6807053583,101.70172495297
70.0479276097889,68.690372127007,68.187533097648,68.4295188319771,68.3507777109868,68.3044576056476,68.5567091835147,68.7577806913497,68.8668157803437,68.9340219359388,68.9161600196369,68.9256856848597,69.0537764060528,69.100165057353,69.1340527212165,69.1504272243866,69.1749467375333,69.1610724765571,69.1730006139831,69.1743256875601,69.1679443151533,69.1688039564271,69.1768244957635
177.85956626241,173.565655342134,172.913393350038,172.918658721528,172.601580307468,172.765926492454,172.880329172714,172.88733072338,173.237342475133,173.12468341404,173.205399334211,173.117732002736,173.358595004628,173.375020611145,173.316467127091,173.315825192077,173.331973378339,173.348116589764,173.342895621375,173.383417235963,173.340733763038,173.319338136344,173.342325402397
175.097497924867,175.476739372285,178.109361778801,177.627576593501,176.239633522698,176.653528338633,176.232604969229,176.063639442288,176.819430895573,175.738235799736,176.35914428857,176.7891087906,177.053896877054,177.523430808593,177.814998145352,177.957232442937,177.88294632461,178.002096231071,178.050658208194,178.032527133279,178.091268463504,178.05430565976,178.069403532328
87.593886272446,82.0161158784387,81.0978642744989,81.1894358475551,81.9265770080421,83.1679354590631,84.0607291042013,85.2408492862311,85.7100605478218,86.2215890884777,86.6698408758058,86.6316347707278,87.6943230543117,88.1749720836665,88.3448221929327,88.550595014136,88.5805575095071,88.647910227671,88.6149003248865,88.6327861180497,88.6783792985733,88.6889174890731,88.7029252317606
85.3699293054393,86.7906713074807,87.1843763673188,88.2611714467386,88.4017746481473,88.8079946316574,89.3923654338473,89.642906054125,89.8427351234447,90.1391269601891,90.2471887685841,90.5262366500666,90.7426335077805,91.03184259502,91.08291504168,91.1542514899797,91.1713771158061,91.1784653422504,91.2085902934887,91.1997925920091,91.2220096819636,91.2297873191596,91.2300568952648
65.2702789895514,60.2637039157984,60.81636282654,60.8295429366379,62.3772830343641,63.7869147458188,63.7629715686567,63.890212583925,64.4301354742365,64.4932913284104,64.3382030424112,64.4171076491974,64.0665196322716,63.9004597303553,63.9915574832088,63.9182141011377,63.9313485032038,63.8938882637688,63.918887791528,63.8841206419929,63.9176905224571,63.9182302506707,63.9234830217707
131.457994743194,132.942273209845,131.415249539355,129.584415423694,128.185421576676,127.543407499423,127.544310429039,127.614925807494,127.674682063648,127.429766564526,127.70141688452,127.474757261278,127.415411583705,127.505850822468,127.478452842392,127.420085256423,127.438868830392,127.41564000318,127.401921386281,127.397368201514,127.397939401487,127.407831947923,127.409638980066
56.7800110945794,59.7562848680408,60.0344007781559,59.5816546422199,59.9935978268964,59.8924162350812,59.697613043156,59.6626078961992,60.4226994589961,60.109245121203,60.5593910084292,60.664503719441,60.8706959275028,61.0245511033688,61.0946055057878,61.1210235046068,61.2253761812497,61.2308414019156,61.2266603779614,61.2507329422428,61.2723366586165,61.2887191070816,61.2854663241472
70.5263539543294,67.2582116666024,66.5946931795017,66.5512046175995,66.3109012962585,65.9247246913104,66.2952003253866,65.8126625823155,65.8051260488363,65.854185522312,65.4966543954729,65.7598060933516,65.3430465903991,65.2625180659393,65.2704590276994,65.2685793543433,65.2758614000095,65.2409715821577,65.270335274556,65.2576404677776,65.2787899260492,65.264876312827,65.2562928525618
105.377045630803,102.558984481552,100.518041605054,101.243889425518,101.854482387577,103.672349109777,104.286379825942,105.029133696343,106.422378900886,106.303363991314,106.81776488472,107.681625550764,108.181312711041,108.92186496295,109.049016272913,109.011979259703,109.212180298306,109.192895817579,109.227354238339,109.297928423208,109.32278226861,109.378111465124,109.369242859152
61.8474854562835,50.8320698695782,50.7092636480609,51.9991799509457,53.5970866712821,56.0468663124732,56.8168140299911,57.7483726141648,59.0754198804478,60.4479727176361,61.2392884047164,62.4138233328297,65.6363659484972,66.3949767023623,67.268042483231,67.8198853012917,67.8502596222249,67.9605692455183,68.0847399776756,68.1038289660467,68.2537345065439,68.2679343912488,68.2826544056065
104.782345617666,100.560748377995,100.813586958115,101.188461736286,102.100932166668,102.84206761587,102.695034868493,103.577675453094,103.664382737658,103.444585218105,103.219352793115,103.740435047816,103.497368808125,103.338579528466,103.401277557387,103.406274707363,103.277654129832,103.354321013349,103.348708904655,103.311137985514,103.335318132081,103.312897755418,103.303240137394
98.516564041152,93.217905786194,93.3610399245151,93.4708250647542,94.6329533522725,96.0215484751863,97.0869405822828,97.8254832742018,98.1711440470586,98.9210345136401,99.1758440989786,99.2850545276033,100.65534362378,100.90844065623,101.319400695115,101.25643451353,101.416109989705,101.424306470833,101.454818108941,101.456657636007,101.481899599674,101.499887472962,101.487720211524
56.3013662889508,54.647632005675,54.7084646150526,54.5221411422302,54.0694809398295,54.16982983077,54.253465405253,53.9381144011788,53.5390192687193,53.56837908428,53.4727634926357,53.4562301040829,53.6078002630871,53.740005685118,53.7707099380847,53.6800350750111,53.757200413773,53.7325217943813,53.7581937610471,53.7470109863967,53.7601762089517,53.7564073880552,53.7482490080655
109.993004439939,106.704863187907,105.50996804631,105.85549374277,105.592313007609,105.475903684212,105.952942983444,106.058108233696,107.727086924988,107.829680051605,108.72215740391,109.626727565207,111.100253726741,112.154242791807,112.346968539064,112.719340795338,112.811530917439,112.907157186661,112.938716431238,113.007373273116,113.025244130215,113.057170463249,113.040882330011
107.536673385823,105.609274733719,105.631589763619,105.276310314949,105.441071466971,105.993734936409,105.913634679652,106.107689901998,106.1166142651,106.358676089168,106.502236843486,106.454878065572,106.850215676172,106.976504489011,107.0311346658,107.081876665026,107.093669659958,107.117753794779,107.084737644062,107.123322651234,107.131365702303,107.122659563346,107.119852725513
82.6948662830997,78.1495929269971,77.3950436403025,77.1383617161791,77.6613899240362,78.3980940600646,78.8375701761896,79.323135848722,79.4398756621604,79.689701634932,79.5273316323854,79.8552928108907,80.2245229150049,80.1874179991368,80.250553254801,80.2633279186124,80.3322406219822,80.2835020264354,80.3188354464495,80.2626219827162,80.2815055281383,80.2670982226585,80.2677294037334
72.4677198516359,70.2359830456805,70.080663160125,70.1941908641026,70.609895860976,70.8354476845976,71.0668962127252,71.5957154944901,71.4965602453807,71.8148472473879,71.948242122321,71.971012009599,72.3325702240349,72.5961506972703,72.6199126746353,72.6741902552615,72.7111352563904,72.7242738763118,72.7268934271182,72.7601168150433,72.7440466547363,72.7376358493185,72.739461850422
136.033961884001,127.322558236129,124.826419813148,122.198696842119,124.890837316709,127.027034763595,127.315608060268,128.393410760634,130.005564588502,130.808638178828,131.896370201762,131.330379956911,133.742240428,134.128971371741,134.81749498076,134.821203002741,134.938910801103,134.937324732131,135.067441082893,135.050210586007,135.095430866211,135.127438742658,135.15342763395
40.5429376286483,40.7409098869919,40.8548069660965,40.8999122555176,41.1986747118733,41.2655564547307,41.511879965506,41.551548880371,41.7712938045549,42.0488289247535,42.1058004734255,42.3399200205059,42.4909235117493,42.655078013576,42.6846739537926,42.69076817703,42.7439817059896,42.7422777774128,42.7518695500551,42.7572777702535,42.7662284517852,42.7586253004469,42.7571486728575
98.9932317249795,92.8080693858798,99.5409420102916,103.683806078652,109.218473353427,112.691032546927,114.891460890352,114.601810032172,115.708348611338,117.00580505032,117.75888513531,118.246146207355,119.193905552659,119.691708465919,119.693391077621,120.002230949703,120.060112175251,120.042428101253,120.071631986473,120.18578128193,120.16845739328,120.213513984601,120.214998285866
78.1979310273101,79.8411735593137,80.2017465950755,80.7087355280126,81.1811459317209,81.4246073703422,81.2325291099262,81.0191243789081,81.3732503103674,81.1423546536203,81.3672978492051,81.1571487690251,81.2637677349606,81.0570137188136,81.128989951684,81.1795784542103,81.1082966106429,81.0603086516397,81.1062056750468,81.1403440913104,81.102983130177,81.1198236904678,81.1186034997719
110.170314951211,104.079930103205,102.517800958382,105.077708305976,106.835833661925,107.184681848945,108.551210445429,108.348673910741,109.382934617589,110.126099694657,110.500593586075,110.722204634188,111.806657270097,112.707907931408,113.063679055555,113.29881879312,113.312359439466,113.378226666765,113.355231227625,113.431135609686,113.492330438777,113.511255230942,113.529026073424
83.9898140724204,78.1643839219082,77.6082565522647,76.7702513446409,77.9055932614991,78.9287434718979,79.3795440175651,80.1178913136835,81.5191961624412,81.2483385588356,82.0274200186449,81.9912695451872,82.9704898187677,83.085390444266,83.3829715063233,83.4294679479333,83.5438972615511,83.5703000059609,83.629411122525,83.6317950880694,83.6460411178291,83.6660657448785,83.6640954816657
88.4465022779536,86.5114133768955,86.1898652526706,86.762228697614,87.0313885768859,87.0422719600898,86.9542927988865,87.3279396043087,87.4302844585794,87.2324610900644,87.2665190524005,87.1815502837966,87.0796527054704,87.0244018264731,87.0521044566552,86.9712595709379,86.9673085215609,86.9652700588613,86.9628144211853,86.9516348062726,86.9573032861707,86.9574852633783,86.9543881648945
139.286529550654,135.062849074087,133.810139080862,133.540083743526,134.165558263944,134.381092553396,134.153146546908,134.295567096006,134.428888241267,134.836585165115,134.802736817459,135.036300432321,135.082774568218,135.38941294955,135.185941898398,135.32286229078,135.442245859215,135.379247056801,135.410763972528,135.388857154133,135.392447606369,135.371750330404,135.381371199667
56.8405255846659,55.5202473835138,55.9519743314879,56.4055210056743,57.7113051891543,58.5457360105655,58.6330936199578,59.1962297296105,59.4486652808365,59.2926611061169,58.904642609197,59.0540278682164,58.8951069798079,58.9389563481246,59.0296675462047,58.9488456017499,58.9851719945648,58.9866399634402,59.0234375657313,59.0389867177004,59.0169952010102,59.0086302214483,59.0056557725515
64.6986812142462,62.7959198028582,62.1398017709971,62.3085174139784,62.4480293400852,62.7465924831937,63.233641821922,63.6626496045526,64.3316852745968,64.310422906924,64.5245946789712,64.925699457198,65.4646192278872,65.9162250324621,66.1437292808894,66.2035652360104,66.2226960857593,66.3219324091797,66.3270119518207,66.3419595951425,66.3409120861115,66.3626663806318,66.3402516199211
75.3155296680469,74.8703520539533,74.8301858404857,74.5975049777705,74.8670760537964,74.012997618089,72.3271101573437,72.0758983931169,71.3697293329358,71.2042944918734,70.9771975068383,70.7836968966184,69.231827834209,68.9265640228875,68.7123039812786,68.5541195868167,68.5270260188582,68.4306379873008,68.4537673744482,68.3891812700211,68.3820783553027,68.3919247570021,68.372099822805
66.8819816510156,66.050955119951,64.5626233442685,63.9418649070949,63.6889769196819,65.0293008110391,64.7700071827242,64.7221101568191,65.652952458861,65.9691843966721,66.2002055893865,66.7048466956243,67.73660978231,68.260603675164,68.4468609696509,68.8048507919914,68.7453349331177,68.9462594023649,68.9419126470205,68.9422378530575,68.9918337284913,69.0073692783736,69.0241501996468
55.497504304765,55.2436146765967,55.5844222305852,56.7576749590316,58.3409333356415,59.4331856633845,59.3403923407892,60.4252217570598,60.7216440929124,61.522939624975,61.5732006389303,62.0780107308923,62.7817955682507,63.2346134509922,63.4364028148563,63.5927036722656,63.7203523131328,63.6893060228641,63.7348760409602,63.7660982946318,63.7640829477204,63.796737651071,63.7966322224535
37.6566879711794,38.1386542163338,38.1117139080474,38.1367869304591,38.0343006956701,37.864553932317,37.6110261995433,37.5019411078711,37.408026126794,37.4181861095037,37.254944045584,37.1269329775733,36.9549588757606,36.9611777975795,36.7985665054705,36.8530250450516,36.8160716841875,36.829502180886,36.7910302425074,36.8220164745714,36.8218104243144,36.816725588527,36.8283997083855
81.4298765292908,76.9967219442207,78.1698981067782,78.4781748366752,80.419673776958,81.5628165893656,82.5401839165045,83.2216963043796,83.8976734468627,84.0435976372986,84.6502114128769,85.2957391414301,86.2942250587441,87.2366828072532,87.6645579060868,87.7451216024859,87.7186502378977,87.9053269448126,87.967176809589,87.954882721861,88.0015021444263,88.0362693344525,88.0349221549516
89.5706834217964,88.9761427942536,88.9060786068787,89.0964575941856,88.9269942854934,88.7932183249206,89.1815199838685,88.7749726204709,89.0971062226018,89.1565254416417,89.2030025074349,89.302357715582,89.5789066688882,89.7369290713153,89.7331437607909,89.8256338314454,89.8489354746853,89.8668567553472,89.8614308566994,89.8623053309298,89.9128446980672,89.9134420629697,89.9130609770066
79.9495805057746,76.3982247160208,75.937412825764,75.6124205487166,76.8041700309986,78.0871045308179,77.9741518117614,78.8423372781178,79.1640472669328,79.7675456784725,80.0814251907557,80.2246447971789,80.9291230326411,81.2601171286207,81.3869213419496,81.3460504335945,81.5190831306789,81.4645347908073,81.4723180840742,81.5039095746833,81.4882963156638,81.5346310393044,81.5378004280516
44.9038882514585,44.8155796323094,44.9751329641427,45.3620557532652,45.4543851039496,45.8745288823243,45.9875809429419,46.3603839453267,46.2301950021321,46.526145706019,46.2937076455982,46.2954194510495,46.9508020845353,46.7583280309922,46.9864165219962,46.9653466065523,47.00782206215,47.0540085067935,47.0182182951132,47.033535522788,47.0645234262392,47.051071425496,47.0590519662999
93.7568074572976,93.7369677661777,92.381980237829,91.6478541048932,90.5315629068229,89.2652514716746,88.8709392555133,88.0656503062826,88.0073355362375,87.3262985217036,87.2891267449357,86.7517534938589,86.6201644206546,86.697815902928,86.6262319751201,86.6475393668431,86.7279414220254,86.7142078572987,86.7065297366818,86.7204510115911,86.6998518805261,86.7258087505731,86.7412302684029
65.141713467659,63.8315983293932,63.7413368288832,63.8496559670117,64.5595722862176,65.0515062983892,65.8693955457158,66.4386588546915,66.961665152179,67.1384796655964,67.5203170985833,67.921090049366,68.7528992468231,69.3493196767185,69.5716983797642,69.6865403015782,69.808490252287,69.8552497195703,69.8447647853814,69.895719481847,69.882584634367,69.9143458163596,69.9162381663784
100.264509678812,89.1824996385399,87.5583681064763,89.180620527284,91.5497131373181,95.1581346720296,96.0588162125107,97.7776817122072,98.5106726476188,99.6549010815386,99.8164821148213,100.71442920089,102.02612056361,102.677613076279,102.956844325357,103.065585420882,103.279678483137,103.195099314544,103.239181574104,103.329868415403,103.349381032122,103.365389225176,103.352985275144
64.6342692128811,65.5648473132109,65.2990918421932,65.0316988960919,65.672976739999,65.3717378681889,65.3088227244363,65.6258516770609,65.5199753111014,65.6226002627235,65.5429230159567,65.6291491591654,65.614589929815,65.6966696574251,65.7977655649935,65.8073049431015,65.7896791532156,65.7864827517702,65.7980585705924,65.8132856182145,65.815865841806,65.8257980743922,65.8287185010182
71.3024115884053,68.7873682826573,68.3948672192866,68.3957951053666,68.4984999588503,69.0599295300198,69.4529465830875,69.5786958896193,69.9466139767569,70.0718183242392,70.3907374612761,70.53225786768,70.8824497438732,71.1593398353692,71.1961642471798,71.2415677147304,71.2917631010851,71.318997282815,71.3265410093071,71.3391418592526,71.3777364259248,71.3904245969529,71.3936976600317
69.4323023988709,65.4973944058368,64.6461510800781,64.2164440439834,64.6377226509698,65.0654716116706,65.4786365402157,66.5948231691781,67.2964982776842,67.9698696621694,68.4827123592032,68.9479147241129,70.8218066768262,72.137529355044,72.5920266636051,72.8045821176003,72.8348239634939,72.9286061162581,72.9920347842712,72.9961084981216,73.0428938239916,73.0480819465961,73.0487307363531
59.2905312259085,56.257762594468,55.7504238306846,56.5005811966157,56.8917233411401,57.6841211755315,57.7996780192992,58.1977193521965,58.3282726698397,58.2446364783697,58.6310667687069,58.8546557192688,59.4011993178633,59.6689788010428,59.7612309570491,59.8425667365393,59.8857382399309,59.8576028284317,59.8953041270658,59.910841762996,59.9208909680959,59.8951019505012,59.9032774656599
26.3115936848829,25.7702866419582,25.3636313502766,25.6220934230983,25.4724200195942,25.2704304642964,24.8181334553878,24.9697439124645,25.0695889766869,24.9913588376876,25.0189574747872,25.1116049548402,25.2444991212563,25.6258340334658,25.5868627212809,25.6890569389145,25.673141639262,25.7035502858452,25.6968816044334,25.7229340906126,25.7322461579372,25.7323809793745,25.7256319862229
109.722579991819,104.275047111233,103.924835996825,104.105997797788,106.309433012677,108.505597658083,110.030264856075,110.416941114536,110.986410536113,111.769782403843,112.189273897194,112.683459487211,113.361743870915,113.864302597379,113.997673029779,114.168036827822,114.164496865177,114.153868181401,114.116407931151,114.191298107025,114.213930993631,114.211905989292,114.21157935303
86.7394121195976,75.3789197333543,74.1276289227746,74.9533681000316,77.9289621325077,80.4819277766554,82.8006540982189,83.9950116119809,85.1643503530654,86.561807124017,87.5331353969659,88.3789661909671,91.4477124168329,92.4763383491258,92.9922275950474,93.5113567308257,93.711165974518,93.847670106851,93.8403053162305,93.8164987873655,93.9978326866866,94.0315539837272,94.015383356628
168.582428785368,168.439252138635,168.863570376568,169.454703619819,170.501300179021,170.471208906878,170.071231424735,170.032099164448,169.844284008087,169.511313009694,169.496498690776,169.497065232775,168.733905424546,168.489071603197,168.508014842389,168.402752474318,168.381679040926,168.420596937528,168.433795210539,168.404386586333,168.384428551632,168.412685617922,168.419855758277
58.658496370193,53.9105282923099,54.4062781835995,54.475404188156,55.1695284072668,55.3991756545296,56.4604416248792,56.456483680213,56.844981572966,57.5716786345423,57.3946740071407,58.0141354580911,59.8718779303688,61.0398244045709,61.2170512585167,61.6698778692377,61.808843770877,61.7687922960505,61.8077739497377,61.8527203403454,61.8613447702746,61.8724300082523,61.8837722217635
101.279668952845,97.2655753889263,95.9063161773229,95.1520528315464,94.9981737339552,94.7489316383981,95.3943306251174,95.2955209682432,95.4793133709781,95.5705770517096,95.6709403256707,95.6814425904077,96.1940904569185,96.2764212246117,96.2735240024268,96.3436943253003,96.3196530987058,96.3531328811271,96.3369508920006,96.3776234051533,96.3901640027184,96.3753585380977,96.3821184085676
122.082074950987,118.98792986203,119.230836452532,119.965039695625,120.451647846622,121.256146234724,121.557741001575,122.179529870546,122.49534175927,123.098266259508,123.892429767398,123.945748911948,125.214064306972,125.402880748828,125.770776794838,125.918194364057,125.95388146145,126.106338993858,126.119537744773,126.134848856085,126.15694225614,126.174156054828,126.177496065705
106.839230954362,106.14198689437,106.425526894179,106.312847809176,106.803493297852,107.112213959992,107.33237464855,107.800479405802,107.778246942581,107.943058269254,107.941312223611,108.49771840918,108.603720933965,108.965191021326,109.109629356358,109.21379939491,109.144860122939,109.190915634682,109.130818976778,109.197501297081,109.212862284034,109.21939489604,109.211091091418
61.631605610427,61.6992598842327,61.309785407657,61.2813331830874,60.7339390023532,60.2487370028752,60.4306273874541,60.3157925529862,60.0877708022226,60.1820723221975,60.0610136516827,60.1958299935586,59.9544862665033,60.0482719516465,60.0600409125901,60.0980366250244,60.0972954798337,60.1044737681432,60.0993606140072,60.1001318567288,60.1078127834916,60.1136210706574,60.1164149355486
50.6211397490947,48.7197629290495,48.0026620875162,48.1726338915164,46.810690734366,46.2787175251705,45.9415947896267,45.2759842623304,44.9895648979281,44.9982592734049,44.7925138167028,44.8029801497002,43.9806813203027,43.9094159185117,43.83714412218,43.8467447332052,43.8143564151866,43.8481221252828,43.8146290462158,43.7427691863867,43.7767409735013,43.7718542258113,43.7628477207356
58.6155007358936,58.5720648092728,58.9516805008524,59.1454271806382,60.2911390158176,60.9011263297434,61.414401219924,61.7015704628209,61.9026092136876,62.0207745298562,62.437866338781,62.5231577111751,62.8723025219589,63.146228270541,63.2275949560426,63.3228237257048,63.3200987994079,63.3226913029637,63.3414796552578,63.362104976311,63.3803039440411,63.3730655975983,63.3880806375651
137.906159235715,136.471145911317,137.567863831432,139.004661249805,140.555117079058,142.479495788117,144.452835719139,145.124275564534,145.690599269547,147.527500441963,146.851662382552,147.860980589173,149.357479646992,149.328450573785,149.466791285706,149.69086912951,149.809943638898,149.780760788801,149.831304416957,149.890795361881,149.940831454131,149.936895335879,149.935762827662
104.933409757578,104.177647726262,103.529361662702,102.824240967248,103.049689959819,103.540137161847,103.197080482882,103.1547563443,103.403356799045,103.216540989843,103.012633317669,102.883274564871,102.822417442673,102.745713067759,102.638848154282,102.737715940807,102.72660128368,102.569534008435,102.653534680791,102.648986754683,102.654757934214,102.624721029981,102.6475782524
155.226584089073,156.196217091995,156.620497718983,156.318766092779,155.620907154584,154.893131797911,154.677747149466,154.68730499981,154.616339559155,154.925747857592,154.80125856418,154.603571345292,154.293946642944,154.514834892121,154.479696709825,154.50136840422,154.410644018147,154.422678692362,154.407400230373,154.405781398444,154.418058020036,154.424751460365,154.406431794093
78.4540932993949,78.2955607011337,77.8932424759695,77.8225097267473,77.4453537189693,76.6174919129284,76.7737457205165,76.7742382113908,76.4062687328901,76.6985603536017,76.8553731666271,76.7628292279963,77.0168560096633,77.1874909011422,77.2929182738337,77.307427465049,77.4262764237851,77.3993908684688,77.3848205095349,77.4156121195681,77.4180687170321,77.4298946134865,77.4274948257739
93.1744890396239,81.0652641968093,84.002901129862,86.2272615738667,91.9412754264647,96.5462373072024,98.5730641703298,99.7056019821526,101.956361659306,102.111227526159,102.776998429555,103.827125852796,105.692192577628,106.737468991463,107.271073510458,107.391539621765,107.571104059016,107.737914584535,107.697042821986,107.716372170206,107.850033684073,107.921369829375,107.930287582961
57.147192112832,54.9823664160111,55.28059106993,55.6261023410587,55.9857801980838,56.3417362332772,56.4689990602502,56.6322541673109,56.7266360401441,56.8996350855166,56.8334143930508,56.8955102777428,57.2337752191431,57.3734498847224,57.4494464140367,57.5122377019415,57.4791801155876,57.4664996311185,57.4898985398171,57.4829867483104,57.4890956004677,57.4858193901668,57.4968947071525
