"V1","V2","V3","V4","V5","V6","V7","V8","V9","V10","V11","V12","V13","V14","V15","V16","V17","V18","V19","V20","V21","V22","V23"
331.646030730254,329.270467649931,319.2260828386,317.358793444581,318.546679865327,315.937577233011,308.905339195333,314.283884082612,314.727221479246,313.190450922334,308.95386507622,309.984508724079,309.916079323188,305.808776063644,304.561370730988,301.504293890775,303.755720686413,303.64406549513,304.186313884044,301.904713074741,303.303171040389,302.82120221991,302.975292380645
300.08559978787,306.648482872559,309.898692640891,305.229509468511,315.932196883634,319.018844624756,309.012651293266,313.748304079589,313.92473954576,311.119512486738,305.733000069534,309.766163545344,306.055984435091,304.195763956812,306.435715309214,305.445879907215,305.58184404536,305.653100070698,307.052124076922,307.212425656282,305.608550087047,307.232386378088,306.071779752936
222.915405641294,218.796501680135,207.386164740519,210.33582931116,212.163878154485,217.264270623914,214.337111555794,214.857681428196,218.105375208451,217.528606700419,213.006056889205,215.500798036029,215.007083431384,215.073839282706,215.198916356117,214.940427891225,214.401395666496,215.504625966648,214.106577334529,214.480879004374,215.337643046217,215.442873800168,215.883528744158
214.998331660305,221.56307475149,220.136028894336,221.235544713983,216.929919202516,220.573590393671,211.151732717627,213.025630117625,217.035120223279,210.25119107423,212.207768526657,206.194556834281,210.43014847607,210.639288762518,210.051000629688,208.833102411531,207.612272340876,209.423941435528,210.044121578198,209.247650229691,210.619180699023,207.686046130339,208.364800602405
188.058386700366,189.859408228317,173.159037242446,196.362961887951,189.159677103406,177.507788520035,185.941281164882,185.001669533843,202.716790352272,192.733179974157,190.492951156523,198.691498398013,200.879695052434,204.995417688502,205.039036053927,206.446336283222,205.237913896042,206.626827056109,207.739524968421,207.424599816911,208.211380656919,207.946109636983,207.815823073414
154.893432256528,168.950040285698,158.27745197043,162.759676326816,160.411274243416,155.783068505798,171.693315380687,165.179637840107,165.081344096342,168.789063611186,168.154404110442,162.346277890664,166.948836783292,168.985276914549,167.140159004028,167.981477778644,167.984001357978,169.209156856896,165.193339066115,169.694546367283,166.78158763634,167.857963472089,167.916933783979
273.876409977371,264.510386258349,266.989513341054,271.365661694493,282.654590518282,268.967234266197,271.783484877037,264.876294871641,264.657039952241,252.980583017718,256.233698103913,249.171809359733,262.129163797744,262.691992511291,265.390292247388,266.424452117455,264.899892687355,267.242569068958,266.137595991793,264.998465614027,264.118652169254,263.757889148768,265.232137111738
332.053221544742,328.556235783405,339.573909132908,327.371587936029,328.885153040163,325.406718399605,339.523198965037,324.466298885385,326.322651633013,332.027222191729,335.912561754826,335.445335363836,332.245336408542,337.068394910554,338.24237172197,337.78475909071,334.605474224612,334.203526697035,339.245773847279,338.258710495414,337.199681640896,339.468729428412,340.946199568211
122.570522723872,123.461416089066,126.627630713536,136.858453432864,133.862155417922,123.585941265635,125.823962193513,129.181939287286,128.711470261097,128.275811327054,125.594260961819,125.536252329785,127.563753616781,131.087259970983,132.57413835838,131.216196043394,131.767301651002,131.259781440574,133.07178384718,132.65464104556,134.10245108418,132.536093977973,133.297329110449
233.345619605224,241.768243388468,225.359699400995,245.133674065676,231.974201615768,241.422190079042,245.011512790118,241.295393988106,245.977632098051,228.723311900965,237.716382537543,226.046303334475,221.031113776485,217.857556732912,216.058223505096,211.519766364525,212.831559106653,210.290414326026,210.960774609174,207.147379553076,207.070114505103,206.249171718824,206.230833935068
140.46895133272,150.308901846128,139.807683825512,143.281176434503,146.310325212536,143.151918694324,142.153885552366,141.781627725326,138.471198695844,142.946901315393,145.451049310851,153.628224903553,146.858778019909,148.46702901584,147.960459453457,146.680002489747,146.841072804704,147.534819199274,147.936434636117,149.909147960955,147.927142380567,147.807927597886,148.611326643387
180.61475068092,198.637225779331,190.712626088167,196.041460957907,195.318046171188,195.29546339865,198.584918653573,187.943918495795,195.074555305156,186.06465598537,190.626452481792,189.919404480631,192.724573737149,195.440162095764,192.961059981489,192.536243460514,192.827960527541,192.67186071731,191.854488541744,191.508139472398,192.007404104793,191.609336328553,191.81043011555
189.771416074611,194.498283192497,177.177581484603,181.144941395956,194.751329360676,208.138671327476,209.962290306526,222.951627802373,209.660540475573,211.250377253807,219.163441976473,220.87887270834,219.299682048265,215.373709989117,210.712782371917,209.278191907411,214.96870361651,212.731205192256,213.455933239085,208.90653888801,208.508471860294,211.324581507911,210.601360682975
403.854340007536,396.314747016582,398.767944872949,401.564696577718,400.050470412983,403.393821502506,404.990828134061,398.589243220325,401.481393708338,403.267385542883,398.736153073304,396.192025821074,398.95233471956,400.863279703379,398.538557664309,401.085220713268,400.434696312608,400.843295206334,401.005127726906,400.815608216787,400.265885415417,399.451462731239,400.419727190535
159.281750993797,166.785875242024,163.547610287984,158.157902101413,166.702335988213,168.644815571928,156.391590391599,170.24291710418,186.484101921284,162.728429944012,184.776911456641,188.535784604684,195.525332434201,197.677526874395,198.359044988196,196.370145521867,197.677167511063,195.678572869232,197.728965804774,198.904717608769,197.676393034432,197.433830602677,197.242850196175
163.168216838389,167.331418192964,167.50123267756,164.902616926867,162.2826393597,160.306134891299,160.322162102792,159.675217059687,156.892035806009,159.110000407103,157.985069566467,153.873990392209,152.916509974731,154.85114001008,153.505349378592,154.870956078434,154.536588870502,154.509395773802,153.813005215199,154.056396751527,154.002072645749,154.061834524004,154.097796214917
168.288881786809,172.506741730698,174.055004873574,174.512223639986,174.601230507662,183.553582724846,185.890594159336,178.015180886533,186.888529839289,179.935483423747,181.041808749304,175.90657826239,177.220132646583,178.269335006636,171.164093655888,175.203662832861,174.494726634043,175.78282241295,175.54611338731,174.663426783404,175.24519774128,173.227895552705,176.071234662166
217.618367995238,219.265961441634,221.096953789827,219.880986322658,220.494099311412,219.66648815523,220.380350129978,215.66159957705,218.90130156987,220.924113355393,217.297141543214,224.060961646238,221.207314968502,221.618778989601,220.433013599432,222.751819510656,220.748063927598,220.70707080338,220.718664727478,221.68616317724,221.426295277056,222.091008024628,222.248718814807
183.889289404374,192.897081846438,186.042636788258,186.661951264848,166.50489375608,171.193837792768,169.66818828565,166.175317847346,173.566010365511,168.298145557127,173.323483979624,171.454358211168,177.482073304283,178.572585013869,181.95698500399,180.03128237419,180.67998311956,180.556691383458,179.403511292704,178.557108603761,180.550208660566,179.526966027746,178.990781969291
135.056270501891,126.211959948423,122.974016682378,128.686904951638,117.451308683518,122.095698587216,125.501981829981,134.47250641385,135.556033343277,150.570411528486,150.319710248278,156.886638125224,149.298919802704,161.911320936238,159.616885457177,159.861221658522,157.102373145909,160.945717383177,160.449558562484,162.084692038954,161.882493019663,161.079047192403,162.486818771347
183.830528452791,189.872784332571,177.185686066357,177.902105680843,176.883784038369,176.885069706897,174.996038849328,172.509449299333,165.180457032006,174.443324543763,166.458235200474,171.011235529204,175.038398715586,169.492495064174,171.998365647556,171.126773209936,169.810449492331,170.638397598895,169.651148149325,172.036864612866,171.065653851738,171.81333897924,170.602888860938
154.271645644118,154.82804338259,148.473735428158,150.598192637466,145.300030980336,157.183305556918,148.50241030949,152.984540789135,156.695438307984,156.050526338311,152.465112580379,162.846662059513,175.19144583476,171.51184366133,171.505780337707,173.14929950063,170.168172027439,172.435331775359,173.240179659802,170.48174475413,172.85363211284,174.835692262964,168.93999434666
166.611801011906,148.922353856843,152.139713716608,164.174459322269,155.090605866233,155.717818753491,159.672591271441,161.997090215839,156.438028351977,161.097838356946,161.380748337703,158.624874854722,161.212906781876,161.625022061295,159.45148554061,159.664587652483,160.449189141034,160.910367767271,158.563070577296,162.159485782454,160.073082594974,161.053923627138,159.803134345886
180.43670144623,173.821091086809,184.891589933331,173.545113894357,180.703199230809,179.56528568989,173.243722751694,180.773276432857,183.457614076923,181.02284810844,182.202843420939,175.739515315085,180.46054110671,183.172047678333,187.556256770807,184.225626897326,183.780055357695,183.388612965264,183.741297237628,185.11545008334,184.366860778709,183.631975518267,184.836069960016
194.915043023875,199.166965955983,203.129943170691,205.025043360696,198.565984376486,197.007717412003,199.150270266037,201.235730381812,204.442602527124,201.722644697679,209.817934160969,207.739379668804,224.912216447735,218.868040337196,216.558288378164,217.275555311911,220.054373718199,218.860817698855,217.417654485393,218.634268356798,218.487295607775,219.288348111498,217.616006470661
275.079171565387,280.473353676471,284.149841111687,277.596253553788,280.254390488837,271.718990270221,281.48492268959,270.847584506651,274.598481834041,280.881289978355,276.181016919117,277.214522166867,282.669273709414,285.159844274645,284.905446749541,284.061620895131,283.662013954141,285.710612842161,283.500092052986,283.763437800004,285.504792559587,284.546449113769,284.105457771624
184.700271275021,198.98485511546,190.172214594499,190.693059363051,192.21155190066,178.100523773759,178.485208849488,167.022382109421,181.91013782149,184.437381348199,177.681595804977,178.708380897946,192.461226056007,192.249722678162,186.500831103626,192.030808919757,192.547528777541,189.632665719066,194.899637819558,191.160412663284,194.321554677894,195.523003681593,193.721172583205
242.895703394567,236.357799029396,224.168701958356,227.607611860064,240.098896508623,231.692387134477,239.457922508773,230.664358086537,232.738391311465,232.362913065792,229.702675103082,235.453398585923,232.39340951342,231.227363295107,235.680170151422,232.43953152335,238.642318252137,237.087721831129,234.336276293679,232.920059106984,235.801503794254,235.122996502902,236.181377168115
228.883802166039,227.275341360013,229.62739975009,228.795681869531,230.122070455047,221.880019428285,225.523852036572,221.115083418582,228.213811044532,221.115276650359,228.507926299766,223.530020816083,225.139505649784,226.513110095343,226.947382220092,228.403695833469,226.210270413025,225.850409049172,226.167846309258,227.188006100567,227.441469195625,224.210079009547,226.007879140036
235.751510394125,240.485760459668,241.817798578789,230.966448005933,239.251106644635,244.651747091936,234.950563956939,234.719691629471,235.582814912022,231.196801311385,268.578913198758,254.979202886444,256.936262146482,276.647560858224,274.439585880416,278.304911103162,279.585390225479,281.467119956453,283.349426337797,282.965049292841,282.945552830775,283.805313683666,282.15153911494
249.741582153636,257.908421147737,257.627730814271,253.313607570471,248.343523965806,241.533850959202,254.665134594497,254.601779237056,248.593824972238,243.986313751652,247.133025505289,256.623444603757,249.60494889205,246.191652591345,247.624061112215,249.363796457925,248.669912059306,249.39153284748,247.131852302615,248.591348119656,248.612366469874,249.348413448799,250.399977691456
112.537728001567,117.468070497543,112.446596958225,105.650655918919,118.988156896389,115.865632402821,117.542760636618,124.69472660462,122.322889051731,122.579210861033,128.912906386924,127.149450304568,129.478092227033,127.487947595325,127.091252448805,128.022043767856,128.699264732524,128.729717076675,127.075493416794,127.712080843365,127.433559901651,126.727693590281,129.061354934827
196.807927406118,196.273689138792,194.756285228986,206.431907758476,200.90642254744,195.449268693067,195.262151042808,198.038201515625,192.634117581254,199.806249802063,201.451203274295,198.513286712015,193.272344819048,198.521007581644,198.48915588598,201.985838491521,199.33848948649,198.028162019297,199.154477652307,196.758505176889,197.971564846205,199.186788344133,197.452210517224
158.264701061689,156.397131841995,157.95071639409,167.298412389272,171.077260437223,164.658974842606,163.106489184677,165.884939438227,169.65934179685,169.038659721558,170.298498691511,173.290238918144,179.242041485819,181.298011833769,179.04133554543,178.535164570497,179.387788644241,180.517740324562,179.395433326032,180.046084101412,179.207568584574,178.6197873162,177.112093208057
493.434438735009,499.842258379271,501.96364021501,497.131124697695,512.040781923422,503.54593395118,509.168817791763,499.3738366428,499.763370658948,490.056074728741,501.504027792873,500.567440140941,493.451791577263,497.027875094242,497.226741760836,496.61780831689,496.894143258995,496.587636318811,498.642612364656,497.901099604921,497.799552490738,497.806328467196,497.767759912471
96.332247904966,101.70360163696,100.04584545069,98.0949492328529,104.930051740953,102.6571018475,101.662172559759,103.26971429659,106.602369696576,106.505297561031,116.587695209898,108.448430307238,114.0589001432,118.866577154805,117.680612467655,119.189415118977,118.241869188472,117.441657581741,118.343094485892,117.534981510843,117.51214764316,117.657127032928,117.914368447671
169.592860657835,162.888987958462,165.034186016279,154.13098779647,163.136964957279,151.869778073857,159.868255823266,156.902903677928,154.699479831789,161.136987386347,158.129338921275,152.602306648051,155.25620390401,157.467357070891,156.028512717362,154.152189888692,156.927133458379,154.160292275486,156.872416454763,156.809156338777,155.995970883377,157.258484765018,157.162335217832
247.014548790495,239.425942865849,224.716553960743,231.042712722038,226.300321220532,224.898925920419,234.262388448974,244.898479768686,237.65390044438,249.941250688514,245.822230685289,252.304264290381,253.860976014443,260.41994055089,261.195265967704,258.61683397671,259.858534068118,259.31489690533,257.913023786802,263.6203945096,262.597605719606,261.483154229024,261.83250916638
231.434152621718,241.220160284735,232.752412360968,232.584077453721,248.276052631875,240.670262706908,257.205650968895,252.897999908814,257.66640229503,253.81070012273,277.615469207156,269.72931952533,266.949117634981,270.087555987103,267.448857554464,266.323727728121,268.435619932669,269.213211458524,268.489004366588,267.308964392898,267.297301784415,264.886469138613,268.179268561993
278.840378625466,277.535601958994,289.595586002544,276.429714503985,273.645660892397,278.648848836218,273.126726860777,280.46438813042,278.77520891201,275.84116040824,276.29790144361,283.007030865574,282.415220128999,282.315720623296,280.536229306964,281.205405806231,282.338991389892,282.986903288067,279.719452084832,281.592272965826,281.39179223459,280.827904371325,279.769425109018
365.146395883767,360.701400240496,355.807132950616,355.813769508059,348.285000743445,358.422931380858,356.394851275248,350.881746623248,353.605667019606,355.518212316008,352.61047356813,363.108888958996,367.175133884819,367.423040936512,370.202678697186,369.355938391705,369.481489878567,369.197599992808,367.518926480039,369.093869393113,367.396198316131,370.650356689053,367.777271320122
220.972941710557,208.830032441628,202.965361253512,222.004802133296,209.070758471017,213.38965843478,215.037793052764,213.535855085105,210.518577313688,206.39209905195,205.144508245682,213.278142317436,217.537151212081,219.483218144604,217.226965485975,216.737936271293,214.879508947385,216.40862321098,214.672434460201,218.321242770871,216.976577031614,215.412514479575,213.924891355472
163.97647459879,160.255181733951,162.579659317451,162.193892312127,169.584149659543,161.895075342495,173.681282821975,154.611116740558,161.385305958833,158.673477458551,152.766844148381,157.121995157697,156.936956340684,156.830833564482,157.761956995974,156.13900992697,155.9482468386,157.248882119648,158.965012424893,157.298960357138,157.180190537027,156.982228838299,156.675257826049
246.544382679321,236.688725865052,245.573829916427,247.798222295327,226.659139225478,227.397697914419,236.331932057448,231.629336132405,237.325776525392,228.749417177271,244.465884346117,248.068181681143,237.025318437977,247.611234486905,243.963263363647,239.816672043425,244.159256824585,240.802654912376,242.076874275597,245.559178543635,245.481305145668,245.894114234187,245.328125459165
306.022693995224,298.431285724498,314.691054020346,295.342120858901,306.022251137006,310.786637393235,302.145052781535,302.122407393445,294.185740682674,290.507543174591,289.281799337642,291.573277709183,288.581181653037,291.659322876432,290.342247545348,291.601021073025,291.912128202126,290.614972808345,290.437081869178,291.051722168129,291.474436543316,288.130411427321,290.310050005529
162.441595947099,158.87386323164,161.610642618902,160.524375632064,158.070894515556,150.176274091763,152.779654964154,149.162058669575,152.430208889616,153.019297210895,144.479952819549,151.02998663911,153.309586914205,151.042774550634,151.316380965876,148.75771894642,149.109123246526,149.982811324785,148.652062857374,149.834912836879,148.415549408209,147.910311876075,150.147417606245
205.296466024815,192.510039339286,194.295025374872,200.731177184418,192.292438289829,192.519364864362,195.359203658936,195.876898375845,205.533877713934,218.152572531024,214.895312812273,207.739788389875,240.527581408381,235.815863610804,239.625097084437,237.589071492001,238.443688714129,237.633462115907,239.90683101171,239.263188647631,237.029352498617,238.939273996057,239.410600818702
309.765718415485,319.155380545769,313.517943815141,321.099533356577,333.94183877611,324.710949733579,321.770958703845,332.438244095604,317.379647947145,320.407403656565,315.911663799514,322.113340048177,324.630438373918,321.623955959933,318.6524597738,320.932629632109,322.007242003431,322.863659585142,321.239155189763,320.327581676941,321.645866337213,321.123720581841,321.85551964076
191.497751294309,201.483642232434,195.192047687873,194.13658395648,187.096066595322,196.51120149711,186.512237900718,189.061783809691,197.868376486503,209.485956249689,204.071596398919,198.785911580656,204.436865245136,204.973756793935,209.782698605508,208.520756008855,205.985970686006,206.828644581614,206.760945985672,207.351282948597,209.292961070246,208.932248712244,207.397943456424
132.856681805009,133.134404017946,125.435035579467,132.162600160425,132.97756538445,129.593228660401,125.401478738831,129.204443126556,133.839442866557,129.59736647627,135.334515990171,138.752310494302,148.777356906778,150.708345205841,149.181763321324,148.775433535212,149.385704333049,150.155461600313,150.159554341924,149.792724934655,150.24291137122,149.207937283168,150.178526990021
308.248498965773,314.336460440413,304.535741009633,305.425336931202,319.712653045881,314.340050556034,308.898104191105,315.993875391159,319.961408851189,319.407326044219,317.13249424017,313.608307467956,319.190080489278,320.8232217465,320.849840162582,322.456392845672,319.217743893584,322.510835923392,321.990040449871,324.051113859434,321.869884815152,324.243070569328,321.329029125866
232.749093389772,227.958271684038,235.150442041145,241.480951817723,239.361655884386,235.250843800778,240.793481180832,239.314162559269,238.489656954927,238.746501808992,241.132387611483,237.521582255824,233.646945736058,235.052442634238,234.427494880111,234.446104007674,232.101330901577,233.966982138372,232.994885582754,232.041846670771,231.908312084789,233.455010705224,233.613722964178
197.959930463165,189.415921427239,192.139704527057,185.79060471656,188.191218918021,187.407246905587,188.096158822516,185.597385798616,184.949627600825,184.482939838755,184.531393656853,186.46447168085,185.298046091948,189.29381671187,188.888840457948,188.205674968916,189.592395356913,186.117701205337,189.30576781468,188.888975817205,191.050692394989,190.679746198362,190.084357123736
163.135305238473,170.174795388448,167.82589896676,174.122054022011,163.30868712007,179.908422435947,183.975081353246,179.195103540483,194.954771524561,199.940434788188,196.377244453835,195.625044240115,225.553889758417,235.079114118701,236.999560807724,235.086408014768,236.255098572636,235.496539714808,235.665598667908,234.892581772682,238.081807174696,238.700667335818,237.786933255695
392.654989546755,385.976363977275,388.583131741814,387.112105585476,381.660078663057,378.647238651688,370.750492870877,373.16439994141,373.891034990716,375.690027470143,369.947180047062,369.473788868915,368.842374668342,366.650889009299,366.201029509822,368.146760178512,366.032797584914,367.307186235432,368.022606040766,366.299736113612,366.787172881211,368.705712073268,364.845635112048
156.958444619301,146.378355043859,153.4416938814,155.040500045432,163.347059051074,158.193272087909,156.917729707693,165.151878700199,156.499441341382,168.811219291809,165.351993371018,180.693037525383,233.952307339433,235.925555473734,238.351696545298,237.331004931063,239.472331036452,244.01706792023,238.736068065708,242.661070265814,243.770719393893,243.753026411345,244.500364072131
215.57214442418,211.64655166914,200.338854848016,197.593081381093,201.290614146515,206.512162114642,201.881070530656,204.800741891467,206.257954686326,200.467335475056,202.486714772017,208.780335811443,205.108447481249,202.855470748329,207.566139349583,206.32391339116,205.428614052354,204.686020406985,206.428041488193,205.936001776097,207.439375838609,206.655528562161,207.676986226176
297.577157885693,297.476581920347,300.295635298548,306.76872093304,302.361009888615,297.437699081822,307.698941450525,302.84091184336,297.444764308335,302.615838423591,307.202467820987,307.401877189174,321.945527570181,319.19139974631,321.341722137974,320.856134625605,319.026480730982,319.77400569755,319.922348882436,321.0691216861,320.423652197469,320.703250142788,318.536884852846
84.1771009422542,88.0231419278884,89.7468839392113,88.3942335371284,91.9219809352879,88.1592469071845,86.3748221464039,97.6951435484329,99.4902863239008,90.1967320961104,109.028800373622,98.3964688673129,101.672452705835,104.199152625672,102.8310393568,103.323518707467,102.829613189795,106.041016045369,104.409573277088,105.07117189751,105.019279946724,103.766079270221,103.686545585617
153.250705646768,151.715344128107,158.980919208886,147.346662291878,151.141232287307,153.036715892236,155.89206310266,158.570053751839,153.802589333854,155.186117269461,160.528121031965,164.850362924889,170.974726402407,175.810435427211,173.741913743705,177.060759261961,175.811034659767,175.755837443271,176.34175496492,174.652307372501,177.868009505938,176.624494440468,178.425968315426
435.498083701423,431.75417971009,422.936228777838,423.210999920719,414.546721441188,416.776400354498,421.48773726618,431.981776810863,438.105428158805,425.65701324801,455.239615925593,467.910568971949,481.8182010618,491.201489608422,489.232537741793,494.230760753322,492.674604456338,493.457481776842,496.447628894361,495.065480492228,497.768356099309,496.689565620219,493.816685815108
118.577865280279,114.506427340244,110.533070391917,117.580412814451,99.8785813214533,106.375269567679,104.007362172638,99.8702495141322,102.31173831476,103.559945101552,105.680699190918,115.348803608866,95.7936198872339,102.872855367906,103.399681081073,103.668945851003,104.206165526411,102.805259339328,103.216579919481,103.663868612359,103.543618015819,103.611857259943,103.649255456963
207.458643058134,195.975716428415,193.635949982124,199.869526801545,198.402481235577,207.754140949647,200.234871878814,200.825745056536,205.694074433845,198.180929395088,207.929180583019,201.16953126803,204.536618190357,204.915391687008,203.358856309307,203.372408519128,203.885509058344,200.690085782804,202.774780817425,205.711321105357,205.023152463314,204.278308998047,204.799473917591
130.635159711817,134.634459504648,128.862877587607,134.647708660189,132.409042171617,137.475007673587,143.396959761482,140.484636231576,142.126177593097,144.647788509517,150.447560168689,153.229861622385,163.001619441978,165.611785965766,169.93006643784,169.645596521004,170.90432238166,171.88394919196,170.305810797341,170.286255025893,172.793049488803,173.023196594228,172.865842028944
176.907796184997,187.098162622139,183.368507235642,184.658006888687,185.643613383348,181.8085344893,178.157450491997,178.812155551,170.914007107839,169.246386738839,167.147447981767,163.215184059698,156.231753837367,155.903210824646,155.57861185149,155.238866135896,154.336651710665,156.466430447095,156.280281031419,154.595908430995,154.264291082815,154.395493338673,155.476640742961
399.915657239297,392.050970431763,396.559987739466,401.366900596601,399.426760612619,395.560922814491,395.110514006484,389.880512535556,391.762276325848,387.969451292444,388.410400276953,390.533590127854,382.5101125563,375.154175577356,377.536455120617,376.02476332485,376.218318824555,376.388680267205,375.28733956888,375.19913672917,376.991708794922,375.399450351453,374.812860010672
258.834092047639,297.661939959502,294.924973287626,266.535320517645,281.972032875231,286.208513037348,267.891365613327,277.08705403607,286.460435479537,267.290246584102,273.076451729299,286.081123559137,276.64925137193,278.062265041748,279.183341071937,281.535085996834,277.081007056609,277.549840951105,278.24803683424,277.774647613121,278.208102878501,278.461180965974,277.535740487331
240.532833214425,260.416792076118,242.915013646928,246.088132234743,241.795177672364,240.92489491047,243.399312949264,239.680112157744,233.030321940041,242.647890756416,241.520584441688,241.619975159354,238.983790762513,239.06681350359,237.992004098882,238.610555929696,238.745460505477,242.065245339841,241.442655087252,237.620066909724,242.683455965922,242.803569476194,240.975756281027
156.6599502349,142.444543206961,148.925507519582,149.938946512815,153.789665282486,151.201546342602,152.128292883864,167.785412198406,177.721310490736,175.907032792957,182.108511167011,184.941627239594,188.519260846204,183.499597000659,185.526053024714,184.670671674685,185.261728905612,184.31846938783,187.115144125138,183.222636042075,183.641951478171,184.917550709051,182.585183031842
153.579048805098,140.995452380703,148.407389265585,138.919729801142,141.678114563834,139.09870524613,137.588171560523,136.706859850199,138.355344669002,133.391001860995,145.052120297309,145.874577856245,149.133905628895,148.219734180001,152.120340933452,151.583725493038,152.334259977705,152.320753414508,151.788500315302,151.076075301222,150.02964472238,151.994128519055,149.955331623756
83.524808137711,94.0437344686128,99.9697342359436,91.4808316933735,106.211085030192,100.640765556343,108.233660826855,111.913119033385,106.256792221581,115.3540211254,116.604861761074,110.64696121742,123.309863704153,124.954986810861,128.800288357687,127.982360312237,129.163330837704,129.192633445673,130.719728257404,129.768632115633,130.493481754935,130.29606943442,131.21021892392
292.497743792411,285.82193653802,285.511682874579,284.210167948565,290.414637942233,288.685474551754,291.827071009083,298.361440486526,298.466932015497,300.442674698787,303.846240939437,305.572846024479,335.79859296448,333.521468620511,336.136068794675,336.686453790065,335.844898437538,333.689875627632,334.389214944683,338.293456316242,336.439878057471,338.212409009253,334.695712134013
339.073632466137,344.491489172821,328.980315526424,335.83261993529,327.854134665761,333.160408534777,326.412987842194,321.302307861196,331.645601982895,323.581218381908,322.433744626502,318.165786509492,322.06858829138,323.658374827627,325.753234055612,326.292951763747,324.944610654512,325.702314711322,325.002263351755,326.968957156599,322.294776333631,322.835290083266,324.934341035589
103.09882849272,93.7844411525172,93.5615695940272,100.790985493859,96.4827857800157,98.7118187542826,98.5090001664628,101.653574188102,100.396042490116,98.3319704805556,100.427206048686,103.350436240921,99.2399570691161,103.534974655934,103.254156644778,103.291625823068,103.385610466408,103.496842849722,103.009364845042,103.205142441754,104.59889359349,104.496133310597,104.83627609566
245.913662202949,250.92465814699,245.176287364315,249.571212461993,244.732290268544,254.011186076479,254.467424461488,259.084081020225,259.787561576573,259.05238462297,263.796506127433,266.804285725235,269.863073176828,267.134642567686,265.299024900883,265.620829797376,266.290454877069,267.380296064805,266.301736309382,266.51235968458,265.938757872013,265.206296995571,267.50073689923
201.378284564055,202.586301638253,202.715771564304,199.44323304758,200.280654766872,192.914506806412,193.478853760081,195.839417669727,199.504654268302,198.181314007531,197.856402012631,200.243170116942,202.471723514495,204.014034346732,205.387732116343,206.418313238048,203.881387978777,205.546233568741,207.062285723532,207.444792737391,205.61771291574,205.429227713493,204.452474600353
154.302030652854,148.564846149308,158.579963448228,160.920859221567,161.576357951893,170.237009527028,174.156731528412,185.677604635243,189.497390885134,199.726496069489,204.427821348586,211.820543522544,214.787466822301,224.836445512287,223.006511381095,223.149240136768,224.597823147799,225.670231458438,223.302526028666,224.916855034685,224.397917590588,227.81158288891,225.991376536132
253.04581610319,261.669353125242,252.046207425159,257.995571080353,257.636785053473,260.443561420604,257.052913990341,260.298971754643,263.3492564055,262.232872947969,264.074409493279,263.576126793059,259.593890096037,257.908864397864,257.429170740584,258.317317342948,258.476865003622,257.491664614862,258.092630069764,258.292041579338,257.226740789859,257.567511676894,259.198234389273
160.036516427423,166.57177425521,163.673298050637,168.256197550946,165.892164011057,171.316911725156,158.687241398543,167.78750185131,169.025147836922,181.038047679065,184.811522867851,174.534541186179,182.432018801525,180.357277294857,179.988693414247,180.713640827469,182.778664576703,182.149774883555,181.315793993726,182.406301530493,181.572744566654,182.58010831671,181.029002147622
151.633962149429,149.496431070855,142.183372663659,163.046150342053,151.28570987823,152.443422025385,171.481056100869,177.551324363944,164.224543369383,178.44326850077,177.545259622505,181.430239665775,187.175791224961,188.30170918642,192.593472543293,196.421188013409,194.542878531026,191.143736530861,193.247581253106,191.833997838964,195.364118401677,193.469928746835,192.945611244673
539.9721631392,516.544948346048,504.046935490272,504.126049225866,510.584682232243,515.873668063754,513.599372638643,532.289645925772,536.433270195801,537.860203967493,538.983674162113,540.597267303193,538.195461301186,533.712913377214,537.769935222856,538.576615715965,537.189360431436,537.371423208535,540.952599774636,538.445903799008,539.982908970508,541.297189690769,540.189886284597
380.906955957106,387.4365519177,388.90362194398,382.466638366422,384.393019993414,389.765192028712,392.458252330671,384.713219919929,385.489102408683,393.651444878359,399.018017019124,392.269515941955,407.052139105508,405.926692544071,407.418478144694,407.494674104285,406.78533233671,407.895095478175,406.609647360332,405.554621895756,409.486552463914,406.81962075287,407.170136760167
120.304077695957,111.821760124486,110.632635581502,130.456305645318,131.311501044893,127.724854959553,127.939408263399,134.964904174935,152.612963587249,155.675047328772,153.684850524189,156.895594671961,171.791397179374,173.550285895337,174.21756490558,174.6781663424,170.936249624513,174.25802705721,172.872133584282,172.451905212869,174.343099165254,174.761060508085,173.114733504649
149.958913094403,152.85952479064,152.192182817358,152.129995736308,149.017051716081,143.466585016037,149.884447182701,152.965518071639,153.963643196847,163.333853393316,162.310259665194,164.726165413151,176.722507798875,177.698920387092,176.954517320975,181.499157340821,179.781337699208,177.892326974608,180.980359836778,179.981518700274,179.756912586884,182.90287847477,180.580148267792
325.467732281041,314.23242189939,330.029963796042,315.981104158111,317.560022399358,322.794689571215,329.278170758393,323.703372718346,320.567859128291,322.156348412439,322.386264339094,322.401052780729,324.019861070055,326.500448591657,324.366198005352,323.011376310057,323.822391176192,324.451555664124,324.931184989479,324.608780041331,323.726944217502,323.071239124236,326.509002578234
213.958573388824,214.681611727324,218.825010730758,215.266708251401,220.213719262706,221.981013320283,220.625936169379,221.950673170516,222.049755876254,240.800988745073,240.303734846147,221.78987717575,272.896309560934,285.594530451427,291.437191070442,287.958983686161,287.76620440606,291.305692312078,291.706264317029,287.800888366331,292.510964146336,292.544946539534,290.752329562776
162.217450615577,163.440521812313,161.067390686715,164.314342962631,176.885574683502,167.143463786871,188.16810519765,187.763542311897,179.454138164468,183.863770992825,183.993018570722,201.468068995011,198.285866111251,204.710247586127,206.762846907372,209.157446304749,208.268268668702,209.42965955983,209.524739345303,209.381719511041,213.177595540356,213.539858785873,211.627222034764
298.397991795473,300.193785953842,297.59711210083,288.755284418157,290.40981791753,285.234969564874,285.942400477748,285.239352995078,295.273441057817,295.412947683431,291.587036700917,285.439380276658,284.074116973232,282.619214133602,284.315636022749,283.855774563745,287.637420830035,287.252377486366,286.3322119211,284.103211595763,287.315999659336,288.473699556077,286.181213107501
173.585468892584,156.249478244681,155.385414157013,162.428267008993,149.551666323316,153.985913412467,157.136650910941,152.777581375589,145.135133639589,147.671892594584,154.999414073068,154.166681275177,158.537318641298,154.289860333381,157.117382052234,155.610942761079,154.883675569768,157.245867884087,157.261863961086,157.67958827234,157.933005615286,156.528128480292,156.59927141142
297.152406343619,294.062352805941,297.879102648853,278.005151145316,279.018565721263,284.323517892324,294.418324649746,292.460755432934,293.94238717151,297.471107314068,297.514966534852,296.488532093092,294.660950335515,294.502579636816,292.376919774772,293.176938533635,293.442058847325,294.239230661946,293.47200688357,294.136471184269,294.35770657184,293.940062761306,294.6240994374
193.47840815001,190.259072359325,190.859318992064,189.51670140139,186.650073799868,186.418629902138,196.528271064536,195.255819572125,186.054934463099,193.423230651932,203.021589166374,199.721455382651,206.178903808804,209.323612572318,210.567130770835,212.412480015836,208.956061856957,210.665736378499,209.673848501309,212.857506865737,212.118775007028,211.498276060883,211.697578654997
177.757535269473,180.732483725541,187.176667760046,174.761071055585,177.451088201731,179.937936104027,177.645681337195,187.829868690159,193.200533672164,196.046682472342,201.010350550375,214.920927278789,247.848568186847,238.345523463844,250.394144223362,244.883783129097,246.54922983548,251.656460126339,247.910076966804,249.619073364011,252.012837579861,251.964460792918,254.236390296822
175.738023446837,178.820873624688,177.572668365931,176.639244882781,172.04361446092,178.11477985328,179.177524495947,179.957197833716,179.721456176692,183.359069294829,185.065687654488,180.819624136026,186.125466315376,187.955052222283,191.671064859611,190.665845412082,190.947987501862,191.103740480391,189.515833334734,189.488421073566,192.344634718893,190.123488748951,193.912867120017
287.483643298414,296.480041953609,295.966692901397,295.47767699085,295.53701289743,290.405889279979,285.288624555497,289.365744799595,287.974423035358,284.881889067006,290.355657717883,286.161822666099,307.127836014301,305.005603919148,305.799926422576,307.065029018503,306.340389849571,308.607186482383,307.207583388393,307.798081115764,308.664373155942,309.63019142689,307.393170527842
205.214560089204,210.395247491813,208.207014803777,212.769580853944,217.320547636891,214.137988970761,219.361826724413,214.266224487941,212.678921987582,210.772730069722,225.566121133473,237.054888170712,287.443981489571,287.508896706999,284.004114385651,286.002120913609,285.0799929319,284.98443756719,288.608328534451,288.439037272226,286.710631103192,286.29054098021,286.181065144836
128.786901480167,131.509297087683,134.7906709066,130.486533725585,133.407754406941,127.36325361237,137.640692880772,139.657098937595,148.12966428482,142.116994552144,161.534077888842,150.520218232154,171.548575224676,174.325290413479,172.16246922333,175.086234844902,175.065650357892,172.237203006502,174.113001405311,175.284198991964,175.305958038048,173.869412515591,174.507632122777
291.43723860733,286.010254300221,289.597090059826,311.436303365327,284.788633970533,281.995261266571,290.231071361564,294.230342876455,284.96701022083,276.633749583138,290.281417516596,276.892284417629,292.026352265054,289.236000307782,289.306905593764,290.937490111626,290.903051835458,288.960304638374,289.288303618503,289.850758092835,290.731166834324,288.449140442598,288.807753373032
230.196603545205,243.046311089712,249.637598916544,245.229953936329,231.988302426605,239.11262691184,247.403040723013,240.957497810247,239.393826562383,235.355892885034,237.145934518287,234.010553254681,238.131022350125,240.281365628943,240.911487206695,237.062620168911,240.348758471014,240.803590013687,239.593652490159,241.664341287819,240.623510677033,240.686814891061,240.416963115367
150.949844528818,156.621917478878,147.569423787233,150.015612053987,144.952507749555,149.207482204447,147.268764790552,148.133892524055,142.242160851282,148.091310280521,152.071879743001,155.596427332921,166.570590707555,168.834161119879,168.611314355322,168.594588533925,167.91549846213,169.675287224053,166.770224402102,170.305516506549,168.972099881079,169.554237832298,170.431936805304
154.80596097689,159.27725012642,153.248605533411,167.492773376756,161.627127865187,160.281548643899,161.40644426053,153.919836510395,166.32424677532,159.891009899023,160.783174592108,157.869849969717,158.611963375193,155.135062887601,155.19250042055,158.540434549563,156.332742581717,155.781856519459,157.492114133601,154.094067964346,157.335308244376,155.958218285175,157.654715949321
