"V1","V2","V3","V4","V5","V6","V7","V8","V9","V10","V11","V12","V13","V14","V15","V16","V17","V18","V19","V20","V21","V22","V23"
656.561000287224,677.712802657642,674.718229821101,652.666577983179,640.267892204443,653.573483515932,667.695881940058,648.223423792662,651.391448618194,668.178266827597,662.890796317186,666.739633269789,679.191452240048,675.383622196639,683.228631256738,683.873205609969,680.965715139259,682.63674796168,680.931896379736,680.926629537397,678.428261677715,676.881670451209,675.377753567913
589.345579867696,623.007433655432,624.597453109114,616.960514434607,627.346722079412,628.701408880805,644.521881081592,628.934078957643,639.066420350022,615.922714333059,628.824862848041,623.747953353562,620.729448202949,620.119611248762,623.537895200762,620.329473087483,622.109015778774,624.27487989514,622.986755395231,621.438155247395,622.83141700943,621.318320190589,620.262894184781
314.021125562121,283.959442273417,293.539418757961,299.711579786527,306.548134468977,311.103902568683,309.158603803739,312.021619392929,308.411130634344,318.439366538053,324.278932720849,321.641636319402,327.171055211242,330.299112235324,334.141444531312,337.39421444038,337.29771978253,339.657163574577,336.588426167756,335.425057931682,339.543846405055,339.868185476627,339.423692600505
435.485682795173,364.15925266126,384.757641205892,404.660140624491,385.634468584436,371.808813548743,378.885429608576,378.072197305942,407.242153356035,379.241690714535,391.649085828901,409.981744651682,422.034050700408,416.175399333394,424.9151415437,429.210731592934,427.580004354602,427.559162651965,426.881147132613,427.84648695186,428.154184355989,427.763734572893,427.759928609955
250.995669965761,235.07358157268,240.660415660508,175.942427887389,168.764592563619,180.590354336864,190.563755782808,196.348408634041,189.382315429604,220.947562617116,218.595322266887,221.326804934477,253.379181270274,276.421112677224,279.166057686671,286.037088875477,295.66189257323,293.693544979038,299.561483267265,298.705375988508,305.572820572962,307.070169681015,308.693503806433
181.784552253223,201.112341093419,179.050297875049,174.249026786455,159.737922148805,181.134676849518,167.052647053329,190.902506051812,187.513510713031,209.99788369739,209.073897947754,223.28951394676,255.346439242655,261.008532265091,265.780733527819,266.955893742378,268.477750437622,267.500043550967,268.122048662336,266.907830795016,266.797930708959,267.167155484987,266.938569470818
503.224384416456,542.258778403271,526.526635034315,512.874521374612,515.614521146963,493.155071969817,490.681007041895,517.672544913136,493.986374477324,493.577926933413,496.824376729207,495.973092598878,496.145816179091,510.489316287618,515.788041289357,519.878875251427,526.047085513157,527.256497521719,526.191821555152,527.89108595624,525.520144596221,525.500609064349,525.893839887127
654.185429000244,668.569672467288,635.998610425009,626.596375065586,635.038574465543,618.543433103194,642.291088101835,644.606983697764,631.022175366689,645.080850166697,652.95870763913,636.74347987273,661.465612029151,665.595490445955,660.350454307068,671.353905412314,675.819997787406,675.065588185393,672.975228789993,674.042089299105,678.440902902615,680.731400969028,680.034920419835
247.036344926299,226.013233884984,208.345555350159,204.028712944118,198.674213554256,203.704387422625,206.534787729837,208.316590921995,198.15253411644,202.44135491782,199.575300930123,204.448749047296,204.511856405596,212.2669529955,215.107954059566,216.504195751328,219.807832525231,221.48172513764,220.687262027349,222.139355121649,222.892867968407,223.063126647026,221.726432272283
310.828375743446,275.505525438886,301.160562616469,277.986814106183,291.082879546681,284.671347104489,287.366693663501,293.019226857866,281.171349440259,269.165811937366,276.203014131393,283.638011128891,286.025824975428,302.839352531434,313.231152643969,317.090745606461,315.306442499363,321.635063964949,322.886821098867,322.683307238029,322.363311724293,324.575839031334,325.598093439486
231.691080647767,191.361014425324,178.865016108427,157.437405808232,158.128154519193,163.572251614525,171.918565945795,183.395611546303,181.191492947247,184.544321527179,191.885196047405,193.531677966269,213.748836677265,221.688139817271,228.067428550166,230.014109643001,231.432808886069,233.452098537992,232.509072973934,234.305068854669,235.991906646647,236.343204919625,236.95832375877
309.372317625799,316.483345756245,299.30943158376,297.428208013851,287.157567734282,303.057256200466,283.648842259054,309.58434669211,311.086747960293,321.493848732891,319.371550725879,322.865471720282,326.59538226253,337.84980078549,341.248733453656,343.485858940432,340.933394355611,345.405493196108,344.902467843965,347.1701033401,345.622993967185,344.246968158366,344.413556005606
227.929180523579,218.113668448423,235.794311906554,237.39575114691,260.375708201663,261.758168114231,282.003089542597,269.197989258213,304.727080477889,307.015231631107,321.694934373117,295.054918500422,338.609673680099,361.647736999813,368.332101485436,372.235843774381,368.009686840316,372.020992904638,375.019864510568,372.835503058688,374.91464330258,374.813141855857,374.930674926836
733.017372949254,748.563514534576,745.685414599853,758.473600211435,748.579775659807,752.16119191732,758.784539408627,756.69613510733,764.70310932613,752.874334832198,758.263325629673,769.619075296533,759.571600598278,756.813509994397,755.340994271278,750.638889695788,751.734418956291,751.924926853404,750.586164692755,751.783389071151,751.337725706461,751.705374186003,750.731500159952
222.586181677323,198.413391804775,178.754658840953,179.195811595869,182.554137248247,204.221915482337,204.459813107412,229.195421596104,224.655321336545,224.446741212398,238.352801144122,248.934982813603,263.423578161376,267.236653254011,269.905639424764,272.618170855697,271.720458811928,274.103985535068,277.797735257928,275.08115958524,276.217659941425,278.204481454356,278.686710286128
272.097645198634,255.713817847874,221.770562078802,241.351790575385,254.699423413656,264.533368760544,267.13419335664,272.722907492298,275.530410637441,278.853405091841,281.082769891033,279.565912778743,284.965912952135,277.662258451264,281.762404756208,280.119048098911,282.786067540539,279.030318911621,280.947917524799,279.451690373448,280.057646362453,278.712548005474,277.858431665543
356.236457281506,332.957960897676,314.812151075521,321.100529914714,307.475443035881,297.843753784115,314.102009747786,305.650009939912,303.001710054318,318.810474898404,323.820243844378,328.703676208094,344.341231903098,348.900680896273,359.311323195456,372.264197087493,379.103925522964,380.991728284836,381.239286540795,382.434138866895,382.738066833181,382.026864328073,383.053667349217
395.362217382183,359.052707962457,354.189351104772,358.165563499676,350.761958903694,360.885345393196,390.595900873843,385.979966719789,401.906555416737,415.757437281138,411.175449913037,413.471742504613,428.53440970268,433.739091834403,432.936933345898,435.258340955828,436.62035596732,437.064154875256,435.746310882805,439.363492513001,439.11908217588,439.559475088473,442.090725391544
264.53552874335,271.876311666919,277.517537601496,254.159829611131,234.892600126289,226.284152567277,239.094586749077,242.331525020851,257.136754595681,239.83858682543,258.288426547253,255.764816826987,262.991698599932,280.160462701923,279.545537896286,290.806435953865,292.252800842985,296.584939066327,297.537031223001,295.359207038074,299.517396342863,298.96313972887,299.475424384495
157.041194867037,188.913833259473,147.221443018313,128.004005412417,138.965218126111,146.149475057703,155.686406637976,152.461094028091,163.913893087697,170.615552951327,168.994472806825,185.923766514203,190.84442523232,199.220934564433,205.984835801389,208.119018269803,210.304435571776,215.910453856587,212.200196638697,218.876708880831,219.993462314594,224.597284128181,225.362803791358
550.287992239816,568.57489030565,553.022614735397,544.894333941906,532.047541469786,531.342133124669,561.034346116176,543.348616719284,537.804113125925,536.701751502885,528.933074216102,531.371479290745,530.79618551809,528.284011321204,525.374986432107,527.959206981913,529.815840344304,527.098860366621,528.610387278548,528.873679026474,530.025102906934,530.373008538368,530.948446649333
241.102995819554,245.108714458167,242.104312314149,235.530989913474,232.936308714768,230.195500910161,240.69685759756,246.298278399043,253.458295509625,256.476691333638,255.298294445291,266.757654387556,280.680894509654,285.138268112919,278.205652662254,282.491381302028,280.77957855429,281.386908215971,278.2774300165,282.423645829412,280.334920147077,282.086107646194,280.753212688516
264.886023687764,218.553525580616,191.748856058276,198.692476231291,200.711791290337,207.298216910909,216.475507109714,210.922755185845,209.575570486704,225.352950359293,224.007298108124,235.635190443965,213.715025724731,216.373677876341,214.085794125993,225.345468596387,220.43111887178,222.959666733052,225.124264755137,225.070423665153,229.057697035367,228.695875806599,229.55290352145
240.164698240788,245.344868747369,231.020361459372,242.090060698619,234.549647961138,231.011539575264,254.337387685006,261.255087945441,267.494329843514,276.773734618447,270.952763328335,273.02402538513,318.486265912052,328.446722140129,326.433251200327,326.196228037987,331.183745522413,335.721831460688,332.759519245792,331.683110984401,328.7420488855,326.707356144703,325.423351036691
456.629995179197,451.965224046566,455.58635451272,442.335863025227,426.913182914508,427.60671940076,427.351199151649,424.826369719728,429.21820291475,431.498896588602,435.049185203887,438.48328295055,436.347960246449,439.423448724167,445.777195374924,445.52572212326,446.710044643048,442.87529531753,450.876167934812,448.87186198118,452.49935153905,453.930058709826,453.474146562878
521.754442725201,526.098911074558,517.92549418574,546.50415425437,543.210195160679,538.78530632638,548.210415977694,534.00307178337,550.56575702494,544.698022865513,542.942852429448,543.568449655389,529.8078015532,528.07686251486,527.205128287843,529.197129368353,529.904624888715,529.433756204645,531.693379353577,530.28647237199,529.15163548772,528.837163225069,527.376553581435
215.767687261725,196.262762501057,177.712472259687,157.879311498603,165.652924856719,171.910827452515,174.552510888844,206.232958588402,199.421748795214,198.068586913309,218.665580923039,202.815811938474,230.935759655154,238.530471240796,237.580957177751,239.25544690337,241.44576816559,244.609418853625,240.756918787156,243.481354587126,244.824248867714,244.211892104148,244.612893066672
297.753725609089,320.187388338115,308.683473770698,316.5970016521,320.674900462371,351.228346500461,328.584593236242,348.959581715908,348.209502600775,350.819811252894,363.865914318442,340.822867824926,354.845353227515,372.726684296192,372.715824749862,380.998441058308,383.731313318933,381.89336043024,382.050323887259,387.130470732186,384.325933940136,385.389921173236,385.813300570746
658.812570697012,662.283191901873,675.711016357383,659.394309029142,663.069867873731,649.817916757232,651.071649709751,644.148238764234,650.932532722269,640.938960446291,644.788507567391,642.586256878959,644.101108887513,624.57117818586,621.436593477035,602.70442618765,608.934165366545,609.799100785699,606.581385067138,602.741255467978,600.958555397268,603.251052375894,604.758133285714
448.969317103438,453.088223275756,449.894342621461,463.022633281634,458.205727353598,460.503395606593,464.803804160585,463.067030913252,463.517006940657,455.77203876777,446.128765035531,451.960105799514,431.901856799506,436.376357296078,438.106999220613,431.927490223515,431.124929343978,430.688217442947,431.734063649641,432.292676662697,431.381417426131,432.237976759928,431.786071026466
442.359122635767,421.682464091667,419.539356959873,447.445728155213,445.140424117673,449.836649204581,435.399014137454,426.499565674948,433.423704338961,424.905038395798,427.210680067367,418.779542918884,406.717278525975,413.54224772514,417.609402961469,425.191242007603,427.903596692527,429.912314047984,433.631127602857,433.367890975408,437.092341480511,436.73113596022,438.449928298417
249.537879241978,228.242958512592,225.467050717527,206.008751994161,208.04172884826,216.316167668665,208.09848686657,205.343335812546,206.59115884651,211.287106846697,208.818730986356,208.558455153767,207.053041468403,215.209007690329,220.453744335279,219.326700016563,220.54099232561,225.906057704794,225.732728475905,227.476604987833,228.426397751833,228.600926258875,228.531974012071
465.005620909509,453.345990958296,420.211236346534,406.501761029107,406.134359786561,392.187477083209,422.860765548163,421.595580546166,436.841920313445,431.88626764208,439.990525702269,448.812178670934,468.29664306698,458.675968120531,462.810601074015,469.374214652926,472.741098854999,470.619291585423,474.022425959852,471.039323407983,471.309437249768,472.263808007128,471.41017529683
343.923123047045,362.694286987035,370.108326747597,381.322753562556,368.247782791611,377.439922435399,366.95567326286,365.078228724446,380.782191405686,372.772964861148,373.77406124935,367.967431753815,361.001202360977,354.658340939633,352.260795414548,353.121359231404,351.07225744956,350.586683590855,351.239077473482,349.347813039279,350.150227965647,348.870226674032,348.577130939334
979.835741230761,961.214619082999,995.793293957163,986.52048768235,1015.58133618273,1015.73733289568,1029.66852296697,1036.41822898558,1015.06495061187,1026.90733482841,1021.40850612405,1007.92266767024,1006.53209576449,991.800396043838,977.783877164182,975.467977664639,972.530494680809,967.661553879758,973.495716163227,972.169009946964,971.67809152388,972.596984644247,972.683826807347
142.395805048553,99.3783875231076,108.189493665606,104.185618774924,91.686734975505,102.784675833595,104.165550903078,100.221056149632,108.215704067382,108.123656241047,117.027904359362,124.135884617855,132.957069880141,138.208388902984,140.530155988205,143.025718725156,143.64699056488,145.906613751474,146.753734473978,145.34705164275,144.330306136592,145.098393911654,146.375099150832
255.029469246504,152.386801227256,126.755263593654,141.701738959566,133.264057492164,137.146401949518,154.55812770974,163.684597596175,178.218093454529,189.542702234806,194.834513210496,217.29032406717,232.643928422946,240.404953183025,251.984960591757,255.322722741078,257.762619879331,261.601642495681,260.835461423544,261.450532561819,263.307383309725,265.727503080496,266.119334291999
351.694170161335,335.402977855733,345.584451808352,332.128853869101,305.140977617527,338.002579973902,337.088898924761,355.271090657073,352.786236094274,351.227428129704,376.244190756697,362.46970629197,363.522636955901,367.806961926826,362.536856697084,354.960813394302,348.329217200505,351.838729027636,352.141876339602,351.957591884871,349.336513356697,348.044440716416,348.351134080271
329.724339652879,257.188283198394,257.404048153256,272.689424142505,279.319109099488,258.32779582791,296.947591783212,295.082812954352,303.320957029774,291.051638138142,314.179390277164,323.553379911841,344.237792794106,342.711459367344,343.984932520051,349.751643313726,345.975522840358,347.394656314206,345.939071141146,346.801396890877,347.568197906572,347.694017814402,347.164117053274
585.566753625031,607.358923987502,584.886342650682,588.144726273971,589.047358441827,591.293966260261,600.219529821318,589.074607482592,598.204649977527,599.024871329711,599.105973738285,610.860374795923,614.188223094143,602.661991018127,605.371645542045,600.898533261601,600.989156348363,605.452150126113,603.28190978155,601.85871580474,599.198438601831,598.570643349474,598.598820668978
630.82630961462,631.208758261619,638.146602913177,643.596107922886,649.564765662414,650.356521910531,643.997663081014,643.707471138267,651.262254225133,638.511223470041,622.169988398134,631.100413783439,623.414884260011,609.711926575169,600.409077465397,590.730621173458,594.546762693988,590.875089227449,587.183607743234,588.664295920508,587.553129022479,585.812175683357,586.473301275111
268.629142079987,221.11239783882,223.599493321625,222.529248503864,222.704573001248,230.397057026346,248.10363774583,255.440575628423,266.595618829289,261.494836073879,263.423903081176,262.956901652576,278.063144665745,287.313860955649,282.050948020258,287.222478713284,286.718220888284,282.421020535086,281.927802926958,287.914024008517,288.950184209113,288.09392089462,288.010213045845
175.684026215575,172.931506507849,171.448709519379,150.773329303513,169.858092722067,164.191636818347,157.125740188586,160.066568957782,179.271481013781,179.37567383429,179.888124663034,177.116317253343,198.127262128353,207.944522488847,207.94489152606,209.483759190274,211.809957232818,211.84918839962,211.421441042725,212.299079801946,211.926284801538,211.977504359144,212.969501400399
317.942321525093,261.129934860799,242.016439045502,214.183128783973,176.84353938122,184.41820379716,173.122773188383,188.020477328055,194.18522561683,209.451498751388,237.159992485869,245.220770352899,330.103940721401,381.02134062556,386.332376088595,407.513470936152,417.068857629379,419.622802304188,425.686071632872,420.20392440795,427.402692396713,427.267020990374,427.602449870924
504.679453017397,508.044192947607,521.285487368103,534.721812795951,499.736431749187,486.518960698454,510.500035023744,489.536568857289,489.408145462733,496.088920674619,490.635160300869,487.29902415065,519.354276964489,519.950898597297,530.325428757689,521.575091914189,535.144281810034,532.5637396522,532.559048373109,534.274581272033,533.707180106507,531.580311673481,531.433014489691
257.257384538825,275.757456370713,272.640316365877,294.963302939743,287.87309533039,281.484597083558,285.929191773234,298.332453874388,301.386294184296,294.917509252672,295.210765103779,303.652064837562,293.335328603903,291.94117431684,288.793324860593,292.163710569507,290.455490259374,290.284934761739,290.230739779616,289.556089594216,289.316402719283,289.084152667673,289.098443412877
331.723933131619,323.188467567321,320.421684929937,291.840298619126,283.4116640983,302.434164879627,295.454325536045,302.606584839667,306.922454056014,318.11358605724,331.963758331547,325.934136095689,352.882048481905,373.3092446277,381.135318303198,375.156619346292,377.885958722458,377.27799557311,379.246675903022,380.411927431371,386.704285750501,388.168514915905,390.808940604506
583.6829829643,586.785039869268,600.185914322029,600.293220619978,603.999682017594,591.170949160507,590.255119299744,590.462711969886,593.852650373386,596.286960053984,601.030435038297,607.890253367143,603.086481317269,583.895481325179,587.129738496369,585.58386597968,577.912506634921,580.288729352021,578.529426764121,579.433267484068,577.65448159815,575.018245359022,574.832226299924
349.925560177868,362.741594837657,354.860882021802,333.293705607122,365.981643452657,329.70211783295,361.45376506424,354.066068349858,353.346531670851,352.434853195037,351.928770747574,357.517010380003,346.738960179675,354.07780715855,351.728386445932,356.263091926346,358.919922553184,358.531709229527,359.89634012238,359.208351518366,359.58234032908,360.121331313758,360.158749212221
211.714504756539,200.079248436387,189.323151808883,169.183872781375,184.546712378508,178.317885126464,186.002830729282,188.948392440716,197.196844358999,202.734649144035,207.701641310921,205.11338159764,222.413531647357,232.201405383749,243.818174073108,249.863867774368,244.430098911295,248.094311594296,249.759602549023,250.675179331067,251.99943458445,256.051967239154,256.06270705553
584.351998573244,558.536222026797,580.090423882219,596.391695384563,580.758728552782,583.30244295894,584.872627611724,578.566488260422,574.838577484518,589.427339570543,586.226577052992,589.303536271768,607.219460425705,614.745079629424,612.367260061047,612.514857032568,617.719994705315,614.192217792299,610.160565299147,609.113123985027,607.499196931574,606.57198854255,606.136993867088
399.025046438715,381.807851640612,412.349259503223,418.971173289503,423.568785516992,413.497810795757,397.054129267332,388.08380812711,400.407448526505,400.505580108893,414.69073767583,403.953899523196,414.519914623302,413.820441631419,417.411170819965,417.612310452212,420.841467525298,421.628701941417,419.063084230394,418.992030417622,421.096203159752,422.570879701068,423.480008946074
401.042712340051,383.229780469908,354.128909703904,385.599167253562,388.102712359495,387.513952767169,383.959705881149,390.306814716525,384.161238190602,386.998468295653,381.771309402645,380.488422507567,372.579723507717,375.745805667448,375.685265675586,370.566287761719,374.423828892203,373.174180815482,374.539486283854,373.369886750692,376.866564030408,374.374228994738,375.373172311711
192.430172963285,193.758644628908,154.070531938517,153.075683384048,148.832009383489,157.042019844497,171.800617462952,179.496233940673,201.208201158634,207.703969997728,200.452580655307,213.005984306607,229.708088098374,245.75405738323,257.802439424633,263.09561760792,267.765421863559,268.941344611278,269.312059403373,270.716541233478,276.286554756687,277.510828109241,278.622688468454
634.396752999847,653.763178674793,658.429642250003,656.499329599111,655.562819524921,625.222824835424,619.581985382211,613.134697382088,606.995311809252,626.12743716544,617.117226862721,614.792904856696,631.405293596627,632.324346866493,648.285694147974,643.37196796731,649.336230391291,649.759338836928,651.213429879803,652.084848937025,655.616368453055,655.447956337877,656.372646026579
371.115047468098,346.096596395051,358.720861295845,362.902832652808,363.1191358825,365.773659352826,355.017635769439,338.380778626384,341.599203348986,350.838478350145,359.305317692854,344.701997482648,361.723150807487,363.528723206202,365.717378353173,370.434847628312,367.766482493453,366.683795889235,366.59380183396,367.450485585258,367.420306727841,366.559236544061,366.150640225443
431.842983635107,399.635111160332,389.974257562497,421.525299525258,419.380108704064,440.457079230829,433.660246869529,443.010589152069,445.069321126575,450.841058344033,451.705431315939,458.646344872942,453.329250218859,457.088505400856,449.347659116146,459.732187066201,460.136885422691,453.303048940001,456.318555733115,455.830377617459,450.553927494974,451.421636593473,451.773821617214
499.055406071196,499.619307406341,505.25451653113,520.231126558148,507.757218796059,517.422325330004,506.363550060511,502.895315606604,500.910931551004,506.131433633885,510.625231429394,495.655096946544,511.662225491132,491.666344883427,507.744392832098,505.236318759349,510.59696147558,510.819747292977,512.046321416458,511.548085384128,513.71286749332,514.321728470217,514.353255669003
174.702563284532,146.774163214112,130.247827506414,126.49437617121,135.059317984588,133.245982486408,132.631556582877,144.873136872294,144.625869995905,155.043271187149,156.608855154789,156.599941928877,164.663760760566,172.590917959003,169.576836083482,171.731048588576,172.819889335801,171.862164887558,171.250486895671,171.132177195648,172.470634075951,172.920630292258,173.230901921881
175.224772693725,120.48033457966,96.891543332843,105.839860302937,105.808236523391,117.79592862528,122.950330004021,123.741686913042,128.758401258635,148.986279199649,155.589481679829,147.670773286613,160.807851577597,158.024493153227,158.300971399871,158.146992033782,158.886087807546,159.239378834708,159.215431507708,159.213831077939,158.034845407128,157.370949295364,157.336748545651
600.597679170491,626.740237000815,616.632164206447,594.941994628872,610.123783384185,607.841820968514,608.68581793488,624.943865740472,608.472753863936,609.766561268837,608.959970429007,612.977208488988,615.32845511417,617.565340279435,615.548718646569,617.381640010134,620.273072017283,621.417139679715,620.324071810492,622.209387136716,621.273769032188,621.56133704874,621.172708364997
112.789463373973,102.004559452644,100.697989128269,105.236907760639,93.9391882163935,88.2582052834443,87.2847942551667,100.100087568812,89.1025986574287,84.5403219180693,79.2796494170821,96.6172026836982,94.3433586718873,104.428492307262,112.730188362176,119.968033215512,126.17447477172,126.789177074877,125.903363591178,128.243061656429,132.354045352641,134.444311037036,134.828184167878
280.391037699924,252.545993570698,249.243735542123,223.772160758856,216.056859260287,230.872245857842,250.415955517885,230.590458582203,237.248676244031,266.965596297277,238.595722399838,228.048425014769,258.789973146346,265.935683671283,275.412162335112,287.367985977157,288.601475613992,291.573323742642,295.122099205721,295.368581023507,301.403709882413,303.735619621508,303.528462455495
242.280844640519,237.657665840931,244.711569779292,256.698077925862,242.416524887163,238.216936399713,239.250897256629,234.172033002711,239.909697210273,236.275182794465,243.21584975127,239.180913290326,244.246640282705,241.68773461101,245.820308142404,240.623494137995,242.857552878166,239.060214130341,236.073041019602,236.941504698779,235.15976456987,234.554200889859,233.656967271567
283.762870515876,299.483190629084,249.914957418429,262.496876800899,248.347950574971,257.055817503,269.304408732186,279.47835163155,256.34410085082,267.453822717563,294.136622270793,291.149106145213,315.705904598616,332.957218861983,339.80366049431,344.316878375952,346.955318277604,345.72093918045,346.375028395348,349.132483742463,351.79114276197,351.635891760314,351.60281668005
579.030594226491,549.053324977695,561.510171008125,578.86442947107,588.221684554714,576.065766371921,590.470025607968,587.67679053952,582.447985421669,595.035524280257,584.706280301676,594.171855463869,583.890562577121,597.499168391163,591.719448499122,592.327924660674,589.425356143407,584.823121385437,585.549635530136,583.396930475833,580.083007036108,576.263751502913,574.854974184216
415.673382887272,384.555229643727,380.499084600359,366.367794783874,377.853253113319,368.503224351849,372.389342801698,388.553911244259,407.331974508149,403.190542396992,392.777387522786,416.6211618474,404.167175642762,420.012664548195,421.300589481578,431.882035464895,441.582196910338,442.338744091925,446.429063346706,443.909147472215,448.244451842141,448.848666440525,449.353803120902
437.576110236306,479.78731040899,451.772818989883,443.202589745408,468.48192870425,452.570990528038,468.005120621005,429.031519460495,421.134738242537,445.934897040743,462.256362019388,450.202689930809,470.158569201366,506.596606267502,511.070515862963,509.818955611379,517.270519963956,512.331487063968,517.076952551834,516.19703670848,519.283095225767,520.581266842549,521.337607396972
195.403291387447,186.508248229683,170.444960981957,131.705861059688,146.003909010151,119.208976371818,149.396653771233,162.396446712694,173.534577214848,186.959234552651,201.885005902705,216.058729093969,221.572134099647,252.942336059239,259.391501406673,265.798089305117,272.837654348336,274.848045031194,275.668804795625,276.837865452359,279.14861697019,279.304650762304,277.034733124853
339.520712083974,288.406811043732,332.191518157229,336.641577027289,342.324886708148,343.852251262888,340.671104425629,342.289855144609,353.382769486069,344.321811648339,344.718296338742,350.108423425374,350.223306795345,351.580901750917,355.783589139255,350.521219666143,348.484954624408,346.062588303449,344.022097572727,339.910022209502,342.021174814855,341.614307385929,341.229837265993
168.060651327304,127.446037256093,137.430842223266,120.855145796232,118.904259778122,132.58223083594,133.181983193868,137.936958319175,140.215411522739,155.958423487633,152.616776658913,149.184415071288,163.653231135064,152.405636836505,156.263155049936,157.342140402958,161.505980491415,164.013699133596,159.841376130842,162.002489532132,164.867860191283,165.671757738226,165.364990543612
429.276553974143,451.071978095178,460.243426905458,473.66278402456,460.398528903323,476.431091628145,465.667287890103,444.23032384358,457.690272624843,441.205477626391,448.025410672273,443.682219819819,445.513297619376,446.620534307579,444.891493793273,448.446344739841,447.7439678365,448.182729345064,447.156120153144,448.299583339588,447.621489817255,447.49921206651,447.332508469791
594.555318685698,605.587524045799,601.13193360075,605.72717063344,613.699666624265,608.282394472906,587.996921516977,589.939659316175,605.352013725627,596.591864779117,609.616456949415,607.427022378153,614.384605059082,629.417951356317,624.794673153154,632.057939360729,633.558330609519,631.230205744814,636.456705832055,631.964962571088,635.108917360478,633.567931353255,633.264891453128
193.425527169286,133.457424057812,126.355242751665,122.645239733416,112.986139266057,113.478934745452,125.756248206958,126.473070330692,135.047524460974,137.854767690978,142.892109419058,151.509971365817,163.822917158741,178.074118362051,174.955752535171,181.232923190412,181.097299205442,182.657934134514,183.196635250823,183.978983743926,185.175640211783,184.116374628282,184.013488621544
449.313251355857,472.556093027604,444.713063405363,446.030453014217,438.7528368045,445.860640005532,444.299499411389,456.749599676265,447.232884684359,448.994969149893,448.590295697378,446.01451866203,441.941665080496,439.387478840672,440.125283229535,437.450084986865,437.955461068968,437.055921531492,437.469104648449,436.710813888273,437.08730830919,436.488460968878,436.957355741944
264.261985847881,263.714330092956,251.446000177513,250.245903196946,248.067185400369,242.875485751114,255.59471364466,265.275023904084,258.560116207922,262.481555210802,268.629300818069,276.809688884539,298.155434616595,300.300270674278,305.22903907484,298.088440503043,296.634304144611,302.751856018308,300.695402830296,300.686771640316,300.994916238453,301.583342602537,302.04667437053
296.139014896219,207.479072757285,180.429471836344,192.889788386531,203.095740342437,202.759463356038,187.489444624991,223.841561356839,212.494288348834,207.464079541745,240.192754165938,247.549746679283,278.847148085373,294.828117874816,298.416214419434,315.670845406973,308.83904264258,312.195316949923,313.623967284812,311.871854001748,313.51817808013,312.390404136375,313.192058028805
400.71383073691,391.786011200727,347.556157304289,337.510763784447,339.200201561769,324.858543275002,331.944443216918,341.191040242202,358.010618129284,363.723896775105,367.244734569878,353.229760741063,381.846027899551,403.190175362094,411.457387487719,419.061874545339,424.003451464048,423.43824278451,424.747054997084,425.746481645847,429.945677547304,429.697397447003,430.27801101718
273.983648883389,235.080541976868,215.075471612225,223.459559068805,215.727279267053,213.127566793723,231.111174301922,224.223910975444,206.975287759381,224.501437251624,232.453803719912,230.506345253606,221.332117638501,244.091138469494,257.517819266296,266.648369089404,264.558412859511,267.976627302688,268.266959387051,267.409748906531,269.941181722354,270.907496010223,272.014445139267
283.610607149934,192.966171726054,165.135855180783,173.179507480875,171.39908267824,182.914004067919,199.675939031493,206.486840176978,216.663022493818,232.637487955618,218.92351688004,231.186722715566,228.186932699262,246.680109466043,248.583757538813,261.228576088491,262.629589555225,268.614624280109,264.687913784571,267.61136208825,272.645595440304,273.091236452047,274.09749292312
972.503616067754,1021.62035187344,1006.07911363187,987.363173425726,962.058625401937,948.701150374365,936.779490172173,925.682253414744,914.311862356537,910.282078640557,915.439142374127,920.050120574074,953.497620580835,978.513452420292,980.000049194392,1001.34042261434,1009.20845486085,1009.94975670604,1010.09051716473,1017.34773350389,1018.67497242587,1018.27620446932,1019.32757367781
931.917756269942,979.887884114697,972.705646613317,979.82644750786,958.437074446526,948.834799260704,946.149270571339,934.868464718517,957.818862137745,962.532448305633,939.17087345937,951.297422508303,949.656854226767,961.416224430448,958.56890077501,952.537947839222,955.925763367079,949.107505208427,947.849481632408,948.420034748785,947.917398892937,946.566782615976,947.945432049663
236.353473304556,187.876510616499,178.675550181225,152.836640881859,146.641199934482,161.187335312073,152.651908238251,167.106115720848,174.699997825175,181.759874474445,180.049250499953,197.454244571638,233.92369501196,247.778012647189,254.474497484555,255.682061141391,258.32921642051,263.925994579098,263.126813294936,265.209958793318,266.477710449302,267.113175109265,268.217192200026
400.886927410509,380.352730714135,348.951800766008,361.6259620285,337.261342402497,340.434276692728,333.253049218885,342.144910250323,363.974476861372,374.151751867648,369.86488039788,374.655266909056,404.513847860384,415.309235462289,422.517123789715,429.759263111316,434.834518898016,433.514878592593,433.512599802513,434.331226468019,436.182073923125,435.622906131487,436.111780609204
585.542345588869,557.598043586473,549.023523382024,601.658976783518,583.974132181704,567.363597369034,562.03204711567,568.439715322078,561.588553084866,571.249332835322,564.929164764286,577.798682377399,568.908350750933,566.771604276307,566.051784314975,564.552922794061,564.55279451328,567.784640417122,567.256123670247,568.009818055546,568.003178009955,568.420734461197,567.32341476546
367.201513962322,314.775853199296,303.15995324245,281.288424935893,292.503602125022,288.009157381623,307.833893466171,303.990339870918,325.069438140172,324.652162224009,343.587013087648,340.645973457119,373.244458587245,389.321579922101,394.047532395242,391.74319846885,404.970247100243,402.794793688511,408.783668871902,403.995881849947,405.987420489889,405.379918157491,406.060078802996
252.408050711541,168.962493452294,156.776219983546,151.78064135841,144.742378610901,150.716126444801,159.480590476704,163.778505404242,176.743197484197,181.894074444417,196.995123797913,197.46610396059,220.334481643317,245.376772516458,247.882730294556,258.951602989474,256.422483625163,258.746447052784,261.973317050943,260.311052134045,260.694160270764,259.30066120851,259.159411358361
510.591598461749,491.610092702094,514.835094078344,488.531873921787,497.633913703974,480.170541732261,494.157726784893,476.141321458695,494.174224233865,480.586049425629,485.279627461101,500.205142800621,518.698223063966,542.951328267964,539.640328671611,541.713508310332,537.045474575214,538.131086521638,538.978283977011,542.260858921604,538.712043883843,538.949820856732,539.657282281323
302.240896692039,254.456566466354,234.668048252588,227.749388054063,217.983290732368,210.463377720337,209.964454822661,224.548367826012,247.677602986032,256.561083320222,252.601815283763,251.4632859242,259.642594243334,263.627776678327,264.310994812575,262.353411973205,262.658711202505,257.733003651987,258.151159208029,257.139459170322,256.403827908648,255.120292112246,255.176480169765
327.282015691312,369.505905057309,328.386477767691,333.008782175581,317.093597946408,328.051216438315,304.917617645177,324.84061997321,322.222051248513,325.909595717966,327.704916822864,331.47263691456,358.795960222472,376.724728197364,386.056088230336,386.820349053019,394.081882868064,395.364981754153,396.514385575061,395.202918972595,398.225707237745,400.190866295495,400.226970678985
399.607725274499,391.812208283522,400.021051540377,400.551681709167,398.41387423968,410.052966008571,406.968385555591,400.587123012099,398.950106310279,400.332875343111,407.573811066941,402.486280581324,403.633717833499,406.012317035221,409.82934824739,413.972885449846,414.361073180153,414.228306218083,415.517079227867,414.339362986319,416.497705873568,416.706464029832,417.144938098624
260.321477466365,222.597561820335,219.957853430572,185.912534804768,176.920851512212,152.940689159257,185.553500498025,190.707037485723,190.127061907329,207.652390373763,195.597080060989,204.063958594437,224.534336926483,228.953919794553,247.023107611222,252.014646959967,256.147319828293,256.271402697011,261.908899803428,263.137623942237,264.840016355669,267.084350835018,267.498197324488
347.16068060135,326.159977570175,334.872833932345,319.066591224285,317.740483301552,319.400749281835,309.360044617889,327.733576230898,317.400770195138,330.041860190248,332.34976141875,345.727788800052,338.608085213118,350.803334308408,351.257718114754,359.662646355851,357.835262037931,357.760702637286,358.277165383954,359.217014662944,358.75236359043,359.01368515984,360.014586649684
527.721078625068,524.77876459193,573.823806587402,572.382438315177,591.184003389103,577.276095315913,572.511798218886,560.52444258948,577.509360918316,575.883338564489,574.655538707216,563.864894664659,567.296379183643,560.476078103461,560.490797739836,560.831306871921,557.93953834916,562.1229907572,557.986561740514,559.425366470798,560.595870648511,560.66714897272,562.413609435116
321.271924638535,289.711309189852,311.924111277737,279.714150591822,281.956413669068,273.679220324819,302.195239363421,319.948808349175,316.242743322435,331.050463557052,343.758865289919,334.438332065637,377.345507987387,390.423852910017,397.514750552458,406.205066121807,408.565566476101,407.570426234533,411.588538099453,418.578612503623,417.661100725737,418.337817097438,418.690968274336
379.382771652258,401.1798383232,403.604807302088,410.70872748913,399.625550509105,392.876079830556,393.674234179787,394.530841387564,391.001612346268,393.741555233806,385.703024731813,394.776680898696,396.856898911411,395.901932812607,393.564506456126,394.669722731752,394.951343869829,394.136360448255,391.996404321572,392.880964262826,394.942312372772,394.773177205945,393.740274774786
623.114241564336,630.631111948665,601.700424547749,631.312013176286,639.405079045375,640.538393112522,639.045722304522,638.118393650764,616.502391825276,642.510281873029,619.454940712992,630.496034188789,641.807896721505,648.784174411357,663.576096832245,663.074629310833,669.857452104707,670.197252871512,670.058545344282,672.422498580577,671.579855978187,671.657454862884,671.762966942696
406.595823370223,373.726879616246,378.43323842852,360.480842652666,368.295303721504,380.359850695904,369.497849271984,367.834147753063,367.853276213348,370.727266651483,369.134376622001,374.725626183781,385.578989174355,384.319257597924,387.061381914844,389.2141908759,387.829603068502,385.194719838654,387.414466876174,385.979463911431,384.850078610814,385.217984694761,385.303633361427
288.399282726852,262.147367589071,245.273916232661,256.04483108987,250.330560482127,240.510421194807,254.692333535917,244.606116882323,271.281150146363,274.734558458932,272.699725722747,277.903346001933,282.968936646982,287.023717577113,282.983887611425,287.92019354621,287.298464759414,288.505309444431,289.776170873279,288.79711098684,290.657596426062,290.629301754665,288.823261745574
280.322082328509,232.395530510553,214.118107457361,209.325614899616,202.505516441411,213.358675225727,224.398872184651,230.647600370859,222.784670955289,227.553100105366,226.621263824746,232.263909935148,235.26952448582,247.452899850302,255.164353955122,263.253442487791,267.057345702505,271.622453228931,274.22425218413,274.255653840036,275.90710751957,274.338905695663,273.341591709002
