"V1","V2","V3","V4","V5","V6","V7","V8","V9","V10","V11","V12","V13","V14","V15","V16","V17","V18","V19","V20","V21","V22","V23"
488.600851330158,509.574523661465,495.104271687756,489.693267641842,479.373581128112,482.564069914721,487.110042017939,493.93563851613,498.364145957812,494.167698462518,499.086211538986,500.391232186717,503.683532735964,497.601032584719,501.465120169023,505.531251968118,504.788996318009,505.501301518698,503.893915336471,504.352910670936,500.774924220572,499.64322788262,498.650008547763
453.857356012849,474.760527738908,473.127556522854,471.512426994953,466.45346122489,475.817902268752,473.452035475517,475.407782459963,472.692577563745,463.938016564835,465.541580589269,461.796189369806,459.622204275183,455.301542695817,461.383370350685,459.889836756982,460.348983814747,459.213764912454,458.805017760272,460.332228095419,460.585255704496,461.068280542659,460.249308132004
234.909714919536,210.797199164987,224.262389400707,225.552578270928,231.989973377799,232.074623078544,233.735781641975,236.893631577029,238.97158031863,237.238294963191,238.333455653798,240.721224251053,242.209233369068,244.050340172583,245.931726932408,245.465928933853,245.839151555195,246.815184406111,246.434826682006,247.892308954503,247.786380051653,247.888689605043,248.915268009599
319.049583287149,276.077716172533,298.695307475056,312.131010818985,308.765584204571,281.823480642125,275.886239550692,285.863523473103,289.112086721197,291.919888639206,302.513457244956,297.532232484019,312.46639124424,316.000651078722,320.653338552784,322.003464329732,320.358444120323,322.055421866511,322.123312477852,322.229072186086,323.155863631943,322.676934085356,322.56743904717
236.617607655349,199.769397261967,173.200289777612,163.578973974649,158.064368835153,140.512562744603,139.837799228624,148.627637070157,156.330890960415,166.754291914674,168.160505878422,176.172671534149,193.485463839404,206.348699226259,216.264183610204,223.472115969492,226.92833779668,226.735817270228,226.581911278436,228.24715166871,231.74118119983,233.184117523418,232.813027036981
175.615523041389,162.891408711107,146.752839776441,157.476547690879,142.613581455021,138.562603869631,139.677832240969,142.05683821354,148.049893251268,158.766506737576,167.848412276416,174.640733384426,196.275759140104,202.289355786891,204.586785486201,205.800290498119,204.99277667162,204.685690353406,206.076011012053,205.311690750304,206.28612333606,207.4515204596,207.643160880056
397.132932213975,407.547756352974,381.117456494926,394.33709173255,382.525657619878,374.755052730922,372.387052438506,383.978486694963,374.794486349444,378.032714896675,361.171504593694,367.712900893565,380.776631845031,379.609948637651,388.525274933869,390.428438471513,391.364753137321,395.219653486581,395.501575905415,397.724956884995,395.27201141064,395.271874846099,395.342261060486
490.447544888112,498.019314314146,482.601714450313,470.007569128306,477.41908054049,474.982047075298,477.748696112229,478.552789007034,482.446362456694,486.172668877836,480.763703528112,486.826741339292,490.508380089514,488.583407438722,491.17675092735,500.732525526839,500.689710856337,500.664730096418,498.720426324592,499.772507888968,500.37874476446,500.797664467204,500.532818115424
188.16532698097,177.714326187706,167.215151654256,169.735474136114,157.874527891534,156.302394441028,157.470719655619,159.265896118098,163.187058780797,160.800877098092,165.845836807832,163.622850403638,164.148392664565,167.869361092938,167.617364150078,170.467006105286,170.03422579093,171.10032074545,171.389918572288,171.375426106888,171.49844023812,171.874238652157,172.298945361784
231.976996865339,222.989577807449,220.759596702625,213.16782344335,221.838715172654,226.019580173919,226.077854820663,216.857044068491,221.225332090092,220.385792615558,225.884498227285,219.882659847117,232.046249052926,233.971346541711,243.347613960615,244.616185133471,244.646568681061,245.93577521216,244.707241797735,245.898842151941,247.125137147361,248.947182750228,248.865392936579
186.895141395206,164.937084149862,157.294764414397,154.748045714251,147.639919839019,145.565364370697,146.896413237761,146.449603433753,158.574976517086,153.12282681288,159.76516433458,161.06379087978,170.529083547449,174.234827280479,175.12494656628,175.842667057252,178.707053399246,180.161219871912,181.189087665809,180.586794522231,181.547134100238,181.815671601878,182.317489532505
235.88816755028,242.250221583876,230.326198811773,220.332888656633,217.06768308788,227.150408127333,231.087981935281,234.406569125889,230.665154622925,239.00471298436,238.033323476379,243.282729155764,256.153017909257,254.934046022066,255.883365014348,256.083288934957,257.110629385821,256.21111567924,258.507660906026,257.194134037515,258.295626059815,258.230701118613,257.93653160711
197.391910322544,176.639263071067,184.907197564389,179.187198967703,182.110769275697,205.291703071625,211.618701141497,219.707205332425,214.857512170384,209.94992622911,236.725729804731,235.724015841092,253.553087498573,272.559615104666,275.444900596469,274.60353514932,273.93399411808,278.874747751649,279.295604450358,277.711482062464,279.26084568908,279.902292009926,280.349091577312
555.164106145534,562.081777158896,563.565423412324,559.470671853786,564.594405057503,568.045061410816,570.074726994286,568.804077595578,568.487805693541,573.662398353565,569.497282390892,575.004110288055,568.473044519403,570.702603809359,566.623883851573,568.481727876315,565.190675188761,566.20961293656,564.784743466188,565.512634686445,565.300298237978,564.3007437267,564.58607916309
203.759203099685,170.548227941364,164.345412530728,158.422794222772,156.881427697573,166.446533434459,170.288646525815,168.025224940346,180.335142799944,185.039385525577,187.750345389324,190.693438610728,197.192549155834,204.48155365524,206.328205154043,205.997622166412,205.149736296109,206.646598870896,206.172068600141,206.547748466066,206.419637928996,207.737269746873,207.101036059349
210.440200026209,204.464690608387,178.218127475787,178.910225886896,195.042786053569,197.167234886898,201.442623535436,206.248003575022,205.726206290022,209.545312684008,208.311744978917,209.581565085619,205.150358535046,209.231416015406,208.603241804982,208.084539870655,210.492038661643,209.074019665979,210.052885019729,210.662842660906,210.135629043971,208.745610208823,208.488983815303
280.254732105333,264.276550425959,243.149582755102,237.21381922102,237.22096674777,227.095343032823,240.326322377943,242.302641987938,250.238757714308,245.223011485899,253.124372310715,251.880933432507,266.655672830358,270.576222788942,277.444582540468,280.396159910817,286.320911741842,283.193216844381,281.82207074688,282.670935304087,284.540193688091,284.537172535822,284.027922588552
310.833174382247,276.492545900405,275.834997828534,266.678490820828,273.871034060807,282.537366574935,292.235061636406,302.364103385061,302.653324004142,317.903324380563,312.446712508154,308.588135871411,315.569973877855,313.426641398476,322.448590961699,321.783103480269,325.750320755641,324.183208567744,322.733661560292,322.748818593809,324.59145096769,325.278881138356,325.661786027265
235.901606899339,219.657915332591,205.764605559863,188.328966652231,171.939097935037,172.91023231418,177.958040652274,176.115560589781,190.697579909956,180.780594452994,184.57011089207,191.498008541613,208.87338520847,216.27968285381,218.9482876977,224.849293447671,224.885490068309,224.908645030762,226.933098430669,225.93485018306,227.099903122179,226.202564736827,226.545938855866
130.383557440243,146.707372665715,118.093552762917,124.400026768404,119.648409638687,107.297939022375,125.393681826707,127.378927269683,125.949898294352,126.596062055624,130.395470749407,136.628375720384,143.176422852134,152.175573425032,157.269617754073,161.308832396776,167.596394512467,168.302582836199,166.389044077996,171.095731847188,174.986856652663,176.672009680964,176.254891510066
417.416194710797,424.742109648356,418.19532080186,397.548323525184,408.094742644389,404.100837322898,405.694898393122,397.176848544998,406.037992817956,392.077058663607,388.151874878165,395.845141439474,399.316205050578,396.0730976989,396.089617964921,394.663205550321,393.750012977843,394.221972966604,396.418482337939,396.066054222097,396.882539018073,396.561842002833,396.771454373276
207.569899144183,202.961559492792,210.965773575919,200.523831886315,189.888285846926,194.54723871484,190.784501095603,191.474872229038,197.471981956124,191.541524269926,199.49341926713,195.833147287598,199.157990195169,206.427850981769,210.417948059524,209.902423839183,210.899312793914,209.466791807999,208.856016025415,206.607539062106,209.309096466887,208.738401019804,208.019270215136
208.510327012014,165.930166114712,149.553220733741,170.474273296236,146.164210148288,151.545844637128,166.641398271714,148.628157106164,160.394537235244,170.132829403484,161.976293344521,169.187652296878,175.99677996346,169.766515771449,176.183407371397,179.3348221697,182.596948791357,182.756371630665,184.835062852808,185.693538078227,186.022882451851,185.802751428368,185.996114744939
224.039308787463,213.559820811038,202.648831438591,199.202394287711,191.389936545821,194.395987327295,178.149843087761,188.404362578781,192.476963376436,210.691041760758,208.395778812677,219.773321578323,234.152786871238,244.500429097306,243.356927401323,247.222745653687,246.996937866347,249.365509236319,245.829697139028,246.253290442225,246.07230139125,242.232521397687,242.403828548483
344.862848120465,333.211520500455,330.299367756471,321.47565624249,319.609602176425,314.831113414821,316.997189347056,312.110072144534,325.024801745692,321.946311190263,322.211756397943,325.860178735964,324.357988017986,329.971821747691,331.710654634939,331.939769921062,328.66024650358,333.9760590335,333.7236311495,335.381285263785,338.512345986315,338.82455474676,339.196510774855
388.112050632474,392.753393829198,387.539001857858,398.121885943307,402.099096773068,399.889750572393,402.838706315423,401.061773790213,405.342427750693,408.948732689498,415.457972678636,409.371400478634,407.69823740218,400.976534796068,401.696166564934,397.187035885215,397.687335973335,397.061068710042,396.831134348165,397.338931396353,396.891394668663,396.99874802195,396.497531143123
179.865448062729,150.086089450101,149.444249147873,138.515382330902,135.127494471473,147.252157410758,147.366030820963,152.936700263597,149.949157964729,160.852526024782,161.88028031251,168.412425704071,173.726295294609,180.750642860448,182.197150418028,183.287162393043,182.853764099506,183.903677797185,184.24930940882,182.56874096682,182.999833086373,182.13216215679,182.410402933576
255.239719945728,256.122979815307,247.490875969029,255.452249802086,270.564372327827,265.971701681754,263.6561067264,266.223384394773,265.278106700199,266.583645045522,266.989965059832,275.663519186597,273.37203538476,277.212050140529,284.628658476405,285.815945119069,287.913886687585,288.738859980009,285.88542663329,287.277638368152,289.817211227548,290.790381013016,290.533374045556
496.496972126073,500.651217564024,503.598093391893,492.956217749323,483.421505410145,486.254891326556,489.299652935535,486.665097386976,488.487010909036,492.434577490464,483.198759190332,483.293786584371,477.573023124354,472.097999529377,476.465416083384,469.761643450222,467.67508368959,465.317781504465,464.831433834209,466.273895237471,464.165897535856,465.032643417254,465.386113838332
336.729566580104,340.728251501505,346.280402410613,347.684261437017,346.268592247584,345.66009192675,347.507062640434,345.259114251778,339.962348709393,343.435392115092,341.097801693001,335.102556459398,329.34569097486,328.391594762942,325.111803258186,327.272584913614,326.891845098374,326.405187940976,325.851861146771,326.346073632344,326.221599769377,326.079842118755,325.880964816142
329.014848520089,332.325694864071,322.96874762578,334.200748991686,316.672071945497,321.841170100553,326.341319665064,323.597934738313,318.939451522448,315.623727080325,306.544943237837,306.380368859278,311.601194812226,318.638270699774,322.202353448693,326.353034591703,327.606346901526,330.603613862758,329.241249988818,331.792243410783,334.427154996738,335.450530045067,335.863563266188
193.790164402557,184.577622662187,171.954975507165,167.513845416432,164.268823705358,159.896146201261,158.269588077382,154.985374820793,158.130887243563,153.155265544126,156.681285558184,155.966726639038,161.179817030215,168.766961770246,170.437838218548,172.191352407306,172.506891951843,172.31623166612,173.821571734258,173.990057374989,175.057510736368,174.555514576537,174.260099461337
358.070622356834,354.545621513247,331.461994868301,319.039366002982,322.390247155234,320.7728999614,326.260918730032,320.479664716379,324.638728950512,328.825297382372,331.614563362471,334.546397558769,341.711984285313,342.669137888124,347.772454474953,348.524299196272,352.009572683806,355.814615633931,352.484593434229,353.236449809617,352.930118463377,353.607523078094,354.267931708422
261.930371744152,275.937959756425,280.662067646362,286.035804855902,272.487491157248,276.705623394064,273.853653758499,278.253609972353,275.135828458105,273.93901229922,271.13318215515,273.043467765955,264.78046350717,264.978525872874,264.488579842059,263.712110101383,265.129353470425,264.415176267521,262.727148068823,263.365541523356,262.81385573913,262.647427795159,262.823091862218
730.093214665279,721.968393621189,749.573593011526,753.661991968038,760.502187308795,758.544164585639,761.936301031662,756.017996236457,766.775526398025,763.233929964803,761.276647333836,759.761156115145,751.904024502436,747.503928030406,737.053404592837,735.651180116447,729.342323550649,731.771025874695,728.941677467707,730.944662210154,729.87602458625,729.341155908766,730.308002037982
109.501548113711,95.5886450366792,87.5994183760805,86.9556734702584,82.5430099441617,87.4395429823007,84.3858930345965,87.3863807618747,88.3442158392303,90.1132102000745,94.6069560177216,97.7546794035127,103.986296362737,108.108143637369,109.791738267784,110.683887847379,111.4496810547,111.66737940731,112.161353213609,110.831732448539,111.206369264092,111.515051639253,111.122903705477
208.36812247064,127.145389135862,111.696197194475,110.347843007895,108.013400472398,108.824580731689,120.803181885441,133.368854074033,136.174553281208,141.474290925615,147.57374498863,149.256260117026,171.207998063732,186.728636798284,188.171701395896,190.739636156055,191.566423512935,194.797735321018,196.658265154462,195.787363069681,199.070297704422,200.483552017793,200.030922671242
263.779029632284,253.046428486332,255.957180703546,242.040244883836,235.609917415446,253.425767130931,261.782350165286,269.864914080786,260.87231988632,273.430938028166,272.389828100879,272.88187681164,276.380609596125,269.971214891485,269.102108496051,269.948873775859,265.74970606349,265.62364726441,263.870626437711,264.469253062521,263.386459786351,262.706233616248,262.821715466548
249.927007899424,202.292056369498,207.630594679772,196.579712029891,216.558621590219,220.782404611931,224.106244430537,217.051253359442,226.968619180667,235.755968338838,235.817929721062,247.604050439539,256.277628538354,260.734684335125,261.745243769994,263.593704695349,264.80591977735,266.733867461597,266.865417370023,264.949754987132,266.109876673388,266.161609289959,266.360422084061
453.802179298384,461.322118068755,446.966595920789,444.972844607208,443.189860525542,445.603753097116,451.959753919302,447.953641087735,449.91621509458,449.859218034434,451.81887886297,445.964687481195,460.600469537238,457.399338513043,454.908716330803,450.124494974603,453.044493962594,452.190681464599,452.040070111194,452.573458831532,449.260911104485,448.91846757178,448.100705180336
475.295978487255,476.364556245789,476.397957574617,476.624419485449,491.905303919429,490.288236241046,483.915136700568,470.841591439041,478.509974790362,476.610375513178,465.957090296549,474.944115150262,454.748717231394,448.065062883969,450.566015348443,448.712505518425,448.494503050977,445.842336251411,443.712161118697,445.007658853953,444.449336019642,444.174855704092,443.5491550838
211.623135470558,176.519925383386,180.732575388708,174.108737421023,171.990042706023,168.102289911173,187.076125420683,184.810177136648,184.112455992104,195.005953452225,199.99650207458,201.041748388154,204.038377327846,203.500914069481,210.015654002487,214.04597018292,211.887065901556,216.12256781441,214.516548070162,214.061385272965,214.412778018371,215.652767906642,215.656301537411
148.898645877706,139.149019890725,131.904203420229,119.31922500951,122.259309062348,117.727202314316,123.162305688823,116.801217658866,130.430197161411,134.092693169826,135.614297909665,141.147051859132,151.680286219203,157.025138653098,156.701127801795,155.913559965677,154.784563280005,155.946571336668,154.464723868244,154.368000804892,154.668309237799,153.181860447576,153.345712748474
266.324104756618,220.520923694785,216.640549319774,186.703169232878,171.121936687253,155.583953928555,166.487386073735,163.653150643599,168.04186064503,177.667911445193,193.710702613179,204.869166278235,263.31597424556,276.879376847407,304.441715136532,308.884881650476,316.779706369765,317.669214009375,317.513817855748,320.697490742748,322.050513015032,322.776631514779,322.82438267798
382.999182407275,367.816067311536,395.834878849521,401.671304690759,391.760576229743,374.439197258889,373.390896119166,371.558782966871,373.19018642083,383.444945709362,369.754738937806,379.777822999903,395.918079980286,403.327053457117,402.58687078715,407.481452291532,403.13583797297,407.122643888559,406.549109744139,407.014077656792,407.264217143025,408.228697769993,409.057978417741
216.166653818128,208.638477020112,201.630673090782,214.177586120286,214.018838301827,223.712605392424,221.99790241182,213.852840689448,227.459055285499,224.012933061253,217.552731617384,220.092402890234,223.666972582239,219.732855414462,217.595379100121,217.154797279871,216.479014341726,217.105446576497,218.945897855087,215.819889569537,216.372922842053,215.373799936353,215.530002503381
261.713643212356,258.509157333597,235.631729370953,232.774464197534,220.253185847066,224.037961284167,224.034021466721,232.647380485207,243.14362058064,244.396917619914,243.917941969485,244.994381695387,268.182558669202,278.015151022236,278.50069345539,280.590680445819,283.070908693872,282.987638539549,282.844037133905,281.122788381752,285.937586465423,288.770203749349,289.09150622718
442.699958576417,442.058584946308,450.081545243091,456.773803408964,453.011539054369,444.603926606488,446.352511672368,449.038625975807,442.70137149177,450.835859094871,447.370389838062,445.995061269063,445.278147380693,439.297125483542,438.832174778722,437.574708359247,436.064332325125,436.417396423541,435.24176757514,435.689529424829,434.349484715479,433.74135226616,433.354445782235
282.408495355306,275.896078025186,275.277795389817,259.497234178933,246.588448051383,258.089231669504,255.055357534558,267.105871824722,262.771821091102,262.302573731305,264.145297519899,266.103020901163,264.007979674343,266.032706142465,263.793554760111,270.354421621549,270.45676388038,271.526071699193,272.472778882117,271.863826299282,271.894207299789,271.74883856853,271.61263768407
173.169534518364,155.453126322943,147.399257464458,143.944386073327,139.060857332363,143.506284369551,136.132319798925,142.166621301622,144.753073159394,147.271561719914,153.729546814773,156.815302843326,167.826328872483,174.862449887551,179.041869082875,177.687464497661,180.147755088958,182.3438970897,180.488677183103,182.58620632397,182.995320531723,184.714254537354,185.563755765907
440.681434345772,406.330790192762,446.810935716537,434.726508928686,442.238581352767,433.500418992561,434.450710824973,439.987389145596,439.687940627974,439.709203610235,445.886782457557,445.625582431395,456.359274974528,460.686756555663,462.680356091298,460.875637042463,463.062472474188,461.980136219698,461.280374197517,462.297830043392,461.02436914243,461.062130894494,460.774210301512
297.617188555151,308.107025043321,324.431855628013,299.052487683988,306.351124785749,305.001425012802,314.53690505755,307.624691641356,311.648928252658,307.522441066011,305.527947119523,303.776681956983,308.735302215684,314.17628139666,309.677043392463,313.159940200178,312.437660564768,313.6604174267,312.513903300742,315.343523670612,313.390692011524,315.473716932377,314.857757350465
297.709503983702,288.20397522992,280.591937245817,285.344212729547,288.339277167872,274.907665053309,280.691020701193,280.358206987396,284.761291235668,280.878671522671,281.055658230922,280.181306017257,281.180265909342,277.954784644547,277.692315767156,279.217142249065,277.668144535652,280.750053837731,283.317740623171,280.212717349168,283.115995422378,282.017305403753,282.313048011135
173.415656430848,151.799417038676,126.384328361886,133.767772809235,132.513313280645,135.942437346958,139.668818511403,140.01938917516,152.992479214133,161.66673035391,155.72456786424,164.128196571602,174.081441074684,192.672056932245,191.902522624412,195.345717670128,199.280768089919,201.268270608207,201.927825469047,203.529266918729,205.04340579425,206.872333788066,207.019372114788
487.470848815747,496.911986116768,493.500410569646,472.388831738515,476.602694414589,467.968245085778,471.647545879672,472.181229145478,461.878868375027,466.598786548521,469.023376685791,466.557640538811,472.683622395359,480.576564939467,485.23676320577,486.996152346616,490.949745173618,491.829600016885,492.374626737824,494.34302604569,494.756306141735,495.50703458043,495.753829396127
282.047753562456,256.221899456693,262.08576678947,272.383676791991,266.360292044941,263.107420487165,261.714451610705,262.834017206958,260.184490384497,265.915774417221,272.263969659284,270.951898513901,279.060923327195,283.028664962177,285.368364859931,285.71478284308,285.0608057106,284.157995572037,284.762580491145,285.569571558919,285.680792000859,284.647971079962,285.426272901066
323.434300639285,305.659115583716,307.386661333772,322.603617876995,338.813693490108,345.857712276066,332.398235415134,323.288192663654,335.303798097166,334.964928769588,332.540767440043,333.18935951959,337.04027542355,341.676910222156,340.193400871252,337.976632438091,341.930166250173,338.032248809678,337.640400035534,338.021141552201,336.508644197986,335.090995612858,333.884832162463
371.198549307371,371.958473337909,374.113647706433,382.194209892856,373.501902745027,366.493178754451,371.803940967704,368.69061482847,386.337074252468,374.393037559704,376.093660162464,373.574592722942,381.276445022416,384.378883463389,381.632250430451,383.777960753706,384.663766111448,386.509736524423,387.181151286303,387.67551757228,389.160353776463,389.30371936601,389.513404064491
132.273190442669,115.628009425393,111.515256603372,110.767603147056,108.981281485207,113.156564576508,110.73068059347,110.611694312996,115.165402490623,118.046773778619,115.543010826,118.077616963166,118.360321416686,122.20377517501,123.402319128568,123.090795898881,123.851839698858,124.400782597292,124.440939788617,123.940067873556,123.96761682149,124.093324928068,123.878153350324
129.417967108504,100.692194100606,78.4166688503466,79.165392355284,77.1579306520516,79.779692410705,88.9719733281343,100.896032149558,96.886822377006,105.149812232314,110.990309241213,113.766623598281,121.889480100556,121.440875345432,121.992401322867,123.48391963325,121.503050013994,121.496991874228,119.953506581622,120.429897499957,119.776451952257,119.788862122471,119.73728670607
451.536649971492,478.050944513393,466.719168853622,464.173251390942,446.747850905366,465.143539315579,454.632572134883,454.111257110071,451.093047765483,457.325215385925,450.781730708511,451.143416483359,454.172846427311,457.701270368301,460.863432505569,461.860363907596,462.87014573185,464.011149235477,464.432322086663,464.244179876715,465.241577945341,465.097821257974,464.465322517715
90.0366554321313,78.6540660363987,87.2710989636885,78.2653673537894,84.1999169319542,72.7888937240505,73.50022929261,62.9021192419229,65.8274715903049,63.5307303755631,61.6975770219692,68.7338007604938,72.0402911623242,84.9049547463677,94.7160350478969,93.9800262059738,96.9326221738493,97.299653206076,98.6335221099789,99.2491686724181,101.623147285126,103.708175872114,104.354764727966
220.698984981137,204.285612721516,186.348257295196,178.17836938747,171.854482258388,171.386820122577,184.113781344876,171.261744075886,181.431193178318,182.901148019288,188.763630722225,193.069832951148,197.377230537972,193.856502274804,207.877444044943,213.022873298051,217.919680156697,217.157621296704,221.414091384722,222.109817029356,223.277935291389,224.372238649713,225.136085739379
182.877370400635,191.281414079562,194.057536274282,195.719682129892,192.988882256156,187.237943086699,188.674257905701,187.191309460028,182.56815071048,186.991546515749,183.760692352983,188.909534543848,184.689516357762,180.824372919674,178.04730928237,180.762623828906,179.4460372994,177.988447050847,178.21207761373,178.880925145926,178.422846516926,177.662083548485,178.341463905109
244.330753333269,245.173899226223,199.205306792403,194.762968905792,197.158595653972,206.486006654225,206.245257112508,206.944665641893,214.827632774735,223.103223265172,221.364549936229,227.463735318197,246.221035636147,255.088333218668,258.355435501342,260.131393882661,263.62112473122,264.549157797008,264.681174678537,265.731704230115,266.534355763486,266.039646019121,266.032571552361
438.340849814829,414.645216743855,424.963696441057,429.537875054134,439.35644601649,433.53773538025,438.596626289651,435.662460511932,435.509674411349,444.981270361614,443.35330311457,443.004609709665,447.796775389666,446.493414275492,447.124007827409,448.826388359848,444.913338245234,447.098268334655,444.887824121343,443.830969015727,440.640377972334,440.892898734221,440.160391570058
332.07543309319,288.492607692629,283.654513035684,283.954437842275,290.061491554831,285.407711361416,291.237814882687,297.187698625544,288.081937883631,296.432522421188,295.09154489,304.410357768742,305.106039240873,315.602371275637,321.612606763022,328.888463007681,332.989086726012,334.06812706689,335.249469190093,336.150119905703,337.9450447902,339.146050176827,339.351620801869
347.214655753234,356.915217187176,364.860979586065,347.928949918605,337.088473799927,340.189562846605,335.712492912626,333.809687726954,341.915935324636,351.554085879706,345.641076783012,336.19945696599,362.781966277443,373.271547709263,380.399417938403,382.553037380641,389.33135980064,389.669167762939,390.160028504525,388.766653118314,390.621606306064,390.954540714199,389.917412802901
166.431027290234,161.273384378502,136.075367675453,128.117143578128,109.617864003869,121.414977050449,119.525406212143,145.476376320084,138.932042239033,146.795249373914,146.753420110285,157.70074639286,175.610270601126,194.005943605027,197.409760195585,209.349120662721,206.507662807546,207.997754115872,208.168450640062,211.82037095971,211.653249685642,211.530044305534,211.17049114155
258.462597086222,215.581116734242,243.864072009535,246.086387321943,240.82567003903,246.243457665669,245.977683034934,249.359219841881,255.895808867392,253.584255928336,261.555282933752,262.798426416956,262.019388319996,264.737116964067,267.410538221286,264.005542959638,261.845875515467,260.708483572438,261.312887479829,260.629163905758,259.189733212729,259.011123082882,257.954966335351
138.400202882747,107.390098259837,109.001210600823,99.6332856549508,95.968692004986,96.8522157133491,100.795774653652,101.020607618338,103.351420626751,115.549576629385,113.968530489502,114.447546738691,117.333379371012,122.434573514676,119.378293019288,124.056470627246,126.967370815704,127.920791774795,128.726302483694,130.221637408898,132.526251474602,133.185117502363,133.660613997966
333.595384685631,346.685793642782,367.778198618568,352.087540703181,350.032961623865,350.013807324613,334.227420376596,345.021993700074,338.245302766776,337.64133953284,331.103874079196,335.278797251387,336.752146727256,340.307762646408,340.734729444106,341.00518637427,340.84551349483,338.753303413667,339.199804925838,339.023353961895,339.356477157414,338.703397239922,339.059329014885
446.363559005356,448.233177614851,444.150252790421,442.15070477987,454.402224692223,450.845890665178,440.492990423023,443.873435125391,455.321004037567,449.95544468998,447.050354219784,447.529583913566,458.170127532662,460.061080337586,466.94332781342,462.30295053847,460.013231122628,462.962540530636,463.158789821112,464.20774401701,462.495056522826,462.57552904893,462.240572691166
146.810976541995,120.800507137367,106.589172986861,115.245860246004,109.175011248042,111.193913390729,120.223473908281,118.281935507189,121.692525930886,122.393867830533,125.956639058557,128.070393265262,136.024899695712,138.598915517048,140.388438326411,141.925236541935,142.972151645284,142.969026411689,143.017601457372,143.649300006639,143.284926216122,142.745716459773,142.657561372077
339.105642751916,361.854069655394,343.069670031328,340.567859681458,338.124585265077,335.963657279014,342.682936083274,337.641882455142,338.083108302478,332.827544195933,331.629115479563,337.381625794012,330.580422897357,334.568932871888,330.313417274718,332.459951283348,332.175523023944,332.555711075871,333.156986386226,333.286446792634,333.121871081039,333.560069519666,333.623200017037
205.662049436466,201.958108530603,198.896098805604,194.424600440274,192.602448898906,190.809577648296,193.197569643587,197.058732476363,198.392716032964,201.741707717702,211.88031082993,209.562359234041,221.783252659797,221.977533510835,222.665029180663,227.462993838663,227.165089624139,228.981010120643,227.733240563594,227.361640967193,228.574162139901,228.779485410391,228.792791682771
232.427086903703,168.593933086736,150.003991025998,153.650877730512,147.792242654803,147.83250323046,164.684004139281,160.113052002463,168.037004750211,176.905060715167,182.867538651112,189.912216934798,212.892704217886,215.964361102666,233.004268860521,227.292669784291,230.677456674406,234.788660924271,234.144097020383,234.093783322411,235.362131985894,234.95935958674,235.341604160001
300.611229178946,315.669056368484,290.556934511641,281.696652751388,270.122843223446,267.76585998177,268.799668524361,269.198066075706,269.494801354601,274.271053065689,275.555379681726,279.395844536404,289.555811692495,300.074413268234,301.149684644872,301.494538386989,303.380410077899,302.523247816045,301.979474258871,304.565819399568,304.807563283037,305.285636757868,305.642433793767
211.829193264613,198.296536459305,171.25609062811,168.886955966264,174.951943015006,167.222216660165,157.299939490304,175.357793900565,168.44335525192,173.13783513141,165.072473992787,174.124987629973,173.007692635363,184.247147458183,189.842312471458,191.948642786369,193.760140505228,195.120049855939,195.418856548296,196.428889998649,197.854583452366,199.188941209706,199.872650735962
218.745961676161,161.246224380469,152.207344409768,148.76219314773,146.517448238827,147.078777070878,149.282019008123,160.409413938097,166.742129242403,177.056913888949,177.859615731928,177.585612286648,183.864565339439,184.059183743329,184.895980723471,189.833336806029,191.401723107552,192.254995015334,191.401224944452,191.535298245883,191.653588123094,191.797551291235,191.92579737101
747.453221480361,761.496575429324,774.122544150019,751.417635388438,719.445136655354,703.27307345995,689.538495486169,697.037114612702,688.397409378692,704.260409898852,692.826915213224,700.775151434733,718.894044980497,727.389318047943,738.894899765837,739.331861924253,745.054072730361,746.947771599922,748.68805289989,750.461474126458,752.470852989927,753.489156530525,755.820635721318
709.020967950803,740.934146663538,747.070936644659,750.386122790422,731.048870965336,734.693766487912,718.931755547141,722.441816185867,711.480028737324,702.940438914078,709.238678008637,707.821581988026,706.632988617558,719.023590118852,716.951037333598,717.713855471222,711.768530741314,714.261171321476,713.736952595645,713.254041087921,711.087025581284,710.400909649628,710.175052383058
197.589240052303,151.13554392004,144.101644926847,132.875353471993,129.996704289711,116.055227053763,125.867190790874,128.496966244227,133.086175538538,144.543142930518,152.915832442059,157.520517384155,174.805829094164,187.564436639812,197.584050009948,195.659054029739,200.549553502954,200.121804682687,199.878549549841,200.776708459018,201.887356521357,202.857141857569,203.428131106558
309.527076044996,302.950925576371,282.244224617749,287.593918241161,276.77993319883,261.869570913015,266.991429515088,268.342962468115,281.813133425818,287.920500814814,288.417266347155,286.448288441137,306.27256938849,317.325098200806,314.60984722221,319.284270784957,322.821274409544,323.736724649428,322.7028130525,324.555382741807,325.519280198171,325.305828792222,325.993630883882
433.314412321008,423.059144489413,420.722026684814,443.903812620315,445.821948180497,438.268756941369,445.375497863218,436.867924138105,425.302581808884,435.494405942698,432.959758455398,427.889609960865,432.060067833135,428.203221067693,428.866426153366,428.977508406776,427.99035748452,428.059569197044,427.126266453488,426.311456838121,428.422520221708,428.073174881543,428.207205489752
289.728286786772,247.440278423262,234.097982565782,229.614790198521,234.047510092761,238.333496240575,249.366910259246,240.881766674072,250.779863359778,248.913989435175,260.993878408253,265.981786106307,287.548319895537,295.665676896312,292.710543737344,301.446750656637,302.534758532703,301.449338699699,305.248334809431,302.035216297687,301.68065021241,301.941417512867,301.409943099759
201.846280435401,137.493831670953,117.974617107853,122.80016624774,124.820726425392,123.300033671408,121.194090899617,138.600680469011,139.644999921672,148.872138042689,151.869001709633,159.486877963581,173.938170801365,177.326654385739,183.892402517567,187.034589862164,189.281127293007,189.674493246346,188.001275560082,189.327068864101,189.294023256438,188.249123418444,187.571285466344
398.882408506832,400.980765344766,383.034298895229,380.626674109103,370.122225943178,364.192652281252,365.832539064577,375.252050096402,372.316294175541,371.249741328157,372.991989809783,379.885439579542,396.805049618245,410.079980589209,404.824510006712,412.842420279447,412.32604477137,409.572846232603,410.220524373244,412.417278362971,410.865829996518,411.124504979522,411.36523163843
239.308329011723,202.41709850279,186.504744376086,186.101011658241,184.47887821459,178.757181030976,182.034895138166,188.766631045992,192.56279780004,187.579739997136,197.492796610667,204.724902431272,200.990923036916,196.138345668242,196.071375961083,195.098362562437,193.623146778711,195.421430952233,195.610382426634,194.288895963653,193.543131432115,194.708984044654,194.190348996004
270.096665990347,271.49530310668,256.286790686784,260.379178962109,232.964832193889,241.780462518429,239.449902533991,240.576723809527,244.05588677752,244.50307885163,239.783800194392,251.370045976686,275.693757801029,286.430077937608,294.111442842841,293.526399269694,296.177252653559,296.894650181751,297.713255372594,299.415954305716,301.031762387911,302.913533791597,303.488244902219
301.671688662094,291.21919588184,295.275631451537,295.995488161229,298.934801901116,301.019359420441,301.562053267207,300.297139846912,303.022293291762,300.357268243807,304.00018431734,304.67926672617,307.320576018381,306.613785798656,307.5461498926,309.959015554915,310.792779684718,312.301333722978,312.780857067368,311.915516607605,312.628546606427,312.948136625796,313.107864054661
211.68311739598,181.634937847746,176.746599887998,165.110633107237,141.15116934237,135.625641812932,136.338525604501,147.411733366036,146.901225304831,147.666508238832,146.140918563363,152.246330228181,172.424556744267,180.486033158401,191.055342253592,191.078683906638,193.668643829715,196.189141331198,195.78900523138,195.312028969539,198.285728115683,199.882434492499,200.684860669193
258.478397411249,244.31536925617,241.019193796647,230.759441472657,229.702498935511,235.436234818741,238.444756098825,234.055920165669,240.714807528431,244.74259529604,246.268397230953,244.205400671941,253.52391124067,257.979742667716,265.292039633195,264.707375293636,266.263968682848,266.101294270581,267.188058515762,267.490685680146,267.373757857757,267.788005311669,268.441615945942
397.079817619272,402.557951267614,431.018662628534,432.521254513048,440.2422676613,431.739692367142,428.894392862103,429.939253915407,431.04312959101,429.291902926131,417.692228910727,420.421947352133,420.702233652503,418.056411306824,419.262664108161,422.154049027741,420.630945461129,419.158488076389,419.52210931736,418.788059332403,419.101885043662,418.641843336324,419.368917653303
276.217863367132,239.781990015566,224.939739330161,229.590301611951,214.089025980971,213.880937136218,236.790105508652,245.373061893157,241.451730130908,254.038261729572,257.877191410091,263.947677902051,284.545855754463,293.230524923328,296.479960751395,303.25975580341,302.486206044975,306.998066468413,311.80761881671,310.550076060569,313.083070821204,314.106439149499,314.416375542286
284.258359159735,296.383626119821,295.606875718979,296.531322813191,290.779059170257,296.112297429584,289.778692251515,288.64958065104,288.938949776946,292.208370316975,293.204700410685,291.438172011742,290.41711673189,293.522543927687,294.379645815396,295.143421987033,293.190447139035,293.290056566235,293.217662250164,294.054656503044,293.847452225177,294.66892138157,294.545327395172
471.40348907025,477.734065680578,457.943252128397,488.503408757752,485.362110500434,480.731516594723,487.258018434654,469.091232814765,469.319371706324,472.230742597627,468.919723083771,466.42293680237,478.364064814146,493.357124113511,499.13470230249,500.199600547689,501.416654693206,503.423039177007,502.778487313392,503.803833646171,502.81457785092,503.093824994281,502.606029382467
310.249973090082,300.797417409418,296.641735327585,282.293740716349,284.348672676406,277.437039512642,287.306250670661,280.480103201825,278.936033916915,282.450134338115,281.891537763168,276.993347246242,294.443153231649,302.779697834645,302.661591908548,299.439293743138,299.470912862221,301.378321739639,300.045216555745,301.165597517953,300.828915252577,299.876563752787,298.796140047099
231.654742865226,202.091694551283,197.969083516566,186.285607642564,186.241700733847,187.594990068561,197.988165581204,195.013219684272,203.426410588165,211.163068133637,206.12454025437,211.142413528144,217.894237433064,220.249603590231,221.336977696049,219.900625169885,221.694144653767,221.044512241695,221.635624541132,222.177078196921,222.508126179837,223.277022160145,223.253196641343
211.61222916068,180.383497158541,174.027023537619,161.368840847146,163.154673292141,168.376025778022,174.924585988272,178.629375847861,177.467170175038,171.424782989564,174.526153207406,182.908972859215,185.747508534993,191.409016463612,199.557188271218,199.163751892434,202.882384207811,202.106346515,207.640232147397,207.191028137519,208.591865073586,207.649528028018,207.192022114846
