"V1","V2","V3","V4","V5","V6","V7","V8","V9","V10","V11","V12","V13","V14","V15","V16","V17","V18","V19","V20","V21","V22","V23"
225.34379039985,226.683332853417,227.157825950319,225.912551562568,229.59551873834,230.71659068233,228.343496193102,233.289214218219,232.292774730605,232.888054233844,232.771137836195,233.127738485905,233.456395663775,233.36674828259,233.418307618623,233.489807658012,233.35965856903,233.428175220395,233.375356315659,233.329926052887,233.385452877216,233.342644577765,233.259726446106
538.862205849826,537.998934097939,540.024316297498,539.919763748459,534.251712599662,535.970626566367,535.24533853567,532.849920993121,532.203463825336,532.317405584946,533.738752346999,531.765193805865,531.682315730908,531.689891578516,531.727672157838,531.711369386739,531.712414877135,531.687891080769,531.732949557701,531.728158563618,531.656204660584,531.762838992505,531.695701389186
197.986622089857,184.570371416203,183.120527818157,184.995939711033,184.385337342096,185.184700419064,188.360038898139,188.319358728611,190.065512520333,189.980384439037,189.74421721057,189.590034187317,189.920729400997,189.853916965748,189.914249763081,189.861911193149,189.871337234492,189.809396200805,189.888910444246,189.793389831444,189.829737543585,189.811474597883,189.772156188107
139.019407969253,147.307483760907,142.075763063237,153.47217933671,152.417505192737,152.384582974141,152.652989200303,156.186121506877,155.49193928224,154.321120273908,156.532094903473,156.448392988324,156.441789066943,156.404625910967,156.38209419213,156.352552105103,156.365850030727,156.294104330117,156.261866890531,156.333637359779,156.2912314516,156.204007334985,156.26450723163
336.00333100558,331.622800543379,328.871818812543,329.627663784689,336.148590944947,334.627908060898,336.595275689022,336.844324956942,336.101092632136,336.596968416168,337.366586190212,334.64925216614,337.391904982068,337.311125880156,337.275012398563,337.39948620607,337.291104928519,337.356333205938,337.297927127438,337.254352412155,337.330382812836,337.316603332399,337.249625220271
278.094516152823,262.995303208319,261.029961231011,264.232686214824,264.385056939981,261.458197382736,261.900739766606,264.556904404506,261.27854846478,263.646639589257,261.861264176807,262.558043518567,262.547432104252,262.495300893199,262.538935409546,262.52883203507,262.53444579269,262.516359660608,262.499763995222,262.495334041025,262.550408725304,262.459597515127,262.431862075842
585.87099597101,607.469697605208,604.741910348369,601.45523404532,613.062145482023,600.47494296191,605.455982891871,603.441666989552,603.511797277996,602.977805776345,602.877460001547,602.252774658614,602.173174351409,602.21006696043,602.090841798044,602.269552181481,602.116818239724,602.089696053079,602.124737930595,602.124401997043,602.086871223456,602.069525055693,602.002383416202
276.718526010036,276.545882513275,283.286329323081,286.726163379668,282.536309092017,281.813371433624,291.131610305903,289.590518028993,294.372862326526,294.753090095573,293.986442666525,292.226596697999,293.872301093171,293.886499138652,293.95925466925,293.870942183531,293.849529038753,293.833087840264,293.927015592244,293.90167253199,293.829363541442,293.864946561524,293.805262814731
438.194262731473,425.713023125356,432.135916788821,429.957738577329,437.665496714274,449.590962982124,447.022371189675,445.125407016015,445.503321699304,448.693387716326,449.531964599765,448.228016765806,449.454808351784,449.531702530257,449.574047078105,449.443908522021,449.512137988481,449.491719220767,449.515336910756,449.485034705753,449.591433116378,449.515703804213,449.580107294326
268.450724888572,266.672070593016,264.609452293269,264.456696287244,266.553495531469,265.455956548362,264.019361108431,264.387677875935,264.013756858014,264.376202569635,263.796134044094,263.066915400765,263.528866510196,262.925819169016,263.023360622193,263.000451446363,262.984787712128,263.007422827455,263.051256189944,262.954884599356,262.941312087696,262.905985063043,263.014962804563
209.765210557665,207.918359035407,205.635148576393,208.302763902448,208.58821725594,208.906211977666,208.596420461999,209.182051741317,208.929765058149,208.981110622562,210.474561402873,210.179205763419,210.446549633071,210.479419526453,210.387288467965,210.40237877946,210.442361964638,210.37490067524,210.391965344927,210.357711318778,210.283562365353,210.215332585908,210.243963479778
237.63186583613,231.562549382515,235.07753541053,239.83393348733,240.573795305652,240.249482106846,240.818763521214,241.875768897908,242.45877278938,241.856614750612,242.602450920116,242.610276672125,242.590469795602,242.646338836255,242.599826508484,242.563257846385,242.627206418891,242.587960009624,242.553956022813,242.623476698924,242.560581469142,242.523776225619,242.566898537725
349.000796565794,360.169752558795,356.538962768855,366.196360911959,362.317292989032,362.184875357258,360.298748481253,362.991158964046,361.903719580649,360.581130793611,362.322730585412,363.117416536386,362.446364413063,362.456721315867,362.4903662823,362.519257475415,362.616200977836,362.572336132897,362.539732364925,362.548606863124,362.477880286751,362.526040048406,362.610699535257
446.958057639941,473.783475805965,485.713097817649,480.872805297004,484.728703169442,492.755514132485,495.154104932574,498.419604257042,498.37520064573,499.003147855411,497.928230538677,500.262427982491,500.192540998839,500.252547022256,500.39234504043,500.322587669144,500.267976153063,500.371445221776,500.354401376455,500.296897766712,500.365204321521,500.307856186233,500.321357228684
255.280499830521,254.40524591197,255.48873858902,258.262929763719,258.747167550866,258.656188571109,259.367830232567,260.029219376171,259.324521414531,259.716227494177,260.000540042817,259.954718088516,259.957770164016,259.989689227774,259.981696176935,259.915084940841,259.950056392073,259.937994731782,259.929500084814,259.960387695676,259.91179279504,259.949110959508,259.959591874406
183.986860892239,296.40596228635,290.099129167853,287.822202612154,296.238795679104,304.216632812116,307.282333526752,309.478213363527,306.317116358821,310.909238551253,310.030782650246,310.079655008639,310.64411297022,310.499389010993,310.525585529843,310.346877556758,310.343508446936,310.324303044805,310.306863648896,310.201350326518,310.069954666907,310.004324849775,309.822653667596
319.924533301059,307.376303133206,304.225813087025,306.451438533106,305.489371401349,304.22923599293,305.313082622294,305.448463427061,304.161084011053,305.049323603108,305.191343000839,305.177978471631,305.155277661219,305.158980454393,305.219418555527,305.1775940564,305.223544047535,305.236359463895,305.184224481413,305.209283622446,305.284273130387,305.278209104045,305.322684316444
464.622658208577,464.207611275346,461.181377591401,454.129529321858,458.340560664513,462.925887040554,460.414341572855,459.518884485507,456.133643695638,455.532391226289,457.033841882844,456.090659307953,457.064978167975,457.074529497768,457.067764941211,457.001463994358,457.036529375168,457.002158446983,457.026506639439,457.072484172926,456.996191842368,457.073076204411,456.969622058117
68.4884065492823,64.6817832863183,65.0431293706761,64.9248982461132,65.0907742816162,65.2773411316338,65.1826967563534,65.2221112394734,65.3168908459046,65.390720828649,65.3844240127526,65.4194731358687,65.4123359204202,65.4258739062201,65.424348849844,65.3901026807436,65.4017191443821,65.4024993485754,65.4101137433488,65.4009004158111,65.4003153328824,65.4039263333984,65.3899309922802
394.255084494541,361.765129425595,369.135276060994,388.927321682893,378.742891763417,380.6109747783,382.050881499392,379.339309168348,382.444724022307,374.521304857487,374.833693295812,376.612342256002,376.612251890551,376.733248960377,376.686205761686,376.703331584729,376.751309855302,376.740436367949,376.697411643836,376.754294620445,376.873865748677,376.956308916421,377.03502865592
382.591547968103,379.998305951554,378.507729251646,375.744808689529,381.254246865454,387.407042006723,382.009120892999,386.255362283846,388.271083758513,387.368910987455,388.25542855716,387.219728011794,388.224550833769,388.157769390649,388.170874504986,388.201508840107,388.106984618538,388.187486722416,388.173867819265,388.121617074895,388.141976172434,388.206415467882,388.162173476167
410.319172097397,401.899600862803,408.684923554759,408.585860048664,409.693748221997,409.166327165417,408.184832537429,408.980034859518,408.996978887051,408.945633250358,409.497540921399,409.012762935863,409.236410849611,409.202580662904,409.160166733277,409.120242628772,409.135088581453,409.104027764037,409.133802209741,409.14865835907,409.089578896753,409.222238370546,409.108482147731
189.30860095666,205.230364476112,203.749227676597,208.308502586766,213.937980301014,213.740925322311,210.028981321104,216.8565664587,215.036928532717,216.851371139476,218.556020991318,218.553402775631,218.767166115369,218.817510051676,218.775284945473,218.793332576295,218.816856807174,218.807232331357,218.799895148789,218.774042905283,218.727369167628,218.64067518651,218.644009294557
302.556837143398,293.296955817666,293.738008768965,298.021582660466,309.150420815692,312.495693755809,313.81207539709,312.006225272713,315.365526727978,315.922643222232,315.96997338848,315.02326466733,315.892224500579,315.788733894092,315.819341314815,315.682895970535,315.890092395005,315.694803701598,315.699119888735,315.713915691782,315.613889324622,315.699650514182,315.634796875146
306.78653692968,331.5500129865,327.71086181621,337.300740955983,330.223655584643,329.045566579376,333.401450515753,330.221135746533,332.511522306675,332.553049445435,332.231450801007,332.605922915715,332.694180223442,332.675638893019,332.660204064004,332.612040694596,332.636163566892,332.722329424784,332.666679130592,332.61279497963,332.688147966863,332.631324779748,332.6000096384
275.691651135321,278.577712078302,283.824279196907,284.737841157798,286.749510962764,286.887246372686,291.46233165902,291.350484546037,293.241126120249,291.897397645494,292.358985330031,291.945216070386,293.461446565707,293.38940127388,293.518050119307,293.431535834988,293.46960439208,293.46464471212,293.444982297495,293.449849273908,293.467494798208,293.4854702731,293.560243195529
711.541608443325,738.503273495763,735.131617465903,745.177202269586,747.306376828744,734.013956991545,744.604454791555,746.051029387081,739.468970770012,739.493755167869,735.233405889712,739.512957098991,736.320614996253,737.146141006236,737.177369605944,736.956575031368,736.919539589708,737.053460599388,737.082578518289,736.994607192528,736.962816354383,736.876276697713,736.952815852562
277.849374407093,270.509467865929,277.949931509282,272.058575066258,277.260226511048,275.398598689742,284.925733479626,287.941736377777,285.415655015305,289.809146473851,290.724760795791,290.8782579742,289.845934624751,290.749501977031,290.748196279912,290.699819065492,290.648712160385,290.72635441926,290.691184207569,290.736605687031,290.67121922435,290.645410203813,290.685989286413
383.74575960149,374.355810546606,373.389516903452,376.275099261867,370.726494738428,371.211476959255,369.904429739692,370.446172243692,370.973672683895,371.439225077181,372.361507570549,372.334621683964,372.000306771977,372.014989403278,372.007873771288,371.962803615026,371.955624439517,371.965826172645,371.899365704393,371.981935814501,371.961239243475,371.816445538314,371.826215402107
204.956525053142,201.720154557069,203.884229143886,201.973315120754,203.056491123806,201.751565943257,201.615686978971,202.062630240156,201.752969544031,201.517207964479,201.370303215464,201.448538461089,201.228679973264,201.282997034599,201.189996376971,201.139901326904,201.145688893927,201.119908439237,201.106912544304,201.17156081207,201.104700238462,201.13077240145,201.182803449372
320.573158145139,419.769310307885,416.751114779605,435.376763361549,442.65085449225,447.203294404768,444.951872081933,454.085147320115,452.86984350783,453.146800379634,453.263265250755,452.873243433414,454.722476532891,454.650544186299,454.602430683702,454.469377617329,454.474931476474,454.561658677531,454.478626961957,454.482242144289,454.581831412865,454.311437974377,454.343352143802
214.816976962843,214.570386807913,213.754774582462,216.391744353619,221.494491102253,222.489824885368,224.568612070428,224.17098614216,225.08337914878,225.483752826598,225.356806677304,225.474685288411,224.476218770943,225.361192446082,225.37575627618,225.322526389945,225.387992047074,225.362021609891,225.336582085417,225.3518087946,225.348983911287,225.410513308577,225.366485546372
268.824704505582,271.077184964143,267.937450472272,266.789496588575,270.311236083378,272.757331902004,273.512696379069,278.564364783694,278.772820705411,279.066796131407,279.045521466679,279.087466607092,279.171478668081,279.110392389578,279.163698586618,279.023110656069,279.065444054369,279.048774841483,279.03181451282,279.057486937315,279.003741289643,279.010119689447,279.026807432336
379.422589500372,401.137559546727,407.319614695649,412.836832124139,413.037558781582,410.329585911522,417.315994200893,415.923634871341,417.732044121321,420.092730069541,419.228069255874,420.168821553939,420.135569429995,420.109730655458,419.945973935286,419.981611744728,419.901366598271,419.904421900581,419.909479439912,419.94879045437,419.903318630715,419.818931194012,419.856997824103
202.370577357218,178.363100114488,172.997294114927,174.893411072546,183.352086654506,183.36952470499,182.757563912161,183.652772001453,185.358288107868,185.221283412989,185.677139563241,185.727844445742,185.677098184943,185.679750973639,185.676690610559,185.613678239691,185.584146249578,185.651345408144,185.598168804448,185.603153508442,185.52934159284,185.455959123605,185.487880679821
364.450664149249,400.438743152179,401.056093195735,407.807303732934,408.729286527214,414.820082140435,415.698055574327,418.073059537748,416.389194413843,414.462804199603,415.835494733331,415.95889786013,415.667675974101,415.765653209162,415.805721608349,415.807385847447,415.902288687398,415.896081013626,415.818388108383,415.843653273837,416.046472098168,416.086891713191,416.13831116739
483.451947552941,483.475271154002,479.721337275386,485.620095595805,495.71979184656,504.283879073411,500.761842262003,504.774769260635,502.084958478724,505.781780626505,507.986868358317,505.417857343057,507.982776273178,507.990918894675,507.954145713282,507.941299947872,507.928447661095,507.934400217338,507.849604454798,508.020591937539,507.902019929115,507.868712402275,507.890064149146
438.490116547942,446.874406038583,446.075223538954,440.005303718794,445.552240062459,444.09237357669,444.036484023423,444.635954172021,445.132475962282,445.266111454966,445.198584059243,445.586962700529,445.203982748767,445.159759730106,445.233529111036,445.170115520625,445.107756465472,445.160057759029,445.111234918575,445.164453917125,445.145847833354,445.070802933782,445.062717565135
349.676737639942,414.351676018049,417.77791285804,414.778805324231,421.261204368752,426.028110338673,425.2551278823,426.660268039851,425.915919550876,426.59499037871,426.020870619337,426.19291395901,425.93716632138,425.771414072398,425.78883216373,425.751513072112,425.751853533104,425.670301579635,425.539293569763,425.527738929625,425.508570395345,425.394251120141,425.376465612184
189.146554999042,182.156539895163,184.036541729036,184.062695390637,191.916832917286,194.184525979518,193.633938914515,194.965481293274,195.881616025107,194.575308342304,194.994012821146,195.799705866549,195.762794681391,195.728491985617,195.73448307548,195.70020087594,195.703344794914,195.64423858306,195.666388811744,195.713262069575,195.630780867012,195.709286904035,195.633608886231
293.902761173257,297.781024128857,301.26468804078,299.871982115406,300.376946463716,292.574860714959,299.598564852157,296.732133997359,297.722745188968,299.615873462115,299.986514180647,299.798339272197,299.545370785635,299.65181564627,299.663072985251,299.550207463691,299.538580350559,299.499294242966,299.594384724299,299.59218796232,299.594188832253,299.54681063528,299.573064774921
826.197557975364,863.077076816267,863.342445211123,842.099044791739,841.359914109795,856.635770670302,857.652303070456,851.765267326601,858.571823257695,859.742664089171,857.561662400838,858.225978321251,858.44125808211,858.31639830812,858.374336072753,858.212986866586,858.237041286829,858.226888719251,858.233085379075,858.231048746008,858.113278072042,857.82412139095,857.822720515588
263.805604132948,290.83858354306,295.924746585905,300.685565762626,300.929675105331,304.524767755205,303.958492364487,304.305765849033,303.93521384139,303.805527279018,304.990284115134,304.738151879966,304.911874270502,304.818612486963,304.72088529159,304.701718611166,304.784718555541,304.654535360401,304.721443266154,304.69176914673,304.723519831319,304.62128735137,304.517959261949
187.596466608829,172.381181274009,177.720408411476,183.869689678896,187.422250350293,184.594384405239,186.749316405479,190.888603123099,190.618496171082,191.508471934446,189.563260597354,191.641402970064,191.565799449386,191.457144866135,191.372330307753,191.405432461158,191.439223938023,191.44310441517,191.324035947226,191.326035126819,191.291101757679,191.237204354257,191.090053162449
327.954382145845,367.959893324873,379.057367807513,374.958611766217,376.047396191327,379.465938959666,382.4959019606,383.498492771001,384.134565526121,385.07563658785,384.977035261039,384.787285510543,384.790804108528,384.712209615877,384.909829806111,384.725544038653,384.794191388083,384.718023301371,384.715322446851,384.788078592508,384.715893869437,384.697359751558,384.709511995504
147.209997100051,153.92256324014,152.858690367985,151.838238278559,152.117831435495,153.716721617552,153.525479445878,153.199346341398,153.028254991568,153.558994778051,153.300036411763,153.60448408368,153.57062020642,153.651947589881,153.702519891563,153.691154157195,153.759184349535,153.697443030943,153.698108433624,153.741532236556,153.723171400784,153.730938209546,153.691031284027
465.241511635267,463.468754519542,463.269665472481,464.170318171536,461.459017260673,462.337390452637,462.811964646872,463.129664690722,463.064387027974,463.06051013809,463.495797961273,463.522770046303,463.541458369479,463.491277362918,463.545811020187,463.557464727281,463.500699314268,463.508493522431,463.539449008776,463.503241342427,463.502541242914,463.503233622162,463.464920523242
728.694488500425,733.828529028619,747.510137015656,753.168103996319,744.645466104977,739.310728722699,740.035407171271,738.105189116854,738.528717097584,737.734884472163,737.104491556608,737.416624969441,737.62260314541,737.424190757526,737.558764237549,737.534011910669,737.533412193076,737.491244082211,737.485204289402,737.562564105701,737.491505883949,737.426094030541,737.35273193953
132.091299341493,128.323528824018,128.82728454387,128.593234874107,128.339064547558,128.324517365098,127.586662023827,127.375744540835,127.466982324257,127.753363000171,127.419409180303,127.416608348164,127.379083862508,127.373002634469,127.371461320296,127.35136768217,127.363006467067,127.341362491226,127.329372331696,127.344506673517,127.311028430413,127.349745136119,127.321225721169
166.578127971064,156.85284014596,164.125970440656,168.985447390481,169.465051324915,171.936111984747,171.330913373924,171.686779452927,173.981697235114,172.85639301273,173.33904283636,174.394012682012,174.434250484499,174.451413955208,174.424503152581,174.436626718061,174.378273569205,174.387303628062,174.39378013647,174.463128498779,174.408620418156,174.377357110367,174.303535473709
37.3529476961371,33.7754250511041,34.1758879954477,33.8848716575681,34.3952730421578,34.3091792836895,33.9727380848938,34.2703169721766,34.2961464554475,33.904600626229,34.2541717432436,33.9366568459061,34.1690288611836,34.1589019768692,34.1587018645124,34.1486934940186,34.1408106919341,34.1579371982085,34.155097295822,34.1427116820107,34.1462946073104,34.1373833272394,34.1265072852359
298.271627394191,300.905297435911,298.553998009524,302.048441301517,297.84716022636,302.183481764099,300.068495051008,300.446094463345,300.285440770968,300.07550512887,300.298094960735,300.32901693138,299.920565462618,299.923980911329,299.914165556317,299.881517518111,299.88562231489,299.878644525477,299.870984687771,299.831142258267,299.870282393098,299.848754175575,299.847557539262
203.972708180333,224.574934350163,224.883758227473,233.397187518418,229.950539248493,234.981183223164,240.958111036817,239.913508481462,243.766489607139,243.019832119501,245.333892586527,245.296984410829,245.302141540167,245.227446699665,245.19069650134,245.162047746919,245.137449230672,245.107394374064,245.122210770958,245.133945509157,245.074623436999,244.940228222654,244.962645097922
80.3793382414032,83.029540555409,82.0186793148976,82.3408619265383,81.4877887679148,82.7167900586261,82.3545079042369,82.0944490692501,82.1993882536046,82.2409850964422,82.5252969209279,82.4276710858836,82.4452693208504,82.3952917170914,82.3892934596699,82.3875276856002,82.3925792623544,82.3854981794221,82.3632322091748,82.3808507344148,82.3797094634016,82.3571947931106,82.333250979182
162.185026501832,163.415017418533,166.050337451368,160.136474992341,158.92740484937,158.776101704411,158.611801315752,159.171327108415,158.298330022007,158.432044033764,158.173037620037,158.455116855573,158.171306239985,158.131144555429,158.17332272592,158.099949031431,158.159100596939,158.196612540382,158.172757568505,158.161794625302,158.155335277947,158.190372634007,158.160044842919
246.463933855141,250.635305177697,260.383959897987,265.163988435466,273.981599202723,268.453765644975,273.763349538974,276.828469855416,278.744123461221,280.760567587015,280.852673322477,279.432377026079,280.920739475215,280.921623844541,280.866928220312,280.871471923714,280.870455418132,280.900906569567,280.826072871408,280.813450618764,280.924169956381,280.831538757397,280.763996640153
101.62600627978,108.462992536273,108.256732918431,109.469767353643,110.00443613779,111.03110475484,111.387146585707,111.313747598972,111.234530831035,111.631386286216,111.467020705437,111.360124354285,111.571080651885,111.548337438821,111.582574397021,111.56668141063,111.533932235243,111.544712524497,111.54392775366,111.529013371043,111.530710802715,111.521188489874,111.506623339883
27.5730769742381,25.2259097087746,25.0971077481552,25.0336525793488,25.0321672561606,25.0408162396769,25.0779026532246,25.0243493551683,25.0004237214845,25.0104120626031,24.9966744433237,25.0224963026538,25.0061296559794,25.0288985829987,25.015232419776,25.0199962396671,25.0145527911279,25.0209571272448,25.024950603451,25.0254826002882,25.0278146848487,25.0259004802917,25.0249806256198
284.174140452199,272.732265602281,270.22806255868,260.524691649292,270.390120895305,267.704346159356,263.582436580954,264.940317448946,263.138331178522,264.008409295236,265.649045002633,263.961012452362,263.86752713765,263.982618732152,263.917264018196,263.972704814569,263.971294585324,263.980777871954,263.930811040996,263.976862617233,264.012226837365,263.947847568455,264.112812444901
249.473891004837,232.004918125446,238.704682467722,243.384223988616,244.169311486606,247.450229566448,246.21622487334,245.401258999337,246.950078727409,249.212376178333,247.942895003859,249.173651813979,249.097619066014,249.171671264352,249.114618118886,249.19261314265,249.133671469516,249.155332392921,249.158332289273,249.105788410839,249.179146552827,249.161426225682,249.135455534198
168.486745896542,183.272116802123,188.839693184355,184.525961012444,189.53162880169,194.057596620617,197.986082327087,196.147339711896,197.668309881388,198.637092846726,198.304088843318,199.203173397437,199.264534058672,199.173610916552,199.123579805484,199.013435027801,198.996928289652,198.902252480625,198.940416104794,199.025473006789,198.786903842383,198.76009489579,198.716693726082
686.611645692876,702.54078310101,711.275266574763,713.036840500432,705.369378567627,706.452107574042,705.051552971697,704.826353086183,705.280607067602,705.187408455903,705.714622664143,705.500487327017,705.763842218118,705.598190667243,705.938387539399,705.801761471374,705.771142006639,705.737327586458,705.692861644081,705.759024491577,705.830488744568,705.910159702467,706.088966810743
194.170663652711,192.249129938679,188.479760905889,188.612958596151,190.352742947264,193.229020289527,195.384779486735,195.299565249617,194.998475437608,195.438746684815,195.92102322701,196.098650730159,196.079129844269,195.987726530878,195.986968435582,195.966430614869,195.974915470414,195.938979979699,196.013675399929,196.013679240455,195.926119588021,195.985670330284,195.991326031024
179.073840122118,180.100662041292,179.329098064498,179.950784640544,178.653655261299,179.600946116553,180.495907351832,180.585463895187,180.455218511642,180.815017914706,180.320207358876,180.769476599623,180.77262954757,180.696214151674,180.734671663814,180.715753031921,180.71799884583,180.74919014576,180.695685655864,180.710023958213,180.676554966286,180.67298778172,180.684369227858
349.316478477862,347.879325633788,346.347877635651,350.611730107385,350.239003118196,348.183027736737,350.166209171286,350.386616625029,350.328869380275,350.231567141227,350.629122834834,350.392428836353,350.413376436162,350.36750913177,350.309819929391,350.491125009459,350.426944334112,350.449144097662,350.37623853887,350.381354608454,350.200857014479,350.156070607388,349.986544632942
206.045498363565,208.85391990301,208.693570904302,205.078233654598,211.753067907492,203.962753172762,203.354072544125,202.51834257221,203.669264247027,202.59335017145,203.23043933856,202.489700196179,202.978036603823,202.953403577755,202.93377431572,202.991314118876,202.981503261464,202.893300064431,202.954654598316,202.937447885668,202.9499550078,202.976738362481,202.978821972219
211.049157362076,213.201488169673,215.070386611559,216.921026374178,216.194886573744,225.078930759196,226.665014465287,223.259237740193,224.004280684453,225.504774588528,225.720264764865,224.170736383711,226.569332105427,226.560478549533,226.534004509032,226.603843766129,226.61052949571,226.545189509634,226.63702496169,226.602579528231,226.523416687417,226.580574974011,226.637464798902
163.472912437365,165.269411449622,163.808178162045,166.130547371002,166.026271373448,168.063656251208,170.69255169244,169.516640492686,171.081666631682,170.95473619884,171.014407983864,170.588975836449,171.184098670578,171.169947910999,171.134395209718,171.165548777698,171.126295239414,171.060941300505,171.060416609096,171.09218374057,171.105718051767,171.120114502766,171.09821723849
477.105316342654,474.021496887584,469.499682610901,462.811364818216,467.162284230868,468.87475022944,473.02439010203,470.92506765504,469.508840731262,470.715108193401,469.586892354426,470.466650289405,470.415003298176,470.395372694362,470.426805185911,470.346536755657,470.345973958109,470.383046278074,470.294927581064,470.325636159021,470.332792711475,470.333214210108,470.225172053677
228.926875607861,223.169092488481,221.411736282038,224.165542399153,224.000772031294,226.403236656724,226.248770454011,226.614321837773,226.754838508801,226.516270821391,226.53622862654,226.484697039278,226.476246087948,226.493047503345,226.410733409097,226.360944410988,226.392089003022,226.404833142932,226.357503149707,226.412947686092,226.413535397057,226.405109206037,226.404383322967
564.835852320658,555.371615447727,541.502555794741,546.581082325314,537.268060144959,547.536734438383,540.025347293166,546.306729892623,542.209201831294,542.777436395017,542.513735030022,543.126833128098,542.004733216387,542.153690901501,542.02163646324,542.160875389446,542.119199039856,542.296303919759,542.33730162152,542.254984816244,542.432625367281,542.501819351773,542.521748525653
603.544997131611,715.289516918389,733.904835989331,751.511078256482,757.315550110548,757.822739797588,763.162400752338,764.664093117497,762.120259828852,763.380401194748,763.328530094292,762.822699374028,762.499375149415,761.997126802042,761.781014779647,761.49756519156,761.456844807911,761.202994183851,761.158071632572,761.015788385776,760.444828956586,760.194229382963,759.993066378889
338.516042504309,324.18495110543,325.718948335851,323.636066779505,330.009214285752,330.659000960643,332.485706655165,332.219365914499,331.163212666902,332.573266552268,332.146136420787,332.417715973019,332.469256397227,332.434822185472,332.449999910704,332.387629908438,332.466051195809,332.532910412952,332.485461285426,332.502269187133,332.461249747472,332.491975776872,332.479233586046
205.988167502881,198.439661347494,201.630044608046,199.503398745201,206.518757925272,212.215808828051,211.126257629607,213.277628229467,217.225784117377,214.256378905448,216.397337221085,216.04092223953,217.096194003671,217.049158375372,217.132893679618,217.048693590194,217.175530073598,217.061142621461,217.079945551383,217.069481529961,216.959874888623,217.184744452827,217.052209524641
149.843924074978,151.679300570696,148.829598428086,147.638970635197,146.447014890161,146.426773631053,146.240857521747,145.742382490865,145.944257098056,147.215607550685,146.42036440861,147.054272621333,147.068865449043,146.992897505122,146.995079074501,147.026646936344,147.033853022216,147.028593793263,146.99619766698,147.018405468044,147.007456205079,146.998081965575,146.962535718043
218.060238420514,218.79325052566,217.6308321888,221.27535247376,224.158301735482,224.040842667781,224.332920874626,224.997905155512,224.991236760828,224.618141324507,225.032582394921,224.69583760393,224.631804256822,224.638857785882,224.630505031507,224.733695009957,224.831674929358,224.792346663865,224.697047893244,224.770428544477,224.760661706275,224.721053767603,224.774032906048
352.896358019583,347.711206371079,347.689896879385,346.038948171237,348.337670847849,351.244491678339,351.787804724206,348.707412294595,349.592544853015,349.529940418766,350.521660923546,351.067994526409,350.447162001231,350.50599772728,350.445730233837,350.442037233608,350.456534064623,350.41993383407,350.454473977969,350.426757702728,350.438199494301,350.452784001415,350.389216080977
266.164091562165,270.562897288476,266.928702506945,271.489027570211,269.853657540955,270.994392576635,268.965384346837,272.00377693557,270.928563576416,271.272113220917,271.258304182482,271.164028177443,271.167856393114,271.135710350075,271.058127400477,271.088444318565,271.120354466924,271.044885989103,270.994187618665,270.974636096422,271.026817331351,271.02477536767,271.076576602878
246.499014140832,243.432646494829,243.136474207153,242.942606544532,248.83349516452,253.067789310301,252.480121431419,256.125512555935,255.676300209881,255.797228856199,255.922789028873,255.815636620832,256.307383081141,256.298728203488,256.140326047576,256.188726424574,256.231406640457,256.15256367214,256.132157902025,256.139915371156,256.045181562786,256.036955430961,255.9752781023
193.979249331151,213.710507612912,212.219559858029,214.929724406427,220.706625838159,220.279902605319,220.209301352218,220.6565763077,221.499485781995,221.832053294099,222.035943243662,222.547832435437,222.265568903725,222.213076025522,222.248170806371,222.272367784013,222.216996702782,222.262175952434,222.304886108553,222.209015221161,222.311830603381,222.175285973957,222.160478879581
207.98471008388,196.48913997022,199.105615278431,202.678044759903,206.506589149337,206.526449621391,207.538279791659,207.980373458626,208.703549983958,208.849334395896,208.748498486396,209.068976751317,209.018921712953,209.002722811047,209.003019141994,209.032066773537,208.979899345928,208.891854246846,208.854878520173,208.868623239533,208.752438761027,208.656874850156,208.647260424258
332.550935879226,418.175187671094,435.540426402741,441.691241270492,437.288780460051,453.211294272874,450.957339484642,457.435594617357,452.252140897597,456.405187963843,455.124402034668,455.090540376705,457.404243471238,457.173991773653,457.204239967059,457.175784316132,456.922660530891,456.948296814482,457.055339133918,457.053724741807,456.807691871317,456.974348565513,456.961451650378
311.340869528673,307.70732937004,310.254522409124,309.229908812312,310.415391361263,312.188828102709,312.774079149641,312.212659077462,314.03061493647,313.081191531183,312.236875624926,313.146350946839,313.051596067863,313.086275319693,313.166317012237,313.107971341532,313.154575559405,313.150020262262,313.185263650582,313.196783651711,313.173891341125,313.215869533517,313.219744694556
342.73180596427,330.450996176857,332.356727750002,332.582955148582,330.627759440978,332.035330191147,332.649679614961,332.835981868473,332.765760260885,333.001626489084,333.059752273482,332.8269516798,333.060374270739,333.027682046051,333.016656157775,333.053696300017,333.022831301221,332.993451705201,333.038357760543,333.019786812416,333.05848301649,333.03450947563,333.024141601897
126.769263658416,127.568271547362,130.35129513688,129.047741339898,128.019267855792,126.670065181613,126.976994498818,127.615737660592,126.730744401872,126.633174413406,127.014597351758,126.864127989186,126.980099884875,126.989936898025,126.898492153541,126.8922435487,126.990300734328,126.973965904793,126.90589927497,126.96643565427,126.947159581944,126.874115234952,126.873283652217
231.789270726845,243.940937809378,242.674345099618,238.638260420529,235.215368334432,233.358926809009,232.492122534846,232.031241345496,232.136832121905,232.506782368537,232.396992283749,231.826172467692,231.773199370866,231.683861496759,231.48713397847,231.617733702017,231.691811541848,231.516068551604,231.714128384958,231.56443222938,231.566119116514,231.474290015961,231.452752378282
559.360710930711,560.770755771632,556.576729806718,554.900367348417,555.61907539143,555.090362850859,557.677248783512,557.090488262681,559.013902007598,559.39529590753,559.409435580325,559.014232513737,559.114128422503,559.136803670359,559.122620527164,559.077077284675,559.049671284746,559.058063319392,559.074597735389,559.04907666754,559.003796496564,558.951026742122,558.928268629096
349.695345002363,338.155263939436,333.898205483045,343.177781395741,343.538847484337,346.028251123426,346.906256110479,345.96456451115,346.660371905085,347.877079548809,347.930014665453,348.246185174062,348.248685989493,348.231678399568,348.255323354733,348.326366231674,348.262878703016,348.29410563,348.348250284697,348.234091682863,348.2501382449,348.279442828278,348.308183891235
92.7829817904249,94.5548535050587,95.3517828038166,95.1118079109722,94.975526117017,95.2129283760617,95.7994942200601,95.6512977029117,95.717601991133,95.6526696738802,95.4862986365489,95.6468300093626,95.6314562904737,95.626938286585,95.6008684096443,95.5849814731765,95.5811381959374,95.6199966226044,95.619821310731,95.6110124648523,95.5953152082314,95.5832950344448,95.5827615425623
340.857623161772,342.526469532849,348.745999934719,354.190711942095,349.479883045685,347.226300430993,351.649759293948,351.039872573689,349.52885821358,350.725864417771,350.37103699084,350.971481974291,350.853127489369,350.826716219365,350.81241267286,350.79227387158,350.757122656996,350.865156175904,350.782100121431,350.72903178702,350.907580701846,351.076252483029,350.978854255369
204.337605527513,193.175554460189,194.071646073871,195.095049492126,195.449871275439,195.100712970398,195.074526401763,194.637425409842,194.880170486993,194.54227435748,195.03618154951,194.311683230144,194.370632438989,194.331295337004,194.374692082883,194.309009984816,194.253291937766,194.306199979071,194.279976769014,194.277936636027,194.226537337869,194.24585933747,194.193261459216
295.095704140564,285.362187697584,284.130271398882,284.085947807261,283.239425052957,278.358205434581,283.102260895286,279.987257070375,285.664501132204,284.11333083549,284.342003774396,286.030961502593,284.369069941084,284.454263605145,284.411922379571,284.637542238308,284.544555602181,284.58176261706,284.592148515273,284.486165505655,284.657072017569,284.83533206397,284.821120642374
661.273809820585,643.171760183118,640.735463117289,632.269839146139,637.212875575768,636.431127320839,638.05665714675,632.463101459779,635.678942107251,642.503464926101,638.601930553801,637.492190814596,638.867237014602,638.752614953841,638.724687630351,638.754895710177,638.568217162056,638.680531673517,638.647734801898,638.594591654577,638.552023467105,638.461559995673,638.383968525057
178.870708308966,164.159336292825,162.178614726859,161.714766650908,168.067443886632,171.187716708786,167.932382224248,170.930517980771,170.566364855059,170.859536980485,171.286522078634,171.244844110393,171.128492238476,171.052336528815,170.99560087081,170.953656487771,171.024121825451,170.931625330828,170.95695875324,170.914428259277,170.875257245644,170.996641812079,170.931660164734
342.737815265282,342.788203516193,337.081415885893,339.480263679411,338.199050849172,339.10838517435,342.584869194158,340.329474694057,340.906266895692,341.089696696917,343.037239402293,343.254444556562,343.196232313495,343.227752981839,343.14424164202,343.227810339709,343.201447935633,343.122779103924,343.094019800438,343.069678394561,343.109255820344,342.969994031373,342.910613651203
110.539703471477,109.158570053327,109.512027817816,108.446367649765,108.916915286643,109.046241203871,109.391864042648,109.445580594185,109.450328466865,108.946159083922,109.39486258594,109.40360607325,109.394062239168,109.381308357357,109.354052722268,109.331662669315,109.355709844499,109.315726310263,109.327605502858,109.346115719036,109.316712977921,109.310804922797,109.320983795871
558.113049682913,547.406940205437,547.069160473279,536.389361911373,536.182420851043,539.874609521033,537.016789370298,540.591736047759,539.473354025738,544.073294885525,541.627509734515,541.558819803648,541.425698139413,541.48371060052,541.492705786807,541.449053314216,541.36231530277,541.274856139509,541.408835727431,541.404115508504,541.45856509946,541.360035728674,541.257156895357
358.320287618456,387.675872346225,389.92950492053,385.870075299149,388.146679101674,388.081377962664,394.941550468354,394.716196873442,394.828531632039,394.400700024648,394.17454192191,394.261751022452,394.217472517256,394.322354325719,394.273350615611,394.288283215637,394.301842286273,394.232780716326,394.2580591109,394.308368445464,394.299091515622,394.17300158638,394.219550647558
377.275032032018,393.738855965187,407.607361982781,408.583761044179,410.311419065122,422.958901385106,427.00804855885,430.357238783005,426.691614624899,426.85184832734,423.275645741096,428.718678440482,428.713232804741,428.751764070183,428.783753794487,428.766599905895,428.793852090912,428.832796167468,428.932662559135,428.856859277049,428.874067977589,428.914038644331,428.897470140132
269.644673895399,289.139520398079,275.575468277887,282.132112563665,282.285175262451,283.79867840105,280.345378483244,280.75088220934,281.763382984231,281.548375905506,281.25710510145,281.268584773752,281.247498158488,281.201845353929,281.208747260011,281.231152731973,281.242550835663,281.244272487452,281.187514364232,281.234670611151,281.294159853522,281.290986643428,281.286576414922
