"V1","V2","V3","V4","V5","V6","V7","V8","V9","V10","V11","V12","V13","V14","V15","V16","V17","V18","V19","V20","V21","V22","V23"
215.078078064734,219.959697159393,220.721339108496,228.790356903904,230.338476022935,230.109328193074,230.595187698366,230.652337240065,230.580106591485,230.845796215414,230.573569471252,230.529485298072,230.569081581607,230.273358324018,230.391559875667,230.445750194897,230.575441375821,230.235845699646,230.257628572004,230.594839942627,230.59576667351,230.271452204235,230.381094984315
471.21078696254,473.344287199502,470.231854898021,469.940790798081,473.047937902758,472.836517669186,473.26923857957,472.881097407639,473.138947722483,473.395481869215,473.013956444212,473.05894682636,473.217254653781,473.071150836509,473.202486615393,473.200233550302,473.270805614734,473.242616883518,473.237487854642,473.238794057468,473.313107115507,473.17287884237,473.136250593932
168.531810107381,167.166586087014,168.587755196081,169.050865336687,168.682118185677,168.874388935887,168.701751637544,168.694567111828,168.59713073038,168.515336160365,168.41048648339,168.270086807134,168.125057123238,168.001973921258,167.923364915561,167.945833067827,167.930021095091,167.980372912355,167.909954870947,167.803230519268,167.771069708926,167.715945125349,167.605065357796
193.124060206912,196.228494493178,185.426789687704,184.787053499167,184.98909094215,185.232374784233,184.732376915149,184.482251569744,184.614565290562,184.438784838109,184.520777182479,184.218990966222,183.982829025567,184.156445181473,183.966754985764,183.901122658677,184.02106944526,183.957203017616,183.797481304479,183.999245268025,184.029357416277,183.827231632042,183.895875616012
351.24013418026,356.965793589017,358.12856839641,357.586287426674,357.221762254772,357.133658067314,356.312301615117,356.280144428879,356.534142590592,356.480776934943,355.914114698725,356.158573160764,356.105099267691,356.014955402286,356.33784615459,355.956295786085,356.051256759791,356.374253930781,356.025717756664,356.370197874569,355.919377432274,356.174675487127,356.042123175299
271.759119394711,265.952804576103,262.227598103333,264.585870698055,262.31852758701,262.015345958381,261.771464148477,261.597893915036,261.478156927064,261.588733940898,261.225156176714,261.366015566681,261.155862625835,261.445516522586,261.388240895887,261.233434577243,261.484011131741,261.103471257155,261.394213422842,261.418636836804,261.08314321381,261.363958149944,261.207961859261
612.583574490341,617.999804270658,608.022853578759,626.77837356665,626.778095010501,626.610977932643,627.026741528667,626.510952885501,626.748619326023,626.873069507453,626.636443742965,626.603820360766,626.594808791325,626.347956124425,626.768219097632,626.543247754452,626.445297843269,626.543209010625,626.49516336104,626.360057886259,626.73339733084,626.487141800591,626.175176641903
316.639781840433,314.02440221066,316.200252488224,314.274370748128,312.78353416961,313.265958903245,311.862148375849,312.39102648465,311.590071124037,310.846154870826,310.245977012048,310.30718416754,310.337882332749,310.282334840342,310.265602269119,310.061152890963,309.934792748503,310.143311153765,310.062876102301,309.87866498176,309.834451645353,309.893115764222,309.831158278969
494.013299398236,479.625525966089,485.537322571805,494.509255675044,496.867735253972,498.433835268437,498.659695636316,498.861513711597,498.705493801424,499.025979082706,498.991763973869,498.555585716299,498.615362780977,498.776898252691,498.914818561154,498.917662026898,498.843039693517,498.743263982583,498.978213721442,499.027438039292,498.707426771697,499.046593921169,498.618822499888
301.264497910183,299.414986053985,299.114862754349,297.416763816216,296.756586132804,295.492353149561,295.809687659739,295.615915261087,295.474406900129,295.824337674283,295.288030583849,295.385211755443,295.324526474285,295.378082273916,295.124192564568,295.452986998235,295.229999057671,295.329472187822,295.278490843845,295.046966202599,295.142440639926,295.030428534798,295.310337966958
193.315179072282,193.851805822233,193.914118923979,193.494349206947,193.663213556811,193.580904554764,193.45020815479,193.350729863664,193.560045581661,193.179246479595,193.046693006244,193.101346964383,193.049721721659,192.914047225972,192.984935464719,192.719811274285,192.970281739212,192.853513296283,192.750665780384,192.793098117012,192.888546980168,192.692704198769,192.792325962915
228.253282151658,235.117390710508,234.808260688611,234.819815732984,234.601863783494,234.81727640029,234.502210317564,234.222211476825,234.118395157207,234.072994503411,233.995369379746,233.65917154034,233.740986559609,233.620113258691,233.83999381796,233.868519935061,233.909544633466,233.756038933687,233.796323813834,233.737187853221,233.766450341998,233.791029556603,233.718829588373
321.832754877475,338.071970226625,338.315345567769,340.891046914509,339.644708319667,339.217990705157,339.885676918771,340.511843610366,341.162639590588,341.616410389761,342.20352572069,342.391765727999,342.651941840191,342.714845943588,342.656174004083,342.666699901779,342.916859763224,342.820020098237,342.528079554327,342.665035623382,342.384634846278,342.868001202407,342.604992856082
528.171637930337,516.207481162364,516.321758526516,516.765262657285,515.886843958011,516.257451713843,516.129709655403,515.9170673649,516.547703852762,515.650704185878,516.775290266617,516.677548977971,516.334575209247,515.918503447707,516.418157179337,515.804698547836,515.852044032102,515.824871518612,516.173164347672,516.324786399751,516.104377211708,515.988360208384,516.13186758033
299.914239820646,295.587840692052,294.992307341493,295.179036682893,294.926561619862,294.860538015645,295.119264104934,294.823359421417,294.766107719882,294.719939703146,294.938731861659,294.550400288804,294.527968761313,294.57826714876,294.338661280178,294.450272017405,294.510845728276,294.507234390086,294.438262902364,294.576868402082,294.530212012731,294.531816443807,294.40947169843
300.237025102047,300.620172867023,299.639055841254,299.768599761462,300.145442547036,299.795062820524,299.823900329682,299.891130559679,299.637868036693,299.47051253977,299.627976709939,299.61314414967,299.641126278353,299.733204057072,299.744753469485,299.458792489958,299.461567261842,299.392831932148,299.549379574344,299.573906626978,299.539744485998,299.586092099047,299.57562501627
308.510169132261,308.384016555045,306.10478703693,308.311528986162,308.510178046749,308.375309326043,308.565506491698,308.637719495142,308.665795874214,308.845893765391,308.746844340479,308.545759147208,308.662106994149,308.755386055768,308.616000287903,308.475887468032,308.528440976556,308.589908242732,308.435808566936,308.456648604051,308.657940342067,308.590907535262,308.544241422267
483.907934175743,479.312770265872,479.546968702704,479.12921290754,479.094001534953,479.29401957099,478.556777674002,479.421656176791,478.789359870649,478.130154598568,478.255766982937,478.347996618885,478.523642246887,478.455803914962,478.299774510254,478.393074313353,478.223582870888,478.153641839161,478.185427488851,478.371678293959,478.360756132244,478.286621745988,478.464924385586
66.3317659019188,69.7742099773177,72.3119293537913,71.4038129450562,70.1991699329451,70.1982299379657,70.1892850342122,70.2268351373602,70.2522022710544,70.2154337889849,70.2299786010209,70.2201321277224,70.1457038176464,70.1549410446689,70.1177585748388,70.1159757772819,70.064746727102,70.0745691712184,70.0901976386707,70.113092130613,70.0914686641559,70.0734748813463,70.0713151080025
484.786674394898,413.645446146585,444.374248811698,424.246847546847,423.713668736048,423.586450861084,424.027688929084,423.728768366005,423.657250817612,423.934397054177,423.46892769344,423.240982476626,423.371514969173,423.717355267789,424.116305855016,423.981915134122,423.836632442404,423.789004400932,423.714816765611,423.946358285859,424.109493424772,424.453140576056,424.412275161169
392.492260725907,384.600172160413,389.765498621149,389.740610947169,391.471458886981,390.950805096458,390.937523437491,391.2815196661,391.276624881376,391.489147857752,391.446107973224,391.482499524813,391.853097160661,391.525783005702,391.611887685603,391.536596316887,391.492608859253,391.686771023267,391.802382563147,391.572125836648,391.647144783527,391.635652353997,391.380657647035
395.35684530887,395.656887078793,400.744671546765,400.698059097376,400.969326660271,401.261237307401,401.540937461017,400.50737067253,399.751614582436,400.376650770491,399.689315074305,399.673186829061,399.164902316352,399.440149922916,399.186991421372,399.373689093558,399.272834131378,399.296625665322,399.268898185765,399.264822113827,399.184738859753,399.312705859699,399.302486616472
242.802035606624,248.722924295645,240.097503187044,244.688055711874,245.018307683105,244.548666600608,244.466941559238,244.78684286716,244.900901804076,244.778187218297,245.199969225389,245.02305087508,244.529036842911,244.647252392352,244.431626851033,244.49826272899,244.505323609856,244.534009414953,244.352855493794,244.459306879392,244.471259775321,244.322253197548,244.337528755253
348.132620946503,336.404346886826,337.601400527038,337.725058472322,335.990997572403,336.201560082024,335.815767116671,335.184001746711,334.547701936485,334.510935164632,334.396595312443,334.406473786148,334.07109516577,333.967534662625,334.010296754238,333.87151744976,333.793360587035,333.861255341216,333.863006569317,333.963394435216,333.924139036147,333.742459745233,333.593803567389
341.82445994647,328.716563268791,331.360227240076,333.594333317483,333.59159685338,332.920082090756,331.750372397617,331.717811479478,331.381763053102,331.29703315016,331.783731608875,331.695304143664,331.383249087223,331.045667470246,331.449552430416,331.30570202575,331.137274272961,331.18296886439,330.975568296509,330.987333391877,331.154547381873,330.994991887483,330.969696537558
324.00004025995,310.742297493275,307.529265774879,307.689231988399,305.323418885396,304.934524263077,304.628407535241,304.644852810917,304.535799360746,304.235510088026,304.42607907229,304.117992433335,304.09109892763,304.109922333048,303.936411514606,304.281754025858,304.226632461769,304.065341985987,304.391581441269,304.195848814868,304.032218044602,304.113324678486,304.379559342419
749.849569752672,758.582922543658,756.879111701021,748.442984342942,748.75036794745,745.526882534755,744.4864458241,744.050941064135,744.080788430013,744.263391684188,744.482558936856,744.282764566193,744.471297966701,744.316160315998,744.070162114832,744.000387159762,744.093054360725,744.085356695079,743.795858762925,743.438827287172,744.13188372971,744.073717749655,743.905974158221
294.78122004845,290.523991088705,293.892306384755,290.640369684793,290.932089534418,290.851373042638,290.649925410595,290.479057246758,290.291881829035,290.028115479392,289.826252405708,290.029432241965,289.710739525603,289.725425999041,289.486963754826,289.665474562399,289.74936506006,289.587477100155,289.461305118093,289.489301928155,289.664899693166,289.588681420264,289.427618505485
389.685868917005,388.10161893703,387.588751014431,387.54142540992,387.570544991893,387.428680031472,387.831974783279,387.709730933618,387.551020644911,387.682548614966,387.574942618752,387.613143792458,387.455867791507,387.467732677126,387.36099856026,387.354455193983,387.41098170536,387.398833480266,387.352040279248,387.316238308722,387.253433106856,387.256481780988,387.321995787104
182.752355219663,174.325879225421,170.036814411793,166.73271457184,165.625163110549,165.381389320361,165.496174302727,165.398999374317,165.425625533608,165.443692423247,165.449095684128,165.441224801425,165.390640870558,165.448201023917,165.463989178921,165.449799935149,165.488855437819,165.466620384815,165.512811223669,165.470144117919,165.517514465423,165.479256726883,165.36258092414
472.881662470734,485.672930756021,466.982469668704,465.576831469809,466.090492223274,466.27527382798,465.383816627427,467.179533131866,465.705807957579,465.923204690738,464.970850786794,465.255098699094,464.387481640879,465.078374917507,464.908115842932,464.400099780029,464.077518902168,464.550346689035,464.792180325907,464.379423515565,464.416726301137,464.291281691884,464.735378872024
223.075429364791,223.242593044487,223.040314520994,223.971487563557,223.850621058238,222.792726281988,222.782156413382,222.154724313158,222.104731216692,222.38513090656,222.399242898253,222.363092238503,221.972019582653,222.130063740525,222.084231741439,222.021962701929,222.126606189792,222.154252755929,222.093517189329,222.052752230222,222.067424503485,222.100231984841,222.104671412887
273.90893696018,270.779465844529,253.034013658631,252.840587063951,249.647447606576,249.425801240708,249.133107838537,249.186833379003,248.837340681582,248.82282026243,248.847466839674,248.711942952021,248.684762915782,248.833558524059,248.479957923132,248.570120222783,248.882744841435,248.861852259855,248.827224264764,248.824891268386,248.62692585523,248.679705798963,248.600903286839
463.606233960483,469.480245351218,454.831503999512,455.067712372174,453.762278628834,453.787136525554,455.254323334548,454.896725223864,453.829900147466,454.488380661636,454.597085397128,454.579522544484,453.895279719036,454.438359466582,453.854172517099,453.789920222337,453.510535397042,453.618438594192,453.848085812632,453.780494534494,453.948201095261,454.006739124165,454.205400982474
201.234757210774,193.147959470658,186.733479862736,188.43877746021,188.636577120978,188.216582507216,187.942884202152,187.451353269166,187.108666756709,186.670756004485,186.429015270649,186.722149993939,186.723891222302,186.561900828462,186.362673942741,186.567461410762,186.334878411492,186.493582664878,186.570181327374,186.687103185427,186.485471787368,186.647055181622,186.733291193975
442.994410005415,438.15944296842,437.275740416604,438.279090963906,436.197651981477,436.033202560794,435.846491144683,435.198307567832,436.487818276416,436.437265695278,436.637870096762,435.910718016844,436.234118081433,436.359170643768,436.145064816771,436.238917967994,436.549630104813,436.4022310514,436.402224971751,436.225326611635,436.649947737657,436.403229451226,436.675161937185
492.531735245192,523.946580720746,516.206460002344,512.047890956929,511.046000028297,511.676844166464,511.41640553593,511.222185188504,510.858160033829,509.76795555659,509.84187518189,509.912952482765,510.017473798421,509.41252512414,509.868420817447,509.547438946513,509.67663781368,509.060301826247,509.710746245585,509.30685975286,509.660826543691,509.507684897256,509.280114384783
452.485077962916,456.981960696722,461.609920239443,457.305923721568,457.889385369563,457.732190228352,457.90072601617,458.064529981581,457.659078725217,457.688899042801,457.680739751207,457.777921854881,457.810815526188,457.603046420739,457.900825977227,457.537533868674,457.841585801032,457.89768255328,457.792774146808,457.838622098282,457.8112321932,457.920844172504,457.58934058544
493.745623818835,443.55044677004,448.508138355387,447.534274367247,447.583913605648,447.275647151551,448.056584344382,447.462836743251,447.334492207863,447.45743005939,448.021421728346,447.655595214604,447.399591374529,447.104678611751,447.158791689164,447.187411503844,447.344136156602,447.31042786694,447.402267639937,447.144115731626,447.305344463202,446.846044071526,447.148275076735
202.004970379323,196.413403745003,200.98672013529,200.929241123018,201.009697437152,201.719609033087,201.199554558951,201.285269291011,201.217212208507,201.271473956833,201.104143291635,201.183916367708,200.771218822682,200.951962061773,200.801773365355,200.90256648853,200.749072818013,200.804997120674,200.793457106191,200.819089765582,200.899712145451,200.708072175101,200.709338199519
317.874630255545,318.695114262922,317.823592235163,318.233360753982,317.806904199105,317.710093088477,317.523374438326,317.042516521657,316.659929172387,316.152302063514,316.714425715856,316.595639611024,316.497438849194,315.999928613864,316.230918914707,316.074448501959,316.062884331436,316.227404745968,316.224245706552,315.989850811549,316.021819606736,315.961502908205,316.207466676013
783.869872353418,784.84152291296,779.170852399011,791.269371246375,800.548616384413,803.091675065306,803.499594787781,803.687837185953,803.641349099215,803.489136270437,803.731483636514,804.002761565222,803.763506580871,803.935824358548,803.660452144977,803.793156503516,803.86866774746,803.858138439861,803.583773071706,803.53763651662,803.913816810492,803.903937330567,803.525401554375
280.943576719483,293.165615391752,316.998315905097,302.075599669568,305.713189696511,304.588730896598,305.093360910375,305.037805888802,305.068639613873,305.191370097049,305.029336812988,304.844134134385,304.846405529187,305.205583998702,304.91500629612,304.92862417166,305.070674483116,304.920587693567,305.027864166194,305.062935821268,305.122365282263,305.00575532888,305.017702993602
174.11577479553,171.257463663571,168.803879789665,169.090108951754,168.079140870139,167.672708406235,167.57626339046,167.703989766883,167.790643993967,167.764482766702,167.707896991628,167.852828742967,167.916685813635,167.734320639032,167.975175507886,167.675848021559,167.739858321499,167.890356270441,167.790004788134,167.764554827619,167.941184095844,167.886803580837,167.736355937843
389.229482241633,388.679731603174,379.631583210162,374.975085292318,375.383580328594,375.714281247368,375.513391782026,375.556656461917,375.150846091507,374.850511700164,375.075164758856,375.577165142577,375.414114852106,375.183006565668,375.233954295885,375.288314255654,375.085902616769,375.644419987523,375.368467897685,375.589707969538,375.643767857962,375.695811781184,375.537094658011
153.847321700629,154.629808160435,160.200136255164,161.527496679823,161.252318981378,161.62308454789,161.62666799495,161.748078579787,161.681559299205,161.689379953689,161.7626091349,161.554715634041,161.639216297732,161.744411887204,161.495370101615,161.560165396815,161.594612687633,161.58106743565,161.485105411914,161.516295301135,161.55185200971,161.510635873174,161.49411328771
477.45151074886,471.746109506227,471.923999717038,471.789020708052,471.900670133927,471.979632151258,472.12838592833,471.779281006079,471.678998734785,471.475427861732,471.245333595628,471.505320687606,471.289884458709,471.264891704836,471.385181029535,471.260388881542,471.212022800298,471.414073598474,471.344774375055,471.303529469104,471.292058835638,471.196238352177,471.314158033465
729.735079270989,728.182899883107,737.056064272832,735.558253275939,735.185382158799,734.468971949863,734.212387981181,732.561951347797,732.800020258793,732.752315734686,732.687500983275,732.587788479959,732.427263419266,732.407872503965,732.089781744346,732.125951497753,732.257916241427,732.384691943327,732.222775901359,732.002056911258,731.932737207297,732.234549989602,732.12994370536
112.511432619429,112.97620306015,112.0115501662,111.065687726268,110.762823525201,110.618735393045,110.644570175294,110.724676833392,110.828405662734,110.712508164826,110.629809927002,110.767776728411,110.748787483832,110.747209700483,110.824368895434,110.722297530957,110.732726359374,110.798622379584,110.793752841163,110.825512327412,110.771435918762,110.796038986136,110.709537862048
162.749219362318,188.514308275308,203.438337076021,202.542678839604,202.764200009033,202.691728555194,202.556264105428,202.004551622287,201.445157784932,201.309639123267,201.257843418096,201.204004464882,201.41275194847,201.1435234942,201.4317688352,201.027026550268,201.254816197714,201.038255767613,201.237759097648,201.46239415182,200.945378961823,200.943817018174,201.249413343609
90.4010530964183,88.1376657800597,89.567640121234,89.3829574661958,89.5703280994458,89.5893892172666,89.6029523624741,89.5359873672198,89.5702814491283,89.5440573526245,89.5448984961099,89.5016219864252,89.4859931291475,89.5188789308614,89.5477185598186,89.5737660778217,89.4951168580722,89.5212101777931,89.5553415496453,89.527565753772,89.5158530481819,89.4906994449224,89.5003206760609
244.63966194937,246.121202896955,245.607311018736,245.996399431157,246.152696428239,245.804964593724,245.457242283269,244.882485876322,245.317359742319,245.023424438105,244.914176663493,244.847372032968,244.756732714289,244.652354487924,244.700366126757,244.644728431223,244.580088531946,244.586999428211,244.672375103513,244.569685942121,244.624592189266,244.710961626049,244.339603671965
212.1062725957,247.380648325977,256.820679591501,249.361055354845,248.83143379921,248.562534279453,247.976969943335,248.44203238627,248.69913846933,248.224004764272,248.251818951715,247.999399104958,248.163096566647,247.908111461759,247.953096836167,247.851961924628,248.096653625834,247.929162113006,247.960292179831,247.912861969567,247.987060857466,247.858357692911,247.904035664978
83.1751314183818,77.7546231407905,78.2885673156616,79.6014380512345,79.7468365075887,79.7227383088877,79.7188903800936,79.6913120655698,79.7389976236192,79.7222740584024,79.6704432811831,79.7190978497698,79.653832434282,79.6946343078576,79.6770582659498,79.6443518109777,79.6435860866456,79.6739348535001,79.6437684329704,79.686582497668,79.6312512954202,79.6523792122569,79.6265046333181
140.932476793437,133.19942687207,136.702145931385,135.254711399717,134.923438254602,134.947687623328,134.863592721588,134.981416427702,134.924238070843,134.863887033321,134.810388032361,134.892671861093,134.871643852546,134.916018502288,134.784243863134,134.775568871944,134.818826598191,134.765736373469,134.736337995272,134.698207664112,134.608776573867,134.617051129958,134.625476871886
314.202796415909,297.057204950853,292.27717438266,293.318435939657,293.095277538586,292.255647032981,291.633331871615,291.542904576113,291.546561989111,291.092543680874,291.109616241618,291.399234151767,290.979190298812,291.075853775916,290.895342220219,291.130993455206,291.02170756691,291.117447620016,291.128036707652,290.990173463974,290.924432404337,291.035451179093,291.052089123211
130.771930170889,136.842814666915,135.397238402829,135.765097052501,135.782059588001,135.737791517456,135.64167612281,135.717169976291,135.749950165743,135.783484054761,135.728558862263,135.788367102771,135.706628966521,135.780438194193,135.663362518156,135.813099989766,135.831405711361,135.759773950095,135.714176212644,135.784038948437,135.702598340907,135.71027212407,135.672545825035
25.995963874478,27.4717468503461,27.1313741369239,29.2485110792032,29.526060227922,29.5312048819262,29.5520608545243,29.5455888822278,29.5484010332896,29.5368449647278,29.5704987380077,29.5425523298306,29.5230576920011,29.5451529600603,29.5609240732184,29.5456166243784,29.5682202914421,29.5482990506718,29.5560963973117,29.5513291640758,29.5329732844962,29.5378453311539,29.5693191645238
263.742500805124,269.923180217717,271.372363079211,263.953175653925,262.852740380454,262.595138862085,262.600801756417,262.600700697318,262.628441399626,262.574757551155,262.471153915707,262.826926706579,262.426295997974,262.615460616033,262.516676964097,262.331178290952,262.245730585367,262.320086112623,262.120316651797,262.278932261645,262.176991661813,262.316161189721,262.115005013564
246.79467797506,248.12616872946,250.052886286405,250.116479329011,250.375164033279,249.89235304856,250.016724491634,250.032893686285,249.825046811085,249.791959808899,249.737987382669,249.401450078575,249.443254266874,249.486281326252,249.564676086482,249.601904602475,249.590231705195,249.315244669202,249.423486451299,249.480051645192,249.339593282298,249.438109433561,249.178770405959
199.988500380413,209.237505981116,200.741845977395,202.398497949549,195.801899307733,195.468092720884,195.236597308135,195.324887853788,195.339474958105,195.41216015844,195.267680036361,195.200053285417,195.263045124017,195.145826252679,195.077666229774,195.040599418005,195.439928420382,195.09533597701,195.045947979852,195.131368144195,195.0393877461,194.901889077366,194.79899090741
811.682150842435,756.670685655611,765.621729814191,756.727514709443,757.786666267225,759.244001296395,760.342204589615,760.647807876026,761.226717043441,761.328244047407,761.342497266469,760.994695994764,761.516419543573,760.624698031294,761.518949586505,760.92744947615,761.474531652972,761.09037190115,761.04085505546,761.047448563124,761.072385494262,760.816301981743,761.085896636654
211.32028516101,211.139928427141,209.685749589923,208.576123811951,209.257738718273,208.902424979164,208.776182299116,208.615588713297,208.559695610112,208.709741224419,208.625649297193,208.641381100526,208.622405885336,208.513735475967,208.470499604953,208.46441217291,208.343851288235,208.539016052737,208.407352983522,208.417474057917,208.491652461895,208.344504391188,208.480625057384
179.707544728864,179.53667139289,180.477414909461,179.716579895588,179.81465900981,179.90884647001,179.827678939089,179.721477970939,179.682914083974,179.636740108216,179.555153303103,179.519205867249,179.501992510169,179.456517997605,179.432278617965,179.363772836868,179.434641930931,179.352498790496,179.460993602171,179.373737248994,179.466902205977,179.235992211761,179.37685911359
342.772026284047,352.897826860951,349.21006886242,348.083681112166,347.997158835828,348.54727226522,348.502769682153,348.457234728852,348.332290625589,348.668710561837,348.470153440193,348.524345907961,348.173955291051,348.481570426357,348.299457914202,348.111639599571,347.993392260699,348.200226590046,348.027157713918,348.107510199292,348.01102293575,347.929689887041,347.8459998813
198.626347402556,204.200774201639,202.314682448531,200.326262061977,202.527764358816,202.462045537801,202.684151194673,202.423564575117,202.522495887838,202.361184200958,202.575849320703,202.385292387039,202.312946792548,202.363950856191,202.204183713891,202.313571898562,202.127885002636,202.22853290917,202.298926948713,202.194863595327,202.179771309619,202.15069059591,202.211096119341
240.768827868271,242.722527725631,240.800050200298,240.646816108429,241.181138612811,240.900597183426,240.854954420613,240.455603276508,239.69149223003,240.017441566974,239.771466838647,239.813985439455,239.808216087077,239.632274839529,239.721425449996,239.684941794145,239.82480885145,239.751013565956,239.537708493952,239.674779443999,239.519331653715,239.634934822678,239.387409684136
216.6926744776,215.38043915039,214.751434273161,218.030039514767,213.696064857963,213.445416886932,213.152154226153,213.622707461059,213.271382638017,213.003756602648,212.813110261367,213.026596639025,213.040296950838,212.801752546762,212.917675863361,212.856416693773,212.830134093692,212.919914958925,212.781123511158,212.849063450479,212.78629540595,212.762430033811,212.777681021264
491.488225663148,493.881499185508,482.948807036902,482.670582245094,483.258165007612,483.545073713902,483.674588395378,483.693367267849,484.005601507492,484.332719403572,484.562080397177,484.237481582447,484.319113887662,483.946449661179,484.169774055748,484.370468575017,484.295698842539,484.130195450096,484.35746795504,484.313805530904,484.159722616335,484.343046628314,484.049878065641
254.372474354057,260.036523950754,260.587749326599,260.411091373708,260.298625251858,260.227533306008,260.256949167788,260.079883343893,260.141297564137,260.266260310172,260.25554784139,260.086485686523,260.1909355017,260.169277982479,260.068770125734,260.070437149498,260.215800795652,260.190298091095,260.131034199896,260.097041787236,260.130435107957,260.036797718006,260.099287778412
526.479460796712,529.200263752863,533.44195285093,523.381726830955,522.196179745455,522.676419792052,521.640592276642,523.989414485468,524.250619074464,523.806488784291,524.170760868318,524.976662380932,524.312917044204,524.683098027419,524.626930813241,524.718572029738,524.65199012222,524.848539170541,524.850812461085,524.749448682716,525.02739988924,524.934714765139,525.00448851239
759.829535177191,760.990801227754,763.550797812127,759.951108261057,762.553979001896,762.385910150757,762.811682235142,762.513635740489,761.957425765704,762.145377087772,761.608120012194,762.054218484899,761.683850188429,761.50052183361,760.816750887314,760.839923436415,761.055350768507,760.638359223916,760.758484684367,760.921267930927,759.793254284544,760.228374436516,760.428854296099
347.0760078355,342.676221105427,346.240000744295,339.596700667173,340.341973905772,340.556755407373,339.672625738465,339.725060519903,339.499398555117,339.761714377021,339.432587852513,339.492867654945,339.618387712887,339.26079238988,339.347484643702,339.579055465999,339.391472487319,339.543673117144,339.379442877117,339.582981435733,339.390033771567,339.323201245837,339.607076997379
231.176877717558,238.913000076146,233.148936219698,232.995118024063,233.232038671715,233.265984390584,232.900285188521,232.879690970677,232.52989243183,232.697504887858,232.676598356435,232.276191474145,232.308683882076,231.990719085552,232.095235543889,232.047373769214,232.088011490495,232.249779125317,232.273224485715,232.208242698424,232.245451794563,232.026026098456,232.328278557238
164.151164280951,161.402000685247,167.38812385535,165.885182327151,165.662223417697,165.52692303777,165.600907307387,165.669590788724,165.434266064626,165.687800822783,165.587233193607,165.481835715024,165.430291803923,165.321922874294,165.408096580982,165.186907858989,165.285906736219,165.267082124417,165.244725369599,165.049698385971,165.123273320531,165.125759617193,165.056778021489
275.862021675071,277.256364404906,276.399555617949,276.187858806656,276.145896251112,275.942661857172,275.297132945776,274.682965700003,274.626773340062,275.067198150012,274.974596559062,274.814129599121,275.095669880691,275.00678112915,274.944072234435,274.796603667901,274.916893949164,274.924527110291,274.884853424603,274.854654603623,274.927166010254,275.085500503735,274.858524361498
364.246858027681,351.724074921868,349.946458432695,355.331140416266,355.881963699016,355.495349350941,355.72695173646,355.511423002007,355.663845257924,355.247905162953,355.300465996569,355.200810386222,355.2755022693,355.236691813583,355.031775569438,355.261099837517,355.106072733627,355.202793983129,355.006692587996,355.290755680739,355.131836871915,355.061207277768,355.222366183603
303.004916848205,302.496919643229,302.448099848819,303.462184373832,301.061222410581,300.571959650793,300.580190601922,300.317891742194,300.154443040282,300.427794310077,300.213431458617,300.271492523593,300.03814703134,300.192657188791,300.137265068518,300.136610340374,300.166948788541,300.098224761716,300.153550964887,300.026910782315,299.888035362013,300.110033855145,300.018673353442
274.694994436253,280.728040973905,283.178685642647,284.552510193941,277.924543725156,278.233720767978,279.043325905214,278.013635419514,278.517047767864,279.01488413942,278.687922730316,278.536232537633,278.336834894625,278.967175450024,278.52070395128,278.555700805315,278.694924406757,278.376327905059,278.816416048226,278.648642614599,278.324508317534,278.322854952786,278.235746708175
237.502646018533,243.470248420533,244.66597292576,242.951778036083,244.702636821552,244.740267255827,244.99016031437,244.602383785312,245.005096003035,245.129800170971,245.124229487062,244.951174776302,244.813445924873,245.154356452008,244.92428194968,244.834924725578,245.071204260444,244.912608507202,245.129121526056,244.814028015974,244.707026206859,244.848478369645,244.66133511671
212.752247308077,213.583232525292,220.376190915272,218.44114811212,219.577050661824,219.895711130434,220.038768170678,220.278119673509,220.122482703113,219.84276860077,219.775653039524,219.930082753832,219.820214143681,219.720173232662,219.837706873807,219.715085737496,219.478140999273,219.547009496613,219.321896165186,219.651500842879,219.611203161039,219.382696935327,219.392792233207
441.83443574808,466.021986390515,461.169443155231,461.447565656409,461.05455642434,461.440608727496,461.068503622654,461.125294802975,461.467833756512,460.861224052436,461.323282718237,460.542779923963,461.276393845471,460.626019979524,460.857508430561,460.761494117037,460.806986706468,460.729240154266,460.666157939914,460.630584692716,460.385856162649,460.469385752026,460.876143463674
336.92321914799,330.624778786941,330.5729638343,330.87588826264,330.782039425544,330.77413356839,330.509210408549,330.592886380203,330.583912209986,330.501766178684,330.267012314142,330.428778699264,330.442905202492,330.354686304658,330.485352666823,330.384186786077,330.169619790758,330.370775624158,330.373637698018,330.431309917398,330.411632606435,330.381874113573,330.398458836978
346.946845193621,346.831154104674,347.135534598147,346.357577266679,347.72795934884,347.476798971219,347.582345217221,347.712535669665,347.648595448467,347.661681786593,347.513528571914,347.422056703791,347.758690184106,347.465862558682,347.648163367056,347.697452970624,347.450258204753,347.554832975949,347.623174836547,347.438936659267,347.366038884106,347.360631267244,347.30072676648
131.455499611354,132.520299721449,130.869114764985,129.389156366349,129.31683604365,129.277014950327,129.297162010231,128.997752595448,128.903166763504,128.662525518637,128.748020127576,128.638509609095,128.364047228143,128.264025344505,128.272413722956,128.243794362001,128.158550633098,128.046534375332,128.043365876092,128.128314221075,127.977620273825,127.91186188814,127.932658287234
261.751190113419,262.236234651128,261.310850926993,261.776142018457,262.181762990082,261.972470409268,261.999376264763,261.606938716217,261.76737320915,262.027948364233,262.11646864093,261.945939383969,261.95094015305,261.892145611516,262.053462715015,262.170276738759,261.948199282415,262.094392056467,261.949351543943,261.930321579039,261.817624496923,261.703499093749,261.898459118931
552.281907761121,558.549752684346,557.84647249912,559.076756620621,559.02889246298,558.901891940598,559.603550960365,559.320579803934,559.755110476167,559.280721159933,559.268229250682,559.422279997118,559.403312131905,559.02543015173,559.045367843393,559.27570297603,559.363906493486,559.317591694691,559.218780293521,559.267242468623,559.405014248774,559.118178019653,559.093836166248
384.082812946461,376.805367330255,375.391804114976,377.021632093206,376.796270056025,377.145873621713,377.164670600532,377.029123914694,376.949828406736,377.024517949088,377.026516606528,376.487048591317,376.112218960263,376.468302967019,376.343897280961,376.432430373913,376.234119800347,376.413894128633,376.200931823798,376.417774207524,376.19898407943,376.413163637082,376.371685582336
103.198170628883,102.887971897114,103.051398237366,102.878382924548,103.223215497411,103.172408414933,103.172295368766,103.144002972148,103.168134479939,103.173403252731,103.150832480787,103.164293117666,103.181686898971,103.07518434924,103.11383371929,103.127899174629,103.063304489792,103.123781311515,103.066140174824,103.157945989873,103.077806578027,103.088744426341,102.964270417879
379.091355854165,365.847149716507,371.711923729672,368.295292384797,365.666350936481,365.356331224997,364.887040606749,365.682953356256,365.469525135577,365.549439002278,365.285355943793,365.473798966802,365.430567976987,365.115486581245,364.587766651221,364.794158797796,364.677350084225,364.68893859893,365.005417888657,364.621515936192,364.734003401284,364.707888652393,364.519366541208
175.03623829491,180.363338259833,182.177552413058,182.769053053055,182.193622258479,182.489639568951,182.519985214113,182.409377508438,182.468527950663,182.132259710835,182.312815274306,182.350716041694,182.227635472982,182.196794763689,182.270027486123,182.275037904093,181.964040547353,182.012714541995,182.223880228428,182.128026347932,182.051632129023,181.910856424215,181.886780093703
284.430104742058,281.704831393484,275.008410009491,279.989800676489,278.718345767794,280.228260498252,280.534302534507,280.609896974412,280.576972187028,280.530196706488,280.698348836997,280.424076879178,280.55721390513,280.654186761182,280.712262000881,281.050830158456,281.030258912782,280.982799774432,281.006724416795,281.056577981258,281.074947176269,281.128164839762,280.979148207293
672.476432944857,711.68658674321,692.913008917153,680.285726966096,678.634238711361,678.252104791722,677.854182054144,678.364629786694,678.422408963979,678.195114729233,678.451593729538,678.506140489955,678.460629796654,677.781812082482,678.408808410278,678.007377504697,678.096927100118,677.898983890014,677.983686854372,677.931204502438,678.421385056889,678.398377115254,678.486519756477
176.832514310238,185.217628180365,174.958205714824,180.207910801858,175.015000707697,175.317381474419,175.290937784518,175.046446202702,175.479628220192,175.104486527851,175.317545631963,175.391117316163,175.323234747359,174.961357860193,175.064744739332,174.954034945583,175.070303578017,175.139343129151,175.045445965995,175.069902174148,175.017425323903,175.168911450942,174.99366577672
339.696370069445,303.452918481983,293.852905565497,295.108350604501,295.919487864171,295.134511798801,295.393704719484,295.221548770965,294.962858278881,295.202347007624,295.112548429128,295.04774506736,294.96129848148,294.953329370368,294.854519498853,294.903108002944,294.860353118625,294.552003525019,294.77050122275,294.757897152339,294.815699022131,294.92505390482,294.558007536062
134.75797447822,125.244529412293,122.822069495806,121.455121269127,121.382120147723,121.38268008081,121.349118033002,121.257016081994,121.311302883427,121.294679399502,121.327693023089,121.284304072051,121.284946096827,121.190267753712,121.245048432311,121.305820717224,121.184979522456,121.23313448787,121.2635107418,121.267695951401,121.207019450809,121.218292472814,121.266499412375
617.419176028937,504.689359900962,594.084012208183,548.05341506621,556.884907188937,556.597618783512,557.020875940434,556.716084594505,556.681571808397,556.702252504715,556.88090803699,556.619985473307,556.947299189443,556.643542590515,556.63462652963,556.78506323682,556.638330871863,556.52340789411,556.730136605448,556.672752238937,556.716893769231,556.537745363822,556.522383156857
408.5304960925,383.321124271484,370.351157627091,364.688686611044,363.995879491731,364.224939148077,363.9018270807,364.235425368029,364.286178289836,364.225258440066,364.238391011858,364.305441629233,364.121229149167,364.431987054182,364.382891082418,364.332301561932,364.357033720571,364.394729011924,364.359487834669,364.26519620643,364.373451176029,364.370748127085,364.490276381059
432.117632540212,443.904175641275,448.085533215302,448.994295370346,442.32179116813,438.024282986531,437.934471914678,437.866254321723,437.41440265764,438.002784800462,437.796048942699,437.663918857112,437.877636658146,438.024603294603,437.830630783645,437.570542414489,437.622389185309,437.566662614842,438.107089250907,437.659390505542,437.601423736657,437.722536315788,437.718394510872
293.652451596652,293.184370397641,306.220919762071,294.351574895785,291.993750404657,290.502149877988,290.630906415202,290.166437282194,289.997249672944,289.900917723634,289.695623441148,290.149425080079,290.084191351732,290.094695080995,289.821315902232,289.750619925403,289.905865566221,289.775986820437,289.580631882126,289.598368735587,289.463917330352,289.41426381899,289.525969222271
