"V1","V2","V3","V4","V5","V6","V7","V8","V9","V10","V11","V12","V13","V14","V15","V16","V17","V18","V19","V20","V21","V22","V23"
48.5664904903676,48.0636103940138,48.317469907004,48.7204820525263,48.923647539843,48.9015483704843,48.986523056019,49.155086093455,49.0334069145428,49.2190342417292,49.1668226575833,49.0943750873355,49.1442152590309,49.2326166433478,49.2380664269681,49.2114340084408,49.225974799869,49.2021320482652,49.2075092295258,49.2047837469508,49.193192769317,49.1845225275637,49.1786440938794
84.6784435649198,86.7727694992734,86.8005909428661,87.4969020579442,87.461583789366,87.0822472868228,88.0652825237315,88.2050354219931,87.758835024092,88.4625530787896,88.4654083087958,88.2837156946574,88.3524650262175,88.5769931477923,88.6326080697957,88.5498238552945,88.5907935876884,88.6042135586192,88.6384666887196,88.6051098896601,88.5434044816898,88.5412217064813,88.4998199924036
89.2148234890679,88.4530292310159,88.9333566780918,88.608933435508,89.0880653105426,88.8894664788271,89.0633733486019,89.1062841478617,89.0356374767107,89.2450779181956,89.1885373806881,89.2650549862807,89.4005574172845,89.4171553530763,89.4746397804767,89.4369374402533,89.5083419645656,89.4938188666481,89.4778679562738,89.4879005547855,89.4974286072712,89.4828186595199,89.4839939635245
119.254567359433,118.119428378621,118.040151280131,118.387899228596,119.432480492433,119.810490437842,120.048468700661,119.304086947505,120.031935092082,120.019560313372,119.890636556138,119.744212948377,120.10937075468,120.129316045142,120.141503714258,120.13277087744,120.197743835614,120.216796517669,120.188599698047,120.160509027083,120.118531630503,120.10065758515,120.118655780453
117.804400062075,117.064238959871,117.764312623915,117.364600234699,117.676104950907,117.918315658535,118.33736099204,118.174781793762,118.041735187682,118.288339442748,118.25594549474,118.568385067719,118.525013228449,118.540255824811,118.55519853969,118.565584959756,118.572159652091,118.557328296899,118.604587459325,118.583176219284,118.530168727599,118.502838576192,118.466882973723
96.0181885237465,93.7414491305433,94.5904247190515,96.3047282554643,96.3647002342274,97.1923511121561,97.5090862805793,97.5405200594387,97.6390272285736,98.1459368524028,98.3160867674521,98.0201853385186,98.1848874953376,98.15520998366,98.2317177062075,98.2108882481874,98.2298296631242,98.2337246908923,98.1877982512796,98.2163558780769,98.1690369778202,98.1960678447729,98.1548550694995
54.8111987347786,53.4250835500493,53.2585899682566,53.2170216004597,53.0644792465279,53.0946005745337,52.9969839989891,53.1064080166116,53.0762272840184,52.9401160357212,52.9802043708554,52.9765359063895,53.0333305406086,52.980435816155,53.0494347245507,53.050797098658,53.0254704732468,53.0362939740374,53.007046860226,53.0258445111034,53.0259995639224,53.0161764972567,53.0276141315142
124.701198196904,123.891863245266,123.616842228737,125.110036830446,125.38061830833,126.148307276476,126.697148627173,126.092849927077,126.171929618038,126.326754651658,126.596552751645,126.303052244762,126.695944466355,126.782937781717,126.996459394162,126.877003227919,126.862711393986,126.851451224424,126.884438569775,126.751569890422,126.781512926123,126.669456026326,126.711811610242
61.2606345734167,61.0479895992785,59.6162219056042,60.1797709005588,61.1349669417602,61.5052762946645,61.5825492741661,61.4572655885166,61.9200866136095,62.0323695967557,62.0285343296089,62.4361318321128,62.1849772252293,62.3599687944472,62.3346966820878,62.2954136464728,62.3135645984866,62.330117240901,62.3305088875831,62.300199679978,62.2765616147488,62.2302173041786,62.2508964105749
141.554185797008,140.742355797599,141.599363488522,141.665447290924,141.957444712452,141.984450158226,142.671261838514,143.408906984951,143.097957388735,143.30862343832,143.526818584233,143.66924194274,143.770810090581,144.00442851912,144.048423696186,144.077086239285,144.02805952694,143.971831729828,143.988039787153,143.946845072866,144.012403754883,143.851709083057,143.785652750215
61.728787036894,61.5990365169662,61.2401719406457,61.1766183836508,60.9958729065602,60.8730709569771,60.8157465705675,60.6744604553962,60.6787348402649,60.6854257120784,60.8138894597413,60.8208547055862,60.7574382772124,60.6533550466771,60.6473650676828,60.6883586969545,60.6349305904009,60.6350165243081,60.6554098119607,60.6292676956995,60.6318813312043,60.6225056821738,60.6061481084831
65.0925871602287,63.5930203507059,64.3865670826662,64.2827520920678,65.2430981805277,65.2762778331959,65.9269532867279,66.0137280847408,65.9602622272597,66.2677942632039,66.0567069996988,66.1405812997183,66.2204324425705,66.3828419628821,66.4067766017841,66.3658428032496,66.3484102051484,66.3463263151476,66.3734381101524,66.3504116828257,66.3591370565052,66.3087364432209,66.3093764021872
30.4095439778344,28.4710769005595,28.1653183358222,27.8347576551392,27.9215178502501,27.9361407365476,28.0432235620746,27.8242164438453,27.9015938718896,27.7878796890944,27.9061114205555,27.9308756200298,27.802424371473,27.7818444585388,27.7824183157326,27.7815197259207,27.7929829857001,27.7758040442898,27.784600567161,27.7757734385462,27.7824528673552,27.7921046751829,27.7896728300972
90.7992844127197,90.1367986392591,91.0623118738596,91.4663579470632,91.5335260213089,92.0710470431212,91.8387961647253,92.0515206320112,92.302741265018,92.1876659582895,92.0714992938347,92.2417850555032,92.2527505352266,92.1722529821654,92.2830385008701,92.2923236091562,92.2489289258288,92.2913088178348,92.2614689725222,92.2759990089187,92.231108456758,92.2123438277052,92.2260702630972
140.220191857231,140.536114521396,140.475284427349,140.29176331626,140.568122951389,140.709740198371,141.084298056794,140.913030842565,140.65037623743,140.80148467009,140.929453565505,140.765689154895,140.652503314715,140.838091919021,140.735474250084,140.764986686875,140.760154041335,140.800144576128,140.70031311124,140.771570421722,140.74731489782,140.811054659936,140.798736793045
49.8635357983882,48.6234756738055,49.3687944786251,49.5060490229739,49.0287756611732,49.7178134734028,49.7008805731455,49.9408377428655,50.0302678196379,50.1944336613976,50.1338718845248,50.3246725745533,50.3443032271914,50.4877667772812,50.454117511542,50.4826426701523,50.4254034324536,50.4689137879058,50.4549931670804,50.4579484926876,50.4262488281068,50.4139971703363,50.4101713588837
75.7478338760759,75.9763460828064,76.6360605751015,76.7947981937005,77.2023008368578,77.2585646688274,77.4426653452627,77.7477360284869,77.3718569925065,77.7145744823591,77.6963230556199,77.7321341251844,77.7903018008777,77.8453162270526,77.8811181219817,77.8611907499395,77.8960012516381,77.8797888291487,77.834688594394,77.8690269054924,77.8743143931909,77.8405133693477,77.8118793107361
183.643204146859,179.053430570048,182.764426665859,182.821995900452,182.736503951394,182.871203673488,183.302248261784,183.35192417786,183.641995309676,183.511259413482,183.673049061489,183.649668299535,183.719630432783,183.835798752114,183.928349997664,183.862102423183,183.835605628104,183.845037200433,183.796697872186,183.847283784887,183.792049920362,183.747297014066,183.7500576383
96.4152093600868,95.8841638058984,95.8732835416529,95.8186165973308,96.0691010406471,96.5097305111203,96.3095778550395,96.4696345661188,96.2435915935581,96.4671799901916,96.4440868644598,96.5420635757948,96.7101584243483,96.661764262211,96.7288490197376,96.6772253573729,96.6998445665191,96.7305015742474,96.7305560513886,96.7033335615221,96.6878938992549,96.6476942094638,96.6610082499707
47.4406925134103,46.9857422641476,47.4056272041715,47.4225727312166,47.5470976083661,47.4855925738432,47.4821553125984,47.4147033607699,47.4196967148828,47.3766696946422,47.5045177157435,47.4676894714467,47.4882950141366,47.4818799623388,47.5083171525133,47.4647383527047,47.4622483362393,47.4645684197965,47.4582900118563,47.4511648312033,47.4487400745417,47.462423440697,47.4407876620837
120.494082487303,116.953774417099,118.956059012841,120.20311690122,121.058411196372,120.770008925271,121.268164895063,121.910155119506,121.273788052716,121.741617484034,121.740796044492,121.776802867586,122.03027343561,121.904473947168,121.875772022533,121.958571934188,121.95872780289,121.928119008547,121.929410638275,121.909154105449,121.874538034744,121.83580009939,121.830031185296
68.7678416505404,68.9248025068106,69.3738039234911,69.8248600072829,69.536026832713,69.9526283546957,69.9878765294206,70.0173953258615,70.1372950568469,70.1498418896324,70.2408623225338,70.252535728002,70.2798198478998,70.5349190243996,70.5241648026118,70.508545758252,70.4941785619201,70.5363515374287,70.5406498495342,70.5133574921661,70.4942919815362,70.4834083356468,70.4547350368815
77.0859218449261,77.6101860449826,77.7389989868952,78.2722170304521,77.8899181489632,77.7257218706825,77.5561126805488,77.6700041650363,77.7826007073588,77.8706557604527,78.120154151893,77.7250215131119,77.9716664063433,77.9991905870782,78.0646379115576,78.0151169365622,78.0647034166989,78.0562046949139,78.0155609564546,78.0344351361646,78.0087941882817,78.0092983413616,78.0236591310372
78.4901950185978,77.7007022260076,77.2857548993445,77.3064136785865,77.4777614331788,77.5100677208701,77.8196510172495,77.9555182028416,77.4519748364038,77.9213836662913,77.8508869165477,77.767993854841,77.9990045521782,78.0521154460363,78.0259056199821,78.0213221352005,78.0673959519308,77.9975539190073,78.0139886777178,78.0273612553165,78.0257983783319,77.9903209873027,78.0039266160618
107.775961077892,107.098656562253,108.55746897498,109.038646719728,109.704484395155,110.008892900136,110.22539488741,110.328255914736,110.547340509916,110.536813188465,110.537687073463,110.757636752739,110.874126794728,110.952549998396,110.925621939988,110.813283970863,110.879596482132,110.903854714087,110.895320285022,110.680836975077,110.829777910984,110.808719107132,110.819244944586
56.5007802675996,56.4765294556081,56.5162050682647,56.5230016204973,56.4872241664487,56.338356096532,56.4005754374843,56.589645002604,56.6290496243364,56.4505438557162,56.356863885058,56.4838410895486,56.4658813487094,56.3796866691293,56.445174785275,56.4378275883636,56.4066521409673,56.4311910993456,56.3997153699354,56.4139444696513,56.422280734185,56.4004878078401,56.3958595518934
107.840066120416,107.5230210581,108.877868275046,109.747974882221,110.159236212297,110.199884608153,110.74981348258,110.817022403541,110.650980862855,110.449621213013,110.646537303711,110.607829182015,110.742288281238,110.68408499339,110.601993780097,110.631535005866,110.666966853482,110.660838488432,110.634302137625,110.644926075573,110.657810403402,110.629417797719,110.619769476841
67.3113433053495,66.3574264631923,66.7233179362763,67.1444097927958,67.1387530008777,67.2837220947881,67.132220693058,67.2782270191947,67.6888429884151,67.4035704873901,67.4536913196259,67.5991431641699,67.6585897608694,67.7249030703761,67.710403012083,67.7146076838731,67.7182531971882,67.7014893400593,67.7119391464636,67.7178777419542,67.6869294278579,67.6680640761343,67.68013297809
155.479965057135,155.387984643816,155.496120634968,156.879861628817,154.095463420506,152.3864251881,153.905589950394,154.056864691328,154.187135351577,154.007636937382,154.981981778611,154.792073613136,155.120283054825,155.092766014097,155.139841684584,154.637756821522,154.815034961073,155.047453948448,155.03899111855,155.029907303708,155.026706041186,155.053476676982,155.024868917796
126.590745144919,123.896519384371,124.199606025087,123.969554503481,124.133375788686,124.18771748339,124.014688260137,124.170304769226,124.289005062598,124.289331302387,124.305230738381,124.390476093224,124.314618509732,124.421541095814,124.397214678944,124.394366044561,124.400531415191,124.390074353372,124.389788418343,124.39994966121,124.387905377796,124.357155877033,124.32995334015
97.3590878263213,97.5985780144556,97.9636316955601,98.1116112643364,97.966009357606,98.0046214111929,97.7111360729639,97.9982378045658,97.9314120160973,97.9082065331846,97.7780689145197,97.8606821211066,97.7742701160014,97.9496845804547,97.8982661410858,97.8728499739448,97.8685168579329,97.8858335292884,97.8941986246007,97.8845629680892,97.891918901884,97.8603844855137,97.8475312318842
98.8041223500659,97.6458440187697,98.2997530012579,99.3079819166832,99.7332155472125,99.8924315575908,100.662631370316,100.325379063096,100.646206588249,101.207908372533,101.067745227712,101.3398711857,101.365298947186,101.592025731234,101.560735754437,101.560465461688,101.532417632708,101.497915276907,101.498305428627,101.53292038796,101.456106907338,101.418735781713,101.39480639105
74.034716411676,73.8816452655909,74.6895560760806,74.7115972152317,75.1311522228072,75.1951225541411,75.0469596347055,75.1246302511624,74.8289447243636,75.4324145241025,75.4382762998044,75.5747202029988,75.6535911527814,75.7206543610268,75.6722190237133,75.6211202924407,75.6713398604062,75.6718469281538,75.6474042310525,75.6614264455421,75.6217937780528,75.6131054973952,75.6317769524983
59.3450051971376,58.89927846664,59.6658058458362,59.7470591044031,59.8443153814129,59.9054085814229,60.4921461213258,60.2227828643358,60.7028265051802,60.5642601107941,60.376649671982,60.6525676587487,60.7954437258377,60.7574787810133,60.8397000703594,60.876358880168,60.8831633528443,60.8221123741668,60.8451263828204,60.8321181472808,60.8448318897007,60.8367541847138,60.8045283872997
84.4690555213281,80.1472268944374,80.4785331697292,83.6011743685617,83.7431404001574,84.8787721300149,85.4575014637663,86.0639500950753,85.8029581368759,86.1566605476416,86.5660847877982,86.6893633053414,86.7704663790815,86.9587978437778,86.7726852709295,86.9012265115355,86.9087647494148,86.8291616566774,86.9040230322862,86.8641941163051,86.8248440695152,86.7988829440166,86.7635846892737
91.5012191590315,90.2040288452221,92.684396744624,90.3174788274872,92.270698883218,91.599509472016,92.1862199863202,92.2784374626798,92.6674171658465,92.8270012019385,92.7482226358617,92.9752263966126,92.9618548563775,93.0610287876581,93.0441490253354,93.0828299267929,93.0773011571044,93.0650283556489,93.0587173124792,93.073473218853,93.05801534341,93.0677060621351,93.0517959390628
76.5916569758627,76.3631383731151,77.1025320076167,77.2007849680226,76.9594222760495,77.2974668539822,77.4324395765268,77.3112794445833,77.7941058198211,77.6109930951852,77.784657226366,77.9172443154038,77.993585509699,78.0723297698973,78.0605724845998,77.9995665460072,78.0320477747027,78.0670932935537,78.0365323155238,78.0504287297973,78.0489113748774,78.0013339385563,77.9896076056264
74.9277451163252,71.1039935833161,72.6754366844046,74.4161379721817,75.0153761895818,75.7594820662934,76.6420040646989,76.6374919297537,76.5331736212145,76.8559841327061,77.4579339383002,77.1527613183536,77.3417110305356,77.4097851958224,77.4801260044825,77.4710484844659,77.4685837216615,77.4448379228094,77.4712715110917,77.4578524729003,77.4216351264341,77.3785743223644,77.3484305213701
122.786058517681,120.649194179451,122.635264412621,121.736850911005,121.800786569702,122.131497977051,122.419574585671,122.590352707976,122.698452162416,122.561182365417,122.585959535362,122.69802721432,122.747065467291,122.792453343729,122.808785845798,122.836640212129,122.87533383097,122.83336614395,122.830289514989,122.818467113283,122.824426969289,122.809968382829,122.781969166736
94.466589480193,92.7389711210053,93.0665165643093,94.0817002519599,93.5345998235082,94.4629748462551,94.4392491975979,94.406463871858,94.2650421642767,94.5994271346334,95.1258416347222,95.0016580680289,95.2187927597461,95.4625069902804,95.5618577483264,95.6672835828759,95.6159491366952,95.6113278484152,95.6110974551373,95.581283584438,95.5044253988522,95.4760992408264,95.4279012652893
69.3332901469432,68.8834384367181,68.7035886730186,68.7620076069625,68.93305659279,69.2433812726721,69.1822121936072,69.2684043388879,69.3270307671754,69.3564039849081,69.3268925479273,69.3237387169505,69.425767505511,69.3635457617868,69.3016915076148,69.3097613777302,69.3428602061039,69.3231560675027,69.3182935019579,69.3457590037754,69.311726859489,69.3183761852181,69.3074539218199
186.807563221108,186.708850437344,186.32209454852,186.483283487121,186.189632895158,186.567808828777,186.56166815604,186.077322992496,186.5529288384,186.426732464063,186.518591334473,186.235977389087,186.517607507296,186.409536476091,186.467862272265,186.502841701855,186.462503756752,186.45671805947,186.43925464332,186.466921756733,186.464533762954,186.449260861716,186.392497475472
175.946906202051,174.334000961419,175.197862197194,175.582351707115,175.265910502662,174.42874146553,175.307296853621,175.012760783002,174.302390626295,175.139603122823,175.224835105179,175.023648130838,174.896055426901,175.590000294983,175.550757501197,175.639615187354,175.595116926832,175.603265762478,175.613935139515,175.607129341631,175.550647221739,175.499175006421,175.50860266983
87.3889630928864,85.8394741785117,86.5484859047531,86.2717687865839,86.9143053390088,86.374268816746,86.6589874619667,87.4128986615883,87.5873158719005,87.5636774316078,87.6276801923867,87.5973403642958,87.8928459441344,87.8749468903192,87.9716811033414,87.8947378965423,87.9245440159576,87.9231403337348,87.8528833181136,87.9088211200439,87.9414364189389,87.8579351341193,87.8498848925451
82.9526423012167,83.5915331581616,83.9012915641617,84.5077400560427,84.4419919606826,84.4486953449783,84.4164273924703,84.6787449815498,84.517852668777,84.6799327183196,84.8202531450686,84.8078972742127,84.8253829872603,84.9080521931979,84.856626043947,84.8940724911608,84.8893215459438,84.8831980113008,84.8844092298619,84.8841724134909,84.8729515674746,84.8579399622349,84.8278106473108
59.0016304076376,55.4963600068499,58.3576240639858,60.8305417475866,61.3790401978904,62.1450966199677,62.2793147247233,62.3136141023566,62.2336913530047,62.9992760757902,62.9137101573747,62.9561192086462,63.2080081171228,63.2654014159905,63.305125530679,63.3654652191077,63.3313923780779,63.3434155976812,63.3191838756097,63.3001684296594,63.3195915033315,63.3138851808259,63.3027051946436
130.312139415535,135.788604179205,132.045778567783,131.727012403893,131.831132484436,131.355508632793,131.320465717925,131.521683556941,131.354486201671,131.875565351438,131.481098936818,131.654510410449,131.716147289191,131.833359991894,131.674674057668,131.605707218195,131.657470072706,131.697264181813,131.658436904716,131.696312997362,131.702374032608,131.637929825083,131.674501205137
59.4170043287927,59.5833650796103,59.6617660702218,59.6329715529108,59.357834503027,59.5392114282482,59.5475157008185,59.3297860067079,59.2997687984616,59.1932481487797,59.4909906942945,59.5666205095873,59.5709317855951,59.6199898839976,59.5679810704301,59.5843743320995,59.5986298236331,59.5808949587798,59.5684194407856,59.5789795195676,59.5907957748405,59.5906426612774,59.5822566359645
68.8897416741969,67.4929559396404,67.5861059694494,68.2536842347168,67.9702706963752,67.9945398449965,68.00336936414,68.1331262394769,68.1608451615068,68.0513802358014,68.2145818834141,68.1118036136326,68.1158969283607,68.0986926052884,68.1339812490558,68.1574089029572,68.1342581937928,68.1307262912294,68.1315410986548,68.1090174182752,68.1137292749084,68.0681318225966,68.0606061888639
107.875395418755,107.611241859696,106.744706218233,108.078077016645,108.637673593863,109.061197850602,108.822610952179,109.341083520681,109.502956292409,109.564616808292,109.804284046097,109.576936038086,109.994507936587,110.118090649872,110.0250876494,110.075092950234,110.10420452883,110.040518571131,110.01727583677,110.007382646007,110.023308626265,109.939058574191,109.943782309291
62.1535350003349,62.8112493474616,61.8545063349726,64.198644084643,64.3792091101664,65.9316191015151,64.8767295676444,65.7868985183323,65.6238027052574,66.8977007607499,66.9885064959971,67.1213997447804,68.0408170780499,68.3614528297617,68.0930069166475,68.4916914678857,68.4677000868022,68.4653200504669,68.4477035862664,68.4233967386285,68.412618470433,68.3149822690943,68.259354362907
101.841425849532,99.7492407386588,100.82945325755,100.748652206126,101.892789357581,102.412497044481,102.640997846174,102.60555267994,102.747888495829,102.739369825966,102.685091656693,102.968177698388,103.010173722085,103.09093118965,103.050570055194,103.012250312913,103.000442583065,102.965998245333,103.045003227376,103.014929722818,102.94285425817,102.960526662866,102.929680402465
99.0345807820362,97.5369638240517,98.4837062454236,99.0789428360056,99.4733373613709,99.1611356686034,99.7756912295132,99.7455675715693,99.9700279285118,99.8975527258006,99.9132715071671,100.30429718557,100.445131211998,100.168736141663,100.196610406075,100.304971453779,100.341602472193,100.308311455518,100.302934922799,100.291074180366,100.281871047497,100.313593168507,100.288504179407
61.1408885195315,60.5705832263465,60.7130064117045,60.7462398269996,60.9422827997459,60.8709075856296,60.8993316545806,60.9729395203641,60.8586502938576,60.9711847989497,60.9760957079212,61.0442967314426,60.9983689320381,61.0206881617559,61.0146845297192,61.0208848525891,61.0162028609018,61.0172488405913,61.0111928135389,61.0130324389169,61.0178551975662,61.0193473197688,61.0003021819314
109.161500270562,110.347008860029,108.657259340188,108.292937401461,107.799771307228,110.414963055555,110.327583719724,109.798411962848,110.00928941089,110.807498776952,110.719160546354,110.808287059373,111.052010748539,111.728615193533,111.842434683931,111.884297682014,111.934315082231,111.937864505647,111.814664928791,111.901082051502,111.856906749117,111.753504711421,111.789899712647
105.861705204748,104.535208318682,105.333476235581,105.553664867665,105.705211382621,106.050323771728,105.655902665168,105.594867630228,105.695925234873,105.899208362935,105.702558360185,106.019449406702,105.984734659704,106.109510474377,106.106996302977,106.083837685582,106.114011540507,106.103962777364,106.118377497234,106.114876257786,106.09839460416,106.080534437725,106.06212290848
82.9663183912595,80.5862386745415,81.9287830406767,82.3911800120062,82.7722765785023,83.2000984556114,83.2602675619568,83.3227899827458,84.1667978021352,83.695807531537,83.710722748229,84.079876117701,84.0687024803706,84.203042940749,84.2713836738047,84.3092968341733,84.1984430164229,84.2719545428431,84.2598751384437,84.2750268767604,84.274591348993,84.2472354371302,84.2453458592623
71.180954240848,69.7189884082289,71.0621576201313,70.8051745925894,71.2655348036417,71.5648852603405,71.5289419207837,71.4196940301037,71.4543751238845,71.648562597359,71.8802533761236,71.8824140913595,71.941588682135,71.9678799719561,71.9628342970421,71.9823094172897,71.9516919204435,71.9529837722576,71.9592671402364,71.9540773608831,71.9216386103518,71.899095852064,71.8920747916104
139.442088212923,134.594407097725,133.981285594872,136.91578903983,137.154554964584,138.327099243409,138.803384522273,138.219231428964,137.151376427689,139.579316328781,139.37386019844,139.269592471584,139.939663122774,139.990100413567,139.922517150199,139.998145354128,140.152098928057,139.960083550971,139.90675264467,139.922300419699,139.871572737688,139.842275454091,139.824801390838
41.4681365932472,41.7188735100058,41.775627463257,41.7578199782278,41.8298180717466,41.8427510196863,42.0203544390188,41.9851007894342,41.9008097210687,41.91983820155,42.0571033090993,41.9935650835445,42.0903722430446,42.0037240467905,42.0339085777015,42.0131909531003,41.9881047431874,42.0166018284963,42.0417931056014,42.0064868879866,42.0073322183186,42.0105908463676,42.0068808612939
108.924615873073,117.054170899772,117.935251710854,121.466927547728,121.36233027302,123.963993593395,122.715794471661,122.932166652546,124.517732037699,124.519103617156,124.241532546133,124.534869063264,124.76219225999,124.709298426153,124.79382114031,124.845735085364,124.741200368518,124.792292940518,124.861002420498,124.804484099355,124.68842726176,124.72504230631,124.671103296856
78.2847991172422,78.502920431376,78.824550203784,79.1649853875766,78.8604556486722,79.5175030528653,79.2251942114238,78.8761391872716,79.1612203416578,79.2303717238823,79.3370581983013,79.0928274568944,79.2745480455893,79.1886780976802,79.2465879651184,79.2291771172109,79.2183699745759,79.2297219644695,79.2484144945939,79.1631005172579,79.2325834497571,79.2153059100507,79.2127807449785
102.594814534811,101.389533946724,102.879190249852,103.658889233663,103.638721459483,104.325871064867,104.810593869925,104.725648259208,105.580043771581,105.738922127382,105.725405886547,105.768928080563,105.850202519851,106.104948955507,106.25165242634,106.261963078256,106.287801380786,106.264245994721,106.239343894165,106.158640382893,106.199904722999,106.164586150321,106.115181758332
79.3307774271638,77.2281522282005,78.543140707615,80.1902355834792,80.7271753899182,80.9890852096836,81.9503624161131,82.1954026593334,82.7798236484475,82.6008668291951,82.9963804650293,82.7212896608062,83.2784214798027,83.4287301649791,83.5366141306715,83.5231922780849,83.4518257489436,83.4770171202539,83.4924773351551,83.4641841947386,83.4286228997216,83.3530536311231,83.3988287633903
85.1983692708665,83.6135045992505,84.3909338214442,84.6747331741365,84.813826159743,84.8536753756286,84.9953935310013,84.8301339830925,84.9837853945803,84.9280458198503,85.0279213455732,84.9167877202325,84.9682971045987,84.8998159883893,85.0167240300258,84.9815198900414,84.9667161150124,84.9754699491673,84.9420012848591,84.9723643279378,84.9438767927936,84.9456587053298,84.9340806185255
143.526052307775,142.76536158165,142.683722579825,142.528986738991,142.811229319616,143.001525037035,143.056139722892,143.101503666277,143.503252756497,143.443494921024,143.66761750166,143.547737254447,143.360487874732,143.539412964418,143.490666560805,143.571135709787,143.465468767502,143.544045500933,143.551460541745,143.576473881977,143.582465558599,143.535168245225,143.553501294924
54.9513846848355,54.5284104535768,55.0107400526567,54.8646456154031,55.4654228821659,55.3094992673357,55.4906150700528,55.3760688220621,55.5029652976353,55.5241128427028,55.4903377131327,55.4439128066556,55.402379595407,55.3492242438377,55.4147809798326,55.2983446795729,55.4217195355353,55.379113394952,55.4080802704098,55.3980524732968,55.417760227509,55.4372701321087,55.4010717969613
63.2979133097499,62.6672427364222,64.0497912911669,63.9823977756469,64.3578279749606,64.6854513122375,64.8690882320656,64.7967194447929,64.6903931698457,64.8199786346751,64.8196305326347,64.9192761244852,64.9939185343716,65.036604080039,65.0417476499045,65.0608081123138,65.0452572466589,65.0353387399951,65.0326571916067,65.0500010934332,65.0181631207385,65.027875552896,64.9920105981452
83.771344258141,81.8654947918357,82.2169795369059,82.1725493097027,81.7593857195012,81.8616718695258,81.8335785349623,81.7395393929545,81.7391333192588,81.6725343962882,81.7315787564987,81.7683046494842,81.6529932150215,81.7046265666104,81.6470930568394,81.6410343609209,81.6221445028329,81.6118830351581,81.6047642291577,81.6314005039386,81.6060812034876,81.6145961612841,81.6362130166137
66.9883405735279,66.539935139952,65.725737762329,65.4458182483387,66.0513829260949,65.3583924003803,65.6285011332113,65.969260716231,66.0847490506847,66.1510863765672,66.022110709885,66.1442954252638,66.1387562478628,66.5124327230294,66.6418454345293,66.6349581730854,66.7009079760263,66.7051847116927,66.705463759373,66.6822206936136,66.6892216969858,66.6580161891277,66.6221906151618
57.3607742398458,57.7248341529284,59.107801374915,59.247961367323,60.0379013768903,59.9509345410513,60.4378875548406,60.1256339476191,60.2493772071628,60.6830066826772,60.5962971091982,60.5819064565692,60.8904942178909,60.9233102509285,60.9342679626862,60.9194213959466,60.9146887103711,60.9050036477004,60.9203514964712,60.9077451382665,60.8939409918225,60.8929397643315,60.8666575878267
35.2071162437851,34.9809785616959,35.0992439918813,34.8120420213058,34.875392679381,34.8421384909242,34.8233185315139,34.7895630942798,34.7772283503968,34.8603541469629,34.7629802406583,34.7916666343915,34.8498474373319,34.7703652706941,34.7695093126184,34.7693246567069,34.7777159815643,34.7773557262002,34.7772588506148,34.781837202993,34.7691208700688,34.7828301685346,34.7813354067098
77.9079480768236,77.9022275728701,80.797612883857,80.991074229247,81.6991007544048,82.1773463953787,81.7706372242229,82.4962258875522,82.4314166907397,82.8747355304882,82.5854045543425,82.7575321998321,83.1707569825454,83.1781273623561,83.2554842325646,83.1610413341479,83.2141733137571,83.1812070003921,83.2223878823993,83.1713107786262,83.1475443257541,83.1588802691871,83.1180717014961
81.4053663292613,80.5508969989865,79.963403517308,80.4302978691645,80.9962165329244,81.6306190788836,80.963696775869,81.4330830681093,81.0749943603902,81.3768040217759,81.3624650220261,81.4052437666918,81.5527211443175,81.5677808420205,81.7299084267093,81.6506024576548,81.668255109087,81.6526499874568,81.6514238946081,81.6551098270883,81.6561153430761,81.6347571103849,81.6124387707385
78.7181825997982,76.6134119333565,78.5786028283095,78.239863662039,78.3965729607097,78.3178807878263,78.738561917102,78.6751387639097,78.8646171453868,78.6100324334103,79.0504065128394,79.1709183059372,79.1214054576115,79.0520589714444,79.2089098938659,79.1886202888493,79.1748296438765,79.1927673219383,79.1680959012779,79.0997069784592,79.1447383547432,79.1035340261164,79.1123606972852
45.4588966976651,45.0136974526825,45.0678514170334,44.9688050187408,45.1458633654903,45.1027360495516,45.1614965030981,45.1498647597908,45.2838639530898,45.2642587481569,45.2529942756493,45.438247406186,45.36542912332,45.3722750298958,45.3519727582715,45.3523094195964,45.3783143137483,45.3513810721316,45.3607958843332,45.3682372225853,45.372236367084,45.349255914447,45.3485619900547
85.8885274081524,82.9790739349194,83.2810985961917,83.1282208679601,83.347108685765,83.5324846417145,83.1672126541649,83.2479340310232,83.445777184137,83.7608790040195,83.6920137573188,83.7832235115838,83.7941083419396,83.8990279166326,83.8617598562168,83.8864742545872,83.8539469718287,83.856352872853,83.8563038236524,83.8417968258239,83.8385865658919,83.8211837020854,83.781253513902
66.1956260645118,65.8023396237202,66.8739322385689,66.4012985276686,66.6398326301131,66.9370921253969,66.8923819652916,67.1262330988124,67.1394672054404,67.4467351549778,67.299185926783,67.395263365019,67.4339270428523,67.6600621397143,67.5668697016069,67.6590245590126,67.6322269426131,67.6504213761971,67.6314630624154,67.6537445971316,67.6282749053637,67.593788499146,67.5535153614863
102.933118609803,100.747124158454,102.402898579933,104.066614595002,105.467672548829,105.084028792341,105.137583584926,105.318379351655,106.488695093704,106.170034837421,106.685303830058,106.595244659592,107.025373670205,107.182108879612,107.133517097609,107.18057449605,107.174227420015,107.196371887648,107.136706210225,107.207446236444,107.120129694541,107.116630570905,107.118263386448
64.7388697687476,65.238949968166,64.9064078633022,65.0615906821836,64.6112856804427,64.7717961128602,64.516384147412,64.8356940011431,64.7008576201503,64.6787016715416,64.8133591782719,64.7227995807217,64.5846063017262,64.6171547460261,64.5502356418258,64.5487250858995,64.5504525023078,64.5803992553307,64.5916315376664,64.5617852684147,64.5323333727421,64.5831307965385,64.5771215610034
71.4929983731408,71.7881078448971,71.907857143358,72.0491458945682,72.1053530410511,72.1333461593922,72.1195334267533,72.2420977630565,72.4036089365953,72.3791509223748,72.5183775841178,72.5432439238163,72.6926229041029,72.617648004511,72.6263155773422,72.6048797193366,72.6408439527494,72.6331791656561,72.6092478200607,72.6254820507646,72.6124073934466,72.6059564964788,72.6060969193937
69.423765526469,68.313442641091,68.9683754283625,69.6618323928921,70.70542288953,71.3445768295649,71.2651737221531,70.9999959899644,71.2811321038565,71.694239301273,71.6071447574329,71.5161664144443,72.1291803154367,72.3624975748275,72.2604536873686,72.3396146657033,72.3335880902013,72.3012044000427,72.295992831625,72.3104366150776,72.2738994498658,72.2298314101373,72.2049696083173
62.3262062389398,60.7281085670345,61.6173532845225,61.4019281280296,61.9796642669492,62.2661772506684,62.2783125138809,62.5422574139334,62.7517908712783,62.8063909196273,62.5706970116388,62.7043388305002,62.9320032288515,62.9495696693757,62.9837471595709,62.8870453297134,62.9756175815505,62.9181744673784,62.9482072806941,62.966922101417,62.9355483820945,62.9361152721182,62.9168924122407
25.60308825895,25.6099394969098,25.3654572021337,25.3994698888429,25.4807830791749,25.3737812048641,25.3810444169482,25.5301396339841,25.4464194003554,25.3415689530627,25.3902541283584,25.4505526019803,25.444127701253,25.4612413201366,25.4829722985678,25.4696728380401,25.5113690992686,25.4951705229826,25.490469309363,25.4992374393667,25.4795244192334,25.4985646602325,25.4847832591929
113.511795334893,111.659550059918,114.187256165478,114.124328244149,114.843028533234,115.353429364112,115.627266646065,115.991816633166,116.506793957412,116.309578279265,116.164869097522,116.243941962595,116.452931854747,116.353228659742,116.529121069809,116.486928060524,116.584574502101,116.578380592548,116.552114999307,116.539699661382,116.536305927062,116.48762156035,116.4654962332
93.2185299354249,87.858970635111,90.5038267391061,90.9593708422544,92.0274671935928,92.4175657813613,92.6017526429463,93.2410846215522,93.1555362225075,94.0318639401354,93.2424312877738,93.7986153835767,94.4613311200952,94.539199422725,94.9756755505137,94.976688367278,95.0094767387808,94.9791143171259,95.0081132502288,94.9294747530402,94.9466816800242,94.86931733186,94.8537275383101
159.511229341278,158.677120628173,158.708112161769,158.600249630861,158.365852110189,158.53192191172,158.453235962276,158.890988964367,158.741853691776,158.769634116744,158.863263658793,158.625387870463,158.830040006172,158.577305698683,158.637158736061,158.605186599909,158.654400308542,158.651770889899,158.582289590391,158.644028047034,158.603205183236,158.594056292361,158.637401560239
54.2371430641542,54.0670363086857,54.842847561902,54.6524918519421,55.0767836415426,55.0250311068152,55.5777709006275,54.8749323799118,55.6934055300957,55.7789806932066,55.9412355658753,56.059013259174,56.2251783298664,56.3817318615443,56.437965414314,56.4741037011366,56.4626863769545,56.4412942406288,56.4684774369421,56.4755868469294,56.4309310529213,56.4180799004636,56.4099562556869
99.8334746172755,97.9238207407902,98.4589315872638,97.9838284726341,98.0884721522745,98.6497585822078,98.1949042568521,98.2360289463435,98.4116213384858,98.1451474531699,98.6612111612982,98.5697350646806,98.5091304265762,98.6822868226778,98.7176535841664,98.6267834455194,98.6751338924952,98.6747855694619,98.6629829414913,98.6733642791025,98.6308696739283,98.6610783382932,98.6656270659694
119.104131937129,118.69810971154,119.065300210582,119.710091071419,119.306191782626,120.40792077791,120.668299364703,120.705739502847,120.878430479091,120.842903024823,121.42576614998,120.693322658101,121.28161278309,121.368165278387,121.508113295154,121.513628151637,121.469094809304,121.417016305465,121.495430584539,121.47927077464,121.445411310654,121.432114976816,121.399100972465
111.745800972327,111.290670653913,111.617779080173,111.846023599628,111.802515894735,112.023394512536,111.724789272571,111.999372988852,111.701234964314,112.055507141027,112.152855693091,112.10654441903,112.146895303678,112.20598963413,112.159959342075,112.194354758849,112.191465690166,112.213819416239,112.168460229739,112.194630782753,112.149664079156,112.172541708147,112.115010377993
61.7484403298434,61.1430631274875,61.045559716282,61.0051396045808,60.9673033012171,60.5434911926079,60.6327760023453,60.6625426268665,60.3953164076518,60.677957696051,60.7298220140542,60.613715994417,60.5811704889715,60.6002677467985,60.6223699264932,60.6021466874395,60.6068552605434,60.5558982210047,60.6168539591917,60.6175849508406,60.6254616215385,60.6216656721766,60.6032347808545
50.1952832696787,48.1645278847405,47.8760666503748,47.6385828569881,47.5553235618185,47.4142898634071,47.4629391204812,47.4105106972996,47.3750441172866,47.4567335315407,47.3701183869852,47.4562906435801,47.3789562921258,47.398010033597,47.3713139774164,47.4119743071456,47.3910547987583,47.3817048783785,47.3680010855717,47.3699502185888,47.3621999306456,47.3884576752967,47.3652009579296
59.5884051596685,59.5781962773903,59.7270310919224,60.0653826708022,60.1242682515713,60.1838389045905,60.3811978068096,60.3069762677978,60.4553081805773,60.3399364109488,60.414862783072,60.4308829731728,60.3346296634162,60.392352633542,60.3989266117881,60.359134205159,60.3564146193462,60.4019684316224,60.3786565879306,60.3850873981182,60.3640575962219,60.3524980427255,60.3452127422759
145.718051646755,148.58885794981,148.789892250719,148.882375031389,149.821383284791,151.032511182195,150.832112097273,151.815232033881,152.2006247158,151.916845281872,152.610109091948,152.363890159648,152.66737838137,152.976231010742,153.048255629585,152.975253447406,153.084420178535,152.934535752975,152.945983951901,152.997395409345,153.00590832961,152.94567341555,152.895928283044
105.489713199858,104.653600767012,104.338577134726,105.040781452839,105.234046052187,104.630517376793,105.978961737377,104.763916584332,106.225300038478,104.789956985702,105.713845493432,105.218855948323,105.269455102311,105.621704466891,105.392485199317,105.398712696472,105.50945738825,105.563973620146,105.472397742045,105.486892062374,105.514414205299,105.498404143571,105.529728924418
154.218349369772,153.976008350216,153.891528239305,154.556469244966,154.389147618425,154.072909209637,154.293341495524,154.105271278077,154.02314422953,153.999376387479,154.380497911442,154.068681248932,154.044890731159,154.049871427735,154.057030505107,153.994031689454,154.05180518025,154.050796306691,153.96622084642,154.051384496207,154.04202523007,154.045759194634,154.067267144142
84.373457949636,84.3429580779766,83.6911957875823,83.3039072582512,83.6264093607711,83.2005837107223,84.2369844939026,84.01195876728,83.91040069525,83.3886336934359,84.0202963786988,83.8722325659385,83.8505344705324,83.96618247099,84.0584647836404,84.0489859543313,84.0447552470443,84.0412796206855,83.9995385072199,84.0023987485224,84.0132735940637,83.9642092021076,83.9832304420782
101.226612360984,100.201422922696,102.0676674284,103.932765106024,105.357977062067,106.207214909763,107.918928461629,107.765785343726,107.839462107608,108.096963128088,107.991640925189,108.682952801907,108.752418281805,108.720015401419,108.789413797235,108.585743147059,108.748508541381,108.670793122287,108.65177997502,108.632244079765,108.544832744704,108.425815891338,108.423881780372
55.2860517136697,54.7153726292767,54.9192425281342,55.0904432295306,54.8814993324093,55.1219082404598,54.989918568897,55.0405935936181,55.2088370496479,55.1321521446584,55.1345996431106,55.1647725552689,55.1800456932631,55.2210462159056,55.2127163746096,55.2185801468345,55.2059068902091,55.2072050158209,55.1959064057326,55.1842068414152,55.1883199612086,55.198701702892,55.1719371795764
