"V1","V2","V3","V4","V5","V6","V7","V8","V9","V10","V11","V12","V13","V14","V15","V16","V17","V18","V19","V20","V21","V22","V23"
183.918266001908,164.77391496486,159.734314364391,156.552887285183,161.016188000663,159.568014737884,162.798800806695,161.654060038289,165.440693755586,170.207933928706,170.737519557614,171.519904683375,177.334013696598,178.860578814296,181.540684182121,181.707612913492,182.970411772535,182.880155170585,183.07708152017,182.93626012325,183.024678712519,183.065497012089,183.045555489773
306.991359604719,278.745955169203,284.029461090592,295.002873512262,302.693239311899,302.458952788283,297.349131386697,299.562707058618,298.297785791109,304.511176520575,301.636956160913,303.016884950803,302.226683358936,301.08448270609,303.203939713822,303.730009852037,305.443587336083,305.001511383802,304.964871741101,305.320554581735,305.400181042015,305.332234472708,305.351397578362
457.894404662057,464.929824662385,441.689586387416,447.034296660735,446.057771503419,449.740248495349,450.786061838821,445.722054600274,441.786500637879,450.794470518568,443.389814335811,447.66366520931,449.150391962199,454.118513547328,456.175129778571,456.387541801977,456.859879475937,457.367975746027,457.22378780927,457.425378397614,457.623594930789,457.66166335366,457.656537301227
462.763853709022,398.414784707334,389.120712433944,384.708628264495,382.402483880732,380.981919578408,385.223790695817,386.644738861407,398.547612858347,414.196159125586,423.754843640357,422.972639372025,444.13003032621,452.484615177939,457.192328840454,458.631183903491,460.04608456367,460.028251136814,461.186279376589,460.878240888952,461.115710638153,461.060153298121,461.036267369656
402.819480868454,397.627096427111,349.713973194469,343.085829260774,344.14642705315,357.18513630091,369.760039000689,374.666383798123,375.053547924209,382.065698042312,387.241212091597,385.882158372152,396.529049967227,398.302680039413,399.834570390185,399.77816915821,400.663834924785,400.839865713155,400.968233133812,401.003959901579,400.936345105815,401.080728136125,400.994177866614
397.941739424548,303.639135984172,253.855346080733,254.992653171709,277.682764461765,293.061930019922,306.029096474022,317.843096867815,334.241482375985,335.104945751216,343.63421794971,349.231318723058,372.603519026921,383.346814675032,391.607210919908,392.590592509001,393.393568870522,394.536256312542,394.8233773889,395.77143232684,395.753220819146,395.885683983239,395.813362139838
159.77840341331,163.372358507054,182.042647549321,178.507474164638,175.942951200312,167.385086472693,167.359160081231,166.553150200138,162.974077864215,162.310919230523,160.561356221137,159.260820571461,159.102067670665,158.493143658099,157.607429318476,158.522736581567,158.275326636986,158.339441995712,158.51389166538,158.576524807575,158.584441412717,158.564763048005,158.622922622152
426.461451574144,358.331912890159,307.759393167813,309.32552719547,339.239098940493,379.721754822974,386.74975135557,391.241082118525,406.499944318568,409.493177287872,415.803335142151,413.934954858077,417.704345581259,420.858456902323,422.041089623899,422.564888612952,423.877894689055,424.608060601342,423.920825594185,424.009108587207,424.576299473321,424.407066823072,424.391125949595
244.252055419802,258.75584524863,210.320560979868,200.47557684185,193.946189024704,188.354133572858,187.784685664875,191.651269581519,194.896516884201,201.149301892985,205.862223395499,205.89027817947,226.667430610891,233.674901027461,237.226104235455,239.019697947622,240.470198071872,241.018974910602,241.332989563295,241.855709369758,241.896607957489,241.99281779953,241.94809041171
514.771938654502,528.043863892993,521.394403543678,497.505720708073,488.372594510943,483.801919892709,471.935116032426,481.845334484163,483.795463985184,484.866495505961,492.849668216144,492.994566433067,498.653149079908,508.782357548337,508.635232081642,512.11180372523,513.543523747658,512.651219019129,513.559169352238,513.72637530017,513.799091243633,513.93153888017,513.904896454955
177.536746306524,197.945774957348,194.302057498704,184.666939558646,180.404513387341,173.270856823938,165.75766633134,165.724425890891,163.818911270077,167.772363372032,166.217369717374,164.106897619396,169.95523892773,174.532760247314,174.499168876384,176.691342873204,176.498795878129,176.396538087133,176.452899962442,176.623251267131,176.677783303186,176.748909446471,176.705179472566
247.81265679542,240.704617627437,168.971492195015,168.714630594581,181.821871640143,190.170246495606,198.565082384562,206.98593271054,213.834672357584,220.766319876918,223.524671075004,229.607637035973,234.716061418204,241.859842627313,244.292176838632,244.752105660667,245.465529809666,245.240731167842,245.876855749606,246.043223778366,246.27211934325,246.340947647022,246.354562708998
142.443108843952,140.292998800894,140.689705323673,143.838500575684,142.579314668177,148.146797282576,149.856849187054,150.876626152294,152.770241426259,146.745259543056,150.031316600406,147.49574196348,144.194086438867,142.649216760438,142.325432271861,141.828522030702,142.298779214735,142.300890873246,142.51811039525,142.390251634166,142.284774296198,142.292866701557,142.338777476789
351.259683958022,303.330842919117,248.623986979688,262.792096944349,273.924987155302,291.686895692678,307.58458947279,316.279737972366,316.991555676782,326.244690882962,331.467147669689,335.811619801197,340.844546399691,344.273755759443,345.543736406627,348.177124290221,347.978292314468,348.414147014812,347.9979479594,348.723031765654,348.609112701744,348.72123296462,348.638043220317
514.132123446668,507.580867664231,521.41205889071,509.254692051572,529.645727159051,532.642217870283,529.178543230467,523.007884560895,515.018887387574,514.695814218457,514.193619192485,511.56954440267,506.130031552728,509.940695617236,509.186794032489,509.155239312525,510.662468665295,511.94492077046,511.741295695648,512.289747380302,512.402685844358,512.707620603311,512.81829227144
154.740644441281,148.220139406716,115.303895438454,112.083049887985,121.531007148193,123.225145554434,130.313211193721,129.982684478147,135.259694090707,138.459331755571,135.693807171322,140.208006506806,148.741117941445,150.003913599356,151.32335149686,151.976198955253,153.390601961676,153.650144456274,153.532360281526,153.693963256665,153.721945725744,153.775905520792,153.792981375471
512.217589680119,489.382011946344,522.833996780788,523.273906856028,518.921947819171,525.125351067653,523.045846269517,526.173196240564,524.622832499716,521.746711705802,517.804667477519,518.285634898588,514.485649936566,513.315241660129,512.12556978281,512.165235867122,512.312966897321,512.345099610341,511.882987014205,511.946416226738,512.080163424054,512.195308033489,512.183925159789
797.610061824025,785.929612224936,785.961750134399,785.880238940593,790.230402048385,795.666188763293,803.834703724964,800.451019742382,806.70106217692,809.749743479751,807.989847800372,806.7578841672,803.84618506729,798.641270242493,797.997502257746,796.847113591527,796.783703369042,796.908265673113,796.936522806293,796.580849454572,796.948077155115,796.851149432058,796.927270522716
448.775099074755,433.133050612074,394.804937742668,401.236107021795,397.966446016831,402.290708288226,408.791051284148,411.901271172187,413.404256616816,414.046102734465,421.929766974933,428.51856448439,437.014551030701,442.347095392519,445.31246433876,446.522208229872,447.70886444806,448.015685075692,448.328858537239,448.279076161738,448.393666352263,448.427539410691,448.36464275722
196.929932675124,189.752119239893,187.713143973631,175.912410068769,176.060840142956,180.971890427032,184.956287999368,186.097971830853,185.816402367625,187.970706687026,189.454563244763,187.225124123447,187.209992429175,191.221298871696,192.712708790354,193.72482149106,194.443385894893,194.572891850158,194.673763166386,195.002552215815,195.120619156933,195.209148596357,195.2124874817
461.21509193548,417.305724616688,353.789047746477,349.935786045776,357.113228785888,382.764090610716,389.152593045136,401.630297322872,410.110206240492,423.435174293071,430.400496145168,431.431338621001,443.57563663888,453.075867860219,454.920037137269,456.464985912522,457.531611678657,457.975063131449,457.84232405875,458.230775023624,458.306782033334,458.226441044861,458.141445480085
273.861988185101,248.039895688747,222.037900303871,218.934578597934,220.86317328744,223.45268805349,237.825933284963,241.004272723832,243.304778822357,249.959624721931,251.943034142636,262.927094330818,266.07216185406,268.728530392251,269.936693003309,271.398546100518,271.932601681402,272.23951688731,272.419751308033,272.498393551791,272.464413495694,272.450084906636,272.526424908475
334.399160722623,314.789562123308,319.537055375451,314.325046654087,314.482129283365,314.403796190507,315.367139057305,324.105670459723,323.81756305217,327.124225779519,324.256360107882,324.04746086364,329.790683714966,329.125197188589,331.50094252373,332.96163210438,332.714422294024,333.054659568757,333.401434692073,333.353034485376,333.304212637977,333.405328911599,333.344430695968
250.148091252324,244.082004793919,223.374901259312,227.793886248809,234.532626750497,231.406666581084,231.030764912151,237.913473403477,236.415590046997,239.742624748589,236.666901932281,239.550306474058,245.190249321206,245.527635685164,247.262805179862,248.402849685387,249.266971219438,249.405756627286,249.365467511182,249.624815161503,249.523477230951,249.470495593053,249.580829649989
446.785711585162,427.702487582156,323.301304362244,331.469512922592,345.329692733757,360.307482945871,379.424277089213,388.131556315524,385.022790273933,398.617737685503,403.576687864504,407.566394328878,424.989550861417,431.828870538985,438.547039600913,440.127607298898,442.707310445624,442.565449938713,443.728952325057,443.745037509392,444.018266019999,444.214311942344,444.154262404954
121.220866538381,130.791136967387,126.915498098358,122.449616992161,127.139403829256,125.269181050228,124.200864949365,122.268639376344,120.067146511383,120.426317632317,119.233994475797,118.135341076714,117.266835956169,117.782036587266,118.361922461504,118.415890804153,119.240250100614,118.886618110615,118.945577114854,119.165231053197,119.014447711987,118.997743969979,118.990257993986
394.353765257799,350.228137211381,364.724691666606,369.124446568687,373.45211400158,382.105005297584,392.313923781101,397.868428245222,399.835495220224,404.661854374251,401.453899523673,400.923136366346,399.398723767058,395.217075442549,394.107863766215,394.314678017048,394.286176232338,393.304929769689,393.487337738291,393.363385661332,393.32961652826,393.345592708945,393.353857563889
207.145995856154,167.344117463967,135.708697427571,130.605366977595,135.213552467256,139.119594275293,149.981300696489,154.660063490331,161.793302612131,173.682864887336,173.115282960874,180.049413793577,192.779531839662,199.371835621183,202.650249518757,203.856202839009,204.10531829069,204.843152333915,204.950097309193,204.726314600092,205.239743219769,205.287977565859,205.263188131852
569.392769296062,552.149650306084,586.166127478366,587.66452629471,593.259232496755,577.582928279438,579.175052454013,578.907622487902,577.828567067073,580.843728440176,582.817357256396,578.676243323765,573.321396815193,570.91841061107,571.081850883822,570.756785218049,570.313307004437,569.704123094571,569.75907654902,569.30439133911,569.522938597923,569.54409690531,569.689412949315
355.617023871617,386.220326091205,366.023206577966,362.071029330537,359.769125478352,354.821715874489,350.995527457178,355.473261352488,352.722982711153,352.680742427814,350.835242832294,352.812990666391,353.066146679322,354.806966142482,353.766872734622,353.694174358353,354.66142354985,354.599335272587,354.363591896536,354.421868969676,354.593879299297,354.620009394675,354.608711016001
306.60995849583,313.041320604138,311.109452230531,306.323264370161,301.151712295876,300.313807720253,301.266084587766,299.958558228626,295.944420895216,299.993404883798,295.601632861578,298.279947846768,298.405441418431,300.899008158029,301.806811752768,302.361483323486,303.270542498153,303.858211077745,303.837682831073,303.875062797537,303.774831972871,303.900534222795,303.853628167074
362.904420913207,336.400498590548,253.251166212118,240.740445946071,254.20332228925,274.386494152775,280.602423525277,301.537081048436,306.416269503174,313.508932104179,317.134405549943,327.14072957435,346.080153670709,350.571619590113,357.037641383203,358.032422129825,358.657462045616,360.055872501753,360.515669599146,360.400144620315,360.676507887106,360.722250891823,360.735145786112
354.122159142786,304.256815036281,298.011861610485,288.57842720225,286.605240438223,295.545789465513,294.123005082596,305.993978119697,306.41815883689,311.770008683172,318.613958494343,320.26881810102,334.106276028865,340.901456454157,347.050797885648,350.098387333676,351.647326888996,352.013381746513,351.978613662557,352.346434913582,352.46989803589,352.611390300032,352.634770820235
232.30033925295,194.011806785666,153.508922810196,155.999190411908,162.165116106707,168.65724293366,174.577625653019,177.320213923164,184.128856297565,188.988919277749,191.287076602022,200.640310342491,214.448867522074,221.512269977052,226.556672107416,229.484510486007,230.490612978288,230.790143387733,231.241222509791,230.951546420956,231.472434607758,231.418860188005,231.537542375946
369.24384612081,326.938644091474,282.250508554459,288.681158649613,290.242831267319,293.131765474815,306.160612527651,323.128846503336,327.468884170108,342.71589473128,335.918852077825,339.744727862134,356.130779960436,361.108744784702,363.810324143899,364.939743834998,366.624523531061,366.737231457641,367.309403753111,367.435758151631,367.584380971973,367.788557080276,367.732878539974
360.313973623995,359.278294953142,345.312320121285,334.18234343861,350.329463008453,348.647528316254,361.451466064946,357.424489209269,355.693924768738,355.699274856971,356.737296556604,358.290399521842,358.491388281522,356.671097516645,358.182913039826,358.142194341878,358.239079298097,357.927527588943,357.646229540968,358.144626049597,358.066335661356,358.013285528133,358.036729544569
263.893154835457,256.197457212866,211.035559913777,198.340014451974,206.443279637901,211.528798440608,220.588553958824,225.402388807805,231.105150998023,239.555496169053,239.768768609653,242.302397463659,253.690623297383,258.358544866914,259.63937398635,261.679966244421,262.064545464073,261.806509255761,262.419635558799,262.555694054999,262.626073283805,262.641729280027,262.707302231869
257.259250804999,216.412013930216,149.407475963939,151.344531396064,160.576243379314,177.648321154016,193.869814641477,203.534395269872,210.781258100905,214.385828010049,225.817813201243,227.480336273951,240.596860650265,248.955447682137,250.791832324001,252.943234697777,254.298501235576,254.243531226648,254.246291517963,254.519420904786,254.732880459634,254.712358303258,254.692544901043
326.399014024617,319.648668692765,300.126605175327,305.623654866475,300.335431977679,298.696657131715,298.669159506645,300.291229983436,305.783065262937,305.575119356134,309.458701126648,309.148074858253,318.165452232179,322.206028518101,323.111946851194,324.706956407732,324.957004626082,324.323526685616,324.916671432054,325.078743266991,325.154295528114,325.212795522275,325.218539259241
488.744985225849,451.516925013949,450.159168123522,442.45864424867,435.62588077769,434.937721293768,436.3024849209,440.476380548519,425.887388371482,428.873777757081,441.742278190252,441.843954316721,455.756498458444,468.636418312935,473.536922948542,478.015137684764,482.526783704139,482.21962451162,482.980269346571,483.226617253701,483.671359832798,483.939629398378,483.990751489164
247.651155444718,252.48443708203,219.346630208365,210.809504458598,210.458227340053,226.853214377738,229.047554325592,237.549480366254,238.261730618316,244.550387347772,242.087232662954,239.266129831336,241.459504072237,243.309739734938,244.112522314422,244.986383029725,245.7711838023,245.690322281301,246.222967401974,246.148702044986,246.142709416737,246.159417103982,246.224894064965
675.879156090944,661.241049190756,677.491450118286,680.643872272588,676.776427860523,679.689866119834,687.625453347322,684.507249654318,691.303537137073,691.571957207835,693.203021548553,686.196945870736,684.575435753744,680.147209195815,675.756450184415,676.063810445886,675.355904062446,674.838105815854,675.153176374045,675.50023276944,675.149179673092,675.063623800587,675.224849112304
732.867796856613,717.244370138906,788.809232644231,803.197371367603,773.367573946799,764.674110308214,750.177116285564,743.138232736998,747.729319685614,734.377814981818,739.761568661875,730.181199191813,733.556286519006,730.195973457515,731.627611358406,732.078369249128,731.324405623796,731.191336988632,731.35604230631,731.303632907189,731.351947467293,731.328732434206,731.441412448463
290.610815817452,230.906018949817,217.735671334989,218.296459357152,227.811027391783,234.214222248293,240.061572405173,251.421735776977,251.251619169825,258.917672040426,262.730496350277,260.690838090667,275.986452501964,280.209762732313,283.31455044639,286.534835636955,286.74957284346,288.139731440885,286.954640140769,287.994827726284,288.339681898785,288.349652496263,288.379264811375
444.792217886577,444.231011624428,410.457409364584,414.992211130468,411.149204394328,410.627974701346,415.274485917434,415.724680039927,420.961764672115,425.940059036289,426.014522933812,428.06209467207,436.688376984691,440.259485558421,441.646684898568,442.607920577372,443.904116315741,444.324955638513,444.144391582353,444.075037074158,444.35413335735,444.369845816609,444.406155779216
201.103708273689,164.12712444145,169.266711710759,163.880260446896,155.394019610789,164.796599851466,171.200920961933,180.372856912202,182.095635123153,187.487661305214,188.685734281807,193.531572062095,194.55039139143,196.569280260682,198.409917110154,197.868038788764,199.183192782502,199.352464996827,199.400481577339,199.41197862519,199.600621601788,199.530177885108,199.60701568582
536.590086704497,560.142928148864,536.349120210071,548.95843626296,550.005205199808,543.510097610749,543.567049840983,536.332852209196,532.863234923638,530.836499833423,534.051513614835,530.59967978223,529.241691068687,532.038291731158,534.856321563112,534.590017735876,535.138302932905,535.675615212543,535.503864390341,535.757646350373,535.927863337374,535.941801306602,536.019887355344
202.265056383565,177.789153475359,145.471610694732,132.42367224978,136.100777226039,149.084364273251,154.288742044975,163.744191686115,169.990329553061,175.998258330012,179.28441618409,183.905511411438,191.251938114335,196.349410795991,197.522809105752,198.761740006897,199.588517231278,199.818082296169,199.737604306578,199.982022637683,200.258024050721,200.393987028418,200.339064498338
249.902275898675,251.989065750637,259.259329457946,251.451345595709,249.198929185646,245.397725143172,245.88134867432,243.391870616803,244.041722065747,245.039600233304,243.875557243432,243.238520961072,242.041779513763,245.215946713285,245.439400200857,246.149931026052,246.537804192678,246.843466049832,246.981220201377,247.017920892096,247.074721977568,247.143313405477,247.228956675422
382.97136513237,330.738131544573,330.8656965182,309.208443980992,303.959899148205,316.929270677439,324.588252083591,334.249251291469,346.267429890491,356.397911720793,360.143827374769,364.09854678564,375.960850886078,380.84877460679,382.683499257334,379.995362138971,381.694687012356,382.330410154883,381.822915238152,382.505002399604,382.596622672943,382.753587060045,382.702582921692
260.67678803084,204.910412066159,143.126196725598,145.462446831217,148.714697742039,163.165121287219,168.698168803815,178.097100340901,190.808233514188,201.135459408196,209.801037099126,217.575336783669,244.208479223828,246.969480486526,253.412634674782,257.889193659441,257.921900815747,258.191515805728,259.249419874373,259.488038329738,259.874049529478,259.863994906731,259.9201690768
376.49257253002,295.204152482743,253.779512323411,256.13507381669,277.947239019137,295.079465773655,307.321996162605,319.191600327826,326.143501054396,332.464743574953,340.319005690874,342.43183866916,357.608205217091,365.57666440613,368.630235589487,370.468348219237,370.999305836663,371.730534148435,371.704209833252,372.39406905277,372.534643018702,372.679776066855,372.694310938238
473.088770124661,444.004176210856,381.409973723935,377.869916354926,380.598914128659,396.878381438991,401.700140549552,413.296718774863,417.659145206788,430.096074959113,432.470723043274,435.538362043849,454.916946561582,462.9268354905,466.940747918656,468.288457861401,470.236783535358,470.146708789466,470.732100643576,470.671475231009,470.895030563017,471.059774801464,471.078135320003
143.553397839676,148.154002117672,104.154171698124,108.028742768252,113.173773313274,116.144293560644,121.304857578994,127.391755356016,129.016596805525,132.989238805275,132.532243234068,132.692091356506,136.107870020623,139.521919121937,140.619749819275,141.334555153769,141.436080893968,141.496170622519,141.895999124116,141.835116974013,141.847948308746,141.988541231383,141.93310184064
460.768444539605,415.629149546778,289.934184418379,273.913156181718,296.037580761633,316.395528781495,336.61502201439,348.336325996708,373.528178113331,382.509837554408,384.645621804321,402.716758539878,428.344985511369,445.524406619559,446.634284606051,453.588091003826,455.210784987096,456.095023486978,456.800341591982,457.710334937942,457.650438846883,457.786244461924,457.700693344831
505.521980202288,483.503310038527,492.702464045318,488.634313281895,496.884794936123,502.209848456631,502.891195482058,503.929418234204,498.870556213524,502.370508864969,503.50648025518,496.543449038045,501.748023987158,502.946541099124,502.914055133749,504.407255414133,503.989107559567,504.96761660623,504.49525249778,504.49429298068,504.914906496595,504.90090399701,504.868074168147
279.381394102488,250.441414480455,213.965827111505,198.912976758193,207.273560293858,214.057906791593,223.371636069885,237.116878212727,236.036960793215,246.99534319147,245.928159648041,251.818777620399,268.557607347012,271.485734698346,274.82410203217,276.545588240689,276.916972106339,277.325472823424,277.596033981277,277.470307073303,277.645603181327,277.595026444268,277.502386431305
307.044920375351,248.361673662284,236.676905027635,234.233381051933,256.553872514453,262.727031401491,266.512501226095,272.855034618493,275.151772633554,281.886652088035,283.054513809688,286.167524192753,292.330914147192,299.070535986571,301.649454735851,302.563900989531,305.000046048527,304.176520919827,305.430507350287,305.36630556729,305.6321713005,305.588386690467,305.644844605228
496.254102830336,473.84459199393,420.991710271667,425.644173954973,431.902876652177,441.527968340513,441.39424012321,437.453124972379,447.22569158838,452.35733901792,460.941921679969,453.450697280135,473.99874614284,480.908519250948,489.673671843368,490.729750942453,491.716060225005,492.278039137699,493.322282940206,493.518976599295,493.766544277959,493.84843998304,493.980936717555
137.571018451755,127.527350127827,129.385838310605,125.143946593787,128.585407665703,127.870422701019,133.611190364022,130.802486750545,132.568246372176,134.617345155989,134.351397246589,134.718549712229,135.274246555392,136.120439560646,136.306099782237,136.432844422029,136.742497985424,136.511825881244,136.541845035026,136.646997295866,136.655060462537,136.592684419461,136.639163995108
443.380491755094,276.135594534339,292.804722061536,293.019359668201,328.450829598912,362.966816289287,372.725152444701,370.193668783902,372.252315874293,386.327899106371,389.794652308702,402.842448615152,416.35934028506,426.896200436149,431.117711545635,433.209254542012,435.277066701026,436.155589054027,437.514877403509,437.535672049367,438.291966464286,438.706408943253,438.914430041728
370.840041749344,366.541733985275,354.409149921423,349.136081888997,362.854785244151,358.567425260427,359.236630093697,360.730861327486,366.438335897442,363.456627100712,364.052704443758,359.044804972067,367.996797132255,368.114994187972,369.110115917325,370.487445129082,370.659961597157,370.284202567279,370.525274277873,370.562016603092,370.679449970633,370.719710358249,370.746283533294
504.788202652965,420.289395488471,442.334762487031,469.27724872935,472.414853088522,471.067192400553,477.191330928656,464.598779938695,474.460321332847,479.127086214661,480.974056987882,480.81615757028,481.190691159051,491.733648194438,498.010942031834,501.881088402831,502.183209417198,501.915515781713,501.944119272501,502.654019562955,503.112916057468,503.016052381936,503.141380276113
322.007288425303,262.031011743264,181.24689640914,178.022303052462,192.574847870739,211.19006616824,220.104080819305,225.597349982033,247.551032401534,253.861657100798,263.100911577622,272.275401948084,296.392172401944,303.216953108251,312.641092721148,315.362961971854,317.498309920194,318.508683414463,319.955178888634,319.953053178163,320.219038278463,320.244759025199,320.248517696871
350.90902251564,320.805478646646,344.160407419857,352.831545095013,356.523194635349,353.905171381753,356.245355319379,359.998940943271,364.490792716347,362.303381529333,357.508595206267,357.8538852702,357.413197848065,352.516758462712,352.268383000596,351.119429736405,350.540735474079,349.989427336532,350.189178635304,350.017873435068,350.109281883718,350.052455178237,350.022488887464
451.151607312405,442.993855423071,408.421452769331,407.398062451852,417.94409879741,427.290720671803,424.47743992112,429.723113413029,433.822805394294,431.654470534878,435.046016650605,436.554538528297,442.97559774444,446.316648290333,447.547840948009,449.150067730204,449.894580960707,449.639635635663,449.871326802578,449.996811972386,450.110198647513,450.078638043262,450.112404840509
266.859429901992,225.976190506116,182.969141672902,180.340152426766,181.137233627877,191.291212545628,206.461751468582,220.781261191509,232.67886903954,241.015089720614,246.257506906921,254.986921259507,256.811373924532,262.569154781636,263.552129434994,263.961387868282,264.411476577707,264.988084539152,265.458044347179,265.374530796351,265.282838144188,265.344048404247,265.328459840998
249.438343678903,212.898038358101,142.556989529981,128.699986491091,144.79107518177,154.451313988321,171.953649834804,179.870673982999,190.842613207366,197.448266772073,201.474972672731,208.460168534545,226.003864163642,235.203509508195,241.645000016556,243.811413042126,244.75440559013,246.058308639791,246.423669942217,246.260404500142,246.402368536699,246.556337863423,246.507576368661
191.891075043241,162.040355679532,126.575531873047,118.938138882578,129.968442321789,138.348619212056,140.825101529075,154.107926024376,158.261120207888,163.821123508666,169.856224042057,170.809989914209,181.223049328121,184.034354845983,187.528132712269,188.495376046497,189.170612157471,189.411539970446,189.502186251165,189.779962297322,189.817996606801,189.834056674447,189.898222522958
280.865241787246,207.363921669962,171.644187137413,151.701248932288,155.125906559015,182.473165353449,196.276466352468,199.718125078256,212.269777232763,227.537207727471,228.02407053866,239.215783240499,261.73081494783,269.55642564035,272.602550430197,277.350848755738,278.018352268894,280.135423480921,279.121928302184,279.803299027162,280.399485619786,280.44902917609,280.534124155418
234.863439516112,190.355244149646,138.849935294386,151.585384451759,168.305711262807,177.237411751932,180.662687719277,189.15720473251,195.387616688075,200.370844332009,203.093044603697,208.873933823331,218.60844277986,227.170582517707,230.574396204846,231.632107348479,233.348592590375,233.143722949464,233.761623941056,233.962299280458,234.005188336818,234.070162916426,234.117638633416
156.826578272557,143.142586958125,148.445046249321,147.042397738348,152.29282364361,152.633317985286,152.22145081471,153.436758998189,154.80402624855,155.776061595777,154.781527288031,154.395187303268,154.64005886347,156.359648956072,156.164375406097,156.472875847662,156.728808722165,156.659319989478,156.41657491678,156.628897675608,156.768594379179,156.743340788715,156.771436946749
371.984515839275,326.226899839732,265.287779774025,271.529923087374,289.769207412838,306.547744046314,320.968096124856,328.817803218086,334.084054945506,337.76837676051,343.104553140961,347.386227007908,358.665687149075,364.116483642346,368.007095680112,368.516833682605,368.38256945309,369.371204156774,369.834111365882,369.547625021439,369.808730748681,370.048666362298,369.940052299651
506.675475091668,541.931507425638,525.52165548714,531.321771100858,528.280899636095,531.895134570756,535.412602231321,523.585111700903,527.724283798244,522.604974219462,518.535947973742,518.159764483483,514.906436506888,511.567776956275,505.677403702286,505.97019292358,505.912898010102,505.941580902742,506.354222611321,506.061555853479,506.016820775724,505.99055843804,506.068253197412
315.779080134518,229.706945585694,192.624195544769,192.924189258891,214.091364458527,239.57438399181,243.185667584125,254.950717111451,256.305814730352,270.190287398314,275.659327206746,284.438835370096,297.005380997163,307.044509452399,310.209480377855,311.58261263617,313.985431121067,314.161198339622,314.455615341337,314.357869281039,314.525763546523,314.642420036439,314.740151251227
174.220904567302,181.179365541204,148.294606075474,153.040191740477,144.09989275095,146.43412849623,146.740615077846,147.969763120112,149.339052515683,152.227056650982,150.199590509919,152.113410311228,162.447613306499,166.292425801981,170.399106433619,170.980131548088,172.200491181827,172.711556761371,172.811479463035,172.737161217524,173.267844130826,173.269862131451,173.340339944087
333.389311950024,346.450399201341,321.605184376652,337.076349353482,330.794011146981,329.063089122865,333.519392580786,339.280790341932,341.445116746304,339.116650180002,342.469103280279,337.709882764671,334.717110818396,334.137079516182,330.980162535138,331.316463193697,331.938010179974,331.806986985497,331.780615174347,331.73093296254,331.757411340903,331.636972692536,331.697166157869
262.430021508956,240.853100491308,211.386841874569,186.390875220487,189.992921821808,195.299361248242,208.236864503962,216.439349313369,220.393914362431,225.625180643513,229.159631420414,235.774518701209,245.353200998273,254.646006405604,257.859008409099,259.410913333826,260.882450382394,261.486176383693,261.376847241297,261.698179133015,261.538783951095,261.611826432767,261.63218130984
381.056064910806,288.343299563715,213.451655084116,208.098364779124,220.754414146019,268.147383939962,273.220608291937,285.749057499525,296.181580076617,317.159229144895,320.232378420415,332.429639837809,353.574268765968,362.701072075556,368.791281147183,372.37565611561,374.211362960058,374.699825623802,374.752511916449,375.424886635933,375.977207802981,376.079226202715,376.090078390796
225.63055606923,232.602389431415,229.565889287981,221.974751966308,218.527505950985,214.155367470773,214.731712819349,215.240199826981,215.734798518737,219.076567360357,213.210194864123,215.90250643411,218.633287884233,221.024906306518,221.91117240923,223.047663427905,223.122895907051,223.268626404632,223.706306167359,223.753791754408,223.971697737663,224.068084084571,224.050664003811
273.069731477836,247.717838081367,192.654578446894,194.110090187719,186.313374758651,204.179648645573,216.201286245684,222.930791929848,234.247235154868,238.801103578656,247.028626084537,249.321708508922,260.987027383889,266.475418407352,268.869848795172,269.610310736493,270.185762878057,270.845535174745,271.072330101064,270.937631075065,271.283578565121,271.33806818155,271.317268171486
275.289251230434,242.478422827246,160.196832542104,150.590549772243,141.058981349537,147.319220219536,152.137537925128,171.496186197424,177.408747721666,189.282199116306,196.078962719335,204.499392167871,235.338028371372,257.755537237175,266.61976709839,269.688878614962,270.578146369475,272.244261130634,273.057387586508,272.948923700888,273.30728974263,273.289424930136,273.19564909122
203.554907084075,178.879760647863,175.602541275405,161.995336105061,156.055892471064,160.172435497764,165.457662897405,167.608148200316,169.800138431454,168.355990251458,172.913287204915,176.645566102719,187.828271388707,197.055230886161,199.047825207745,201.007457410327,201.85931483043,201.48464783566,202.081890561111,202.528690998567,202.555724999314,202.518487101024,202.532684315161
89.7317969838914,86.0698930861662,70.8630038186401,72.892595265074,74.3804952935964,71.3064976914327,70.0939935292431,75.0169330226135,74.2576145836419,74.8478221277564,77.9672007241035,79.1960701439221,81.9614344129295,86.5461200469386,87.0438134192996,88.5616784064364,88.7201069640314,89.2729578250517,89.0979444318711,89.397699314259,89.4193095105601,89.4235684376458,89.3756466881745
444.041635172404,398.544339497837,341.488147184606,341.586853172789,348.349324285036,368.057492852541,384.64826516502,390.557528999754,396.148926771253,406.768012361113,414.432340606254,418.79308726224,429.668891827292,438.785014420738,440.218777342005,443.457030322435,443.55773471261,443.471233195454,443.241071293882,443.906728422954,443.942145110141,443.887886923804,443.909822924344
336.638189325147,230.789318364858,165.251797347278,169.66054999372,177.816963847647,207.35469262219,229.039313129268,237.3153663149,259.629002945215,270.21034292543,277.976542487773,285.030981275802,309.82187139731,321.023201978893,326.942208075189,330.053748881573,333.697409303935,333.525269460748,333.655150127198,334.133329790079,334.738474136071,334.897620533344,334.85697759414
661.273611062851,654.480212033461,680.939243523511,713.447483256238,719.591685400756,711.597133611464,708.945953243238,703.596799715814,695.298472773208,691.212159715649,688.425327922102,685.523644424342,672.01402905196,664.92943832743,663.887315435445,661.364993102561,660.07182094886,662.140694857043,661.227895310574,661.13302742874,660.799097559518,660.899138678837,661.013218766137
245.659478059743,228.600954451835,179.150331382792,177.388455988585,181.196516433633,187.223520702431,194.247927950379,195.832672841389,199.345342476369,205.460031300872,200.702414734286,207.92515863182,226.112747675186,236.493492623443,238.910842714565,242.925488264113,244.313917356074,244.106824893567,244.465265706487,244.761153645204,244.81139388274,244.823891490446,244.862622526234
361.680611459088,359.344170848828,354.571242845793,342.755819180738,345.898120773454,346.926397664344,350.391692281395,353.632223331632,351.82252637815,355.164903345564,355.92013496789,356.532959999953,359.84049635911,359.687815901482,361.080496820643,361.05344399367,360.82854992565,360.612519701166,360.704967873191,361.000024803752,361.072470500861,361.016248217297,361.013729463223
508.901304535502,469.208066083659,429.6944795073,428.631830076988,423.652796953521,436.785780987323,439.948644142214,446.231400390356,447.07093925546,450.224150761749,458.844978787499,466.197000521564,488.132478431073,499.190651874624,502.19147442566,505.256140563953,504.379969685344,507.012440812979,506.892139796046,507.373476675797,507.512387963589,507.584817131416,507.577243207811
348.275468157755,326.858312391293,294.369582644252,294.403843227333,298.027722869897,295.757375756647,300.05941803576,307.115460944588,303.108640049585,304.516072446624,305.251152649514,313.013012605771,324.452879015257,337.106353774653,340.657386267046,344.698323958475,344.727585880208,345.778124865604,346.089884613967,346.962654271115,346.861893389086,346.934038756727,346.930637883023
202.147238473029,206.802464709142,204.252377658332,198.80316739656,189.331157106208,188.21394311999,194.715554200081,194.941272309745,193.293382700616,198.634340941816,197.970401415305,199.713538817967,195.9465370464,198.014861889495,199.085810604706,200.508633462326,199.746919145267,200.645372947523,200.289197241009,200.601319642417,200.645150708271,200.665087360258,200.673414457337
171.520656296966,178.860037777591,165.495277503038,167.473671499518,169.853957695324,170.51173042062,170.890258778763,168.561426802826,167.89876305082,170.725591738737,171.052865936538,171.882236141166,167.607592199584,169.201634588956,170.077654478671,170.726858819099,170.603076317324,171.132292240234,170.8871535617,170.480387856818,170.656052205802,170.716223865471,170.736897638599
244.241959292181,218.892188835519,187.85777999295,196.440908946397,208.220889253148,211.025230342508,219.939080252944,224.829119383155,228.5067938737,229.161852363819,231.549851064607,231.635688285542,238.579615106985,240.804954443469,241.301074120945,242.057381382648,242.535138384401,242.788705820515,243.035560908029,242.978207752723,243.081468014312,243.00943798892,243.121698566094
629.427599114389,593.060628474207,558.286434752053,568.909190212427,556.494618524001,584.999968330175,608.507381187361,613.096972597375,613.932364135386,627.866469107828,620.511885917573,624.299314229714,627.727751985518,625.228258858123,625.486942310356,625.338177118603,625.311980230788,625.452230523443,625.318430635939,625.702084409807,625.684581885873,625.729005160413,625.697091986012
362.464245633716,371.256194568249,364.086921385195,368.697013252447,378.228906363453,386.04042046655,386.671093614244,386.994557563889,391.014423824025,388.790153712119,384.691156953048,380.435534907089,372.500062325863,366.205904627314,363.088063078478,363.429674977393,362.815120372147,361.627133764406,362.035320569587,361.85499970192,362.044037735202,361.963526487158,362.012146803011
618.410357222665,644.507840851918,641.885484079222,634.855110236248,646.858635411902,633.184703074803,634.354922233596,627.92956990875,622.269132808345,626.490915901823,623.659405136468,619.202713919641,615.7708532118,617.016846625886,616.809991866209,617.804636370954,617.483721295643,617.382854132063,617.415295208178,617.632456287967,617.664324924969,617.72306925912,617.669649207077
244.861776532746,213.716563961963,195.472914629523,178.471771362424,175.489587332317,169.951419339087,178.222606358086,187.003060569064,186.386406051845,192.010640001272,199.875105381199,198.57616890062,217.561587587954,229.592471025978,236.704333246007,240.094600395052,242.072381242301,242.66369892943,242.717369829952,242.705034856559,243.414805127453,243.515747120445,243.564518090562
452.89452772838,381.067587849606,330.014726299764,320.524912486786,323.087010024011,355.449436120852,377.95099709634,384.088450988281,402.489129886443,406.936328455934,411.349067846133,419.83147862228,433.46265732506,441.070965122998,447.480465852402,446.486497016786,448.802977311341,449.14536466247,449.277783137392,449.404891705542,449.789090289747,449.942482713263,449.986838063398
190.245017031176,171.29441372202,144.752474208919,143.689797382893,147.6826787091,152.117645977629,159.993038899425,162.104008555144,167.799035385934,169.430196112143,173.365522328347,173.416816711729,179.771043585123,184.426498587281,186.238647464258,186.758964023644,187.49475063514,187.713131981375,187.742487568952,188.054297196783,187.997664960951,188.114832652978,188.210498933372
