"V1","V2","V3","V4","V5","V6","V7","V8","V9","V10","V11","V12","V13","V14","V15","V16","V17","V18","V19","V20","V21","V22","V23"
173.418145525209,144.31012584206,122.363895077837,125.226702776146,133.144928415166,138.576580884964,144.807126475651,143.837896736228,150.133586774195,155.785900186221,157.469633550019,157.00807277203,165.871106586607,167.962439493195,171.385494088079,171.545658562094,172.54049284143,172.292532586594,172.560191321854,172.437786562152,172.507058188598,172.512480649565,172.517699499489
311.494144749736,263.619218220445,253.15094968852,260.029183941473,269.369342755362,276.882973394123,275.622506483153,278.623446301105,283.004947880755,287.059665812003,286.538664407384,289.286693391157,298.031601910076,300.966374204505,304.850644623013,305.619499266524,308.020292621192,307.935836787966,307.939831946488,308.334046573499,308.637668183642,308.595877511971,308.633225865885
349.074451557727,357.133874067541,344.194404657748,346.292125618125,341.542048428997,344.953183322164,345.350651605922,342.38062914035,339.847250223654,344.051172684089,339.405422010431,343.319856814987,343.440813908546,345.792288631095,346.747492112206,347.292967843358,347.688745109907,347.853726072701,348.062242433718,348.117057283599,348.19478735435,348.220281970289,348.234674450218
462.140694694146,420.555563535387,420.079813938037,410.749861836458,400.418097095939,402.35572679389,401.425584069,400.947330434594,410.175365877901,423.833445462249,426.226324739183,424.544649418512,442.171607834304,451.431353499199,456.1327146712,457.992593932939,459.526479790865,459.682913317182,460.846655178827,460.411540882152,460.81490340342,460.853002760255,460.905622506798
453.070130791416,451.672322299769,386.565688484488,379.585980797748,383.621052216142,397.607118762093,411.948342273352,420.37948360807,424.580236751116,430.683018611363,433.917301430596,435.090626992677,444.773120554927,447.651998383271,449.152294268971,449.2282870977,449.796136263489,450.275096491898,450.130840429485,450.322016282598,450.395764930439,450.56281861638,450.530478824341
379.394528239941,301.85256864551,248.604146544558,253.397477828905,279.688713936966,288.826948385809,299.677981771128,311.508394663551,324.876198281586,325.551189566986,333.370817979951,337.399005916502,357.048008574948,366.51560878407,373.675699279493,374.524287474929,375.242232320931,376.006618109093,376.287874612257,377.11123137454,377.092101779209,377.241813651464,377.203037927659
170.012858936587,159.95229660694,153.859432278545,146.22041921192,152.078432462671,151.195919571808,153.695456725401,153.562360384961,156.608044562065,157.048338570689,160.596398496809,160.710267161645,163.406093321239,165.373765960303,166.627053733576,167.443427196504,167.746284506458,167.726196870668,167.826037161243,167.788306222194,167.821090349881,167.68686625289,167.729523756421
489.61445777775,419.390517419133,373.499970432216,373.403583782273,402.90909790046,433.347483116293,444.832700124895,451.858141389296,464.266977170067,466.698004173463,471.650278907179,473.595609931828,478.746425459757,481.72582116514,482.842901041773,483.628415709256,485.263941235857,485.681465628725,484.73012917555,485.22653902014,485.565749437382,485.299616992622,485.271773125446
215.523487698247,204.622602259966,143.964106293536,137.325171564175,142.486906879181,151.241998470779,158.201180563287,164.478423899931,172.599276069921,176.30711025045,181.796944055073,184.756213794195,200.45100315873,205.872771795841,208.47355953489,210.379097853948,211.213718392879,211.522210839042,211.878453933565,212.165127625206,212.12964962688,212.145834208917,212.149989262208
549.179086433728,560.226921550889,559.564805131435,531.052812300265,523.381510404366,519.30325688894,506.793047786188,517.880939158063,520.291111206669,520.63063326778,528.31046627734,527.171944866873,531.557732482195,540.569530067192,540.913486673112,545.469211778176,546.806192322222,546.152761598658,547.259781087974,547.469002094959,547.611485923135,547.755857645144,547.805457785756
194.436152586383,215.310714709788,218.295111346129,217.433021226109,216.738032079925,211.079978014718,209.132999624666,209.562018294693,206.885852849258,207.042721009522,205.090652208947,203.247567972105,199.569227359028,196.879464766416,195.612273880699,194.56839587278,194.005131027284,194.108024137062,193.824964745373,193.781602958758,193.617910200677,193.665644997804,193.600987563818
246.69967036302,231.427952700486,168.740135946269,170.087916307635,185.107169761835,195.985558290742,203.455002222979,211.11120691534,216.573417809888,222.286576845949,224.233233697863,228.52295246096,233.901209057445,240.344362520536,242.829200680629,243.281120413542,243.811301883089,243.626837046053,244.191838985107,244.373553810898,244.479847491,244.497106779912,244.526451824368
104.389310221761,99.1101871195089,95.3638984370393,95.1089787450089,92.9410301657687,96.6870256831889,99.4601158816299,100.524678788119,101.6482992585,101.376488777031,102.229632047583,101.422724762229,101.797446582506,101.838552237234,102.955236632148,103.073307838173,103.592514958853,103.60770807373,103.757754666578,103.767595667273,103.730129629352,103.74159193624,103.764628629489
341.700828029719,297.465626538229,236.81212527107,245.905680035168,252.930181504037,268.904169068202,287.662850241746,295.223900672524,299.458188817029,308.476023918763,314.585783287389,321.326746681451,329.79343617304,333.678665563126,336.165953748633,338.078592402255,338.317401782714,338.364144564159,338.278404794606,338.788443107294,338.835636275941,339.004225543051,338.955280691003
538.018140562293,542.125592978167,554.568385415226,541.629986705007,554.820761628089,552.210522785786,548.423671446673,540.782303547286,532.563576857075,534.475572598765,531.376676044914,532.448911552423,531.368426732002,537.855996875108,535.639159180666,534.933602822293,536.416464757469,536.617876475983,536.780910607472,537.077116455966,536.968687124864,537.083903882388,537.013647503864
181.892703133964,155.768967636808,123.144275120542,118.018790663752,136.629532143687,145.828340700435,159.739288363471,158.811080732354,172.431892909995,171.500513378569,168.148178729465,171.401096185747,180.486563698223,178.851664506106,181.168290457252,180.813066004255,181.341462552804,181.54290118378,181.855880345238,181.839971273797,181.823199742486,181.898339573441,181.88802666534
328.471053699707,304.478945652747,314.163513085587,299.00102539508,298.76173103445,303.894898613012,309.281105479819,313.178646982521,311.990617131981,315.842542280194,316.026557485949,317.961290294962,321.169134732888,323.670335377287,325.10912766625,326.482553597159,326.856854703297,326.924441493525,327.086893980578,327.0033001482,327.1582748144,327.257526219693,327.205821453093
725.044346103158,713.83573925002,708.633843175599,711.524622694736,715.095033198245,722.470713488613,729.300514129622,726.374114582441,733.297032032346,738.039934407856,735.706669783764,734.799421855084,730.999865480024,727.050733557369,725.273264711617,724.487793515444,724.35341944846,724.604067861116,724.424591610636,724.05006293298,724.431964448973,724.316025602926,724.352827750365
377.971574467198,346.899047767307,323.223144695682,326.146678898583,326.427477576439,326.474805953292,332.151587959467,335.573049905812,339.178647353007,337.259310813876,347.10201963198,354.273903472955,363.14742276601,369.824068416813,373.31736806362,374.859965586964,376.266538843831,376.663436614102,377.141756985585,377.048922981631,377.210769504537,377.245972149255,377.181442372516
161.404641197544,150.505966132052,154.748520877138,144.605594222962,147.111763948817,150.075422304506,153.536426302498,156.238884112259,157.074608375816,159.292302038231,161.328322741889,159.414203586803,159.922209736817,159.946637146452,159.389331395392,159.707295600906,159.652352629439,159.42712276062,159.634903144842,159.606951480811,159.573711518314,159.541719848555,159.526328448442
457.121523620224,414.179955526359,352.965020617227,345.703458132475,358.264884068665,380.984692958087,392.601456186576,403.429878417072,412.429159190185,426.300661670418,431.308781854366,433.831372560219,442.730392518551,450.426964446621,451.720881180184,452.521133294252,453.772575825879,453.913144242486,453.741819737588,454.178512417918,454.443499886158,454.396494946974,454.379479530135
239.457908908797,211.911057062276,170.741907299374,165.728257944396,165.151099657624,169.316472138945,182.011601613491,182.326342087818,189.055181896377,195.897443742592,199.911729226049,209.011456161615,221.070885396616,231.318187602675,232.653646005695,235.477649500318,236.034754559263,236.749312941164,236.981260861439,237.120803205942,237.320537804276,237.331487222884,237.369473290075
289.999373977873,282.706581110615,273.657800372322,272.766744482012,267.600595225937,266.55688121332,268.280169512937,272.203639999095,273.619227353244,275.533304188308,273.735238983566,277.576763478466,284.290461343468,284.838015567317,286.479090234987,287.847983863854,287.698786758322,288.233952155846,288.426755039546,288.558360887932,288.513450244961,288.647651331226,288.670198508414
287.534296704718,281.360303735303,245.61755837862,243.621073155533,255.239896454376,252.967261897769,262.425652126232,263.037087263627,266.002718078728,269.604857498015,264.190898436543,268.703299831583,278.308601612091,281.063958257728,283.762548049043,285.195868357845,286.199163634916,286.229654888948,286.160693518309,286.536357285934,286.394314551598,286.425143844237,286.473395840659
427.634478444257,390.6406035371,296.003683468152,299.814075255597,319.863410622839,340.316154869948,359.915638069282,366.950725774937,370.61851485263,379.998838310125,382.175626896585,388.850776539366,405.322070555657,413.631885745096,419.614349663677,421.753741282003,423.634638433875,423.540163353507,424.39446537907,424.417011025895,424.789598047671,425.031995076897,425.007092391719
194.513784468042,183.54223666562,149.985420414739,153.944662535014,159.65305205452,163.890096338085,171.599460090237,172.356241875251,176.763535991729,179.066979617365,182.906098074437,183.880423898531,190.140596853926,190.663698151128,191.759511684771,192.273713518452,193.390893261808,193.456845309518,193.298798298999,193.402800698767,193.468738887332,193.510254991817,193.495758036402
416.701528496981,377.146713724389,384.11090314215,391.325610840769,392.935462568532,396.657125095976,407.651324268775,413.535468762438,414.089638639495,420.863654036842,415.104870342968,415.666771239987,417.62832899318,415.019797622604,414.114088714228,415.436279944474,415.54294195062,414.518776352056,415.068937724352,414.807775267386,414.900910231672,414.908695566372,414.910002790967
244.721185607148,208.735164187727,177.975958106203,174.907562041947,177.119415653375,177.658179625827,188.602084660451,190.993063695018,195.23060525362,208.490591400998,208.581031227094,215.091884006728,229.596786342954,235.946176798792,240.329995040741,241.539976919157,241.873476104237,242.752175382834,242.94966777529,242.74025656918,243.274044765056,243.337218709304,243.301449385942
596.031996099617,568.62708810366,613.341686044689,611.316314653509,614.303011387045,595.673800412173,596.655575292196,598.239580379139,597.996958329001,599.346094230081,599.91996067049,599.526070096696,595.083652955867,595.528573936716,595.787301679558,596.434340224909,596.478188401083,596.166408382829,596.223651010501,595.867382594371,596.202991441504,596.237702070533,596.419253863978
454.936170347027,472.35144007255,428.305382069139,432.123741896109,426.901600006737,430.90426260894,428.659929551712,437.77174215163,435.958379685957,436.795497123758,436.7570249098,438.310473713009,444.529806733888,453.573416485945,451.679615053986,452.741715177189,453.436682213509,453.902000852771,454.099715286578,454.048729680698,454.20972404793,454.254569002799,454.224626874391
349.17525518776,356.226537253497,333.277948976315,336.894866763884,335.55593469567,337.971986177054,340.78167351289,342.43880562728,335.975342728417,345.402731780141,338.114743659521,342.129338309163,345.169831173728,345.192377778396,346.140018951523,346.681965950222,346.971508528821,347.735729797891,347.661107315415,347.667947369873,347.602116985575,347.643587963818,347.59884969762
379.340934089498,355.724584931075,258.410406260525,240.998594290161,256.264273378421,281.732469870175,292.194695677823,318.56437056184,321.798232786171,329.36897377941,334.149974883787,343.651048359114,362.925018106361,366.218147945577,372.123010435011,373.074250173361,373.80645023665,375.472123719112,375.869396836557,375.771052405791,376.039781613483,376.107396340587,376.106925356744
287.204161753763,262.699239218674,262.749446624015,259.832498759489,254.250967617531,265.497232176948,265.735398015933,273.498870464778,273.077131127364,276.666675611606,275.996850281095,276.358730497176,280.459109167228,281.12637540818,282.770670845794,284.730276262037,285.449007633129,285.42037407444,285.565701219457,285.302797154591,285.293134319217,285.315473917897,285.367290832536
234.417923550758,192.661105222132,150.897953434764,149.568607225134,160.932593376814,168.911945388523,174.122324348188,180.916672450444,181.817855841759,188.048988354409,191.483092225734,201.476001103716,213.734083141021,222.50390598691,227.876183978134,230.988973933034,231.890088182276,232.437804593154,232.762484400151,232.61964796462,233.14077603209,233.135929918961,233.18646225478
337.097776663194,280.775870938118,228.116632155543,234.572302018078,235.373042973556,248.710163905392,266.462032705845,286.794360925132,294.009817296173,310.309759675345,300.752329616268,306.98695717572,323.369322826719,330.26833178949,332.674286806776,333.010822422457,334.612938042114,334.776491272979,335.323356340295,335.362457394305,335.485113255307,335.671138086385,335.599490226542
309.384873283585,297.714352536582,286.182370789377,271.366113680454,283.475975878903,288.732502859431,300.160160226125,301.203558614588,300.522998843267,305.831584777741,304.477754806429,306.162640503011,305.554149692489,304.688200146464,305.832132829786,306.975475636515,306.704841265521,307.016660436808,307.159842925877,307.014344082979,307.028410714286,307.011149085752,307.038202662174
283.93065591726,259.672400917147,222.692719862894,206.19479406914,209.465843376234,218.09292036747,225.365092810912,233.760868983453,240.887909466858,247.275352256787,251.017672719227,253.048675762468,268.296677822488,275.342351945902,276.728279400968,280.067827669659,280.618946283634,280.76724063465,281.332252796257,281.682787203111,281.657578867982,281.629408740295,281.757045089706
274.009926818287,226.320763084831,158.528601015845,176.659728279807,197.387248544103,224.129327119903,232.88727397757,245.085661815883,248.424633693066,252.721856665009,258.886593252665,259.857506723962,265.440906468202,270.599892532053,269.610050859957,271.750484282376,272.397666585221,272.001265387588,271.817857925884,272.203041882108,272.346056329426,272.410570349319,272.354782423337
428.069319846329,406.024007729382,388.647954654905,391.675809980896,396.600063798611,400.2239636633,399.997242468979,403.953990981726,404.721533818208,404.503798144287,410.317342190376,409.256492207804,417.826807784333,422.741390563939,423.769117114429,425.665206042343,426.44664037779,425.833178842852,426.466462640081,426.623027370496,426.710964148519,426.71413876388,426.737570653034
376.302496857679,333.497171644617,312.179450812743,309.167157259701,315.114747430244,323.631162205696,325.233982185796,334.424685141718,330.228817290123,332.244909870968,343.335559482032,343.316080471074,359.178068464073,366.978570783753,368.607173274386,371.005218650049,373.421543154142,372.831962050591,373.043596608892,373.21868181424,373.303780749855,373.435627789528,373.468127447683
250.88757854159,249.870645264131,208.496806455962,199.731385333972,196.914792414937,216.535378674553,218.651177915933,228.574778700243,230.401906107052,237.828334760981,235.36372978628,234.171134547374,239.637929733934,243.992885417079,245.869223136248,247.174237157772,248.433298194194,248.562495236818,249.006794959521,249.126146628794,249.217962786204,249.251748445576,249.404028180638
747.065354778084,738.792792019839,763.99333725686,755.848492035115,750.305349536766,749.853232305852,754.67876746992,749.020363276721,756.255469601095,757.339007440488,756.600275678996,752.286287859308,750.973067715642,749.191518139106,746.295451054375,746.818039287231,746.488200848026,746.393202386728,746.590704200549,746.711827278911,746.596300335237,746.550257437756,746.694790807626
691.395355025618,680.646606323694,739.482749483822,757.995666675728,741.420689946156,736.738780271882,722.354988931058,715.51599672309,719.579708851223,705.203848707581,712.540872573834,699.733128900434,699.853973572355,692.953014895299,693.063262995042,692.453235017461,692.008544326876,691.600686991556,691.737760755569,691.521840596195,691.591477020346,691.481139130169,691.542304306426
315.482972972175,247.032159021433,203.515313712963,208.352344229534,220.53434770676,233.60633434149,239.456318195861,255.867643392296,254.977608571431,263.017750624842,267.368750654345,263.327145285904,286.96022806326,291.511693764574,297.229071386385,301.957771023193,303.070968665656,305.285306333011,303.654215821004,305.221718529779,305.749907174063,305.947026730859,306.0590606852
341.918360596751,358.004091406935,312.27257768669,311.966922170284,314.361275366739,316.234622344467,319.86849635928,321.000483625635,325.734292154307,329.271759241649,328.291789704462,329.543449565153,336.204127604344,338.082268142122,339.566281474531,340.366091639869,341.057868771897,341.314957756714,341.060517998957,341.062246408793,341.287148940454,341.324978418437,341.277399207655
224.315438738491,131.250060617044,95.8458163361439,99.3062807644088,128.078682662366,147.724628822057,161.322717084274,176.774904201088,180.656619427518,187.181222100244,193.217437803033,200.831489744789,208.843226854469,215.7462053859,219.439211351243,218.788548212759,220.668931877212,221.602228002039,221.568800657471,221.532786213185,222.012823309388,222.075608994183,222.065062353765
531.547413948657,540.322586492965,519.535645964664,541.760140226955,539.970860444903,537.026844948076,535.205872156561,530.3529024833,523.47599051574,525.965186375495,527.667322802589,526.280900432107,525.858992388513,528.825234303222,529.887883897689,530.059449814097,530.607871232238,530.718058344754,530.713663262783,530.789704420436,530.936118183292,530.953897757726,531.050198233843
204.270482501818,195.774479758289,175.167360002906,160.737301040049,154.007895732031,156.594844561959,161.007530098231,161.96772797749,164.298862947977,170.324526051394,177.136788012104,179.905921415465,188.339126453829,195.777216515835,198.095849162225,200.542456441498,201.513052614566,201.675418419779,201.77724040909,202.15049512159,202.418552660718,202.437460733035,202.38357787918
250.838435522621,243.476423089224,217.529438849615,209.197890501725,209.374096935439,210.880780636187,211.782093765996,218.940538138031,222.120440183511,223.831538596478,230.535780373447,231.225817200737,238.060243408514,243.072100692415,245.416314314071,246.500381307607,247.257463801476,247.920479241274,248.005765760217,248.073715699297,248.173089955553,248.19524738024,248.190946216836
403.340163491627,348.826779809573,368.783473113194,360.849856066968,352.83222346978,358.964516024409,366.500964505378,367.022925579225,368.48092349336,384.41962781861,383.367357380802,381.476416026968,396.783035303028,398.449273457859,402.293699925508,400.310741866595,401.017936723005,402.208705219926,401.804056537726,402.161439799271,402.465227092059,402.619166397,402.52721486408
266.909208573113,208.23946223325,141.739586310375,148.453086338601,152.557415387539,167.562628297085,177.348297228962,184.595997765942,196.758519892608,206.855653067129,216.289368732197,225.574431128435,250.613568783216,252.761593910847,259.539321229393,263.622920118397,263.82137136211,263.932298398029,265.163445124074,265.505388975177,265.969777205539,265.948589121806,266.030608588034
378.524904191802,296.413214292291,263.317691599779,254.712137911634,276.406032576208,286.820993452187,300.115438315935,312.068831478621,319.509744897864,328.641007892131,336.581839681175,340.228968885124,357.509568495607,366.487578390946,370.514405397008,372.963350495206,374.072136451325,375.063647963138,374.782169330132,375.814210541494,375.986227224652,376.195004930587,376.114484626639
401.72305271336,377.692957612653,307.721096616594,308.23934003702,317.517011128422,335.488356738455,346.945444161978,360.116218044999,361.551610571906,372.069616978569,374.82784386434,376.198902360542,389.233730083172,393.786445657722,397.207139471689,397.383243544268,399.25416743268,398.730921486779,398.95182702855,398.983416303396,399.168758516609,399.267153924908,399.23853631599
213.252373130176,208.570697473793,163.953668184651,165.22092678569,171.786702762693,176.593089751311,178.30452622426,189.280756615787,192.531801175256,197.550330446303,198.752739404605,200.985096079255,205.354090349959,209.147634271943,210.882754946216,212.209500552795,211.941171855649,212.166883624864,212.554053084819,212.321417860791,212.502667890897,212.545734605243,212.533794839287
437.783823427533,390.108662204829,278.666258931677,257.27054149931,272.616744472141,285.679964333668,306.385792456289,319.049145854712,341.866198090162,355.603528927547,356.190433965749,375.978538885271,402.59502052457,419.561959964922,419.923935622178,426.240600519389,427.155117583121,428.444890883756,428.701942292542,429.928595147983,430.270686912983,430.645347668283,430.604061453951
436.256137455538,418.529035570609,418.683663222592,415.499946866487,421.180371692834,422.592995145541,422.145258213611,424.203304829396,421.036051316094,424.45881682735,425.744081137771,420.700635991015,430.271114620833,432.199508588151,432.042977489998,434.533314268948,434.330327052838,435.693357252594,434.997436093015,435.034429424893,435.601782979673,435.600253921049,435.557690654081
318.136168785091,260.229688020843,223.869426435491,213.531423376923,218.812695952175,225.873644960903,237.079055528975,250.287689165851,251.312394795165,265.743137559087,269.764054120982,273.204812658013,298.678729022832,305.774785095859,313.196827232358,313.913231332785,314.577880610126,315.218423629288,315.862703504427,315.976537823799,316.349200883087,316.410530260124,316.292635771452
261.352934805606,201.535424113024,139.713413498907,118.171026275121,135.502695919759,156.178486586745,173.453499572543,187.789087820539,194.563677573569,209.846635931476,214.6529999116,219.988080324376,237.832137123648,246.576809497824,252.952606409438,253.847969931969,257.316257425069,257.018813888727,258.247476100759,258.137420526755,258.394154067643,258.363689228987,258.398704227669
538.108287026072,532.733966254529,460.404624844332,461.843071981341,463.232299766635,479.57873247512,477.323876517572,474.307080796158,489.529833247023,495.570514113067,507.923244883004,496.907048474465,517.447921968023,523.746298546345,532.819801977937,532.89841743383,533.894598558239,534.375945265657,535.421365760735,535.358111812995,535.649914923503,535.676044014027,535.809357405377
136.591927330968,129.248902711691,123.906891333108,121.740177367446,124.725168194019,125.616974208214,131.543562318855,130.215570100857,131.657807235545,132.785673358276,132.79145839449,133.099572442387,134.813135187656,134.766747999307,135.105469629471,135.176007051049,135.288129314419,135.244912418495,135.202178640131,135.36186288037,135.323282093418,135.299516602121,135.248268025189
462.052177806252,310.664484464097,351.7327659229,355.533495301165,392.281399361247,425.434817123194,438.494874033516,444.618798786594,447.399560006988,459.127213448101,457.463556619858,466.122735652148,460.245032881582,463.553695284119,461.590655056995,464.147113013481,462.605416135811,463.151468041613,463.170729063549,463.118270303118,463.111830840263,463.284524572347,463.338304364471
316.133313013547,316.300571819164,317.251851971446,307.128764823257,312.409826139841,306.881952908213,309.205963850694,313.484890161482,315.667737640349,313.284234248564,314.534649083098,310.820492054768,316.010607900089,314.845639956171,314.977644453772,315.344590492958,315.740949195005,315.610131549581,315.574116190533,315.394525482126,315.569069249294,315.565962515262,315.624706280549
423.538292306535,342.101607520086,367.571932235183,393.874249754762,404.773720187684,396.34646891655,401.088031424536,388.797594688819,397.891910354637,398.484978793877,401.855175592359,400.914765168485,404.894419248138,412.569467947125,417.39550742149,420.520110471467,420.872918968362,420.475118790165,420.579815908405,421.18827871039,421.519487927143,421.517005561077,421.565493639937
319.666193311393,256.058497435772,176.186442199379,176.323628638459,198.208818896806,214.658609486134,226.725738044308,231.386700661169,247.232103702779,256.879129386481,264.62067231536,273.09649571773,295.272786431323,302.351515495028,310.567270430621,313.629016654245,315.296070351312,316.16962689856,317.366372963356,317.288257459244,317.650516974118,317.712661661651,317.639595270074
305.776387709475,275.733118361045,277.348776663477,278.124667096663,278.994460319662,280.323119035693,278.330168040828,280.886299198477,289.137270054305,291.487831806795,288.542356737639,290.550880192129,296.084988672341,297.609934345721,299.868556148773,302.310203621442,303.424834340014,303.114683168592,303.51138621139,303.680720441822,303.749626545447,303.75448273306,303.714435507296
540.468980416634,520.999625815228,507.452521450106,509.756890511235,515.435357700656,521.64019894771,522.992531081621,529.392264722753,532.9443915354,523.918492719415,528.161855167253,528.449146905519,534.005846861879,535.844605921421,536.816442484292,538.650091267739,539.29591301179,539.094062411926,539.39952097589,539.497724280853,539.572585240843,539.560897109283,539.530723432027
211.568314491185,168.50208625928,137.447255403484,133.756932543747,129.342228807099,135.96640407058,149.632214207982,159.958555284746,168.18289344535,176.331748235681,182.532318593048,190.387220819901,197.804307941113,203.027068442303,205.500195279555,206.615855920321,207.425947354617,207.928615325888,208.623212733046,208.37265731334,208.537290643431,208.532100162232,208.567560623604
239.094326293107,202.939076030802,132.077167340521,116.75035776846,126.976833654454,133.657937843564,149.290825104091,164.105715520559,176.211427213334,181.807500206929,187.341378753477,194.842652204887,213.418540504635,223.31408388677,231.007550013481,233.174634753723,234.278670581646,235.997354556701,236.359477658469,236.2164708887,236.353939735613,236.531340190497,236.487388513984
287.840071839366,269.132731042371,220.180203238036,221.253230794921,229.796955681984,237.446702506844,239.804849056302,250.773032048722,258.066154010598,260.394316726263,266.489488387781,264.800095750701,277.870463796237,278.66974825384,281.912334335945,283.762999901482,284.291228278682,285.114555297036,285.055974845516,285.45004958026,285.709010392198,285.820635257869,285.779017234287
252.621694202821,197.715868612446,161.245766865612,153.881972808347,162.284180704333,183.270687090995,194.728051823154,200.987976235276,202.526808418269,214.960921971388,217.179457862683,221.368960899361,236.821759467599,243.50675580472,246.90738893597,249.353231377511,249.7908628023,250.434179062079,250.612109564059,250.825805629396,251.142153973615,251.203136991876,251.227456938838
222.047849246963,186.206196405645,138.333025900821,148.330669262485,163.953999895404,172.025016662122,175.677903541367,184.374562476946,190.94549729472,193.773332995463,196.625380049382,201.700887586513,208.648645203451,214.547776810867,218.377645258284,219.174056217152,220.4649557258,220.435762097455,220.790125361978,221.023466451131,221.016232446318,221.067040873437,221.11369535791
99.5458952194058,103.215680129441,106.440230331413,105.097201003549,105.668230656007,103.462755713888,103.634865567149,102.563373130636,101.58686506511,101.612050854531,100.366535253981,100.075518287206,99.3557978645519,99.2613560732092,98.5657952915958,98.7660375469143,98.6983822357218,98.7071895538403,98.7041145781888,98.7216403360657,98.7272184451739,98.7133291708979,98.7514616527571
326.276986008312,282.304610965664,224.04407516096,234.445227746719,257.52633752211,274.765676787676,288.870399810854,296.76640433861,301.859369706353,305.23258152993,310.441148839981,311.482032563274,317.400623014361,320.466256647403,322.099085742384,322.155578022142,321.762690358121,322.348695664686,322.521953141255,322.428482453772,322.527473544167,322.721757363289,322.61535216853
342.760651690527,371.643969862128,365.117066366375,368.674791960619,363.077155904537,362.371256370508,360.889832744733,353.570837526004,352.454794533347,350.021735646663,345.777841292492,345.486533445148,343.512111993243,342.561682829153,339.40161882677,340.814197339988,340.929900683821,341.34246061182,341.365648961105,341.437253308315,341.611865465646,341.616462233765,341.651016295654
295.389896249053,232.264265362328,169.515516087639,148.972600016018,177.881998902402,198.627530852919,214.865779300863,227.796457982446,235.293212216674,248.482222676632,254.876506752928,264.88519888075,277.778101271721,286.450815223748,288.859156520803,290.312042874256,291.657671189551,292.274484228697,292.681539934923,292.59680608687,292.833022637919,292.908022441846,293.001595066638
159.69318262392,159.801724174239,129.591019791489,134.757848931539,131.772195384829,136.469484828843,138.089792564885,140.375539414472,144.957927547388,147.785863258171,146.300331188786,147.530822717917,154.077164527638,154.15421979311,156.972442302709,157.317399582714,157.90696187628,158.413621192002,158.201292392883,158.394252289561,158.603486820876,158.608841116801,158.684822707377
308.991115650824,298.935532366541,262.870642067153,260.220821904503,271.695175414506,272.237168854175,278.390049614027,283.249059974166,292.039435143201,288.793757552018,298.847787871993,296.902960264568,300.861813927585,304.376945082127,303.485532434005,305.60520194901,305.835052473082,306.678360181974,306.61875070469,306.596614002098,306.874412028788,306.876987417786,306.957193385464
242.953295034716,226.387836276868,204.035945187766,190.350311007933,193.50962557868,202.328035311928,204.523254196744,206.460374886874,208.791924901099,211.13434162229,214.109906594083,218.663930332819,227.369124793901,235.633291681773,238.696503052593,239.673380197217,241.221856057614,241.737210950705,241.6819349578,241.95521235979,241.899516110252,241.940617322783,241.97007001207
413.956325889539,320.190759519765,234.62166202868,227.16628166202,242.168061881355,289.442892964399,302.505785484474,318.013946861311,325.814547645339,347.935230738388,351.878016651644,362.524780172568,382.623556405369,391.648096420564,397.192789755981,400.463539663912,402.635939599412,402.935890876903,403.252998038657,403.656887988066,404.392023338459,404.494670438805,404.550895894899
223.218420017328,208.586004187964,200.907906635497,192.793422888896,193.95356356541,189.255687426151,197.098712727786,201.176002298175,204.551046249935,210.340537485006,206.565507717493,210.441601268584,216.513869411742,218.236357187508,219.246485420017,219.695075827757,220.274922259157,220.386973449686,220.693215005368,220.791220811708,220.892489370466,220.959142216627,220.998586340518
264.189067342122,246.327293607779,193.687361757714,199.799773809535,191.564294275926,206.740870059374,218.523400821505,225.084782962512,234.276557286407,238.587387119101,244.212168338805,247.184031270549,254.706929937341,258.806024039679,260.402004650935,260.697780117281,261.22942668956,261.620816561856,261.849554350507,261.837916927684,262.075161787854,262.143412727866,262.131780554246
267.988881906163,235.285219059958,168.240062332564,162.747335244414,148.645893868488,159.932121794454,159.769348227652,172.049643601983,180.05323690074,188.471689466663,195.661713418525,199.219143279613,225.075544560012,249.364993009442,257.948615461342,262.5210756726,263.268497379587,264.841182663917,265.932453574109,266.138127346783,266.337835902374,266.424624889465,266.338217170442
234.155775504445,181.65496527131,173.292955789425,167.073037118713,172.721666440351,180.571739114648,175.134609465069,174.053209263519,183.85481050745,187.379033050948,188.336981912866,196.907513273814,211.244939158456,222.735029638722,226.799256031199,230.504933008271,231.452814625232,231.476305695221,231.958213945815,232.460117198736,232.664793625816,232.721448067914,232.732122978127
77.2850318991814,75.4819833708145,69.9246839748456,69.9143375539132,69.067214109991,70.2193955320336,70.0911630220514,71.2539344213556,70.9847466100764,71.8659036504495,72.728871136202,73.5762276345481,74.8119778151898,76.2318104993501,76.1886609776928,76.6243602829281,76.5643876365376,76.7248036612253,76.7128042343513,76.7783372419699,76.8097490765103,76.8038695978905,76.785539599148
454.411824789256,424.125538577492,375.256248542543,372.581040942972,370.741398893293,384.499525070707,398.13187963475,402.386240761414,408.245161777829,418.098668464844,423.057817581032,424.123516099163,437.234748882217,447.197277183398,448.65377692243,451.645884477834,451.74956591433,452.047073440937,451.871244631309,452.293106458232,452.396468152291,452.368546225337,452.387970510973
359.60902851402,239.918009374698,139.636841419174,133.603130800916,148.907745452159,177.162244792741,196.860614697002,208.050562527588,232.29310334656,246.866162975464,264.185141893397,272.624068430946,315.65068959325,332.650913889649,342.904932932603,351.856861881149,354.914554446835,356.389436291596,355.501661241006,355.960032522063,357.421101433994,357.569425632837,357.546811570683
605.040961288387,593.616548413154,613.388404437508,650.039969314765,655.355130682046,650.264248140091,649.145233975814,647.234823789665,635.358855743908,634.036825825748,627.700448219848,629.137391667601,615.180291231245,607.952834252831,607.799958818166,604.723878891176,603.511672545521,605.237767872733,604.319507307017,604.297178353514,604.042186992777,604.061636890528,604.130305707785
202.884061706507,185.748646149917,147.711370454797,146.510335029979,151.785990161006,162.875983489975,171.777327041933,174.47277629215,178.784135132632,180.763558683947,180.729481819292,185.614755179357,194.415746959365,198.682715468696,199.686797300595,201.411527657827,202.08992511741,202.071216356005,202.13515915992,202.231769616683,202.182801024684,202.160372973664,202.183126253175
375.31707716294,339.058951301569,314.015407640756,305.731319359642,327.644182171055,336.417611127361,345.711815359923,349.432113694394,350.87645894523,356.030880805725,360.866434866915,360.771499026586,370.610953978146,371.422235598791,372.579777363967,373.586361363657,374.323496277319,374.030646646056,374.076342817157,374.66843636518,374.689799523968,374.590227427037,374.588266396016
450.111213829111,441.196608747354,430.390740278463,428.336862552654,425.718280713049,443.189503125927,443.73365310608,451.961460481635,453.279457227814,452.248039685641,459.822002545949,458.596828140669,452.831929964243,450.795449681167,448.527555671586,447.907069647387,446.69616454366,448.813074762114,448.680351802826,449.20026703036,449.027035474878,449.022338021089,448.990513380256
392.081641151473,401.980048377649,394.667289372018,395.262204484411,396.006457049886,392.485113044606,393.265023019784,397.031370904489,389.947258966932,390.209245731827,389.740128806904,391.826411492592,388.723075530675,389.584626199668,391.586593564405,391.434036613177,390.81496658421,391.257037368877,390.780776525535,391.171041933171,391.160954278559,391.125197526875,391.14670861624
207.259349194909,183.587674133492,182.695078523627,170.970818528178,169.423251195234,175.654284690175,184.023691446277,189.791621642717,188.107968953403,195.102916790469,195.103431500804,201.494297306782,201.309775196401,204.621475684936,204.960996125081,205.412048435079,204.737422880338,205.456021413249,205.227585775848,205.327288580239,205.409590951836,205.387566368462,205.482205005088
164.183190084802,150.503489012177,141.702249846841,144.668162691853,143.915120020463,145.621244670274,151.139257827661,153.543181260135,152.755217906933,155.99939562123,156.31434174978,155.330285459118,159.20854653986,160.322481730206,161.380239079715,161.831084661751,162.027098534661,162.403115453704,162.428233293729,162.535915494289,162.635498758824,162.652327268897,162.676915617477
196.135158015963,184.356315452807,174.088007573672,179.387728651651,185.303301628817,184.832044465529,188.240036219563,188.621232940979,190.753515906222,189.359200907203,192.142004189168,190.971215960796,192.332584840215,193.428987253216,193.79351435845,194.114986051407,193.983684581617,194.200771287819,194.285333091136,194.242244964493,194.328086864999,194.217582758729,194.33975329209
616.668689234453,587.743854988734,548.344298817442,558.872544731327,542.464069660351,566.183774820378,587.599052401727,591.796859397427,590.968815251686,605.154299958228,598.512555486336,603.674102766984,610.345980668367,610.871427645799,611.467744275733,612.079706210831,612.339676106438,612.553617457565,612.687554672318,613.016469593365,613.106220617709,613.19609972675,613.247225684873
388.347846859502,379.651128854873,349.001414221156,351.673157288284,371.824550732153,385.961943473862,387.158244627702,389.97817663478,397.672567279876,399.114306990698,398.131334247184,395.129401975839,395.01630991095,392.0106617633,389.254514431947,390.275285662724,389.897764248857,388.108604935602,388.674581019939,388.687576424192,388.716122601595,388.541807366827,388.526040918941
605.556227601543,634.361308813428,620.885655444593,614.750768182835,624.853156255701,610.955864246865,611.614001215427,610.445296863381,607.1824810349,614.515684220098,609.341867437412,607.881347350486,603.330283736406,606.340812550734,604.41182377556,605.800123441728,604.821682581109,605.16999460526,605.010428237283,604.992049887353,605.129004130764,605.199103703514,605.303636797347
289.081749205048,260.466121042426,242.844744567771,263.158462782816,271.568485282466,267.513226279395,273.538326223857,275.526810716467,272.315344263022,275.959118045608,273.615430412299,275.893040230229,281.281835407066,283.654678859382,284.180617170307,285.161160838524,287.093829120522,287.142888347476,286.859238604199,287.526047818095,287.639334393772,287.666757466803,287.744726900566
428.360000304778,358.465689757718,299.409842991509,288.526880875311,306.972272035326,344.891061925877,368.293236309355,375.480676350316,388.957398457777,394.384149845701,397.478927244621,404.792388419678,414.834251097369,419.215984187889,422.252034128812,423.028268627724,423.507962786969,424.179674585497,423.833840801387,423.97333778157,424.442317769678,424.695805670607,424.700390306281
175.739269976286,164.719177106389,128.456378379405,137.496424995052,142.002697542619,149.441682736134,162.830166714434,166.896007474683,175.391891122102,175.428591974845,176.580755573965,176.498145896778,176.912006442541,175.628293744847,175.165604139352,173.618726608864,173.923182465373,174.176065764521,173.884089315925,173.750282384543,173.771558262057,173.741287238204,173.743607729588
