"V1","V2","V3","V4","V5","V6","V7","V8","V9","V10","V11","V12","V13","V14","V15","V16","V17","V18","V19","V20","V21","V22","V23"
31.6493733823016,31.6376434969612,31.6724108097678,31.6446597643771,31.6620143979034,31.6681130850476,31.670764978082,31.6407754379402,31.6824005105614,31.6573293200179,31.6641997696485,31.6726641945951,31.6594767044885,31.6230952707164,31.6398640819741,31.6445101051066,31.6495732952688,31.6465189404241,31.6289928964954,31.6178507826759,31.6253582082737,31.5869132475141,31.5312825317831
32.2442677353291,32.4595849922871,32.5028351893194,32.438815776458,32.4628035558883,32.4501807446997,32.430716515552,32.4161078888663,32.4264560556467,32.429444065654,32.4009722126865,32.3932478966731,32.4273813243708,32.4257125439836,32.4215892948016,32.4271439895839,32.4168259244885,32.4051307182528,32.4135886772067,32.4154570750628,32.4001150948827,32.3998568347899,32.4300733693528
27.9673292374079,28.0572409081437,28.0694002968849,28.0912053991335,28.0919653513296,28.0871360906698,28.1051619363917,28.0968096573004,28.1003473927728,28.0917466127033,28.102602886893,28.1071074092123,28.0929596341293,28.1097836714032,28.1163844659658,28.0927076397165,28.1090865078782,28.1135418244561,28.1098874601599,28.1047934852711,28.1086507362989,28.1071138379993,28.1174402111282
22.5885994408211,22.7189208401583,22.7024508197604,22.7115186517244,22.725513510735,22.7211558949342,22.7281708111178,22.7414778501592,22.7326664826181,22.7326365750537,22.7224376371412,22.7204839960298,22.7132089027515,22.7122955967331,22.6849095201578,22.710814450583,22.7277877289496,22.7192634050631,22.7140023990141,22.7104902900968,22.7087848972158,22.7260151026348,22.7150696348317
31.3772374826206,31.4127847154839,31.4173559004604,31.4151645221487,31.4179384204056,31.4237690981798,31.4354949323854,31.4139510516326,31.4232539437206,31.4259005941778,31.414459168312,31.4126316242049,31.4213394212873,31.4200375152741,31.4065850168193,31.4039248852633,31.4062420538892,31.3894540385952,31.4091980034668,31.4046329390737,31.3909196359742,31.3706165303894,31.3770622713076
37.5603328422666,37.5499251995852,37.5774902525225,37.5896309360792,37.575209447301,37.5911371004523,37.5970421770141,37.5692773046317,37.5862122130805,37.5920125604247,37.579523017714,37.5954371591355,37.6030123323024,37.5991925665253,37.590245647325,37.5970809449468,37.5910195185499,37.5868296842818,37.5975843986945,37.5901707428317,37.5925941764948,37.5774041309973,37.581149617261
32.7328171985672,32.8754487317978,32.8838854992944,32.8660611055633,32.8937930927003,32.8935509553316,32.8920245182708,32.8985163799784,32.9040627226468,32.9088232043356,32.8964356248518,32.8961443034537,32.896385842695,32.892335271375,32.8898395635509,32.8988226356545,32.8942412160177,32.8823459717452,32.8942037207438,32.8944062674513,32.8872183348567,32.8900356286136,32.8818825980143
34.777860260975,34.7914423025211,34.7739261459512,34.7990541343813,34.8143366525733,34.7886209976473,34.8173851935236,34.8084403409978,34.7946420468423,34.7961689848787,34.8062307126572,34.798810458465,34.7973586528491,34.7858344305404,34.7884544915661,34.8196908060924,34.796496336055,34.7470437733776,34.7512674918257,34.7932146453094,34.7883650646452,34.7278674263468,34.7539926974983
24.9177552218966,24.9531571378219,24.9749520381073,24.9769789724693,24.9722330157925,24.9769089829749,24.9778963333945,24.9797043701483,24.9871781256022,24.9852950091144,24.9857744457004,24.9763854674471,24.9721121790742,24.9718717992846,24.9811461671546,24.9815661634614,24.9769947873774,24.9832978395049,24.9815806559874,24.9801188459843,24.9799425552815,24.9789478033175,24.9756482290597
28.8651212844291,28.9522356450447,29.0021906499346,29.0076185949354,29.0105510084082,28.9822771812223,29.0274815724207,29.0213793256296,29.0225268830554,29.0036084807771,28.9983106005205,29.0131269366419,29.0295393770927,29.0072347895542,28.9884480909002,29.0411774072936,29.0199042551024,29.0317472078934,29.012998821659,29.0015561759737,29.0269823820232,29.029556298785,29.022845543533
31.770350193528,31.7573997543796,31.7600899524879,31.771220871867,31.7690578760117,31.7651101574025,31.7694032454687,31.7676386552673,31.7689177725858,31.7613734515498,31.7684454382851,31.7659312961577,31.762059920902,31.7658877306198,31.7632180815923,31.7667741818081,31.7657412901516,31.774188370987,31.7652558054253,31.7653763127826,31.7715684835748,31.7644876791421,31.7666543491622
21.6677383206491,21.7446101415026,21.7231205835867,21.7548657927485,21.7298169126356,21.7499805183371,21.7534513722865,21.7329749151844,21.7607513090202,21.7586084755693,21.7330681743357,21.7513256543107,21.7483679610113,21.7435511269884,21.7318815289826,21.7424834219556,21.7365815970371,21.7490357584971,21.7258991739517,21.737837714279,21.7346823055475,21.7396833544451,21.7271904361762
15.7276511737461,15.8584636021899,15.8494722826453,15.8528038096662,15.8388216967948,15.8650430423972,15.8478721222992,15.8391839999623,15.8518197329064,15.8488366665213,15.8764767143451,15.8653465205919,15.8633562913068,15.8595570360242,15.8557893746345,15.8655340687835,15.8597235989548,15.8618049652571,15.8658903292315,15.8539363500517,15.8582720034279,15.8575900491173,15.8515180714182
47.0003902104602,47.0694548756628,47.0723101298753,47.0355905595435,47.0518371444329,47.0648418872744,47.0520930932353,47.0423515430668,47.0436624248059,47.044418276259,47.0483439646984,47.0312655998699,47.0341628670099,47.0359085001032,47.0270507649325,47.0235741360068,47.0188645591734,47.0270893667857,47.0107461901909,47.0164707581379,47.0203024355758,46.9543500833527,46.9642210872811
25.7540330890176,25.778443636421,25.8055868552988,25.7803703032016,25.7950417119887,25.7654715273374,25.8065332530147,25.795362539307,25.7924756103467,25.7757444558841,25.7765927069286,25.7761137045021,25.7772723297399,25.7507559876987,25.7591891141707,25.7547685364242,25.7486952865897,25.7435534761488,25.7655169319893,25.7366675971405,25.7463457352998,25.7500777270732,25.7629065477496
19.8434491584879,19.8561987457327,19.8509128253795,19.8511340304473,19.8581667120544,19.8547126682668,19.8465857412851,19.8498678974916,19.8517477065405,19.8487255889114,19.8533890665592,19.8467460622687,19.8451171684917,19.84376654145,19.8462511519912,19.8493285263792,19.8463985934504,19.8478611329032,19.8467141790024,19.8486670092385,19.8426021902528,19.8487358893591,19.8447925701063
27.6572526113496,27.7681157976775,27.7650244390728,27.7740440320749,27.7700398377222,27.7694174273534,27.7739622171571,27.7699432097082,27.7756467884914,27.773129265227,27.7726600029662,27.771176301149,27.7698499173466,27.7713946651365,27.7772485317756,27.7692102016501,27.7730552347175,27.7608765983476,27.7736068575715,27.7672852840006,27.7687627158509,27.7637892454486,27.7645716049315
36.4120541245536,36.4330263557254,36.4225241239914,36.425235677304,36.4231953445133,36.4246971312084,36.4255764815338,36.4234293947665,36.4201921676851,36.4289763618518,36.4216694024701,36.4186786643395,36.4241855911065,36.423034570051,36.4208409319499,36.421351715223,36.4170104193668,36.4244255269625,36.4226454703397,36.4273627361254,36.4306430796457,36.4238353783575,36.4242863745789
37.8187225009954,37.8596431535431,37.8570504920329,37.8355633422599,37.848992791994,37.8477338082884,37.8563066671916,37.8380552334236,37.8285687315263,37.8401462142377,37.8377682699561,37.8318914120232,37.8390480380083,37.8472793223349,37.8336267404756,37.8474920023014,37.8470407977459,37.8435465487701,37.8432299101977,37.8337700611961,37.8259571691526,37.8340592320981,37.8469146097207
31.2600627821542,31.3213114243949,31.3607646355882,31.3640448302062,31.352897340568,31.3608655776441,31.3573313697502,31.3525642325014,31.3455906077573,31.3647343667708,31.3530482434277,31.3645018604008,31.353787303446,31.3586159358557,31.3533025824913,31.3587340750179,31.3537227103572,31.3544092312497,31.3622379758993,31.3745336337548,31.3535559798446,31.3657613102923,31.3468443225156
31.1183379478358,31.2192561892127,31.2294596180371,31.2013472156861,31.2175216596095,31.2168729102266,31.208754147915,31.2126253605583,31.2144684992755,31.2048162645961,31.2289098420404,31.235911504845,31.2103401265042,31.2083168410982,31.2123485778534,31.2149176083799,31.210281221405,31.2098215031547,31.2014910090073,31.2102164465424,31.2126026280736,31.2046293138106,31.2235399673139
27.8831342816915,28.0194858122718,28.0530201878394,28.0420397562863,28.087343841229,28.0913887272356,28.0953289064176,28.1172143842495,28.0895962338117,28.0894410448109,28.0638832972111,28.1035101089394,28.0926514900491,28.1037979515463,28.0993059926974,28.0937761845369,28.1042972975156,28.0997916101072,28.0624052173265,28.0930069035396,28.0942092683255,28.1011531241984,28.104960071242
47.2761547903501,47.3510988172805,47.3475902677231,47.3440241327081,47.319301099937,47.328521491659,47.3431037138668,47.3301953675273,47.3342984669929,47.3399902790899,47.3287569169007,47.3191319837032,47.3449555652838,47.3255044991453,47.3438535987801,47.3138633493779,47.327934434389,47.3157086778618,47.3236011165757,47.3210392987251,47.3086869784212,47.3224117244686,47.3091204221452
23.1268607725639,23.2563364325795,23.3044366465128,23.3051179464523,23.3207147869873,23.3111519416586,23.3022797415042,23.3357009417751,23.3259143897055,23.3017667122042,23.3336711372462,23.3076458205546,23.3001662535914,23.3121812913443,23.3114393974818,23.3198337010813,23.3040850626124,23.3211039121841,23.3057728411872,23.2974846140679,23.3294083479094,23.2883677021842,23.3183157926856
42.7853580236439,42.8398614393457,42.8264861649564,42.8180949888798,42.8313459758637,42.8454378857944,42.8414890964058,42.8367955709984,42.8312234300812,42.8333335546239,42.8304079278475,42.815771479729,42.8331657569191,42.8265472888643,42.8345344851401,42.8265698223898,42.8233541875206,42.8312374641784,42.839622942776,42.8369982850081,42.8308341933502,42.8180373313931,42.8176355648992
29.5825082173101,29.5895971992445,29.6403665921085,29.5951499163484,29.583000563028,29.607992706808,29.6119046782444,29.6206946307429,29.6148102879634,29.6160390765044,29.6177558086759,29.6256407800249,29.6080513550233,29.5970122732175,29.6228232245919,29.6223743826103,29.6226213407151,29.6214487456296,29.6353187840388,29.6259685689982,29.610358438243,29.6200416120001,29.6295903851844
20.6864252940203,21.2306410542716,21.3957835012419,21.3621305305941,21.1511943584313,21.3557293237194,21.2512666864148,21.2618870038391,21.2351208346527,21.2898260487666,21.2426358192489,21.1489708127702,21.1193239036559,21.1516181234806,21.1759752792128,21.0982025086621,21.0842021767093,21.1088249781487,21.161520349643,21.0754686269956,21.0032238075721,21.0800742986463,21.1264674102239
25.2591989456737,25.2836079503605,25.2747055816183,25.2835655433535,25.2825724910339,25.2812938305282,25.2782627160103,25.2828537114575,25.2849082884189,25.2830756931857,25.2780460083393,25.2785491963037,25.2776912042382,25.2808402067702,25.2812874807826,25.2797393580479,25.2792613739358,25.2817401194396,25.2830781481499,25.281771139728,25.278192022581,25.2808375862321,25.2835845156649
22.444984915594,22.6031878540797,22.5977502417456,22.6571432790665,22.6293715478152,22.6788869918647,22.6754375057333,22.6485416927098,22.6578833403411,22.6408107461104,22.6694019282212,22.6457930783512,22.6630711237417,22.6774699690089,22.6741595464004,22.6526233364985,22.6764903460499,22.6473614776959,22.6549067458703,22.6670200837119,22.6631992569411,22.6661840991449,22.6661012466611
18.0989467428511,18.1650410674969,18.1835148680834,18.1883595297141,18.1819453237188,18.1891184172818,18.1934994485439,18.2013121919206,18.1884347266308,18.1992184561763,18.1889957697845,18.2039220010274,18.2017670179091,18.2002236534804,18.1987842841519,18.1861792235703,18.1857825805737,18.1838946621459,18.1948939198979,18.1945041994583,18.1757900068667,18.1780251077714,18.1951056756879
21.2388700719241,21.2809724902258,21.2907657197011,21.2961627406276,21.3022655925986,21.2895494868824,21.2967476725769,21.2899263074522,21.2925351037159,21.2987726770364,21.2976360998661,21.2901462722809,21.296924154214,21.2955527381444,21.2722193163929,21.2896175580516,21.2878093926806,21.2830012861562,21.2635027339995,21.2750367242795,21.2634234103226,21.2493487266142,21.2720144344564
23.9967412732339,24.0228983089133,24.0043885050759,24.0053331377061,24.0081630548809,24.0079282845303,24.0077036774826,23.9996464082551,24.0056114928577,24.0008910979498,24.0024832340509,24.0069341169482,24.0038095890319,24.0074306621794,24.0070231828373,24.0176079159659,24.0037355170927,24.007245883659,24.0086717031093,24.0064197432445,24.0074718439133,24.0043873421379,24.0049777973123
24.7107500701039,24.7283898099111,24.7462684737623,24.7408426723048,24.7335856267778,24.7381973597406,24.7408368736296,24.7398398037545,24.7393392898382,24.7415914908778,24.7400488512049,24.7368225473375,24.7336944740849,24.7396127144531,24.7397456258982,24.7402678289273,24.730997018677,24.7525026441333,24.7362374915207,24.7382956069171,24.7343958952572,24.7301424977484,24.7390828543959
11.8416510795519,12.0939904798301,12.1046407273676,12.1290398548688,12.1206793813497,12.1234073027696,12.126822731508,12.1318434975716,12.1447870483783,12.1428799026944,12.110145651485,12.1272334609868,12.1303177471464,12.0953401694607,12.1188409901263,12.116066999905,12.118124666441,12.0963676797765,12.1299515531807,12.1181470112305,12.1225278829243,12.0559129792124,12.0612344222798
23.0612722765106,23.1531590562739,23.1918739110219,23.1904905275287,23.1878021467257,23.2021973213393,23.1944405229197,23.1952262233115,23.1880093165598,23.1937158026844,23.1838077596819,23.1676410600019,23.1824280560031,23.1927364743215,23.1806410510743,23.1867010630332,23.1846277161119,23.1727838102802,23.1845506136269,23.1866334339381,23.1907911389072,23.1762030229559,23.1857048325299
30.0354821973619,30.0582342605372,30.0846789209803,30.0723004545638,30.0952663353619,30.0919648014723,30.0970955535231,30.098729864471,30.0958836424615,30.0958034464312,30.0893372177955,30.0854797008731,30.095119162284,30.0850135484778,30.0953865789128,30.0933071568186,30.0954989116277,30.0939479390575,30.102825553461,30.0977235797792,30.0907577536376,30.0911026780939,30.0924732060891
26.6552548330515,26.6802673681614,26.6820440202889,26.6707772619638,26.685673120114,26.6403200774859,26.6371926625806,26.6777815449468,26.6544090267988,26.6603448436623,26.6525151629091,26.6566801400044,26.6454351431389,26.6636225374308,26.6485104340069,26.6523687056244,26.6497631785792,26.6551055589845,26.6493916865938,26.6607520972193,26.644402951244,26.6532866869158,26.6571341245407
17.5470837072628,17.7183021217549,17.6891919743815,17.7135214987653,17.7508944810866,17.7205202059172,17.733004864068,17.7149949441611,17.7088458800092,17.6947670013685,17.6770377827077,17.7123525905923,17.6989695939807,17.7107556622388,17.7431403566507,17.7339946931388,17.6822264196454,17.7046995540574,17.6755368382024,17.6920989899115,17.6713940414462,17.7118688429525,17.6665094793667
37.3690510037515,37.4022645278814,37.4346174634291,37.41821391483,37.4235609531287,37.4190372846092,37.4409897890194,37.4374752459341,37.4206979672049,37.4353132130531,37.4287258705621,37.4425986262942,37.4227850838717,37.4118676284404,37.4415087814192,37.444748377726,37.428716757825,37.443116290024,37.4436748215691,37.4344643957342,37.4448258637411,37.4414583721747,37.4424329265604
29.1185057707474,29.1647336183089,29.1592532422022,29.1803825101592,29.1680537821368,29.1890081551008,29.1667937413588,29.1709788540232,29.1842662193104,29.1762289467754,29.1634214460804,29.1665301808504,29.1624037948131,29.1534714581345,29.156272906527,29.1335476057264,29.1390363491828,29.1446978970198,29.1515214149805,29.1319464788083,29.0759612814435,29.1288525042602,29.1216308916138
23.0220651437481,23.4383066091914,23.4613875883786,23.4722438023806,23.4762958541954,23.5384753712591,23.5658690135765,23.507074498369,23.509080112677,23.5265553438879,23.4775538880531,23.4674248821866,23.5214868105694,23.4406484647884,23.454071759659,23.4921082731489,23.4480634598372,23.4788137770736,23.5134124913548,23.4722089057033,23.3891324543816,23.4592777543565,23.4444395311324
36.205511654003,36.1967202564454,36.1441034315318,36.207291835836,36.1767208306564,36.2068996377664,36.2095618707373,36.2212517586734,36.2460045352268,36.219389764279,36.2862856240698,36.2563281431715,36.2020972981861,36.2590561241404,36.2175869522294,36.209532230813,36.2307298875011,36.247243805492,36.216444987027,36.2153261823469,36.2422299587352,36.2666643238791,36.253343783814
14.1256736924493,14.2226113970711,14.2378310571069,14.2375408530643,14.2308339735632,14.2446361589026,14.2250812640514,14.2409365564751,14.2430510611883,14.2424193138135,14.2410919956619,14.2395908498588,14.2364616085255,14.2188545026074,14.2309949493142,14.2269836176321,14.2257670955025,14.2420426275661,14.2280417093157,14.2166020196881,14.2194750025731,14.2251346040184,14.2210594873202
30.5401381251646,30.6339724364442,30.656163798242,30.6341314787652,30.665740169678,30.6348619607777,30.6416068975053,30.6411455395033,30.6420260307379,30.6409780038368,30.6482847466381,30.6381804181528,30.6467459731027,30.6460602499345,30.6361957931325,30.6291063526779,30.6420925632765,30.6428891141269,30.6362947269111,30.6449185232246,30.6514808209603,30.6406677600735,30.6352025996883
27.7731139346795,27.8072950171202,27.8124245905615,27.819125649725,27.8245108470082,27.826304052897,27.8307854588777,27.828042936277,27.8254570990934,27.8173196479177,27.8206045595515,27.8285399853564,27.8293797286653,27.8235247756736,27.8195636816536,27.8187321180531,27.8243813941027,27.8199078052107,27.8219420702946,27.8188086197257,27.8251977383236,27.8311739569715,27.8179539730866
41.31149457729,41.3889415370495,41.4015529291676,41.3938778467205,41.485352793617,41.3740726093897,41.404096139531,41.4068501589385,41.3951564252704,41.4179165269722,41.3935279200954,41.3914895172347,41.3963702495856,41.414385869372,41.4067301169986,41.4081721738923,41.414025012506,41.379456594228,41.411539495496,41.3845605837175,41.427968164971,41.4134177889573,41.4125924248842
20.1873904876323,20.2984139895996,20.2908773942419,20.3217320768449,20.3067232725776,20.3076192393567,20.3032250211278,20.2720955649462,20.2942590342996,20.2714452295043,20.2633127915746,20.3189871117083,20.2915706735988,20.2936257613858,20.2898470952636,20.2386140074047,20.2588864882836,20.2390376791531,20.2425397339184,20.2302551425055,20.2148948227507,20.231796472752,20.2425835298166
38.2028239594409,38.6444828659947,38.8301788765251,38.763884901004,38.7223595687107,38.8256010124482,38.8781641226535,38.8603678468337,38.8570284535457,38.7560880740182,38.7790832918491,38.7892075318261,38.8736086758686,38.7371736510559,38.8062848139444,38.7427684242293,38.7555066367345,38.6211494630715,38.6034664253378,38.678818156639,38.63920114687,38.5410613622692,38.4345747974697
29.0827560868656,29.3779715643281,29.4854116417277,29.4719755688161,29.4982794576146,29.4697192237096,29.4645446525752,29.4519901768007,29.4983286913498,29.4895670137793,29.4580061785568,29.4855156683958,29.469301408087,29.4763833815633,29.4576764035135,29.4492242461045,29.4756492622288,29.4524158534585,29.4519081139317,29.4681758354646,29.4551405296005,29.4369094687812,29.4262354859468
21.1288059550577,21.1902020122219,21.2792339862019,21.268806731784,21.2743373373319,21.2879939263045,21.2796084223378,21.3078700923001,21.3252184981352,21.2882429079149,21.240848247686,21.2903528252872,21.2697272720349,21.2776135061911,21.2808773913365,21.3134128513788,21.3073537806195,21.3331902946928,21.2861636961721,21.2840961594623,21.3149799716276,21.2916483414174,21.2888803051378
17.0426931772991,17.2544761920406,17.2481644510808,17.261115900484,17.2691438674111,17.2635601887739,17.2267334648014,17.2375660396694,17.252295773653,17.2770501131086,17.254412838088,17.2362637266298,17.2224443164862,17.2231129131933,17.261485344753,17.2671185547011,17.2397019392135,17.2509801491962,17.2447068408915,17.2239116429918,17.2383910840548,17.2426742714796,17.2368844927978
29.0362092734117,29.0924056204924,29.0938860134175,29.0923619307923,29.0880683021907,29.0967572452295,29.0912316003603,29.0886414460996,29.0910294637569,29.0913970715142,29.0860144605316,29.0915243894704,29.0853279340958,29.0848311426125,29.093041887541,29.0819009855312,29.0872443372348,29.0900468261287,29.0927625324353,29.0855675087968,29.0853423442696,29.088286382928,29.0902965386407
18.2282999610459,18.3160887412928,18.2707731981321,18.2817009483955,18.3570811583187,18.3558741023049,18.3465639418712,18.3394879183397,18.3607704209695,18.3436290342299,18.3459347837216,18.3342956761065,18.3740905633729,18.3419115795394,18.3577087926722,18.3509439240136,18.3427623893595,18.3314080427985,18.3605649117405,18.3480927936717,18.3497423771107,18.3502873262468,18.3566050942466
20.1136750712476,20.1401839876383,20.1081115521893,20.1340313135274,20.1284881462773,20.1120768909951,20.1080283500735,20.1127477294146,20.1146843465128,20.1039241972377,20.1059166546828,20.1083609605329,20.1108583964273,20.1040963739855,20.110039237456,20.1039472926931,20.1025915668343,20.1093619466176,20.1081040129165,20.1077131688313,20.1049353770931,20.1063834069704,20.1071781531961
23.4902342337282,23.5302176896586,23.5315038490654,23.5363799826549,23.5473423308702,23.5402097587506,23.5434220784378,23.5389704824901,23.5421636497902,23.5383846397208,23.5369230349772,23.5517538033452,23.5502563276833,23.5391531663998,23.544596805544,23.546255027991,23.5408769918125,23.5424796732419,23.5433570650082,23.5368229159324,23.5449736727581,23.5399192285574,23.5452099178541
33.5870470845089,33.6559919265145,33.6604525617213,33.6692130080199,33.6512339105334,33.6667558628311,33.6587937245936,33.6518290604708,33.6498544895123,33.6538823903386,33.657229799387,33.6579210306849,33.659585202717,33.6546910167575,33.6511055654438,33.6659100801232,33.6533309533254,33.6578006863762,33.6456511878435,33.6550636811601,33.6517677602337,33.6373114054811,33.6451256813259
37.0594135485803,37.1182124778878,37.1116931464331,37.1128891779615,37.124854208918,37.1309117790408,37.1184995908508,37.1214401265063,37.1303506008792,37.1230423436586,37.1131375761415,37.1178326652556,37.1026960299167,37.1157168068975,37.1149336331159,37.1089937883354,37.1119680939569,37.0999066874062,37.0976135831912,37.1113244240254,37.1137564081574,37.0949065003966,37.1104832229491
22.3284616667196,22.4234653507007,22.4632797282663,22.4811995967176,22.4480545425049,22.4513049859158,22.4550213343077,22.4353784481234,22.4496188487287,22.4345076639866,22.4475033000597,22.4391984103596,22.4438333143416,22.4415207893193,22.4339573541429,22.4371380172468,22.4446602837799,22.4448179457331,22.4383992269384,22.4356727316599,22.4357230318928,22.4360591142457,22.4339357330049
27.2182990612723,27.5176441719131,27.5879378703891,27.5114704420904,27.4548057221056,27.4888283369727,27.4530155067995,27.6051824747489,27.5445418334681,27.4142782410467,27.3391862450797,27.5208488947286,27.2183501125543,27.1418352613974,27.2057614369118,26.9642249393922,27.1747978940196,27.1735639770686,27.0412501949218,27.0604876087506,27.0489441108246,27.0513093287153,26.8887753819493
48.6007036289238,48.5875997786241,48.6104701762877,48.6067054066345,48.6142758645401,48.6099213420953,48.6081574168899,48.612298322551,48.6233833137543,48.6137736846563,48.6013412453017,48.6081407779071,48.6119242270452,48.6106565520022,48.5880688327733,48.6095958264282,48.6062493639843,48.6214471807003,48.6103368792319,48.6083163296548,48.6152048222212,48.6229229834747,48.6018383454377
24.3940516300909,24.5354027822156,24.5981519925755,24.4810091205819,24.5152058660621,24.5130807891887,24.5534010639273,24.5072146649886,24.5245945503486,24.5081319393482,24.5089911031134,24.5404161820819,24.463399918487,24.5219472090615,24.5056531157085,24.4769575967194,24.4895033295207,24.4720436583781,24.4974800217176,24.4595599392314,24.4995442189901,24.4546872425441,24.4721277456898
11.5236647238656,11.6748290086252,11.7245042152736,11.7256159676929,11.7376338525834,11.7131064209076,11.7558799836773,11.7559253012438,11.7354662806262,11.7689962320917,11.7396552322822,11.7283155913217,11.7095518970118,11.736143325212,11.736613738632,11.713328280713,11.7142645793943,11.6773155246928,11.7251032193029,11.7299476487586,11.7028874035903,11.6765037440668,11.7238594122439
32.9702111770511,33.056708349274,33.0226976878118,33.043918546455,33.0337375770018,33.0475471874041,33.0568669794633,33.0489715093518,33.0527422586181,33.0427695737255,33.0433462658964,33.0639010877234,33.0515892904449,33.049707704001,33.0453707232244,33.0488552477918,33.0234489975674,33.0516652550685,33.0647102519319,33.0039430610297,33.0444680406672,33.0556285421476,33.055047015614
27.8779211023702,27.9829658680538,27.9882407662637,28.0011357099857,27.9947756008261,27.9954106735487,27.9783028194585,27.9985535825798,27.954392844793,27.9848756849499,28.0015973660437,27.9991595104656,27.99053222436,27.9821457104924,27.9832509554276,27.975743159173,27.9846841265457,27.9665849465254,27.9958336642639,27.9794904250071,27.9927641566995,27.968556378383,27.975016068966
22.4552594154406,22.4745351815757,22.4723199564475,22.4859043344212,22.4848553725165,22.4874903983,22.4870634234948,22.4871861844816,22.4926885177638,22.4864151467147,22.4908944926316,22.4893124794108,22.4879656767819,22.4847372369825,22.4837789259567,22.4896945913006,22.4867903356714,22.488233825787,22.4892183161929,22.4850905571308,22.4863490564873,22.4779535329226,22.4710877877505
22.2212444441305,22.241818704618,22.259922505925,22.2684506406643,22.253770380888,22.254368299916,22.2557303355573,22.2520924293619,22.2509679210803,22.2587547639506,22.2554073191291,22.2674660016043,22.2624608325203,22.2560788550672,22.2560408016113,22.2520995397405,22.2534065028579,22.2597442450219,22.2591371144445,22.2581247128012,22.2600378360423,22.2462889040448,22.2618344393318
21.7765170137637,22.3043680794996,22.4102197603802,22.3815350981012,22.3731875536814,22.3249477690806,22.3691933131241,22.3472632328625,22.3525174576838,22.3551494096276,22.3311739186895,22.3447631474963,22.2797718338824,22.2986865115464,22.2899769443039,22.2893744589861,22.3001831878948,22.2829655002756,22.3068634619193,22.2656212759821,22.26112320506,22.2774885712231,22.2518097175882
24.0562180403193,24.152803285417,24.1493137390813,24.1765934276426,24.164879770713,24.1755450208428,24.1824954823362,24.1776852585309,24.1700279149925,24.1732348103437,24.169897225507,24.1670842091299,24.1811695075369,24.1619146229521,24.1787071223846,24.1792372253728,24.1747458421998,24.1676861538421,24.1865340570856,24.1783558055684,24.159159643748,24.1819847677904,24.1648433003395
27.3308227437773,27.3520266111954,27.3664187957273,27.3529307521677,27.3591033997052,27.3665830864734,27.3316229241401,27.3545835911074,27.3491492300514,27.3498660922276,27.3537883508097,27.3473123538566,27.3621473298351,27.3522075378793,27.3609607276417,27.3430518426256,27.3459705304054,27.3446790118092,27.3441211676097,27.3510692296647,27.3479495078277,27.3471167408572,27.3535829375713
27.8275104605094,27.9302345922708,27.9521340174291,27.955502022625,27.9301461601428,27.9413465872016,27.9396523951559,27.9644490870341,27.9834544201523,27.9653834286612,27.945320959961,27.9589863520869,27.9494054944409,27.9408648363305,27.9434283461034,27.9769713460218,27.9817793987144,27.9649857867836,27.9680875927631,27.9525679987334,27.9784572155594,27.9526159137799,27.9541491753014
22.8190772196304,22.8633031633898,22.9276192851944,22.9024614101002,22.92602503043,22.9397946413243,22.9424621127092,22.9476890802133,22.9747309747212,22.9894987492138,22.9849744235649,22.9700727592341,22.9871655201858,22.9502299275777,22.9615420172776,22.9785729768176,22.9614219303549,22.9697363707057,22.9670650707306,22.9660578054609,22.980177004484,22.9750990481638,22.9778332739257
21.0649784927555,21.1859479431434,21.2291839872362,21.207220896954,21.2148173381958,21.2089055057293,21.2036202287745,21.2307586257329,21.2118172555643,21.1997299938876,21.2239269891195,21.213452859979,21.2104789679831,21.2177147802539,21.2034889812794,21.215263932593,21.1979890709929,21.1967027164123,21.2049954855602,21.1956206236196,21.1950940961264,21.1694850911462,21.1587675158753
30.4847710846988,30.4874715237172,30.5135745264133,30.5150652865385,30.5186582897596,30.5179932343748,30.5208055716718,30.5218488414258,30.5246857322899,30.5188427963681,30.5247360837056,30.5214207200092,30.5300723284201,30.5200778435766,30.5251637516781,30.525489620914,30.5222196132403,30.52923930188,30.5233301185631,30.520709605393,30.5287034895962,30.5237325634483,30.520149769583
29.3699999464952,29.4349578255238,29.4347271785393,29.4558176344003,29.435590278366,29.4523909685552,29.4632340975483,29.4667916792886,29.4554142977,29.4499874789752,29.4632113239528,29.4636471009159,29.4570545467026,29.442929030182,29.462913824135,29.4591178059146,29.4572174853201,29.4565303128314,29.4572960259983,29.4540313298724,29.4551466160271,29.4543932848074,29.4646393303552
30.4428884126299,30.3848344369986,30.4173581878712,30.4099686778932,30.4340244216583,30.409505881227,30.4414473676883,30.4159271810793,30.4141787879466,30.4119857884457,30.4120910138723,30.4134976973236,30.4298296439306,30.401016324088,30.4078180782494,30.4064193211674,30.4355559510881,30.4207379339589,30.4198165263141,30.4271849921707,30.4279110550498,30.417198485687,30.396082588434
65.704534432972,65.6675582983408,65.6778280611167,65.6646948163161,65.6843902072012,65.7220625589943,65.735477166491,65.7137247975961,65.7675127045644,65.7146298110183,65.7707726148529,65.7755874970132,65.757677185657,65.7483851602034,65.7590460691895,65.7586644254463,65.7501057218673,65.7732099373352,65.7519275984344,65.7377804947177,65.7555165485314,65.7619559019966,65.7588570815282
29.8130183691419,29.9699076289064,29.9830325227884,29.9675961719562,29.9715423784302,29.9839131077815,29.9962368340217,29.9714228407697,29.97473467753,29.973356553188,29.9692819362924,29.96931533565,29.9645832830072,29.9635093100327,29.9799391938822,29.9644012224481,29.9635364332081,29.978806837469,29.9786741381535,29.9625118558956,29.96538163554,29.9545433565466,29.9742768636837
40.8875388358739,40.878093889846,40.8682681363455,40.8624675550935,40.8618593565712,40.8658373310086,40.858784345271,40.8614261516359,40.8593589306962,40.8624034192752,40.8616979025008,40.8646662004257,40.860144175888,40.8620557227302,40.8624356543126,40.8614345707126,40.8602139518264,40.8628984148073,40.8668393127957,40.8636259876659,40.861067154841,40.8637465736905,40.8603288010686
30.616919533714,30.6036742987535,30.5832765805037,30.5970190686405,30.5913199896968,30.5880166602347,30.5932730153365,30.5907402917898,30.5920580244874,30.5895049477892,30.6004320868449,30.5891819206529,30.5905802392769,30.5904103877408,30.5868413011849,30.5898760933814,30.5845985071518,30.5847932404258,30.5843062734227,30.5931309866381,30.5881868407965,30.5832393236994,30.586491564123
36.0663774103394,36.0122618294989,36.0502311181596,36.102974856522,36.0515614608802,36.0960643125753,36.0898538814978,36.0608159822604,36.0494330357891,36.0773695657252,36.0996596996803,36.0597343216157,36.1037116724187,36.0786623651468,36.0819628509202,36.0599654841312,36.0631377965877,36.0660471396626,36.0591582727712,36.0726210428495,36.0944082656764,36.1043428064048,36.0840403589607
27.7392643764445,27.7808574898882,27.8038016000546,27.8188055306419,27.8305369589748,27.855836300625,27.8634511189631,27.8592588042489,27.8556271872109,27.8369860534759,27.8502458314422,27.840568346855,27.8557683819455,27.8689754888903,27.8480821598609,27.8340603782632,27.8536829480031,27.8577416216207,27.8470482600923,27.8479107024571,27.8387443918318,27.8569752481717,27.8448850621531
31.2337574055001,31.2554480595753,31.3199127660552,31.2947885884932,31.2945125101746,31.3018138785764,31.3103734053732,31.3128132132365,31.3120590519977,31.2950934683865,31.290305486669,31.2997948267708,31.2965858997674,31.2873211731048,31.2913800974528,31.2736741503055,31.283857707609,31.2577020475457,31.276449951647,31.2507945193694,31.2584840370471,31.216911318235,31.1979865096603
51.3024501033095,51.3276601372702,51.315885480296,51.239680221757,51.2884672856829,51.3056154209264,51.3082666525698,51.2687085452067,51.2920658390285,51.2694715567111,51.2550490937864,51.2452878406401,51.2500293708737,51.2844017615265,51.2732622559278,51.2390257871057,51.2439921288502,51.262591489023,51.2263018157877,51.2494334251106,51.2343338350504,51.2835964925386,51.253057745833
20.2535316136189,20.3622019979589,20.354155933211,20.3581782098558,20.3549921163888,20.3471519247086,20.3359744146239,20.3519154947375,20.3462067686451,20.3536750051843,20.3575160244098,20.3455872460581,20.3535610027506,20.3540553430403,20.3535245567491,20.35125527337,20.3662532955762,20.3491382602925,20.3454276316855,20.3515200278044,20.3596824991592,20.3574910779033,20.348676893747
26.6932553240976,26.7451301222103,26.7636401562943,26.7494127238721,26.7716421222063,26.7660093837676,26.7626211651269,26.7677583785031,26.7653293571669,26.7619550448642,26.761808158393,26.7650060849931,26.7601914783371,26.7761796963949,26.7630869773786,26.7652037982612,26.7588803219688,26.7662059486657,26.770034472103,26.7671589813815,26.7617830481813,26.7722591675331,26.7679444857966
29.4407356337384,29.4365734488182,29.4402090133807,29.4325043733618,29.4238890936346,29.4235071619677,29.4351737717005,29.4218622881761,29.426029006819,29.4244812070672,29.4335798165994,29.4243995318487,29.4259742799074,29.431154783686,29.4255417602901,29.4190417902218,29.4232370197354,29.4259649227152,29.4331204214382,29.4267806065991,29.4246062958829,29.422719624796,29.4256328975573
29.1110603115386,29.1547725489015,29.122956871934,29.1271547341997,29.1317090805194,29.1353985382917,29.133059222902,29.1284903558932,29.1400641365372,29.1292260665393,29.1257205363804,29.1290645237773,29.146652733761,29.1376059349532,29.1247687337798,29.1359772192877,29.141606296752,29.1291601840133,29.1245114359432,29.1339391566292,29.1391277168111,29.1406998195916,29.1280864907675
45.5361591934516,45.4170780789857,45.3771956782497,45.5062646622704,45.5578801554602,45.6280765253242,45.5768915511273,45.5501143944921,45.5539550001177,45.6248469265276,45.5110834329006,45.5712777548616,45.5616179226382,45.6010118764395,45.543242049372,45.5619028463222,45.5577379804161,45.5677644135309,45.6140177965024,45.578394710797,45.6298540793727,45.5728544411103,45.5747602408013
35.9980860637859,36.0235238363747,36.0467057384597,35.9904723228863,36.0455405645511,36.0580405587625,36.0348984301281,36.0474619706608,36.0425811497082,36.0741979919653,36.0358567520607,36.0413773937005,36.038141463016,36.0493177898974,36.0594271832092,36.0322291323843,36.0610902898344,36.0343662410974,36.0414114504579,36.0580949362665,36.0580275243397,36.0481852400189,36.0526261221418
35.6821504147495,35.6480315163806,35.6714888234375,35.6946462520645,35.6572467277651,35.6796271832929,35.6844369052353,35.6958208662693,35.6887884282934,35.6932716899298,35.6824366925996,35.6719517610561,35.692312235552,35.6853047607508,35.6923024916803,35.7053279965074,35.6927093441423,35.6845598523329,35.701347237316,35.688542254532,35.6801544575768,35.6835162495736,35.6813793452883
24.4582152052074,24.5672542159605,24.5859640122217,24.591338159779,24.5831034078211,24.562028609435,24.5565475326614,24.5843436045144,24.5704593521354,24.5801469729559,24.5898797818047,24.5746360801626,24.5837088172655,24.5633394014899,24.5595750873276,24.5640650231448,24.5892948774529,24.5769386841726,24.5801516051884,24.5716392978245,24.5846725100022,24.5782762999069,24.5769986546282
25.7677120789539,25.8556357910813,25.8626111748971,25.8681770123821,25.8559160753002,25.8750110623303,25.8812773151205,25.8667242284675,25.8603267535226,25.8575573473867,25.8707480995724,25.8537033918137,25.8704798267102,25.8608438368615,25.8569835168466,25.8543311211715,25.8595454698344,25.8679427908406,25.8577977539212,25.8670997262702,25.8547288228337,25.8604092271655,25.8628179207974
40.9139397144055,40.9928965535717,40.99451935922,40.9745370445968,40.9861036876892,40.990222422915,40.972607117553,40.9784605307221,40.9793859737919,40.9874579387502,40.9875596586223,40.9791467426943,40.9800773189958,40.9603657734643,40.9889826613587,40.984359290426,40.9790451690658,40.9713347716765,40.9836591258612,40.9718034844068,40.9784333516514,40.9728851461666,40.9768341806193
33.5573105966565,33.6014255044172,33.6212912212346,33.6329164999148,33.6247388164314,33.6506237300861,33.6269222387808,33.6297462787358,33.6245592471962,33.6293173873028,33.6316596271808,33.6144786763161,33.6165186138309,33.598495660296,33.5898114424258,33.5874959741815,33.5804474876828,33.5882839563885,33.5749726382435,33.5812728444532,33.5947941013675,33.5703098616337,33.5841600623376
25.0871952698328,25.1464935156116,25.1626736574403,25.1684342362844,25.1689811538612,25.1490952214304,25.1660956269405,25.160135315361,25.16977701817,25.1767185524721,25.16099454435,25.1755135181231,25.1678968134004,25.1585030948824,25.165616463235,25.1616741193861,25.1638789535213,25.1533035726163,25.1577797002369,25.1576743669138,25.1585289581164,25.1553162404783,25.1559621246817
28.2315439076481,28.2666224199283,28.2976240799076,28.2672440953519,28.2846584276828,28.2679358782302,28.263017435459,28.2721357416385,28.262810711791,28.2629392404941,28.2624675763106,28.2670221665514,28.2592424141336,28.256879346478,28.2602618082046,28.2615881980881,28.2636665534014,28.2663728449914,28.2553976352863,28.2647888251815,28.2642591950829,28.2649728520654,28.2556434955979
46.4028226768837,46.3988572728463,46.4674311327839,46.4486623439786,46.438540389413,46.441638334652,46.4312069876128,46.4264466964017,46.4232335362497,46.4220193738575,46.4286887801239,46.4297158365899,46.4222634864525,46.426434372879,46.4268316379915,46.435204183367,46.418153542041,46.4222376134308,46.4314076446612,46.4350085985955,46.4357536689858,46.4386344993652,46.4236777884608
27.4369710793041,27.4812401249261,27.4928746669273,27.4683379959169,27.4971597584356,27.4884395809132,27.4852112152469,27.488290747916,27.4833112827481,27.4842729865105,27.4854320086351,27.4897989139964,27.4799205312263,27.4838202457178,27.4847899813685,27.4850809558164,27.4837070539186,27.4873345134094,27.4832726982481,27.482652732862,27.4854637877765,27.4757290602563,27.4864824330429
38.0519334227245,38.2108471279151,38.205893431501,38.2417782698368,38.2247513280598,38.2184489623395,38.2579799751563,38.2220450567566,38.2334855757031,38.1946074499136,38.2216207247614,38.2235814027003,38.2602892169512,38.2553694829456,38.1984765451751,38.2490799281913,38.2268582782232,38.2182761294346,38.2097646797786,38.2525384255929,38.244880867027,38.2559658304026,38.230722127065
23.9107447386946,23.9765662421969,23.987674651274,23.9907170969768,23.994464845915,23.9838559981355,23.9836527388749,23.9838201295948,23.9917615236381,23.995144051898,23.9922345390649,23.9791535876894,23.9903560369334,23.9848346183404,23.9917476519886,23.9866352748084,23.9889344614807,23.9839826403475,23.9850992179986,23.9912532821039,23.9921583956407,23.994239474766,23.9863299223656
