"V1","V2","V3","V4","V5","V6","V7","V8","V9","V10","V11","V12","V13","V14","V15","V16","V17","V18","V19","V20","V21","V22","V23"
34.9420433872773,34.5938829458752,34.7594297333774,34.4333603255971,34.7186395870767,34.6844348535641,34.3856304789538,34.6746720902891,34.7294267625728,34.6673297400609,34.8632740575607,34.8298045199363,34.5797618730356,34.7455134966221,34.5450218357941,34.4746052129669,34.6689418574877,34.511211121942,34.4976272917445,34.6260749750684,34.6217147842921,34.5983860253145,34.6508534090798
43.3358972061404,42.4072454228494,42.914475664929,43.1069707179262,43.5034488058186,43.4801270175689,43.1744370632209,43.059905414063,43.289409049503,43.4322771735757,43.6882066718197,43.3451681427334,43.3597500131347,43.697952393811,43.5950156230142,43.5241736736341,43.6226575788156,43.6798472047209,43.4511668773845,43.5893086624873,43.6735319668282,43.6470759227085,43.5824915762892
32.3491731348905,32.3139470653938,32.1099314176368,32.2987432081422,32.3362988175605,32.1675613178226,32.3902148920418,32.3535399598964,32.3315732572429,32.3144562981943,32.4184798213431,32.3519386061089,32.4532308151845,32.3008485469877,32.3775277460845,32.3729095654516,32.3993161333491,32.4254247869063,32.3899627480153,32.3898322119043,32.4539123439149,32.4133845157012,32.442686384966
18.74476912829,18.7838456911812,18.7416179592742,18.7947014802542,18.7639037154183,18.8388913059769,18.8804279292383,18.8738778506296,18.8692969353104,18.8799600515028,18.86899979011,18.8931593026053,18.8749846339718,18.878136126869,18.8610303916184,18.8623233415613,18.8863434890677,18.8959420669749,18.8525064203177,18.8654085547548,18.8588650400913,18.8778036471746,18.8768606391868
49.662617731402,50.1607612660073,50.4450938210194,50.7304173683131,50.6807003099902,50.3680933109918,50.2003648112136,50.3298643667841,50.4008284526166,50.2294547728699,50.3426156626617,50.2043164046645,50.2460302572071,50.2896296201884,50.2634493733528,50.2604556064979,50.326399011847,50.2404560574659,50.17661227305,50.1814314466063,50.2732100825536,50.3051285524022,50.266313381074
26.9764950695327,26.8634278976133,26.8841210300176,27.0155223789915,27.3058747460738,27.5670975776882,27.5889528181184,27.2481081806686,27.3626341585024,27.4226688377333,27.3255197914525,27.3443154399053,27.3291752489609,27.401315044283,27.5203547418229,27.4008176183156,27.4039839699114,27.4147206147154,27.3643342177889,27.3622516998152,27.4615428980707,27.4300131780472,27.3956378295099
28.1822485114904,28.4120825555801,28.363307589265,28.3818936808255,28.4666321611548,28.457474651378,28.4729885437333,28.4881024366045,28.5329471727794,28.4636722229897,28.4909825397064,28.4581822058233,28.5263070733474,28.5478633706862,28.4898205128022,28.4687432749296,28.4979782699571,28.4739714443587,28.5001548721491,28.513694550484,28.497759992133,28.5435875223935,28.5286262436922
47.8948275032949,47.044509317652,47.494151668277,47.5388253718478,47.3948432818454,47.6198524889876,47.588052283906,47.8806500929913,47.8947998033793,47.9029018274875,47.7713373498087,47.7481792367391,48.0939465007621,47.9108898687739,47.9476967439608,47.7490780557277,47.9067026355827,47.8774835909924,47.7898138138063,47.8188988538787,47.8465294709962,47.8752199373856,47.8533978334696
33.1615810207683,33.189157645319,33.217767306924,33.7139390197575,33.2547859844486,33.4289895260744,33.4684533933798,33.293484802791,33.4361718117583,33.4780157389547,33.6230375330604,33.5300420795913,33.557798116151,33.4367010092447,33.5564579061853,33.5772806154738,33.5395776440673,33.5197922454594,33.5045911606072,33.4997359525546,33.5348086116581,33.5272628620304,33.5443265253233
47.1734083590423,46.9444793717232,47.1668855575827,47.1121480595781,47.0348610622431,46.8482203503441,47.3945889380107,47.2519918646715,47.1060149743986,47.1334662295474,47.0518328069837,47.1660884708638,47.0887399088469,47.0046239371902,47.1654209020109,47.0498360020843,47.0586756928737,47.0595697952502,47.0719954540497,47.1178136718951,47.1647440790878,47.0595619087143,47.0718369373198
35.8037746076699,35.2934001483645,35.5550493212552,35.5191374611571,35.5174050040623,35.4559530176893,35.465627231142,35.5170002920792,35.475611973878,35.4696687527464,35.4665098771101,35.4528859588863,35.491239341931,35.4452747207412,35.5109870844208,35.5049445253443,35.50639045145,35.4950999824424,35.5407851732719,35.5244600022535,35.5064922522039,35.5033746092374,35.5010807535752
22.6947370264033,23.1943196664425,22.9152063259187,22.8497740247147,22.8250539819694,22.79659664809,22.8058782889901,22.7496848387557,22.8065026267064,22.7396002546693,22.7736076188745,22.7818173021693,22.8076801920793,22.7148725494577,22.7361164654182,22.8209484681938,22.7549246314994,22.758291751816,22.7735504774048,22.7651576982758,22.775049329844,22.7817176114976,22.7735782615719
12.4622429925387,13.4257734407598,12.9761728202351,13.1413194092529,13.4862170518827,13.3755510294599,13.5813853468674,13.5012969888814,13.5645780284562,13.7238861377411,13.6672066325064,13.4356918481557,13.5726842780513,13.6620630827646,13.6383757836587,13.6693251962067,13.6442812420565,13.6386827090997,13.6705951508402,13.5761401438263,13.6090900571982,13.6132911009862,13.6816574592731
32.5310992941505,32.5267095576175,32.6202344907563,32.7956016026378,32.7869192564661,32.9471832774836,32.9413955984828,32.845699209208,32.9199893182493,33.0540950229336,32.9440710575354,32.9765351016276,32.9499733246073,32.9971744422156,33.0426896897662,32.9792302748033,33.0020110466132,33.0175803138751,33.0053276767586,33.0420057445306,33.0498801283783,33.0016139611561,33.0438601942687
36.5326856450837,36.6573598461046,36.7839379037469,36.4772733664145,36.5049780012703,36.4348023431632,36.912990306592,36.4113924960927,36.7901726056936,36.677770577346,36.7528880765931,36.493717095951,36.5431126023624,36.5994084247753,36.4647404265415,36.5992835089959,36.6104751049458,36.5350881220383,36.6813718986536,36.5737136296557,36.6016694605197,36.5454959414995,36.5927191355859
31.9639523303523,32.0535914675694,32.1740655516014,32.3353385763605,32.408485339399,32.4852215067516,32.3821103198146,32.2440746962604,32.4202931442989,32.3639006717098,32.3270550546315,32.1667408793262,32.4256211582647,32.3146014976041,32.3682916688129,32.3221607140654,32.273584040437,32.2449845374471,32.3244610353285,32.2956440955537,32.3237544873215,32.3394936189954,32.3170044157854
26.8399597198881,27.0155501403296,26.73340181261,26.7972555462431,26.8343896362499,26.7352164983329,26.8353283953369,26.8183476913407,26.7492958055634,26.793672194141,26.8066985357034,26.7545016417942,26.8295392179996,26.7575366111819,26.8045637372866,26.7919555123842,26.836772237347,26.7785375764693,26.7857311056997,26.7803149407409,26.7715611328088,26.7906938735806,26.8256016175463
34.7977960148826,34.5122505007646,34.6730832010858,34.5667273987058,34.5228211206149,34.5327771205753,34.6652015080075,34.5924850905536,34.6481011679716,34.6992768310989,34.6067025287918,34.6661219084661,34.6181725489202,34.6037621851805,34.6018708459388,34.6240416029542,34.5712466105966,34.5929251651774,34.5896145508834,34.5770715713006,34.5747085434884,34.610690154679,34.5973378966614
22.9229660119878,22.9842449183115,22.9588313573317,22.8699159196611,22.8580680937369,22.6134134272528,22.7754995259313,22.7541714540795,22.9375993919516,22.9261950377419,22.8974517645426,22.9307215542386,22.8511090918672,22.8574421327728,22.8921520164951,22.9514176421355,22.9556406193226,22.9126186830336,22.9273934814593,22.93490827814,22.9209332551566,22.9505588108398,22.8997837767163
24.5934034470032,24.1490521191589,24.2808470043324,24.4068690936961,24.4059125827015,24.3579388102846,24.5121529574478,24.428718389391,24.4237867533067,24.3624879659146,24.3590197934122,24.3494653689016,24.4097570895019,24.4266476231014,24.4010283975396,24.4196398408346,24.3917955103472,24.3888250017626,24.3948000430421,24.3750197438323,24.3705066419369,24.3975986428199,24.3801439063685
33.8231102345334,33.5887041686729,33.5446019197862,33.811756715522,33.76190208969,33.841952973843,33.804016817842,33.8164968324621,33.6993479593985,33.638645658196,33.7024264986641,33.7757237123225,33.6820161252636,33.7393833869372,33.8220757986677,33.7311239030532,33.7028085545145,33.7250929966706,33.8138625602438,33.8003310899938,33.7456394841327,33.7846565140714,33.7665373722287
40.7516524335898,41.2276530417397,40.5965752921173,41.0772709094381,41.1883226607406,41.0183550723798,40.9773480146762,41.3794051329729,41.0048255528745,41.2628142886054,41.0664427490707,41.0057062367848,41.0321335258668,41.1649418177097,41.1261124296738,40.9859056997081,41.1111621419808,41.0436242847734,40.9973914573366,41.0127634164652,40.9990521186039,41.0845426436196,41.1127033595945
23.276214761379,23.866738631014,23.323051067068,23.2704962765202,23.6455712642076,23.7356027223969,23.7067066658827,23.4521847668718,23.5452732380254,23.5574403299684,23.662202410299,23.5950419902391,23.5526141556626,23.6268740539443,23.5311761474608,23.5942478169195,23.5561006489832,23.6135563229194,23.5918162225909,23.5458887957189,23.5516040214695,23.5577469758101,23.5712332473756
40.8513381428781,40.8982751127958,41.3680062318545,41.3228722817728,41.5081108328566,40.5485117018824,41.0668674880632,40.9428790653305,41.1868145709892,40.9866805812582,40.9297868633011,41.2019835883358,40.9144824294244,41.0836913178236,40.8972784963068,40.9481705486239,40.9706245994781,41.0221022661584,40.8989488462089,41.1106484496611,40.9829919673086,40.9425437565711,40.9470512011518
68.9071712060437,68.3139900512146,68.3764898107338,68.843819407885,68.2667126874369,68.4762914266401,68.663541633052,68.7358992765814,69.0093883450712,68.7484485037775,68.6877348680311,68.9156257143693,68.716565531229,68.6472922289755,68.4911950305225,68.581047020714,68.5408594914333,68.5737100513706,68.620502096463,68.5994621777308,68.4957408884159,68.5816827427646,68.5889091529358
27.8999565259733,28.6705137824785,28.1228395286933,27.7787180421491,28.0316672399418,28.1798548662049,28.2099025035098,28.0725018254032,28.179845634214,28.1399274144157,27.9418267720788,28.2998147126533,28.1139578127856,27.9435905558277,28.0514640662799,28.0039723464863,28.1541961269421,28.10357941726,28.1205836341067,28.1162820351147,28.056316684341,28.0814860277111,28.0650931627277
28.5126352025618,28.7074374743874,28.6515682099353,28.7466746276123,28.566322893823,28.6030112688054,28.7144290847796,28.6382004496295,28.7323926936448,28.6502983130079,28.7290424152682,28.7013728293525,28.7216488567751,28.7005103878123,28.6997578770387,28.740992981088,28.7010588439806,28.6992735144917,28.7280412269231,28.7216782080057,28.6933292859107,28.725821730927,28.7007384128974
40.9468867543187,40.7318368220631,41.6081481666824,41.4738019774708,41.4122018647108,41.8866785697617,41.4514040242104,41.9783596522514,41.6824794185312,41.6114131904341,41.6008368813133,41.545534760646,41.3964938872641,41.6109873420868,41.6110021623186,41.5544183251553,41.6201250509004,41.5287985369833,41.6341221676313,41.5179674527261,41.5791771582214,41.5572319063306,41.5438305259587
27.2467103681956,27.4280462364038,27.574125956262,27.8030161544793,27.9389338748555,27.940607943953,27.9952694972233,27.9788274573471,28.0161264399377,27.9841844425933,27.9671100526522,28.023219275936,28.0480507788245,28.0923198236915,28.0202612642544,28.0379161581702,28.0531963866744,28.0561706183243,28.0659649933026,28.0989684176581,28.1031290498131,28.0649579220912,28.0730322982682
32.8991462691106,32.5751128733375,32.5675108692511,32.6118049172809,32.4564475925174,32.4499015736178,32.4996738792559,32.5607266181002,32.5266056485128,32.5163284566807,32.5531553788571,32.4904124404684,32.5096215912109,32.4986729473218,32.4979262755764,32.4620723095317,32.5450438169112,32.4992868438259,32.4478628443028,32.5381296187519,32.4747317565391,32.4779619663307,32.4416891842031
30.5664977737374,31.027014732393,31.0311621447646,31.276976509314,31.5517462949971,31.4724307936049,31.4944321864757,31.4600607357892,31.6486899329746,31.313218330203,31.5332309284813,31.2804872060857,31.5273906085326,31.6048719392269,31.5110985813186,31.604583918031,31.608356197286,31.4982154891738,31.523211543267,31.5497792353435,31.3772632908513,31.4795466013834,31.5289752917043
27.3861843283916,27.5026824015222,27.6300011615554,27.5752560597229,27.5394922462332,27.5437919764466,27.5014884317718,27.5436949399247,27.5328135062686,27.5647598953725,27.5598408864407,27.5917499268342,27.565067053332,27.5850609097153,27.6044969626664,27.589833281198,27.5511792846264,27.5825161939776,27.578166027818,27.5661442793974,27.5680194381404,27.5874804245584,27.5911278742249
32.4955390462652,33.2120931785503,32.842591453634,33.1121335243863,33.008161152841,32.8599375451824,32.9905543501976,33.0930210438801,32.9524744363303,33.0420916258048,32.9614065638956,32.9599585511815,33.0127605224363,33.082756942743,32.9526141966309,33.0038779352918,32.9605539552297,32.9169514039666,33.0010884800767,32.9402243610549,32.9819731297123,32.9515435412715,32.9909875420256
40.1689183942553,38.8939445153186,38.972198717302,39.0872533539428,38.9475592484515,38.7753567770525,38.8442632524254,38.7613897476908,38.8273845830766,38.8848251791913,38.8425608132857,39.1021532477764,38.9766265371507,38.7745855852418,38.8087458765941,38.9392516963463,38.8938403410528,38.9160568009588,38.9262332188253,38.9642970612403,38.9257963625543,38.8754498472262,38.8779805478117
22.0712495023638,22.4943203943564,22.5790211616085,22.5305432580132,22.6623027576818,22.7064081370198,22.7323825752122,22.7656389865081,22.702205084481,22.7501298034247,22.7379227227607,22.6880182466559,22.7125138339587,22.8233466317429,22.744755963225,22.7621271811172,22.7627380518133,22.8227303267072,22.8062190596959,22.7880298805458,22.8122809943148,22.8377297439145,22.7670583492241
45.7510577994475,46.2063575251683,46.1091649579774,46.3161719158993,46.5200893238375,46.4184789303861,46.5260995597712,46.5362403809104,46.3755143835289,46.310827501289,46.3773947966095,46.3557891088554,46.4084549187939,46.4764503453662,46.3712867036343,46.4232616775986,46.3737781520596,46.3655492842796,46.3492727943459,46.3878440422273,46.3709567997401,46.384631829926,46.3643048820588
26.6877983537972,28.0427977281847,28.1459850377985,28.0213120286779,27.8657418691853,27.8750261194323,28.0916061153356,27.967148020642,28.0036130524583,28.0152613493909,28.0516976520323,27.8787641206999,27.9965228680756,28.0280577222344,28.0029843232436,28.021474457263,28.0543521262856,28.059258425756,27.9373954128844,27.9728733885336,27.9317891069918,27.9934839579909,27.9774572726561
20.1387177873836,20.8056415664071,20.9866251045232,21.0215202780715,21.1866620986521,21.1955807211851,21.2201843222907,21.2426272591902,21.2765251179515,21.2375131902227,21.2229347678291,21.2303914464064,21.3208622756349,21.2919369430234,21.310626743459,21.3054262823744,21.2715431884071,21.3149406238773,21.2933063223985,21.3286796232839,21.3125394259531,21.3111609029718,21.3043293390696
73.2573637090572,72.7932675644422,72.7460348149515,72.5775126626746,72.6142626368119,72.797123867673,73.1938054549452,72.9067126548622,72.7482918111117,72.6373944005795,72.3294239857742,72.5809447887428,72.3574176768117,72.3023754117273,72.2774691766091,72.6508058708367,72.4558453814796,72.1483175367261,72.4298689808817,72.3257161731749,72.3121729407489,72.4542188766823,72.3965934564528
29.2784262974229,29.5148325920209,29.2403463766618,29.3864918607405,29.3287239028061,29.4283546638053,29.2357198060831,29.4093650507968,29.2517114838589,29.192782573969,29.2677214721528,29.3703495778695,29.251182016776,29.2166128076397,29.2855957209888,29.2520063038034,29.2667751473532,29.2605645589651,29.2026877541295,29.2681711761055,29.2657949856631,29.2516764111134,29.2664282846251
31.2332498727457,30.9397281644399,31.6117859788908,31.3550367159222,31.1385278355431,31.407659700545,31.4980269107943,31.6157725292639,31.3516231545599,31.7255670044183,31.6148445622283,31.4307412707608,31.4796354526944,31.6301666804788,31.5397307428895,31.565687619881,31.6105298697841,31.5194718910418,31.6309247429404,31.6241443892547,31.5833289655082,31.5615344011057,31.6095559842233
83.4178502521874,84.978129857042,84.5024209744265,84.3671933728546,84.292360810285,84.6938781076682,84.3849298189171,84.1259727831537,84.3932620196431,84.3337252127968,84.3974908749581,84.5187257442231,84.3714289053387,84.3311499018886,84.1751221835466,84.1903361170713,84.4128705463067,84.1874760311538,84.3597698715182,84.1835879902061,84.3000456081433,84.2746077859172,84.2120472709679
16.4305215780665,16.9290458002022,17.0572881658873,17.2054022787617,17.3143052590931,17.2650305451629,17.3836613739488,17.3893063274661,17.34230559527,17.4017602122363,17.3699595038617,17.4199024698724,17.4822649393356,17.4231261508366,17.3902960742652,17.4940094463277,17.4845016601624,17.4792911066783,17.471905454379,17.4512968035703,17.4951213543253,17.4691879879597,17.478086949796
40.0792303117983,38.7266661359054,39.0973898275793,38.9295418566798,38.8545655627186,39.2657930608134,39.2979494695922,39.2290780792741,39.5900047239434,39.2388007875659,39.2895427243123,39.2290320881064,39.2473257763208,39.2359146816772,39.406298476476,39.4736307513076,39.3280809875399,39.190000456917,39.2684942404397,39.3387536757068,39.3024247098981,39.325140596776,39.3236776013615
21.1975917892266,20.2258448111856,20.7116731041108,20.9232726755922,20.6901779619422,20.9142893462243,20.5538839850446,20.4828355932029,20.837975850198,20.6881953335353,20.8031711694288,20.7654041924872,20.669030861523,20.8165843782675,20.6558218215924,20.6439815522099,20.7482665434353,20.6928665415792,20.7108637382015,20.7787129395743,20.6884086810864,20.7350552007331,20.7183144557402
49.0895243963755,51.8100947878422,51.5041704995341,51.0019335406615,51.4278721115877,50.5706757711864,50.9113262165038,51.2129238614862,50.6886307752656,51.0603951488301,50.9890997378833,50.9154263768825,51.0285511646503,51.0626955940467,51.0440676131028,51.0678997887541,51.0051024199609,50.8846243514175,50.7927639611998,50.9163001347215,50.91293507066,50.8820131539096,50.9566243392907
38.5704627403607,39.5998959703398,39.2998823106299,39.3177037050332,39.0595440176707,39.0921978133646,39.2151628074823,38.9485864909733,39.2254880692308,39.1689347965199,39.319871318753,39.1443585589307,39.1033336926088,39.0761913354875,39.1700379052475,39.1742587806983,39.2077951195925,39.1791283857926,39.1538659316316,39.1777857993052,39.1766367039895,39.1495859824675,39.2144512777674
16.4433421635627,16.0561954428083,16.4291889944757,16.4228156831745,16.4446622163012,16.3638700293283,16.6677613603423,16.6517909177718,16.5849164117442,16.7060846767398,16.4282018689362,16.5674613956025,16.5890249837579,16.6612252411947,16.6760373763192,16.6135165020811,16.5857160073218,16.670927545472,16.6168962968814,16.5646023561824,16.6579759973008,16.6697151238082,16.6754084747464
31.7479832716623,31.2408838304816,31.8336532594493,31.9152919869824,31.8999649642452,31.8683259243834,31.7638338942483,31.7334079978023,31.6310240641689,31.830927243258,31.7073085168197,31.7427402732408,31.9041362020205,31.5809927608328,31.7218660233255,31.7856674636128,31.8695755771256,31.6922541665835,31.6819983804693,31.7199632495349,31.7659853936915,31.6899448975967,31.7241505928986
33.7470096512129,33.7759255247517,34.2951663926008,34.3741959683776,34.4582050708467,34.2348012450792,34.3128886594521,34.2380264928276,34.1438004194605,34.1419681058235,34.1525627823632,34.0252161943917,34.0549476464107,34.1656391490099,34.34688882374,34.1658166910269,34.1013602603155,34.2127297804648,34.0400996791931,34.1517939312025,34.0369208318495,34.1348059135869,34.1567936379486
15.3354618457594,15.9322675058709,15.8899006460771,16.1017921107717,15.8959379721919,16.054296670605,15.8689771332955,16.0857270223767,16.2046581503292,16.0753577226452,16.0080770139897,16.0325889575834,16.0718049514505,16.0704649553052,16.1957969781277,16.0820888559353,16.1111484565367,16.0477060271872,16.1493873496004,16.1300458801351,16.1283393316269,16.1656377669999,16.1363656014004
39.1902084281469,39.5928805879276,39.8935913649543,39.6340986291079,39.7800048215506,39.5964533791458,39.5511058379175,39.7020463948091,39.8936137139698,39.737868724427,39.7716790583261,39.6537930825977,39.6709716288757,39.6627017650724,39.6938148832554,39.6563243815552,39.6189528332676,39.7282908436096,39.6576869855748,39.7464578355464,39.7069209582074,39.7311422176826,39.6924784288094
48.8079269834416,49.0322744278896,49.0993229628629,49.021803117929,48.9382112978249,48.7922830279057,48.6393244550106,48.7228687165724,48.9193333444025,48.7464169898614,48.8374946167118,48.7719704734376,48.8198560516347,48.7545378958485,48.8201119366473,48.9180740707585,48.7648565805922,48.826408312266,48.8857606525905,48.7889537978588,48.8344375977577,48.8566921042374,48.8395761764705
39.9565356630662,40.4599608077942,39.760755649873,40.3421779496117,40.038205299705,39.734539978965,40.1129796354165,40.078753791879,39.9958085866354,39.9079187728311,40.0353817027331,40.0818124596035,40.0608501004017,39.9803770577395,40.1127930948807,39.945894345181,39.9667745897828,40.0390194001442,40.1279113639917,40.0030024659708,40.1131810671369,40.061679230202,39.9964071285252
22.1807502184487,22.7114555910963,22.9342414556616,23.0820130072319,22.9788563630003,22.9313374077609,23.0414054861564,23.1056187515193,23.053995706402,23.0218501341789,23.0446127239298,23.1141443135255,23.0826009167864,23.0998673883601,23.0938002365489,23.0854606244754,23.1125613048623,23.0981427793839,23.1093564943979,23.0603690319608,23.0582667518495,23.1403535572299,23.1000308675881
31.9672028544274,31.6992336733645,32.1418065284713,32.0638616012701,32.1789839921766,32.062536311172,32.1855723039528,32.3388051628263,32.2309002620861,32.1711254567262,32.1853678735898,32.1952662336552,32.3139369714157,32.2937628176929,32.2424152456822,32.2261202440626,32.2914261825457,32.2649803137782,32.1471048195352,32.2316957074413,32.2819798512875,32.1865600564912,32.1926441991388
37.2463004438799,37.5039849363492,37.9556164431634,37.7371779307628,37.9889085822407,37.5083230848136,37.7099176997375,37.5742798354804,37.6326151935692,37.6639283192322,37.613785135756,37.631171611891,37.5974178296769,37.6758692206698,37.6574775692078,37.5805803348129,37.6103247138034,37.6210798586151,37.6421656285728,37.6715372603511,37.6117546784559,37.6101078465724,37.6289578437014
41.4083891271274,40.4574417917885,41.0514836850952,40.8485249888405,41.057532894996,40.9228527902944,40.8954775492843,40.8563179432142,40.8259159785859,40.938058036551,40.8024755102738,40.9169721369615,40.8276285210005,40.8321602536581,40.8667653769567,40.8059528450882,40.803237836529,40.909653972769,40.8692328899559,40.9028079548034,40.8890591248952,40.8787485860815,40.8877493256142
32.0397086421434,31.9899903712672,31.7333762311858,31.8728305217263,31.8379256091308,31.8019089115649,31.8372250812404,31.7768811222947,31.7290041632397,31.7780574295612,31.7192316907708,31.7901042388735,31.7089435854405,31.7736633340328,31.7839278603553,31.7711614991994,31.730823623534,31.7332518942663,31.7159545335777,31.7735598583472,31.7735404868115,31.7388292040027,31.7541451963299
21.7474028075041,21.4826034658027,21.8293817456736,21.8194840118822,21.7556117479744,21.9617781583414,21.7761247244753,21.8350412073507,21.8965261965374,21.9347240834851,21.9014281377484,21.8669001345169,21.815366054955,21.9154497500269,21.871920071361,21.9132359818739,21.8693307478979,21.9025681879536,21.8772922267813,21.8701750980096,21.9311559732524,21.8966669359219,21.8916343983496
65.4586207718574,65.5920526383727,66.2525478461889,66.724451744273,66.0892102850469,65.9699126983009,66.7434327784285,66.4351605607136,66.3881089502869,66.4723996205828,66.3774835055052,66.3734358134089,66.3631108340248,66.3911403135897,66.5920628765854,66.4407063611509,66.338667881714,66.4956503894911,66.4199746341713,66.4508118708546,66.3948863204873,66.4661915659226,66.4071642799419
19.7353992714168,20.1598167443932,20.6203487896132,20.5060485012076,20.5208075346068,20.6137012039932,20.597309266693,20.6925221203015,20.687009726643,20.6836073056474,20.6867525574331,20.680188984496,20.6490438849865,20.6212885232863,20.6739482570611,20.7858429443014,20.712238743597,20.7374587367415,20.6734246736445,20.6651093983374,20.7417112680687,20.7041612410528,20.7174479220294
47.5238278668946,47.0034171361517,47.1397503942482,47.1924808631424,47.3992072239305,47.1556536715273,47.2135975935341,47.2333150974921,47.2900727029191,47.2998775184332,47.3186460018506,47.270914729903,47.3357122154717,47.3457543610955,47.3568500369276,47.2769276350989,47.3407032505037,47.3483038306522,47.3693008038925,47.3288786093433,47.3134277141203,47.3102614915498,47.3186681888666
25.4707261584038,25.3872770613893,25.4100682386787,25.5032164857609,25.3392788218804,25.4165956503934,25.4619886725493,25.4537222974548,25.4812140433506,25.4436681564702,25.4676067824087,25.4367324737435,25.5217791285634,25.4669883609069,25.4883356346155,25.4872036584936,25.4795971218522,25.490835894809,25.4665375845033,25.4579714751516,25.4921783243395,25.4794621082294,25.4864945152086
28.876365668082,28.8481036350681,28.836845816909,28.7146647589674,28.7763881109194,28.748992721965,28.7945800064366,28.7588729306355,28.8067579732226,28.7689863876389,28.7880840139505,28.806134592677,28.7954392177677,28.8048162462698,28.7754292664611,28.7723334605693,28.7694423496716,28.7780060519328,28.8014521923989,28.7971204429019,28.7851465953896,28.781843325411,28.7868525735605
42.1288318801425,41.3927266364451,41.7180437316429,41.0959136368371,41.0494908632621,41.1421078450477,41.1650391407789,41.1815546121445,41.3332498326077,41.0115249696334,40.9643899934653,40.9765718121967,40.7699210527959,40.9811668201809,41.0189872242999,40.9918473983812,40.9646277189691,40.8951692230348,41.0147969531725,40.9633427138029,40.955709972981,40.9976939068673,40.9922071173863
26.5493408425267,26.3325265748104,26.0925370713957,26.5470480420277,26.5860610161122,26.3509314098796,26.6193608057751,26.8177921647939,26.6484493511547,26.5958263726387,26.8567055835252,26.7455726171809,26.7937572229692,26.7781862499355,26.6840883501292,26.8585020672314,26.763354487962,26.7414669598413,26.7364207548949,26.7540056369236,26.7969641352585,26.7870802312568,26.7824370071831
30.454342207734,31.1366455115286,31.0799996251501,31.0027860127415,30.8566894576608,30.9797572288055,31.0268382116304,30.9130218920395,31.0195205251709,31.005244624135,31.1217969786297,31.0383595669095,31.0833424772482,31.0260286979072,31.0306708292839,31.0273955723966,31.0293040208511,30.9640711711627,31.0290576428679,30.9947999695974,31.0098667761881,30.9966124388111,31.0039095080478
48.6656820961953,47.7971192040267,47.3912580437064,47.8652739210984,47.7939483976572,48.3598703395293,48.1316129407996,47.8390292723252,48.2966223755287,48.0788063030249,48.1482536186022,48.1903650771309,48.3154792655778,48.2675959175906,48.0625319251794,48.0992955421151,48.2053681975334,48.2394041633786,48.21074817337,48.1298671264067,48.1021334586129,48.1768031608323,48.1549895140197
30.5260815424051,31.5652627056226,31.7698510833569,32.7348418813956,31.5653499912747,32.0255224027288,31.7052546324535,32.2833337801707,31.9885184349124,31.9746172696045,32.1023975759681,32.075598059512,31.8538720819151,32.1034678734623,31.8478971378502,32.0048695209766,31.9722885976586,31.8717118374462,31.9091399504914,31.9358422135496,31.9361956849103,32.0281932028418,31.9905303173045
20.4541915929955,21.1295658428527,21.2296373107274,21.2533366134953,21.3720303492273,21.3167637327189,21.5269475836512,21.5097194699844,21.5335469710732,21.4741741381714,21.4789187542321,21.5614574125654,21.6137931594822,21.5795708577515,21.6879608118166,21.4997820886521,21.5265163375883,21.6591948020234,21.6043996992417,21.665955386478,21.5793757929602,21.5502557504649,21.62935340282
42.3606767329704,42.3431212411336,41.8925236791476,42.1500823609618,42.3677296683943,42.2613297529865,42.2890652859598,42.3859165397365,42.5530062435365,42.3359951555271,42.4993961151736,42.4458387892997,42.4966851103854,42.3756897211572,42.457175242777,42.4536335299275,42.4444183751669,42.485551790747,42.4394674280711,42.4719624673622,42.4548649147885,42.4232115170115,42.4361752884476
55.3557166855239,55.8448063622099,56.0383692332142,55.7928720089245,56.0510163421893,55.8628210037345,55.6120390993107,55.7118102470105,55.811409578946,55.9294272083043,55.7583169883994,55.935911868151,55.9674754370721,56.151182661658,55.9132863744072,56.0920308450394,55.952757495404,56.0139392245079,55.979857291917,55.9589019962936,56.0339007622385,55.940174073865,55.9771641605672
18.879334024579,18.9788713650496,19.1180066376787,19.1313270547978,19.1087995048527,19.1452630344745,19.1517563699307,19.1047182632821,19.1182724589457,19.1256999745482,19.1436810653194,19.134167293308,19.178579012035,19.1543244937782,19.1730765524107,19.1766761398606,19.1677090118793,19.1789942353521,19.1771182911264,19.1615262428402,19.1691081628512,19.1703401175014,19.1647018763968
37.794180298142,38.7266879346581,37.9991079641072,38.4474038326665,38.8391189522049,38.4168180230612,38.6174410212004,38.794187837202,38.8085861347011,38.8815719984286,38.7023541731205,38.7131286424814,38.7787872589242,38.7300880433724,38.8476616313213,38.7777867431177,38.8617976253627,38.8414407777893,38.8604679919901,38.8276668167391,38.9127583692343,38.8596613736938,38.8095183472171
17.5535842949004,17.5318435630327,17.6805262293139,17.6286502855896,17.6797499012036,17.7034992635139,17.7789198669875,17.669848479885,17.7664978250558,17.7004662690098,17.7454830756261,17.6651941478534,17.6771441394155,17.7146393079461,17.7327296732177,17.7151637284792,17.7146717825169,17.7088220115987,17.7803600649587,17.7153022996737,17.6940653151994,17.7316961796786,17.7100748064888
85.3632404975384,83.3944184248544,82.6375947593412,83.2757327005678,84.0385136618948,84.1470138709599,83.5902435458918,83.3546583421292,83.3005140671552,83.0730509370942,83.2633281725954,83.5139194034758,83.3182849879239,83.1955040494448,83.7066981824632,83.5271423094709,83.8233384429553,83.7240900475418,83.5945051213465,83.8533263997147,83.7311345204815,83.6768497678064,83.6419888661116
25.5709148617413,25.6556739831898,25.8067692088124,26.0194206097939,25.833503227966,25.9519201450683,26.0654650100986,26.0523038567239,26.0907902814109,26.0808898880269,26.1400108139397,26.0683791895061,26.1485290062184,26.0369786189565,26.158778393034,26.1155908287048,26.10597154707,26.1371838279877,26.1100010909223,26.1408145334082,26.0957804031711,26.1107905953974,26.1486211194011
46.6280457464817,46.9970582323689,46.3673392454797,46.6005759957166,47.2547196245629,47.4162324959714,47.3666375108314,47.152763682604,47.3978861924746,47.680473591387,47.4756045089668,47.2554964383532,47.3473941752078,47.5896942957432,47.5830524651504,47.6241724741875,47.5906408422792,47.4121181496932,47.4976694551183,47.4293255037711,47.5885943271559,47.5141995100975,47.4639874279623
26.3638050005682,26.1972495113393,26.1861473018506,26.213642391989,26.1884433162702,26.2071141737461,26.2543999700534,26.2143793926319,26.2579202225677,26.2761617056578,26.3033744030935,26.2326333004539,26.243572096588,26.2252558091085,26.2845636225317,26.2521801426177,26.2770308444656,26.2400928951461,26.2184389410887,26.2433154906844,26.2469428164451,26.2956811611238,26.281714483741
33.5757199833703,32.9747424554252,32.9394956449001,32.955759640704,32.9434970692503,32.7404525076614,32.7634922476406,33.0682203469462,32.9848610838467,32.7905254838181,32.7373777509439,32.7867200218154,32.9573605859227,32.9274942087147,32.8255789349472,32.7694220144834,32.8363271277587,32.8751889295745,32.922221941063,32.9634365046211,32.865015242055,32.9158388348737,32.8898679037818
27.2265408071804,27.5326008054061,27.5590890137169,27.9005459516004,27.7358649210811,27.7305976660906,27.8683371642191,27.7472983398983,27.7755134374869,27.6599698526676,27.7646486100814,27.9240622887737,27.6617069599581,27.8018376972866,27.721080921319,27.8318093273787,27.8096511614635,27.8660303579692,27.7921961772865,27.7770395131069,27.8585936188802,27.8204580293142,27.8105867945664
48.9337746107942,49.7145874467062,49.6358800912608,49.681475706399,50.0490584174308,49.7250952566193,49.8777687015967,49.45424582815,49.5106971128559,49.6803112057282,49.9748687237328,49.9003475132034,49.8036706658851,49.5320489612452,49.5845927703644,49.6944990979516,49.7456546778017,49.8132749955826,49.6914372095986,49.7194971120392,49.8204469022912,49.7237845795911,49.6322783125938
33.2643934404596,32.9236711970046,33.3016981329471,32.9925674807687,33.3318944172178,33.2591749226375,33.2513491721721,33.294013954528,33.3384280088629,33.2107422482089,33.3381200757301,33.279727731781,33.3600969139935,33.3032876545188,33.3106004969846,33.4129855179622,33.3426507138265,33.346289533301,33.3163393637066,33.3361958013714,33.3139133993626,33.3779101437793,33.3472562682132
29.2958129150634,28.5816441544769,28.8639725135411,29.0381970570138,29.0174587464519,29.0750967586885,28.9628259542749,29.2318348579296,29.174235783839,29.1017417186978,28.9661191826329,29.0806931715427,29.1060177866739,29.1554446765893,29.1205388026523,29.0140965018134,29.0671148749879,28.9727295730767,29.0901424908818,29.0794721038165,29.0796082520159,29.0646328543933,29.0653626567571
21.7460273259181,21.7606318580371,21.712693756088,21.7255590556908,21.7475828777272,21.7385476582454,21.7190063593814,21.716609793817,21.7446522496987,21.7256670651739,21.7329269585776,21.7400269205515,21.7049786793331,21.7297575907536,21.733540210679,21.7268703343309,21.7412345359646,21.7378354262535,21.7360437098503,21.7317738702372,21.7290034044132,21.7382120161366,21.7435824511732
63.5056299787415,64.1031239003609,64.3314737803711,65.168502728384,65.1806888525132,64.946148031866,65.110827692061,64.9593459951561,64.741563987691,64.9017317765174,65.1210090991638,65.0150871816494,64.8458861363278,65.0887846149144,64.670535312751,64.680116145607,64.8706046202977,64.857906843991,64.8861972555325,64.9130243621098,64.9188162525703,64.9358929724966,64.8476788644615
38.398583791975,38.4250925110827,38.1933032596741,38.4404434784985,38.8003982301597,38.6759951043714,39.0520435400038,38.9167019384325,39.0979636577798,39.0096410762604,39.2177147942207,39.302056645496,39.3033069569669,39.213921947897,39.2683131730915,39.458403919726,39.2678726779208,39.2932120263906,39.2913326432163,39.3537349485644,39.341176563667,39.344119902817,39.3729649967891
28.7249596974452,28.887280071375,29.1468143647842,28.9889442866565,29.1037809120047,29.1370981788503,29.1192141662643,29.1090017201421,29.1194036883434,29.1655764317656,29.0937549828863,29.1528457801572,29.121230258424,29.1152734664285,29.1733898003375,29.1099575901324,29.1631038416204,29.1422837739994,29.1281559005537,29.0945839460566,29.1251752265278,29.1373810191788,29.1340705823324
42.8312280515282,42.8736433156686,43.1550708181362,43.3160969740585,43.2880871346669,43.3620505253496,43.3814561088516,43.2967838319557,43.4032119819128,43.5940519471146,43.4120318034993,43.4356815294366,43.4515897476904,43.396796447324,43.4775301856714,43.4320760256605,43.4143793962334,43.5026297018196,43.4834293632793,43.4953042180441,43.4534578039788,43.4420881403114,43.4625143422381
28.8295321336329,29.1972573742898,29.2486428628948,29.1553077447427,29.2484610314697,29.3053764759676,29.337699198398,29.3169655491771,29.2999786401898,29.2732064312366,29.3291092389777,29.3155189116858,29.3638470961543,29.3425686963534,29.3440783237403,29.3716907101143,29.3807538550798,29.3638067029255,29.3976533741684,29.3654860856232,29.3936258480364,29.3687307132396,29.4175723824739
24.493272789999,24.3407742459653,24.5997847870489,24.5636083808228,24.4450790050538,24.5108379934396,24.4561574992642,24.3927582147869,24.3791090320832,24.3711194670469,24.3760023029599,24.4105667361004,24.4082736127352,24.4515790334278,24.4145725647857,24.3297503175547,24.3480325623461,24.4196866005174,24.4152759198743,24.4448288768627,24.3871855933722,24.4232481489339,24.3833283389175
36.0628956006416,35.4841970004696,35.242498706131,35.591726121223,35.7162800357945,35.777298768679,35.6324804131075,35.6828496521897,35.5874738967434,35.3825766382212,35.4264709261671,35.7049732658187,35.6375861945331,35.6246719700382,35.549929052742,35.6984385246161,35.6615569284203,35.7127814456601,35.600181480074,35.5153776168306,35.6275216412727,35.6278706161411,35.5654056795892
44.4927095944229,44.8134154216147,44.6179449185427,45.1541279151382,45.0552708101808,45.0609317808817,45.3384022125321,45.1244422300032,45.0223385884712,44.8765938871179,45.0006910060335,45.0372743768119,45.0875177348479,45.1323827512009,45.0366061461083,45.0680380887113,45.0345981560102,45.022081513609,45.1954391909248,45.1672124052213,45.1371747066161,45.1162215970265,45.171035729802
46.5624402750478,46.932246270759,46.5545782053345,46.0804163977368,46.4050271627761,46.1759795310627,46.5985565660973,46.1746524972883,46.5022848616026,46.5301155386552,46.3425510194176,46.2869722173025,46.3369828201592,46.3657544446492,46.3744837796576,46.3476673283947,46.307967679239,46.3562067321872,46.4476142594848,46.3515839450549,46.3380145575213,46.4203384801392,46.3930041434962
34.7350478155687,34.5485226586904,34.4734387838342,34.4160063141231,34.4042967166467,34.2312949481475,34.2514212599367,34.3969426043296,34.3549470749734,34.3749433454747,34.3531991314185,34.4319134741329,34.3652690712616,34.3310660605907,34.3321152314947,34.2816414898444,34.3075127253077,34.3192101570465,34.354026902685,34.3301328720757,34.2818485394535,34.3246490690564,34.3054747891275
29.0692846012057,29.4616982450688,29.5838948409373,29.6064019784871,29.6883141844274,29.774442134077,29.7418379273673,29.7385289808829,29.7585950031509,29.7942252822805,29.7940190802285,29.8329671043461,29.808872401286,29.807975621666,29.8360871502484,29.8297262500043,29.8401194153361,29.8299015689923,29.8096734390698,29.8416231784967,29.8278169546548,29.8493184999499,29.8609715210178
25.4499809748917,25.5491328798938,25.3618379166186,25.5554361818355,25.6618476201822,25.2989567992142,25.4548328319722,25.2852694280137,25.3490029532567,25.4667349408203,25.4466148144691,25.3811136036298,25.4431190361715,25.4429914240857,25.4197202184083,25.4521073044318,25.4233427445364,25.4462522399585,25.4493760691976,25.375224054983,25.3783096693716,25.3931447740821,25.4395974662507
45.7695758376826,45.9986575588325,46.2280731361563,46.3246799532681,45.9785612382609,45.9819391367019,45.9568364533396,46.163183639735,46.0863925654039,46.0983986529393,45.9508356530552,45.9472799511635,46.2682493388508,46.2021183734852,46.261661189821,46.2073739070622,46.2201492149843,46.1779766211738,46.1974777688951,46.1945315822479,46.2155866445757,46.2354758038122,46.2023549078909
39.4668548231587,38.688522934043,39.0048068944584,38.8682172179903,39.2613451945312,38.8023433402543,38.8676055483767,39.0364573361986,39.0159239616711,38.9618717047842,38.9405037639647,39.1007907358287,39.1313601435347,39.133342839562,39.1098162573066,39.1529853199222,38.995451275994,39.0125438542041,39.1248550135259,39.0598656396349,39.1061151247125,39.0828363480716,39.0736240623522
