"V1","V2","V3","V4","V5","V6","V7","V8","V9","V10","V11","V12","V13","V14","V15","V16","V17","V18","V19","V20","V21","V22","V23"
173.002372717682,119.263264694535,119.844465022735,121.386039794956,132.391586611332,137.229105094665,143.293990581481,142.104172140963,148.562812171139,155.334568207403,156.807561026304,155.863486362033,167.394554659388,170.232776474917,174.41872517596,174.926172822751,176.248412239045,176.109775924965,176.299721805957,176.302957886531,176.347374531206,176.384957981799,176.380896464574
286.954018913448,248.882701087451,262.636565894285,272.698790317011,283.019518138153,282.54590142373,279.588452385474,284.225164527066,284.601393799831,290.097326600282,288.709607196725,291.384289555507,297.788996648594,299.742635236779,303.173391891749,303.913671027714,306.447013016719,306.221634685075,306.206906094579,306.678572783797,306.91523213332,306.82602347639,306.865411413421
381.190662039509,389.070289776297,390.48416802233,396.726954416935,392.68838427535,391.442627571857,391.731436830359,386.974413504688,383.764971799951,389.320539394239,383.356007516732,385.988533837201,385.210475953653,388.864599125329,389.294013621035,389.47457581864,389.593371119856,389.907371463424,389.91830952858,390.010021744116,390.155988838573,390.185205983172,390.186601404853
439.283324657984,418.977481977551,399.874357458172,387.23981239189,380.561255126832,379.651440531671,379.385415767742,378.586178777222,389.002433530032,405.17382558971,410.581466483485,410.205449830884,435.586955181404,448.568701138467,454.763534589267,456.780063861231,458.870211143326,458.877038231951,460.463110057522,459.979672208357,460.356414378367,460.341605823921,460.341955177422
412.618148978893,342.67757401281,340.336751433296,341.747772704971,348.432348871538,371.281014595431,388.447720040597,398.090490859962,400.767339021003,407.946981761657,411.310943228615,412.179537858599,424.446158285285,427.100947099315,429.033863673995,429.456141539339,430.288919845564,430.58700496414,430.595389336445,430.74894114574,430.825510318284,431.024360789096,430.963570479662
331.80689546093,226.406911198586,211.048574524392,221.043121713691,257.894645941162,268.389712194452,283.827221545909,299.97582552188,317.757622702044,320.490867394119,329.244438409509,334.694123656425,360.557692890141,371.391797141552,379.95599984395,381.070511812357,381.953997891704,382.903335731207,383.360136643976,384.320150188521,384.280629346125,384.462331793238,384.36999792674
170.850020921755,135.816658010261,131.62583625541,129.971262083496,141.275143489993,142.017261482003,138.18535954988,141.803529798412,143.134070711486,144.476030693873,143.982168251354,144.959455938111,151.122024498949,154.670129126656,156.743873733964,158.106330591176,158.778837564204,159.020475227386,159.158400669063,159.15933336769,159.324550493268,159.256190600237,159.3449367561
326.834861560313,314.987333280169,304.630840874422,312.454087072264,358.074718818782,401.124425500675,413.121816116065,419.226285540948,434.738992466289,437.989357013416,442.819095306234,444.02646010214,450.011333408869,452.76215192922,453.712005409017,454.23565382695,456.234920654077,456.580589769343,455.604515284256,455.94840356101,456.527567391963,456.394071145439,456.432711875081
214.666501328962,128.138134630164,130.805986366985,123.354373853113,131.002817754726,138.782972655787,142.337119916341,150.4016138273,161.379331805108,168.849265267828,175.606355185789,179.743837052773,204.586427545241,213.224496132403,217.300126393982,220.167194863623,221.213292936376,222.123019691948,222.559239003226,223.129642217025,223.234827015285,223.345921356901,223.341953551177
531.475700943874,526.42531524577,545.506793764309,531.578505886559,514.950513772826,505.550669108252,493.319761218399,501.61031148248,504.333589985875,505.287805254758,512.646379338678,511.261802432449,516.15028939854,526.916884153911,526.904736914764,531.293038904465,532.569754243587,531.821548909047,532.882553319733,533.080188472699,533.199450186698,533.352808844414,533.36428602641
201.935001175801,209.733678364707,213.409973474352,211.318273744586,209.43225400229,200.430777963899,196.07675413058,193.058414600114,189.580165566517,189.055350197342,187.107491392106,183.371515311957,182.916913987728,183.372055699217,182.546057369808,182.868032118711,182.310762128538,182.253742303165,182.23290669597,182.185558935572,182.163861596667,182.215729308061,182.202856188641
222.109584060492,159.217494128868,142.260380527199,148.426939344693,171.594089376598,186.510710685573,193.562198669197,204.89502788519,209.861628489649,218.118116951464,220.563510384069,225.115079176086,231.814603129525,238.957771034721,241.76670225213,242.24189932487,242.900244966035,242.732867110331,243.379232774606,243.564486861802,243.71024596627,243.767551607121,243.809907391355
120.743594274412,115.637655195505,114.759291465894,116.478557378372,112.646280888463,118.097286266229,120.192423840127,121.898668454045,124.817142731855,120.868050735699,123.312531130985,121.53013820849,118.129524739804,116.658735616092,117.221096107283,116.48933945949,116.991695841344,116.885378383749,117.044397942695,116.940333353822,116.869238856332,116.882211646229,116.925637222871
300.477928122788,214.591298555063,211.466883109364,223.376609641345,238.179650940672,259.649280719501,282.566745177951,293.224231215319,298.116444716304,309.029425979084,315.560053764682,323.631420895055,331.856207234285,336.589941509306,338.795808236324,341.359179215397,341.196201605915,341.487040410323,341.293008982888,341.981943285415,341.959602812543,342.132279515401,342.065696714893
521.832238629135,494.228348965042,500.684701871547,517.673872395251,543.025840941508,545.317187667408,542.39135136221,536.116839468973,526.066372022701,528.254826762924,523.617117143167,523.565598317289,519.867925244144,527.257015329137,524.053618782188,523.512575536598,525.092541077004,525.915053876631,525.927432186765,526.48206409928,526.528431198603,526.733780155885,526.743629789694
142.941567432022,89.1612268977222,81.7582662060868,87.3495357016683,111.205169823923,121.980039439844,140.38628140232,140.12976411064,152.615776412285,152.320999944425,148.992654877034,153.176429993589,161.735057502389,160.462121064397,163.097936138819,163.942066398148,165.726278212652,166.331431097064,166.324769118744,166.677062312672,166.753585433774,166.852172573722,166.88526086262
386.144177400666,389.506196730193,402.286429458603,394.63388721428,384.351976946892,391.114987955753,388.431800631642,390.516043613778,388.294744161373,388.744783058273,387.036250559601,388.969612917781,391.553493622906,393.286401374586,394.400059206973,395.57932872465,395.964245850016,396.111760137296,396.074934349239,396.091929434143,396.314010738483,396.457816038027,396.403810736616
742.042664465479,751.102487937549,750.070989631396,740.120575108966,738.551278144915,753.637131837539,761.944259972906,757.725982479019,765.596384567988,769.62511735521,767.420396752426,765.968246691996,761.435292785314,755.578261156062,754.117362032543,752.946484193812,752.799315519287,752.968065793653,752.922409673201,752.464115311762,752.893259925489,752.824290920969,752.864411923369
410.465480209034,359.439074016089,343.138726145001,343.714125057316,343.066904467159,346.854963113598,356.033149154908,359.541559725742,362.998061428265,362.720261132647,371.795688461941,379.12638558871,390.652911803583,397.669670153607,401.383581407708,403.038400411275,404.592625772851,405.060760363503,405.562340700216,405.445937072735,405.620275650239,405.634508473359,405.587019717959
172.415410362072,163.812821155984,152.989179765381,157.352092322237,155.704591370887,162.25534156663,163.436342956829,169.174030631536,168.091645325006,170.263239777508,172.242090696968,171.001686098603,170.952612714279,171.962832540905,171.044205397428,171.490027239913,171.551611598571,171.585141433764,171.872858550059,171.92614207502,171.959928577602,171.980218909215,171.937290354075
426.129748690481,343.963902823919,320.473321251646,323.102413691149,335.686065361755,361.557461161986,375.940619256963,392.346171609556,401.824267033456,417.392699256947,425.296553385221,428.400881709559,440.814680185038,450.661941478601,452.498579422702,453.763851670172,455.212038428915,455.472187309076,455.320218687119,455.805213630477,456.063006512687,456.053142236216,456.058970138816
242.288952503419,176.487457414693,166.115576189822,164.012878866315,171.182799415637,173.326228673726,190.029056255454,195.297413352494,202.848185133993,211.485360194614,214.031305627929,225.561053673016,235.219948421839,243.531089216218,245.169917227091,247.447638704257,248.158008044853,248.837421128559,249.033554423048,249.200578902539,249.297099302185,249.302745750367,249.328491061553
278.723198414448,276.308006697678,275.56512930527,282.189214367709,282.295509397158,283.84214411117,284.658299833119,291.349481620139,290.840117402078,294.453204724422,291.182400463277,291.827588365942,299.976428185133,300.373550437133,303.763203687441,305.427220258638,305.195955153599,305.78415814409,306.205395428564,306.202254195803,306.155525378237,306.187676448885,306.163317931313
274.881588709486,234.787580106617,237.412565642133,232.296358165705,243.703119872934,239.094215589779,245.374013118456,244.934434645948,244.419327501164,247.662208726777,244.139364576592,248.976571994049,260.855077273344,264.164563460755,267.733959528517,269.559943290698,270.919083509874,270.899601784928,270.847359047116,271.331359549729,271.19098106978,271.19656236498,271.257737857037
359.712184690679,281.615311065697,272.698756806597,284.266662776352,308.803272897518,334.433613630574,357.055471780844,366.122397873443,370.215139744652,381.114698960624,383.608463610955,390.920429279436,409.607534807772,418.753061704762,426.499573607644,429.172559228643,431.651724219128,431.361138581007,432.621364942963,432.678329099736,433.008026810429,433.22697826721,433.152124856301
182.527535315974,147.837638537916,138.966972560426,140.981026865249,147.025456501572,149.480654006175,155.592977234215,154.064027324389,155.86332215311,156.249979798984,158.09734834737,157.207616541169,159.440678020388,159.821918397672,159.882038443575,160.365440033422,160.917448273326,160.804453184145,160.683362199695,160.899778825428,160.864349746046,160.884349308041,160.861697470026
363.712955594286,354.340077396288,367.029088895964,375.822913243038,382.396955666501,386.939208076065,403.395639118924,408.439521159501,409.23431310614,417.940388940766,412.930883249151,411.767117357689,411.618712399318,407.353599840672,406.179066060684,407.054768084441,406.927832314661,405.855847825795,406.345970211927,406.035997835253,406.067894802243,406.061346538765,406.074902401235
204.358777748079,132.698296377434,118.106321676266,113.158827231482,119.895573399575,125.607206948777,145.078660039008,152.15845661088,162.472658281132,180.504769361543,181.288489775266,190.971823431854,209.803993050146,218.46303181863,223.44329307274,224.804497548269,225.217024723875,226.281726269803,226.47240558838,226.171363026488,226.893426399806,226.982500348905,226.97241508385
606.513125389633,585.12101542061,601.156915883017,597.205289666785,605.880602319395,590.667108143018,590.864691262546,592.295240625181,590.735414371387,591.909679375964,594.268975543507,590.829715236622,585.56832659889,584.484518322942,584.979510887538,585.140307821043,585.11326973784,584.57224110021,584.612190141481,584.200187839451,584.513093972002,584.570663419061,584.788651936764
461.952879118313,422.54247676826,403.613111361584,400.896833413789,394.756058103166,393.413965824668,389.857933681296,398.166347622956,397.355681531743,396.837196245434,398.335665452983,400.244208315048,405.404356098506,413.056103140407,411.434760587039,412.16385836292,413.145587272539,413.460803450452,413.55517078714,413.559046554711,413.722162181637,413.769863308307,413.740191663064
344.931185162656,345.446828950323,352.309833975185,336.200628651852,330.398825724414,328.407580471562,330.87504645512,328.070071090747,322.322862767416,328.885850124849,323.935634741023,325.53353812421,325.568778546534,325.891744991577,326.20700487149,326.891672117213,327.293984108246,328.173818493362,328.180534508201,328.14917084339,328.005740387712,328.097169107642,328.037042983132
314.913068317411,220.121965509345,222.276220995609,219.128299394686,230.190274525557,256.484676918401,269.509840205449,297.731897409647,304.46976703928,313.182316262665,318.090884874787,330.166031831094,352.959462778232,357.293447496081,364.737643522583,365.58710856793,366.67628157927,368.422017392748,368.920502505467,368.806985544269,369.102450888188,369.179828952704,369.194449044765
283.272743899994,264.212366680397,268.082415718687,257.667182949118,263.209986927363,277.147496611213,274.650428087346,284.311218974347,284.765147710853,288.620806112726,291.479472160225,291.359438758559,298.723523254807,302.202324093471,304.724378115711,307.624480286054,308.637876192623,308.589221059571,308.912952213928,308.773231155142,308.878799414005,308.928175546946,309.025218512033
212.507947716817,114.2954629708,114.465687164555,124.979210789588,142.79241157193,153.255787656263,160.501339621683,167.698626181324,171.623330757404,179.164690545841,183.436521299163,195.141554341504,210.924329272468,219.923101673094,226.245158383786,229.941357631357,231.118405713316,231.612250575951,232.075597863359,231.986980787971,232.47645674735,232.483784002254,232.545708229607
320.482237855609,244.420101837249,234.739771372194,237.067068796675,240.668420970242,253.156603633343,267.354969384694,293.236614260466,302.064399611781,318.440271291842,310.870583305379,315.849570043907,335.697155194998,342.562953700701,345.328420275574,346.041571652225,347.536053256941,347.815861224629,348.52308702247,348.540217065171,348.694776690662,348.893629138425,348.829805412039
341.306699625438,327.574400100838,326.894955173935,307.063664929737,307.698791304647,311.333520178061,324.461727648994,321.481007150583,319.597937100721,321.965549139214,323.769604708638,325.145364878992,325.809508589863,323.474047866371,324.946416039209,325.769492382663,325.614777660329,325.623037052353,325.506606364041,325.695216032833,325.678538293069,325.627262632691,325.615813938445
277.058202061063,208.764528026544,201.447640323051,186.737138713334,192.676559897781,199.706619555386,210.188771802883,219.839005795744,227.649880852253,235.351625715344,239.609628690132,241.933121917961,258.986830342795,267.096647279057,268.801580571029,272.524054713026,272.948090376023,272.974431154691,273.633824155814,274.011092945445,274.015972339174,274.064066043233,274.163279089197
252.213282068898,140.662866388032,130.072396204418,143.918845838776,163.151770908532,191.679510540501,205.403311192224,218.368669545061,222.506623525597,228.40432280369,238.063613461549,241.139619709816,252.640473319254,258.896459236637,259.339731945276,261.528923359827,262.630574839314,262.452478007778,262.369551220358,262.668121562883,262.910694677224,263.0469507835,263.075481297827
402.56591488393,328.895536050167,338.210756150314,352.907219395392,354.179738297232,355.113358691973,356.583378300094,356.32667805863,362.443969044674,365.13014390265,368.698676375368,367.467230205682,376.619816186471,380.872811192692,381.817785821961,383.415383557764,383.944221891807,383.373744370907,383.921907183565,384.039628659369,384.123644877562,384.101027738552,384.114858498013
377.650877522134,346.537654006183,361.013846320859,353.603331448354,357.964563852828,366.120238187699,366.57228368336,375.551780757104,365.988211255684,365.011733101241,381.987417400155,380.474987369496,391.427746085489,402.055253529992,405.194426994826,409.134022153062,412.790849162381,412.449919433233,412.972219262602,413.363323366308,413.663760598934,413.986764937106,414.049131471668
252.544023119604,208.525546128853,211.541160194206,210.806490914485,200.717491828536,211.917636565731,217.150976393354,229.03417526433,230.021599116754,239.322445267349,235.293838618613,233.724401814749,237.679220704093,240.799139364811,242.864954812793,244.230930035749,245.612482751763,245.680529216748,246.279422539533,246.371435944507,246.430765050932,246.448917597276,246.540482277967
720.970767127512,745.17030933677,735.076617033033,729.493638114774,719.082638726993,720.595739611753,728.989223154881,722.738342854848,733.090361569016,734.679908265631,733.281547210064,727.956869488074,726.960382934235,723.590233905791,718.620513853256,719.098189046209,718.534884607451,718.100042908122,718.425116765025,718.754121435718,718.429487849129,718.316646410204,718.459018276633
706.658717688272,731.131814877621,762.928930195748,777.054882010249,763.227844641551,752.965511905636,734.431163412532,726.464792445179,730.005195634471,716.704621915857,722.9455564555,709.579993178947,712.029811663981,706.936828569264,708.015280662311,707.27524854627,706.212121846217,706.074153982528,706.116221230288,706.033476277804,705.986750922091,705.958628400546,706.017007673343
287.777494472759,185.626401075746,174.000224818694,192.189013097677,210.010343934975,224.633697305707,231.032134475819,246.661605932029,246.582996254354,255.823258126753,259.869176185386,254.691923987991,277.270798739709,282.971932522602,287.943782350219,292.728007097062,293.105143172214,295.240986267069,293.690425103736,295.13516106228,295.728345783046,295.899331336715,296.004605875027
331.868495397227,320.678618037311,319.221639681534,323.048669586601,332.205636083409,340.171122592908,345.934129310733,351.399526091148,357.734657649645,362.999598931865,363.956746821352,364.964422632456,374.967265339987,378.42442667472,380.174183984187,381.330920313081,382.356114999537,382.716801951674,382.410791974266,382.396851325101,382.701324955073,382.742440206567,382.719645369652
194.071124775473,109.379850885114,94.9061043264935,89.0962225684447,109.754662485204,135.173229599654,150.283476031423,166.185120993314,171.089337875468,178.236736208774,183.849617364562,192.619226598956,199.27166513493,205.828808261681,209.623023334747,208.802380565403,211.023270753095,211.759659551438,211.794294664783,211.7250009527,212.253424488765,212.306415259111,212.314544583695
558.677579434268,556.334781689168,550.205522753922,552.45729857698,551.550429508988,544.602149705381,543.077808524229,534.782743689816,526.872124518899,528.2271046271,531.502072309692,528.123074691767,527.695065042143,530.11172060783,532.018555170943,532.144052974738,532.669058964091,532.788677012822,532.810631525555,532.896995055775,533.074410678428,533.089002220798,533.149439967642
205.054242479874,186.822335292749,162.937342063638,148.944110199855,144.311139147779,148.172956536043,153.088770333223,156.427890746023,163.797063116315,168.000009287439,176.579825234334,178.387285503315,186.703011667171,193.065849910836,194.583319701796,196.330331859987,197.247555219125,197.258316338489,197.175105151147,197.783858878827,197.90436661522,198.025617014801,197.957106313889
257.689674821304,220.808810595125,229.675837984096,223.468124267778,222.365702188736,220.730491390221,221.471802015135,225.200864068813,226.59234368558,229.832048294748,233.179101112788,234.628854910955,237.66135372014,241.377499380346,242.942140827342,243.990501393968,244.483609706683,245.262182620972,245.417139089558,245.443737361083,245.644515305426,245.651507370784,245.695590723965
372.801228203475,353.234328819818,342.147163357345,349.87855889672,330.932116384436,337.764165949658,340.595946023048,343.495538810257,350.17596473145,366.053744171477,370.10154035051,369.63471984762,386.481307407305,390.558835007676,393.805561715367,391.310023969172,392.542690487073,393.518080232954,393.083591766403,393.512948160573,393.809547565842,393.989598682111,393.907163742519
201.222160403696,107.765872247426,105.113728097077,111.203171406963,125.710489460261,141.844202391819,158.002743830288,167.190596444566,183.770900218989,195.909571045643,206.095039318557,216.552374590134,246.649135108392,249.390716685434,256.58345444429,261.342722672716,261.584198275526,261.754895235708,263.043575321849,263.503784286429,263.963130274672,263.966114519436,264.058388044055
386.181071252783,255.699953561209,243.775521770257,240.948415160465,268.993139135567,281.966353347811,296.24082916111,308.491954941679,318.088343231418,325.163634360835,332.785684349241,336.830380236975,354.161210078739,363.251316040732,367.246567824509,369.749328368778,370.420026307182,371.640679152159,371.499443151239,372.351593999162,372.541762879812,372.626941331818,372.509226492075
416.391000785406,320.334776481605,318.660238274765,319.559820866605,322.787224874992,343.324942198128,356.948717157868,371.824819382093,376.068311530564,388.001994006571,391.544588774747,393.610513265123,411.183853523104,417.263081318552,421.886864607288,422.854147134462,425.020962941324,424.764121317384,425.192879908373,425.118980565052,425.3296240653,425.417079427823,425.44977219344
196.581267877018,154.388141692477,142.807271899883,142.725703439608,143.342267841689,145.420782940956,147.027986289132,151.0963266262,152.915186699861,155.766784627809,157.898992601464,158.162805182762,163.972422991612,168.089074559284,169.46006165167,170.583991133141,170.836622695843,171.103838897876,171.522080689072,171.34084496711,171.437774994277,171.514028428131,171.505371943314
384.047551407811,242.486090270801,202.811743708654,204.801758906385,242.871069245405,263.847386461343,292.633272951896,310.706404093037,339.39635551751,353.905259143788,354.216757662591,378.28465810246,409.009510362161,428.425174171428,428.896708472757,436.575762631392,438.038679424627,439.171269020396,439.652239356353,440.84982649811,441.010921250506,441.229667274539,441.136279367377
466.095545043694,440.33953428813,442.228723235884,440.847595961849,449.606779197026,454.174494063409,455.125827774872,455.840533757365,452.337836729194,456.466235847729,457.305187853881,451.12647111479,459.624057725412,461.062421496475,460.555033462974,462.579298360272,462.206098343041,463.767634889513,462.935656745428,462.984323853302,463.565768872177,463.56049736593,463.516134781207
286.694316572884,178.355179688184,186.155265070328,173.685059696528,190.12804437823,195.474332615459,210.336305639925,228.036285442217,229.240419599281,244.868302818079,246.891762212656,253.781986558506,281.333203717411,287.790770088945,295.693769601277,297.011371604019,297.753621314081,298.287657604925,299.050488024145,299.106234067692,299.573615502677,299.635678874485,299.552329749452
242.120062367674,113.846162339824,96.8921009944149,108.636289722512,121.362470231375,135.072715630335,146.233630890832,160.778999442052,170.280815060833,187.874743559688,198.563804274249,205.855201761263,235.491319965506,253.534383806862,263.836675053927,264.742747475261,271.598682316913,270.974315223551,272.930700422338,272.672729729479,273.314661782903,273.337407314483,273.379564604175
436.364616496264,433.045678190276,431.282538601006,432.341616906196,444.027095156909,457.335157802097,455.447370843565,451.077057411404,465.22278595339,471.363597675843,482.116678339408,472.358219218108,496.180109355251,503.916299009378,514.452521642452,515.302859057434,516.460262364456,517.102647950662,518.256214284068,518.347483273369,518.694575152153,518.752598738847,518.896809548796
133.898602749959,126.478217411525,122.133060488795,120.078320334303,123.285877986746,125.265978138869,132.657028274607,130.509050116664,132.54231626421,134.177636938185,134.280337701602,134.390726473208,135.310170292655,135.359176493697,135.436333903798,135.276517465847,135.35476429512,135.347472773017,135.275174885321,135.325398303945,135.317045685448,135.34560811341,135.302127697342
306.928290693353,279.54940340537,304.789656141715,325.42955992958,347.645081326978,392.131475964683,404.38341252589,410.978488434406,413.290616703734,426.369625943117,426.843654092508,434.453520378472,430.891651862074,437.762650812781,438.946496297161,441.888269490597,441.431935675506,442.134588564552,442.825013547273,442.905911387506,443.307039886206,443.730022767503,443.79993043197
314.139111710179,340.815035665642,338.32001873313,332.706808610378,335.811989501949,330.08062271933,330.455816915047,330.504205028112,334.829928968982,331.057344588602,332.634101939933,327.581249085941,335.222488302965,334.895933329025,335.62973449068,336.424343395714,336.868930672759,336.750219660403,336.750164303885,336.729006027676,336.88960743138,336.943534864092,336.979357356379
423.58260217978,393.537469284115,391.831746508193,410.434607048774,429.017305750655,424.96830754465,431.813334012628,419.357940902191,429.12056025859,431.035101930068,435.321611381262,433.436963606634,433.186991817762,442.823755757514,449.236593468506,453.200813156132,453.756824174389,453.246223321501,453.406581625095,454.146546994064,454.556598790332,454.5852468493,454.600094271018
293.148515872591,159.402065859731,159.778662408007,160.257286256682,172.83214985692,192.870991246215,204.691506639717,212.313269211505,233.490063874329,242.762430777304,252.388997409218,262.699158847703,291.047151554621,298.953447839977,309.707941113032,313.37228941405,315.71136899497,316.564796163107,318.17828101809,318.162882976863,318.555193643306,318.593806720215,318.547712788937
333.990261406898,296.475477308293,302.516837031524,314.494061540241,315.985400167535,320.774605050124,316.473912816979,314.612938651596,321.944533520535,322.660060946437,318.126266273452,315.60860274707,318.265887420024,316.22224569282,316.778621133071,316.914213917176,316.990527368479,316.620257193987,316.845082078754,316.79564002384,316.930079245286,316.877045350415,316.810257042152
523.886140560915,463.020272091125,460.965862775092,461.10452448896,468.645787350165,474.824671337125,477.561824205603,481.890913555338,488.234160481061,483.209430291066,486.632196024807,488.354305390591,495.613480962947,498.225228591151,500.009996951318,501.976118744283,502.989284171681,502.492753568858,502.925222463008,502.919614229862,503.063017467157,503.055081753694,503.030663410786
166.109635382722,147.698787110523,138.233656023483,131.569904919487,128.409983229605,137.081264526416,156.757061376772,169.982804576207,181.777851099116,193.201545088697,200.103012765397,210.686341889636,218.189372047811,225.267112612655,227.165485440869,228.286665713716,229.186650728402,229.610669456361,230.498704826487,230.275745203951,230.394247343272,230.413599812933,230.401224786507
212.113401859896,126.800457854549,114.536796745428,105.962003447335,122.075586629708,128.859890553776,148.030503981426,158.458701752293,170.652281480281,177.441015054732,184.794734479299,193.46596508238,215.269266793255,225.994760900394,233.983184978202,236.517215076064,237.708860206783,239.432789179594,239.885783309278,239.73659563344,239.918626239862,240.102819603138,240.069397991141
257.2422325384,178.997418049675,149.054273255726,145.061589047593,149.360135944678,156.964413027506,166.709805563147,185.844797966198,194.582976888685,200.19806058778,206.751964522397,210.364337418387,220.308969111599,221.595882700613,223.454078950706,224.916093278606,225.245965421478,225.386075388029,225.321223202818,225.628447635863,225.681129764538,225.77528111259,225.754227749883
244.818311141502,172.136778957444,141.551504150064,132.759650279939,141.411429823644,167.665826536859,180.900021246791,188.992653880639,196.355871675272,210.656677213708,215.899127500029,222.70741239915,243.820668555979,252.401339309724,256.380242299023,260.001296009761,260.934623660444,261.990285957862,261.853455126673,262.314873473383,262.891562612309,262.977661428573,262.979353386737
186.849586908542,117.812546077497,106.139675226179,124.197478650823,149.25684372546,161.958002528035,168.240185379347,177.914230979629,185.196977003103,190.249234797405,194.579516788467,199.958290522404,209.862187218979,218.552281095496,222.745178544066,223.850262468108,225.394458867075,225.279355954211,225.874928849239,226.140494662423,226.153156562446,226.214699693044,226.263821734964
120.762939647685,115.423483812829,116.732097816374,116.453788935547,117.2306985051,117.831614946773,118.059842494009,117.930726304138,117.282636063207,117.017352148035,115.137942359892,114.892274105399,112.992394199576,112.917328275124,111.85518487376,112.188581183632,112.070265976424,112.127883365189,111.903608664573,112.084075960726,112.092934203705,112.06408882402,112.097812755166
238.873698264558,218.510524120808,212.637376395255,220.721243907201,254.083710828625,275.11615965347,293.637734898906,303.684561311999,309.601567959256,314.439024048402,320.530548801769,323.609864909552,332.349654362466,337.494949434874,340.372546723052,340.620500807701,340.290614556423,341.147983715932,341.485046492304,341.359255628336,341.52137610686,341.670140181138,341.583481721737
428.139069351987,432.993489902902,442.273220061132,445.756422322196,439.371510858071,437.292037163751,437.969871865739,426.82401841452,426.884765123611,423.284325787569,417.833260373613,417.098285594023,413.546546996081,411.112475239237,405.688585159421,406.44907997986,406.669463803361,406.645663557203,407.209350647516,406.882365379819,406.823062951243,406.821137279836,406.909703881879
286.732419951381,166.187099896895,147.784597593057,138.843968453306,168.086091149578,194.341653708756,212.431669172131,225.824637041263,232.906149276728,249.576498529291,255.145121549474,266.313523050478,282.205038983778,293.202371545387,296.576704709032,298.035694107121,300.115172781172,300.6624923397,301.157245235735,301.033484342475,301.292150767321,301.386288119159,301.482923659501
160.309227550619,137.293571779666,123.962387737171,131.655648257479,126.503699305731,131.979947156667,134.283979224944,139.097950350249,141.581324393029,146.232398096883,144.220201020375,146.050913209049,155.424541983257,155.429463439176,159.901473963964,160.214448765981,161.096969714119,161.794686621155,161.531300095454,161.61453762513,161.96255341122,161.973548536964,162.044042946864
333.981559543775,291.812609572829,292.569991536437,299.854163116719,295.26305228809,294.784250702252,302.052403776738,306.479959025691,310.327941320282,307.286402078082,311.838541127065,307.003257279071,306.226141988494,307.949510600607,305.629558031625,307.293169289519,307.812721679972,308.311750746479,308.303894208029,308.166320877658,308.347593620411,308.334717536501,308.411272208689
223.985730178305,197.837113571196,184.458674522709,175.365314305168,180.8660492694,190.202332532996,197.749437470336,201.181334046617,204.846178958687,208.788444285611,214.309727030508,219.945354108828,231.609120864123,241.879732307126,245.700252408636,246.894875560892,248.968128134687,249.754290114152,249.645890491748,249.964073295687,249.902498163382,249.970904386998,249.972264671528
200.659918826385,187.580859701396,158.367310731146,152.272125546966,183.973066563556,248.868530764562,263.80788534053,283.424017242454,293.414647692563,322.982849538091,325.839168911163,339.181028166819,364.6005667598,375.690841628608,382.762512135914,386.890555319649,389.380406857025,389.869657746014,390.138629298564,390.772336679852,391.561518077531,391.697782174746,391.732849469596
225.87199913147,207.407665150111,198.931317783084,196.324819277753,194.792771973352,190.808160527948,196.490135135566,199.587686706099,206.038139982714,211.733628963691,206.965162949154,210.433679224875,216.49895389717,218.604283659919,219.250775428699,219.965604073296,220.581001422867,220.634925532361,220.962052313555,221.027642719739,221.157367148358,221.215582367751,221.174781556493
236.187362198411,169.100562748358,164.832906281872,174.888419620683,165.894438301628,189.42531956306,203.971839635801,212.433528285078,224.713469160129,232.27874448937,239.545494189095,243.300021140913,255.063585932602,260.458594195534,262.912405306785,263.474148376058,264.121566008758,264.793670790945,265.062077335137,264.990628982041,265.329395611261,265.403347289781,265.387355544407
236.62357288701,179.021365814384,185.905437916404,177.394492782376,149.460309620342,148.565084732344,146.561883439151,155.409105015181,167.365044774019,172.752567686123,180.889236590791,188.856356859348,221.159281788679,249.647037396978,259.020308294003,264.464195324268,265.684974794476,267.368477170966,268.719337868806,268.825620333646,269.136049140303,269.23265891862,269.126976632819
212.457271836647,152.714851714181,134.531666855942,135.979669508869,131.899445195604,143.911808284044,146.212304491404,151.555008047906,160.730865171776,165.341565562786,168.448443867628,178.992914083753,196.847135940421,210.345404207713,214.664708192909,218.066056761571,219.182940214141,219.110493419766,219.770875945002,220.227421064614,220.361198607869,220.337454404537,220.348567779082
74.1664527702554,67.9139665899961,65.0040256426645,66.4331136686741,67.1952167945646,67.6691291283557,67.2934647092533,69.2823412752038,69.1645722594142,69.5710249813656,71.7884996657451,72.8267542000166,75.7088214930718,78.9118323455203,79.5173197693349,80.4982288579893,80.6741098381683,80.9146481444472,80.9712895025347,81.0819008209912,81.1323454539125,81.1721134501087,81.1057600290081
413.293069438811,380.794389929202,348.024756968941,334.383345514944,340.229370380106,362.125912824141,383.550989731128,390.599779778485,396.204830277311,408.58995285202,416.186292392468,419.175619327869,433.372078663057,443.923532348403,445.786363929744,449.228237563663,449.453779514035,449.556881281791,449.409554272873,450.026879483179,450.126725108911,450.057111125105,450.073271449154
294.557137948512,127.022236752063,90.9368409082681,91.3119785364465,125.199757544165,157.996395698072,183.865847990163,200.045080245408,224.724835600096,239.980676363349,249.996009585217,260.356586152729,299.470179925015,319.358873500453,330.4863144786,339.481413793034,343.487268074169,344.738734913981,343.844527413765,344.431933735051,346.090813668054,346.276472436642,346.243681370465
639.025514365148,653.133551293947,676.977773783966,686.706480835157,689.113441608885,679.979605227112,676.51313600761,674.300665060928,664.39103583162,660.124900268928,659.435776594689,655.202738186105,640.859374518218,632.781256494142,631.114675744481,628.061150972605,626.827666756384,628.675460868213,627.755189952905,627.619477383165,627.326726585553,627.324381480963,627.445559813908
214.12273300752,137.233738759413,136.169629790679,137.443583175542,149.002391819785,161.034914968721,170.95014668516,174.694024914028,179.908947068619,184.972131435326,183.30868729804,189.863802721259,204.463280615153,212.642289305481,214.42489184054,217.814138411429,218.954062671593,218.681851849082,219.032578409364,219.173220517164,219.152233305122,219.171249878042,219.182698520588
412.291817680162,320.482689250979,289.704381526772,287.73798232971,312.584156388496,322.587772923944,335.672518462998,342.403409221826,344.159390231483,349.238882935167,355.955035275893,354.839746495074,365.84078687558,366.554129904325,367.668715837916,368.623358354248,369.198436265796,368.923043399308,368.896030023535,369.548391415898,369.57073500555,369.502133451186,369.500309279131
431.927113592206,420.053194705066,431.034706075974,430.954047647325,423.679007736688,443.348898261074,445.827347656446,452.493976193275,452.599764366411,452.742475970468,462.394916790111,460.768301245722,456.533369358937,465.481544234547,467.542311026166,469.901168413214,468.823704756146,471.658492699843,471.512494682963,472.084725726454,472.074158901038,472.146833949598,472.124984093883
355.074860273046,344.624489025459,349.791517333683,353.131022888198,357.368331628945,354.490893507588,357.943051090475,363.476993226993,357.348201611788,357.946947803778,357.051695901006,361.238794200458,357.738046378513,359.583239286732,361.144071908108,361.773267335155,361.14619928236,361.847796998607,361.537411852258,362.209539422731,362.201649511115,362.219542088749,362.232262237291
216.715296272277,215.319507138139,204.25852794564,199.579822438116,191.145614612436,191.221437245343,195.290234257554,195.804602229895,196.552935602776,201.366230575514,199.632543335166,202.978861513197,199.451823727052,201.15971296246,200.894961581752,200.896002533144,200.251000791246,200.756050800695,200.414571126236,200.557820360395,200.615768187444,200.641324316385,200.668411161475
188.257901730347,135.216594227067,126.915299930923,131.952054615382,138.432327871721,143.040016608692,148.215498384884,151.379162035919,153.221563648491,155.495630950403,157.45649442438,157.768459883496,159.708618093947,161.624898846666,162.322660965414,162.83643405166,162.928594201749,163.276446615417,163.280461314788,163.242295629252,163.32539358282,163.377849728847,163.36458466099
181.129870826863,177.957947843964,176.373911116713,183.569868256459,194.007500376605,196.115955060999,199.544065519537,204.282807078733,205.936803960739,205.040640968937,208.510866023454,207.741627628339,210.596584483298,212.22330443186,212.912894340238,213.266213744721,213.39407495671,213.584071237277,213.756289442324,213.725271058406,213.83290486277,213.723905496,213.846303817369
519.448176142165,546.932188130866,554.943897850638,569.631222073092,549.860126376135,566.126477943423,590.744751517941,598.803266313606,598.847616306338,614.321238955292,607.165496889762,611.633844202978,617.892230895795,616.813462166846,617.095077313292,617.364802369955,617.437098209413,617.696731480331,617.683969333017,618.030653000667,618.014069994296,618.058377424839,618.063624865244
390.768105175606,349.323273059095,344.834402929231,345.947523577217,363.74863418146,376.331664261432,378.281939401207,382.639982008713,388.529748024087,390.464107696405,388.404369096133,383.181855528229,382.620154462694,379.880862502581,376.263117317616,377.481610500474,377.501125763868,375.469403800208,376.055615480259,376.180047978572,376.315081088309,376.11155682172,376.194397079496
617.81595434746,615.551661799817,635.43410379464,634.670419276779,639.443435419613,626.826872280821,623.972000625101,621.635177270694,619.196184476193,621.336446675559,618.252533585948,612.673002631828,609.537096631788,610.936590160572,609.393828143261,611.265432026746,609.972826714474,610.252535092223,610.228598481466,610.23675970034,610.229006429203,610.2683141044,610.270430223406
261.662247516882,202.093680339794,199.759042875259,212.56670984192,226.017676307139,219.244921010632,223.674519923551,223.845772809773,218.232432791683,220.235534152135,219.994523690478,220.586053568969,232.099728333545,240.967559767065,248.257925045273,251.359169915493,253.963729649158,254.264414260177,254.22805418822,254.306025634477,255.195489491935,255.286832698235,255.343396609607
346.95573898939,266.605165547503,261.272917214922,254.173079314276,281.623432626676,325.477748701634,357.120059650738,368.809593050393,387.822326525722,394.761801871403,398.022062549438,406.94832180599,419.632140482501,426.218714388409,431.045672135759,431.023950939976,432.72114898396,433.339249481877,433.257166650202,433.399056694717,433.939722228395,434.195022359945,434.229085646893
184.374624678607,133.361434593809,137.82563375354,142.617915737868,142.959846484629,148.078573948717,155.627024600342,160.428564639077,168.014488476128,167.77474494612,171.144551684366,170.126342727297,173.077250521539,173.331865225987,173.860525446374,172.836576923968,173.39605877508,173.606398847603,173.566140199952,173.583823138127,173.439069881932,173.436306068878,173.415621542849
