"V1","V2","V3","V4","V5","V6","V7","V8","V9","V10","V11","V12","V13","V14","V15","V16","V17","V18","V19","V20","V21","V22","V23"
15.5247735694624,15.5466097384513,15.5665465407967,15.5631027163139,15.5807897502909,15.5726926863653,15.5660434498542,15.5761683306669,15.5876039081978,15.5774131274895,15.5827146988065,15.5906403639747,15.5782791625521,15.5943114317148,15.5759779967887,15.5812143149182,15.5810318842191,15.5818371304835,15.5796185164305,15.5825023362451,15.5853748766697,15.5858819331086,15.5852004156042
28.712697876916,28.7789698167124,28.8167261892679,28.8449713765466,28.8610530527347,28.8730880811998,28.8682966938649,28.866360288221,28.8775036725342,28.8723900446625,28.8843384894921,28.8768449331777,28.8773381688628,28.894069379691,28.8922321942625,28.8940386461324,28.894854016678,28.8944250191844,28.8891200139303,28.8957962977196,28.900583036708,28.8914713921026,28.8917727749086
23.1136717897175,23.1291229232035,23.1352216471455,23.1376370418251,23.138395278297,23.1357530932446,23.1415741893408,23.1402298116846,23.1404766254096,23.1407356599492,23.1451811610842,23.1423598442402,23.1477489983955,23.1434341719184,23.14407693873,23.1440180376293,23.1449233280265,23.1456328791848,23.1454908824127,23.1435901866521,23.1477165071653,23.1439545971012,23.1479392443418
18.189726483754,18.2129091224155,18.2118941864543,18.2178030075751,18.2151201856597,18.2203596147869,18.2217245691064,18.2218338583916,18.2229529170872,18.2242435536478,18.2220703893844,18.2230761164478,18.2243809266169,18.2250043210211,18.2243901441075,18.2215059525955,18.2241240416779,18.2261214581561,18.2229832659295,18.2216447406411,18.2236137283423,18.2248402798751,18.2251737886547
26.5534406983082,26.5698033699813,26.5708145400514,26.575338792206,26.5684155294839,26.5554386196558,26.5387305528698,26.5483663724595,26.5519959773765,26.5438699658868,26.5458446690268,26.5369055446169,26.544402104237,26.5435327026939,26.5382988623043,26.5353768873209,26.5435897654322,26.5355656667971,26.5308634716569,26.5374169577722,26.5381516246317,26.5441110730675,26.5368590541265
25.2560664650251,25.2940567616563,25.3003293936548,25.3137989552122,25.3254617529182,25.3351041937852,25.3430884227513,25.3279233746655,25.333240963553,25.3400694865355,25.3292107593793,25.3331967829027,25.3358986286522,25.3369917939402,25.3427272285914,25.3359704332612,25.3373916909655,25.3367933556448,25.3362399553977,25.3351663577116,25.3422560293751,25.3406481728001,25.3365048828529
27.6999634639989,27.7102837811525,27.7037521769656,27.7011915382535,27.7019526253753,27.7043928288397,27.6980417881713,27.7007152560987,27.7012476909989,27.6959942044292,27.6979892797417,27.7007915382962,27.7004548268986,27.7030999551338,27.6947522860268,27.6973899461598,27.7000824914259,27.6985528799225,27.7006075055761,27.6999303332841,27.6992517642063,27.703832331459,27.7035688047269
24.6351142988413,24.6279581984817,24.6406210796829,24.6409145915587,24.6408208709601,24.6444679627637,24.6409577220187,24.6467657593491,24.6509580664317,24.6525575504557,24.6471771276682,24.646352149309,24.6538543712067,24.6497631210725,24.6548361363813,24.6471763294304,24.6502219444278,24.6513607523542,24.6479127071781,24.6497375629294,24.6482954925221,24.6507786144877,24.6479430514922
26.4212269750042,26.4399235564965,26.4475899020645,26.4598249957581,26.4565673727255,26.4558571079188,26.4570349862937,26.4534989063734,26.457697272512,26.4619184631354,26.4617028085337,26.4630888704674,26.4630965447159,26.4603762641755,26.4641743395929,26.4654036856117,26.4632410096791,26.4615428452097,26.4617716296446,26.4587619628483,26.4642317231961,26.4602986077847,26.4647157421951
28.50201817687,28.5200932564909,28.5352761294442,28.5345218893967,28.5337465870519,28.5341455554828,28.5466898590818,28.5452428411777,28.5459973473746,28.5451458386667,28.5451228451671,28.5450149292854,28.5426843356408,28.538896513342,28.5466551486286,28.5453426739228,28.5466340045193,28.5438638328073,28.5418041714378,28.5480746103108,28.5521334734407,28.5407167322703,28.5477880433499
25.4028624393483,25.397978311578,25.4138653106099,25.4136039236412,25.4135828546305,25.4151829267794,25.4145341551638,25.4185391216529,25.4143565360459,25.416086321113,25.4147442663295,25.4105803183982,25.4138350932575,25.4110773911215,25.4160726294819,25.4159653620931,25.4170424004383,25.4122495029638,25.4157465916435,25.4206301236744,25.4150489456478,25.4155174167381,25.414099248728
18.7972970195372,18.8081858615716,18.8010111689975,18.7894550251063,18.7871276720047,18.7863494194107,18.7845254008696,18.7814013414632,18.7860124778387,18.7831437140786,18.7820610747938,18.7851733263404,18.7832918505576,18.7819498944478,18.7807581393347,18.7857479154455,18.7835161079232,18.7815451946712,18.783776813954,18.7823115808359,18.7844605114356,18.7820134496423,18.7827673368643
11.3739623829651,11.3755772279918,11.3574434956926,11.3578097750683,11.3592282011158,11.3641305754041,11.3632172919107,11.3639471135529,11.3612098289302,11.3716417920885,11.3658774181427,11.3602839634918,11.3614122402661,11.3692109529983,11.3684959360237,11.3657414857753,11.3645801975406,11.3625409139287,11.3646285818552,11.3589302684292,11.359251294318,11.359360758914,11.3692268423448
30.9225819988875,30.9338545131184,30.9348177680849,30.9402556869982,30.9359275725737,30.9442537392801,30.9407094957254,30.9353807110673,30.9377728674888,30.9413535585092,30.9387609880105,30.937921756008,30.9366636420197,30.934496352298,30.9385908117593,30.9357619772756,30.9365200394173,30.9351308216496,30.9383387099703,30.9391032700512,30.9392533203116,30.9316479456561,30.9359471264983
26.924842492954,26.982492736412,27.0012959397921,27.000876673911,27.0052491842973,27.0105254512405,27.0268896753635,27.0027501097511,27.0212833374792,27.019202264054,27.0143885893439,27.0238206199177,27.0178458323958,27.0229011318579,27.0093033179478,27.0176453157843,27.0218388676345,27.0177975205423,27.0244412149591,27.0177704390951,27.0167608988527,27.0144239819716,27.0235171178009
12.8420943710739,12.870638974328,12.8831938945215,12.8957014038691,12.902777339344,12.9064924004566,12.9025262517088,12.9002005659231,12.9076420962305,12.9051929899851,12.9002695479147,12.8947702551901,12.9086475133511,12.9060108052695,12.9085771599698,12.9039872007898,12.8983016898567,12.9024526181276,12.9039382629241,12.905615787792,12.9051832853283,12.9049240384122,12.9062024037845
21.1564315689814,21.1676750291499,21.1643210722235,21.1630881804695,21.16298001448,21.1581467811892,21.1602904532236,21.1631025287487,21.1625952501226,21.1590014193008,21.1601824435364,21.1627218788805,21.161055255278,21.1604269366681,21.1646646953951,21.1639056890568,21.1618210118813,21.1600462685206,21.1628325725502,21.1613755812716,21.1596757059526,21.1611050829774,21.1669903865583
26.8441460363052,26.8484941725742,26.860346507151,26.8544871239864,26.8555045131381,26.8581013831706,26.858075605298,26.8598338051477,26.8612412273204,26.8622168921151,26.8605505344289,26.8610163141116,26.8598397411192,26.861952255521,26.8602066519116,26.864203553017,26.8631504172634,26.8611445705892,26.8608439170986,26.8591887634593,26.8605698207344,26.8620745265342,26.8612164619328
22.8156808280565,22.799535360362,22.7901418527001,22.7922570463855,22.7908990169568,22.7783756299694,22.7843451555534,22.7844422599549,22.7902408431359,22.7876833342067,22.7847184778281,22.7834955997036,22.7882213908887,22.7851320673267,22.7832044423121,22.7895247883807,22.7912514210384,22.7867246797048,22.7889539982455,22.7916771143777,22.7873064971312,22.7879635121111,22.7838592287919
19.6520476684459,19.6703004460718,19.6726376356894,19.6807989537163,19.6815392015397,19.6787027648018,19.6879315464427,19.6885901299151,19.6811530906285,19.6822161779069,19.6826258380066,19.6806323045612,19.6860051733563,19.6853448612633,19.6847562946665,19.6842566618017,19.6833920876279,19.6853113814953,19.6819062638773,19.685504756832,19.684077087304,19.6844360131899,19.6826990393548
31.9034550877365,31.9337782669881,31.9400202124387,31.9478944742414,31.9487385657514,31.945462392234,31.9410314726975,31.9456404148059,31.9362522724636,31.9399111552377,31.9380818098151,31.9417730093977,31.9375016452268,31.9390275799252,31.947365653228,31.9365151076202,31.9386319344255,31.9364749035516,31.9438787112563,31.9430725285116,31.9376697963389,31.9448225899946,31.9389394553538
28.9054885393291,28.9575888644441,28.9578606163758,28.9763780019692,28.9779354996057,28.9854303954259,28.9811898864533,28.9965953167344,28.9906559956584,28.9969703817012,28.9883870909617,28.9899076306718,28.9938572060717,28.9982136294173,28.9891927916932,28.9900515201802,28.9962971912973,28.9929753531472,28.9992410206421,28.9897755940541,28.9891613015192,29.0001442067717,28.9973809036878
21.0035848918969,21.0309855053815,21.0121794248376,21.0120236149841,21.0245688158789,21.0311336391537,21.0302792365203,21.0169808023572,21.0185264488561,21.0188722010977,21.0232815767063,21.0200047480875,21.021177913798,21.0240473123844,21.0154903898886,21.0248488089657,21.0151897534727,21.0249135326666,21.0262922520034,21.016338593529,21.0184484043423,21.0166413441715,21.0158244681723
21.7820305298792,21.7535090653445,21.7604477996926,21.7526558506875,21.7489659960496,21.7263144190646,21.7451622804805,21.7402385055237,21.7446584853232,21.7409814646808,21.7371641928528,21.7434244198521,21.7323542765863,21.7384322984248,21.7359638146949,21.7344932191106,21.7366879012499,21.7336644415232,21.73152460319,21.7359388951239,21.7313074844668,21.733406202647,21.7382460297572
25.0165279947815,24.9570627165207,24.9610911279676,24.9823791746074,24.9440879526203,24.9586583678521,24.9606195002725,24.9658807496191,24.9764705321135,24.9626125646244,24.9638053064308,24.9715198514927,24.9633060116112,24.9611119787813,24.9473888545842,24.9533637665824,24.9523478180057,24.956164835345,24.9552584196232,24.9559102529667,24.9499753786696,24.9571889108984,24.9560276623464
19.1155654370368,19.1223608296343,19.1121037038046,19.1038269870774,19.1121507118124,19.1050417036454,19.1071063619308,19.0986828233064,19.1009653652505,19.1039790930094,19.1029332906282,19.1108943104099,19.1045366192824,19.0944942964626,19.0979905540592,19.0979129095389,19.1030309011773,19.105919993153,19.0962396489085,19.0949974889776,19.1012020392492,19.0961564257769,19.099284752086
24.6485105078935,24.6610177067388,24.6667831532525,24.6719006459423,24.6608304337328,24.66312258021,24.669789408132,24.6655939209678,24.6703222238501,24.6654617176597,24.6710215217488,24.6685839384041,24.6702786849372,24.6701350749314,24.6694823833295,24.6718647617072,24.6681743248498,24.6673588726603,24.6720494677449,24.6696658765732,24.6685714295309,24.6731071759184,24.6668867088251
25.1189407785843,25.1390308761837,25.1717848196962,25.1644944011488,25.1716926133015,25.1867636863547,25.1725091496221,25.197407342818,25.1818867165937,25.178321827669,25.1787004461803,25.1733162775242,25.1679592367703,25.179122210102,25.1773555400526,25.1796486156905,25.1803537000842,25.1776970145291,25.1825326430498,25.1768966149295,25.1804036826019,25.1774147182937,25.1737476980896
25.1076202298444,25.147018356853,25.1723680940592,25.187494442011,25.1951470285994,25.2044122249027,25.2094691044175,25.2023070958676,25.2116576874798,25.2078798858665,25.2060684879861,25.2107460992866,25.2147318815978,25.2202360476564,25.2076452983811,25.2114167774253,25.2106539448164,25.2146445230148,25.2133849804012,25.2177271267227,25.2200383104237,25.2145597625938,25.2157319430695
28.2076395004707,28.1866052836622,28.177102606084,28.1768247372673,28.1735619820341,28.1634118723009,28.1680947849905,28.1638455490528,28.1660372716941,28.1640442122021,28.1724413551845,28.1629408135805,28.1607206155461,28.1678369381535,28.1624610783771,28.1631980800368,28.1633449958543,28.1607082669518,28.1579431661622,28.1647937921826,28.1588485151329,28.1592614584439,28.1556911169011
27.5047432680577,27.5720269894124,27.5886173048183,27.5994016318487,27.614446196372,27.6122015770427,27.6027822130156,27.6182061325775,27.6126024048005,27.6096294674787,27.614416660143,27.6139040130873,27.6188746536152,27.6137991414031,27.617417657567,27.6125175422247,27.6237619605497,27.6154801539523,27.6136358465199,27.6186516582273,27.6026209886822,27.6150335046023,27.6176253083425
24.4342255474039,24.4490546242975,24.4543755957868,24.4554726495776,24.457629455607,24.4569557336421,24.4587260050622,24.4578048389286,24.4555908808799,24.4565541877991,24.4561634994501,24.4570083197058,24.4559811302403,24.4574836692246,24.4593770591855,24.4592441251823,24.4574387332959,24.4608604252929,24.4621205903519,24.4595033835797,24.4578764678868,24.4598873649881,24.4613506863584
25.0889283438169,25.1385776102911,25.133952257106,25.1419835274491,25.1444398917009,25.1370660507731,25.1390633715056,25.1490401922743,25.1412992894068,25.1459491577663,25.1442873833544,25.1393492264999,25.1387230674844,25.1460280965242,25.1412967926415,25.1436854791993,25.1415718421023,25.140159616032,25.1436427950975,25.1397722899904,25.1431286209998,25.1404609836276,25.1457596065585
18.2516203180879,18.1810822382338,18.1725212008467,18.1754071652426,18.1702464079553,18.1583016896076,18.1548019478662,18.1552214088105,18.1583231674748,18.163369284719,18.1598453364873,18.1673067861439,18.1601133463408,18.1564213259642,18.1570560911011,18.1644872946268,18.1609730607631,18.1604881292914,18.1627426153108,18.1668801613815,18.1556666802042,18.1614674554676,18.1559031576852
22.7502873322169,22.7483181879601,22.7661786185437,22.7633659255416,22.7714253458369,22.7734807016365,22.7744902742129,22.7802384870404,22.771413656526,22.7759311797497,22.7738316549769,22.7699438703194,22.7692410173498,22.7833273909196,22.7724746202858,22.7761666672134,22.7724538565521,22.7779747182161,22.7805402290525,22.7789303705965,22.7828333873729,22.7856699189495,22.7767620175881
34.7923167702599,34.811177627857,34.8175408249666,34.818515609057,34.8290897786651,34.8263341358242,34.8283027096646,34.8300669678406,34.8262093952779,34.8202688617452,34.825421236248,34.8241444794045,34.8269779476149,34.8241923698601,34.8234041180321,34.8253573541147,34.8267908505944,34.8242970373394,34.823801932113,34.8274332784075,34.8264522033937,34.8252162727644,34.823470489088
22.8832928641779,22.9378813318105,22.954618872364,22.9670625081042,22.9751804325515,22.9683428924273,22.9785797331146,22.9743043028709,22.9777439320406,22.984352716697,22.9854357474707,22.9747420581176,22.9811809575846,22.9876192586621,22.9871202056955,22.9868199788581,22.9887258397094,22.9874571365856,22.9792377192665,22.9830490266473,22.9858082527141,22.9867488847536,22.9866915734613
19.7304318272931,19.8052252599737,19.8278957679975,19.8446116335997,19.850461119469,19.8624448857248,19.8674139466879,19.8699862385331,19.8735698978622,19.8707379527114,19.8732342408724,19.8693542984227,19.8828306186619,19.8775026911735,19.881827363486,19.8840529688201,19.8802218343111,19.8844740972948,19.8801419887833,19.8850724077608,19.8847555868644,19.8838597262977,19.8822096983848
25.7114067048099,25.7160519104085,25.7183206814602,25.712659680905,25.722087870011,25.7372212211338,25.7637458134013,25.7422552029409,25.7342089901781,25.7327790673455,25.7126598926741,25.7244952262246,25.7204056145585,25.7107528930741,25.7140062371693,25.735471567818,25.7232503460651,25.7025073343942,25.7287645761199,25.7180670771143,25.7125380058454,25.7220022705921,25.7174385585783
23.4650309640926,23.4459731138232,23.4343256218563,23.4317831442512,23.427539528974,23.4303727862525,23.4242916456098,23.4256074606554,23.420018005917,23.4176321507041,23.4211507700899,23.4256049935345,23.4182013425796,23.4175343078223,23.4196708757636,23.4161786501195,23.4162288636418,23.4174680774503,23.4162102366058,23.4163698603716,23.4178985981333,23.4182775714378,23.417650290354
20.3714321914688,20.4084871579734,20.4435145571034,20.4461274019527,20.4350045426427,20.442821695514,20.453412224715,20.4510646434439,20.4463092607846,20.4577032947534,20.4570294147047,20.4475354732651,20.4538653038353,20.4547359225557,20.4563301768422,20.4532403251121,20.4541288466774,20.4557689256716,20.4571759233729,20.4567438985735,20.4550358990284,20.4518657516122,20.4599602962892
28.8642355737376,28.8922520213985,28.8659276400436,28.8391222027623,28.8149733348613,28.8346412863176,28.8163817110336,28.7971237689722,28.8101647881087,28.7995596430906,28.8066126267927,28.8105399218164,28.8011089082925,28.7874127477469,28.7925828702804,28.7892551157709,28.8032330981105,28.7930288215608,28.789473920975,28.7917108511665,28.793907527394,28.7881882946434,28.7871353772115
17.2989372337193,17.3516546348586,17.3690019141678,17.3794153235075,17.3787775746154,17.3945207603179,17.3877604627768,17.3976186566542,17.3926941247673,17.3947540030506,17.3871555827575,17.4001171483361,17.4052370509114,17.3996944028109,17.3939384075315,17.4080163813374,17.4048859167969,17.4050368429872,17.4051563423565,17.3993396240659,17.4083290007208,17.3999178328897,17.4022247901523
22.3986640663049,22.3934609801796,22.4118720063332,22.4096160890069,22.4103430331779,22.4355849077448,22.4234280202909,22.4248534007805,22.4431135267884,22.4324805820122,22.4331786238576,22.4280726235777,22.4280696327672,22.4296384907588,22.4403450031227,22.4462158801526,22.4293270683026,22.4340390520869,22.4285561714588,22.4375207003464,22.4314282899449,22.434569113458,22.4356517596035
18.0472860307532,18.0012772224741,17.9981789119922,18.0127328139437,17.9991923273793,18.0100677263374,17.9916938608241,17.9877793346016,18.0019317540798,17.9970261064353,18.0044860548702,17.9940576341387,17.989161331361,17.9947538579837,17.9844100774987,17.9878450138472,17.9935064935634,17.9888337752334,17.9904263104698,17.9977674427007,17.9884500855373,17.9904645242504,17.9947814333412
18.7150114671421,18.9121156114408,18.9074063558046,18.8916650256163,18.9373365440104,18.8943221831833,18.9122341139213,18.9361177158335,18.9043914587731,18.9273459980824,18.9241384169048,18.9237604502605,18.924748497123,18.9306476520017,18.9343143104779,18.9307546824024,18.9342295122188,18.9198465897104,18.9185092718499,18.9249129969047,18.9256286550343,18.9193213050845,18.9322486821824
17.06787762652,17.0752060058952,17.0584879113639,17.0531801962114,17.0398431732052,17.0410487648535,17.0426937253814,17.03514280737,17.0417636792023,17.0380747332268,17.0483987505649,17.0361062826132,17.040544858145,17.0409967315106,17.0385377419796,17.0400077040318,17.0358856753619,17.042433700405,17.0380368401309,17.0405139292877,17.0369176991163,17.03878096379,17.0395107391566
19.5684916991464,19.5988670277255,19.624447245484,19.6266611462496,19.6326825616482,19.6337944569764,19.6466167312594,19.6516791263004,19.6461456803725,19.6561695591766,19.6370690786946,19.6528928287145,19.6460551931762,19.6524342250842,19.6531873827352,19.6488625992327,19.6485019856446,19.6574697046959,19.653373054922,19.6477121432642,19.6585927379839,19.6568584631724,19.6587474420648
23.5774639069527,23.5467502282101,23.5410041212358,23.5264464292774,23.5287291936971,23.5220592921743,23.5193233068674,23.519892006785,23.5177839687751,23.5208251345229,23.5151693370399,23.5085199255401,23.5187138780841,23.5115771663044,23.5184596707547,23.5090178694276,23.5126304827819,23.5145126962961,23.512731911446,23.5107990448975,23.5144275331436,23.5088395484663,23.5115331452862
30.5479342741324,30.5807177276067,30.6023583272281,30.6067321550917,30.6122557881525,30.6001261340988,30.613911047679,30.6062361972087,30.6111622393976,30.6054440544495,30.6070586853794,30.6060807076566,30.6010038886739,30.6111741456752,30.6070135955998,30.6030400835846,30.6104242052277,30.6065523206625,30.5977015305437,30.6091698620708,30.5991719191097,30.6018220321118,30.6068041233321
13.277094557711,13.3169505821308,13.3271054284986,13.3403702540247,13.3468026239966,13.351996830249,13.3472570086419,13.3523179097684,13.3574046338499,13.3614805796845,13.3546880258423,13.3608053957825,13.3625428331947,13.359615798857,13.3644282745233,13.3583206827871,13.3578615057779,13.3574435726564,13.3610146697955,13.3587237206643,13.3586748132611,13.3615607549934,13.3628463857556
33.2278679502183,33.2629481237833,33.2798272810176,33.2777668735578,33.2848339589848,33.2761899942669,33.2790269219776,33.2872357515637,33.2911977931192,33.2882308489007,33.2824498288354,33.2834283366308,33.2833428275219,33.2836272371778,33.2830304287449,33.2815476202367,33.2805902707987,33.2895066058247,33.280385802853,33.2909650226957,33.2895861837066,33.2914939280285,33.2867844828316
24.8217449484344,24.8426540289879,24.8476977975305,24.843077681132,24.8412228752698,24.8370393981726,24.8289893179729,24.8309622054698,24.8449189105762,24.8379700253442,24.8382319965339,24.8340547007666,24.8363211808364,24.8377414882502,24.8361497979316,24.8405472976954,24.8389115720473,24.8350722442798,24.8438447249129,24.8326356232885,24.8379910812679,24.8399296141592,24.8392315752227
19.7340188086967,19.7451973473164,19.7157567385984,19.7379340825654,19.7270848841845,19.7050045644797,19.7243299709308,19.7251374031229,19.7179145039691,19.715207842095,19.718164477203,19.7187971545656,19.7186339685399,19.7143430473636,19.7219038334702,19.719603801584,19.7127713261116,19.7164625219479,19.7244951897224,19.7171982069634,19.7239034317133,19.716801001841,19.7115110899303
24.9918138488906,25.0630269720579,25.0769042139525,25.0985772470935,25.0950024485155,25.0966894043277,25.1058028856988,25.1062340695936,25.1065078311012,25.1021448759996,25.1041347670892,25.1091771440165,25.1070089061401,25.1090611600891,25.1096728184888,25.1081365600564,25.1124765908523,25.1118219582503,25.1093300666001,25.1073675460757,25.1062508657877,25.1154837864131,25.1120882111005
18.3614778894233,18.3278847225874,18.326363657633,18.3217998039752,18.3202010987269,18.3161151690858,18.3195075596263,18.3109382149139,18.3206654375941,18.3072993760339,18.3171393968667,18.3101344082202,18.3095175358783,18.3134530327934,18.3141900741928,18.3153600668677,18.3184897787197,18.3108410037903,18.3095515247987,18.3099755962205,18.3141904604525,18.3119120812186,18.3059689532833
22.4793524721608,22.4798207653628,22.4900841322995,22.4757177782036,22.4791066472252,22.4604051023317,22.4628003697414,22.4553251441103,22.4552429742439,22.4575970813032,22.4590921583733,22.4531558268642,22.4488261031141,22.4558670831516,22.4511193672273,22.4480481849615,22.4488960407747,22.44778716297,22.4499556010093,22.444849866031,22.446336253743,22.4467348195537,22.4482047400454
26.4085912310641,26.3691874324731,26.38939850294,26.3809408392296,26.3833725726377,26.378884394977,26.3776913144813,26.3740504724331,26.375597088538,26.379110382202,26.371807030104,26.378437392786,26.377362091139,26.3756909256389,26.3741367134246,26.3742324568502,26.3728129708348,26.3801724022662,26.3778609519001,26.3784876819549,26.3781553796816,26.3765982031967,26.3752638118033
25.2019857145531,25.2007577220076,25.1877615025968,25.1818866638591,25.1762406006588,25.1762132394181,25.1741073106298,25.1754788671181,25.1702613657952,25.168487752458,25.1726471565624,25.1686164145704,25.1677449661722,25.1689761370193,25.1642652298945,25.1669293830996,25.1691421065658,25.1643694500458,25.1680669720374,25.1663893996063,25.1684282968951,25.1668014625919,25.1675206178861
20.6760108259878,20.6877402572256,20.6932123851545,20.6931703549147,20.6942445853,20.7029317028975,20.6985570061865,20.6985574347141,20.7003863919971,20.7029884004126,20.7024527993361,20.7027338296224,20.7010910393704,20.7044276816579,20.7023290508234,20.7025518431542,20.702109057608,20.7087857843942,20.7033812945694,20.700700062769,20.7067736780097,20.7042434931206,20.704944613855
31.6073398021427,31.6223270835051,31.6491290582267,31.6716487675957,31.63795364292,31.6281460156953,31.6617235509736,31.6590795386539,31.6460179062887,31.6541463565869,31.651742844529,31.6518617114435,31.6479402058576,31.644765364454,31.6553909311087,31.6528668034013,31.6473955543207,31.6556501857177,31.6502940650644,31.6541836878078,31.6453186205288,31.6541059609879,31.6518032511074
20.2372557740504,20.2800559235854,20.2991415424962,20.3035583044853,20.3066003525282,20.3089400111325,20.3035732769981,20.316752584414,20.3145128245724,20.3147862366294,20.3135938907767,20.3197330505823,20.3148995529245,20.3100589952233,20.3138832940589,20.3253393452523,20.319560905291,20.3193658344916,20.3146415633377,20.3115870564136,20.3224057601189,20.3180040168208,20.3184097806621
18.6807578183019,18.6696607182765,18.6815599691836,18.6806664980487,18.6987694017777,18.68028401883,18.6836589599403,18.6879011125932,18.687844906936,18.6852618874539,18.6885174952076,18.6899396153152,18.6918801115795,18.6908724596191,18.6913197268557,18.6854828866448,18.6907634613794,18.6886171366879,18.6897724569217,18.6905450332129,18.6901415738585,18.6891918447867,18.6857338231891
21.3973090098934,21.4031608537041,21.4003371022735,21.4012359910394,21.4008004301154,21.40194957073,21.4022109496407,21.3997746396594,21.4033869060453,21.4018489392739,21.4029305705517,21.402832187384,21.4032652726917,21.4014007898764,21.4042333822295,21.4044079802381,21.405269005233,21.4038825556854,21.4036120589888,21.4025537558957,21.4064109746616,21.4055798257747,21.4050118672533
29.0594885153332,29.0613293161129,29.0581457721594,29.0557807166133,29.054695211024,29.0486427747596,29.0480835742977,29.0506082152453,29.0528314170886,29.0487087747174,29.0483181091792,29.0537091834251,29.0470390196095,29.0499408036252,29.0504860870389,29.0477398972965,29.0484929724632,29.0484624229612,29.0509006735445,29.0505422877405,29.0505648329829,29.0496538067014,29.0490937224822
29.9730578229649,29.9054915301378,29.8976631157981,29.8715562055137,29.8730894641448,29.8657314456675,29.857703527062,29.854699716201,29.8666516344584,29.8583741887005,29.8506618670638,29.8541654674753,29.8505185222313,29.8555747644653,29.8537428823209,29.8506892892818,29.8472977589088,29.8495996302935,29.8491916897384,29.8474910455765,29.8533904735157,29.8464312350033,29.8496512651385
17.5832704651664,17.5765143897568,17.5764462654118,17.5905979074707,17.5996364355069,17.5887682217719,17.6036224171088,17.6144272596997,17.6060208722532,17.5994520524136,17.6090129434004,17.6083587173908,17.6126459437376,17.6134816793071,17.6076257026213,17.612888796932,17.608824914989,17.6077091493262,17.6091909761352,17.6076979234515,17.6108325928456,17.6127470532629,17.6124077344665
22.9008253896124,22.9543571767293,22.9498017800477,22.9506437575091,22.9480972025679,22.9544629051387,22.9574823403989,22.9496787834848,22.9573421021858,22.9568517577096,22.9592797247492,22.9562790740474,22.9570686534599,22.9558919759851,22.9546141724926,22.9580686473906,22.9574184247653,22.9547415019886,22.9534862237584,22.9545505788376,22.9566978011101,22.9553703829376,22.9549831056889
17.9510076876865,17.8941039026906,17.8712487817977,17.8822619898589,17.8796552111848,17.8985251298177,17.8896486562917,17.8701546304055,17.8937589404809,17.8880782075685,17.8812459956198,17.8907536369763,17.8934641326249,17.8829717143752,17.8759854913749,17.8785324387083,17.8845493161433,17.8884002586789,17.8822236169426,17.881251222806,17.8811152068878,17.8882790773942,17.8807911933829
17.9564536320483,17.9573602263017,17.9558419336541,17.9626359467419,17.9274796363512,17.944238458097,17.9357454343301,17.9405294604778,17.9338013823458,17.9301490685101,17.9360538964991,17.9406847484144,17.9330210316724,17.9316941071469,17.9203175140273,17.9329376129159,17.9247498219685,17.9288157307501,17.9328125571997,17.930001476165,17.9193793517233,17.9327510574937,17.9336619604354
20.2471419085057,20.3153575429531,20.3408417095478,20.3475821689702,20.3607013631092,20.3619499174498,20.3765333923847,20.3719997696598,20.3752309434772,20.3717893041077,20.3775581664745,20.3848644954355,20.3807324095655,20.3814022143393,20.3873297369928,20.3716450753713,20.3773494470349,20.3851411318503,20.3807634576574,20.3904703224916,20.3811073945751,20.3773775033432,20.387871855124
22.8517779723352,22.8666639860045,22.8585734094126,22.8712831032242,22.8807812302811,22.8761061416015,22.8781710653141,22.8803471173323,22.8876915176887,22.8748295736438,22.8862175497308,22.8833900708089,22.8874915878322,22.8824211300573,22.8836228083618,22.8813980105991,22.8824246388398,22.8839874986275,22.8850480772446,22.8840799595191,22.8833052583825,22.8805871809406,22.8805482646002
15.2969009344487,15.3604663457156,15.3842540451671,15.36940206391,15.3882653643743,15.3827908240522,15.3684962961177,15.3763000027317,15.3833378720736,15.38946016814,15.3757404712993,15.3945681737396,15.397593238027,15.4072240680168,15.3932142239827,15.4041526790923,15.396117628102,15.3996529115517,15.3947471370385,15.3933743656411,15.4049618548566,15.394525849659,15.3988809975957
17.7195489427691,17.7513852093903,17.7645645490369,17.7732275070138,17.7774524578799,17.7792533297681,17.7826880987498,17.7753140607118,17.7788039223822,17.7802764352663,17.7812736235528,17.7790537557431,17.7859240327573,17.782319919627,17.7874005789963,17.7849456964919,17.781835257449,17.7866386824221,17.7842344961143,17.7842168697564,17.7851607910744,17.7853362937815,17.783648739571
24.6808569409636,24.7231522927131,24.724870543552,24.7299446676423,24.7391466745662,24.7479948977774,24.7415914170462,24.7466711406072,24.7506419907437,24.7544088184305,24.7526741375549,24.753940512465,24.7570177950159,24.7475969620617,24.7571416622797,24.7589348728082,24.7628290751133,24.7532054489855,24.7521228979414,24.762160883978,24.7606608176233,24.7642362982247,24.7561747726058
16.238689752871,16.250252766463,16.2585721276946,16.2660303350906,16.2695157886571,16.2806143929867,16.2748157142238,16.273886672004,16.2775991638259,16.2755017284063,16.2813636910917,16.270913253079,16.2757558457002,16.2731934372583,16.2794254001198,16.2789907957504,16.2748419260177,16.2755034168116,16.2867405952721,16.2764676041378,16.2735870115378,16.2777071342086,16.2764234416714
24.2208503511866,24.1235205672007,24.0776880545576,24.1148073008358,24.1448059022741,24.1594441533195,24.1280406101889,24.1140202488703,24.1072813028009,24.1012128265738,24.1078243411605,24.1275287665964,24.111816148858,24.102456975564,24.1325909741043,24.1205270767405,24.1395677057109,24.130685737036,24.1268677431138,24.1445276251468,24.13558300355,24.1302784874272,24.1322372910091
24.9364601401386,24.9831172839992,24.999657045876,25.0118307852698,25.0113650280986,25.0232475147758,25.0186428124771,25.0251125425137,25.0285504085318,25.0313627758357,25.0312836574133,25.0273883111207,25.0306198577595,25.0301552451601,25.0362946505454,25.0319020344846,25.0344957556469,25.0317945858498,25.0322221378313,25.0377089147457,25.0306319852073,25.0310868401397,25.0352312742946
22.0129743481624,21.9998590463587,21.969743213982,21.9643250485525,21.9854267213822,21.984842108491,21.9823698209183,21.9749316789618,21.9836552964235,21.9921547717783,21.9850830335739,21.9696803541385,21.9787289688059,21.9833354207701,21.9860421230039,21.9918527397969,21.9860121686449,21.978961722991,21.9813876622554,21.9796745199884,21.9876212186628,21.9847203382232,21.9786578990165
25.3341304778499,25.3371726392377,25.3358942079175,25.339947935291,25.339548492695,25.3415386386154,25.3447528568655,25.3406478301258,25.344743921607,25.3486166813215,25.3500242151603,25.3438831751131,25.3444652513054,25.3432892581348,25.3483290104072,25.3436760862752,25.346693801533,25.3424279720334,25.3392909980333,25.3442870170427,25.3432280310318,25.3496179343731,25.3466397613816
26.984063285804,26.9711591787154,26.9761252934542,26.9619942202189,26.9718151476365,26.9616359206525,26.9618937657097,26.9698892641601,26.9661506598113,26.9596437994471,26.9600832394065,26.9576248758238,26.9728229030044,26.9625976779582,26.9617517536805,26.9563228578888,26.9601090734202,26.9627751745872,26.9631361292213,26.9649545744494,26.9577618903968,26.9625394615376,26.9627940248605
21.9090971334123,21.9191954516368,21.9177345091345,21.9190093511892,21.9200849780541,21.9237535453996,21.9209061613304,21.9247452821288,21.9232596852312,21.9194270833494,21.9228695369382,21.9252088416756,21.9189554440824,21.9285684227656,21.926600172233,21.9255326028965,21.917975165508,21.9283683644904,21.9196061514034,21.9241477783438,21.9203403635648,21.9243411883242,21.9219583908714
20.4000195362324,20.4505797458769,20.460504482501,20.472001264712,20.4969502456898,20.4814075563293,20.4933397273852,20.4745072676785,20.4806609151566,20.4879012134063,20.497444013445,20.4989000377776,20.4916521990141,20.4845092107801,20.4813459442382,20.4928946175054,20.4877229801763,20.5007448195677,20.4901129801153,20.4888980541146,20.4951663219778,20.4902893902534,20.4860065889684
17.0028021705961,16.9937816627976,17.000825234722,16.9960442642484,17.0052460363876,17.0043619538131,17.0032162505994,17.0034156428836,17.0061833996973,17.0013442004432,17.0083429188121,17.0027417377179,17.0047491901418,17.0049040538845,17.0029995974981,17.0083201365698,17.0043216614371,17.0053056755403,17.006433078893,17.0064605610491,17.0051527913731,17.0038195299092,17.002388136918
21.5285039478523,21.5399948927243,21.5522567777929,21.5528840495511,21.5541135680204,21.5548496471444,21.5527076760659,21.5621153281944,21.5585091711651,21.5623870113441,21.5606592266497,21.5625376144681,21.5622442177173,21.5643716004829,21.5629105805465,21.560704012539,21.5610628659546,21.5562606080503,21.563473705703,21.5618601231011,21.5603009976803,21.5616636714274,21.5635614977822
21.3664313976423,21.3750716990955,21.3733008861693,21.3776036501519,21.3783057120326,21.3768165455334,21.3784186907638,21.3764298694609,21.3797601860172,21.3763186850511,21.3776436539147,21.3780684827409,21.3741397992436,21.3779574305495,21.377405488653,21.3768131320469,21.3779146854917,21.3776835802133,21.3765671559293,21.3767639298209,21.3753866530203,21.3772810243031,21.3769453820524
27.2436210745974,27.3124683521652,27.341362137092,27.4004035848731,27.4083460022525,27.4057611621609,27.4067060370415,27.4052927688352,27.3982420449525,27.3894555110338,27.4087521435877,27.4023871008172,27.3939423178145,27.4152259562271,27.397326086368,27.389536872903,27.3992751720412,27.4021134459796,27.4044123558664,27.4031970957913,27.4077515687833,27.4066178336836,27.4003830753884
18.2511496045183,18.2608928661369,18.2599992746092,18.2634278770511,18.2879748922454,18.2726821405432,18.2900761679323,18.2904533016576,18.2989189425587,18.2971089303154,18.3005331508162,18.3111831674954,18.3091988042261,18.305826953375,18.3109468020518,18.3170337954708,18.3038326347515,18.3126977726141,18.3096891878827,18.312378566694,18.3148004428184,18.3106946157123,18.3121221138023
23.6619972303866,23.6813839441264,23.6870291962364,23.6878814893374,23.6899289705167,23.6874373996961,23.6867506842999,23.688194360246,23.6883076363879,23.6855899311119,23.6879467043919,23.6866798491289,23.6868473897485,23.6853322108955,23.6847273797698,23.6866927186406,23.6899029517844,23.6856971037489,23.6870156692464,23.6827028676185,23.6862479062248,23.6852482765334,23.6849094529167
30.5144740578103,30.5686043553309,30.5880038060606,30.5929911538133,30.5994029187486,30.6030183745345,30.6051315833053,30.6061200400163,30.6058327497602,30.6114556007926,30.6078005005837,30.6133254414577,30.6140578836648,30.6122701708834,30.6164934611845,30.6140246776402,30.6154456453955,30.6138123835756,30.615376894584,30.6168092566401,30.6144045233068,30.6181093953037,30.6161635089791
30.0993838720011,30.1549769071333,30.1744752088512,30.1725244510372,30.1829596985205,30.192184762363,30.1968467657891,30.1903651101726,30.1981556131327,30.1957387346404,30.1970081995369,30.198169049817,30.19865790077,30.1959327266642,30.2022281543628,30.2009237729226,30.2050470488347,30.1999251446919,30.2018761732982,30.2015216953057,30.2025196064063,30.1998603494828,30.2064401272731
22.9302215781041,22.9295966497423,22.928389786841,22.9310243991853,22.9315986798295,22.9268942314604,22.931426820204,22.9299782563704,22.9276273481648,22.9270081972751,22.9301278578914,22.9257610157032,22.9268767976042,22.9315028850553,22.9310282869144,22.9206701687606,22.9266957717115,22.9267896512347,22.9297496370695,22.9292711687919,22.9272420655507,22.9292438567174,22.9261484142587
16.4536673116772,16.4036140813146,16.3917688263305,16.409870498081,16.3966501557815,16.4120950637806,16.3965161083507,16.4004657418843,16.3955834117131,16.38525232818,16.3896001211161,16.4004551293488,16.3945516983644,16.3940372593314,16.3966573654448,16.4029042224228,16.3974089807748,16.3960635971656,16.3954221576657,16.391082400164,16.3971544747227,16.3969226137187,16.3911784129272
32.3830769814084,32.3837046013676,32.3851950571149,32.3945005827129,32.3911323944031,32.3996001564378,32.4056022734644,32.393788484108,32.3948824965549,32.39772055717,32.386804331578,32.3977294755328,32.3952721336012,32.3989948476029,32.3979029048103,32.3953400554795,32.4009029399357,32.3983146126136,32.3998551345874,32.4011620064861,32.3992183774738,32.4000055974715,32.4054920879983
19.7295937705485,19.7069756971333,19.6868267867007,19.6619120364959,19.6732778671791,19.6510858050853,19.6647300139344,19.6536415900827,19.6555435297653,19.6561701721157,19.6497252299985,19.6488869183297,19.6460502222425,19.6467459847319,19.6483242230957,19.6462930208862,19.6438515281301,19.6465727150068,19.64994247784,19.6421554198575,19.6456508183851,19.6489204153467,19.6464887684205
27.5694801922241,27.5575888018483,27.5503323695805,27.5481782886103,27.5491683841702,27.5413287757725,27.5457619359168,27.5445737327053,27.548760208607,27.5420104883439,27.5387004433112,27.5451367205778,27.5422101833116,27.541364766924,27.5405622971411,27.5413926495394,27.5392850396936,27.5403253383772,27.5412686303469,27.5399210624647,27.5389819280472,27.5402522676958,27.5392293862868
30.7897906277997,30.8659544374487,30.8899640583357,30.8942918968867,30.9037060503869,30.9112806535357,30.9093459251448,30.9105418401327,30.9123372952763,30.9157425641397,30.9151818500431,30.9213380845201,30.9175566583699,30.9162897121328,30.921110260645,30.9206248211913,30.9211734112693,30.9195754075504,30.9156430748627,30.9214937223019,30.9194145574596,30.9220961075607,30.9241496082691
21.7727012070158,21.7358283382329,21.7283423960485,21.7293365275822,21.7194538950349,21.7189180312105,21.7111264031221,21.7100767681169,21.7108061164261,21.7168606610605,21.7139750870612,21.7112208245098,21.7147160329128,21.7189569851158,21.7132456133173,21.711168313193,21.7161109002633,21.7181760185914,21.7166122200816,21.7098586233931,21.7053690920669,21.7085073524757,21.7167818206419
22.4405772639425,22.5165749185842,22.5435219399214,22.5613226434913,22.5580292834198,22.558243078429,22.5682904702995,22.5712371291213,22.5690187524042,22.578905139606,22.5729591690016,22.5775771542444,22.5829345217823,22.5837455759557,22.5877286340821,22.5834878240428,22.587197587237,22.5837594650097,22.5867027043447,22.5853707222684,22.5886346979665,22.5919996927626,22.5891068541881
26.1238213095108,26.1061319179542,26.1099732104311,26.1068232861831,26.1178843237545,26.1029216627962,26.1089263886753,26.1074568738813,26.1061763994653,26.1076283298322,26.1004338385049,26.1091459181576,26.1037750602093,26.112315827013,26.1057095445903,26.1112328405323,26.1075575422822,26.1038542257145,26.1112507775591,26.1108979219347,26.1060811610635,26.1096619586225,26.1045158202872
