"V1","V2","V3","V4","V5","V6","V7","V8","V9","V10","V11","V12","V13","V14","V15","V16","V17","V18","V19","V20","V21","V22","V23"
155.777020174279,153.72094222905,153.063284612577,153.777118012664,153.056356432118,153.506207311725,152.144615186173,151.956591752909,151.331372310663,150.451971714433,150.005977002118,150.385173238852,150.041220992663,149.864685424033,149.626232668284,149.909261994973,150.012428920047,150.012613826283,149.842801183496,150.229887545449,149.931425136803,149.887893536645,150.38514801844
151.876126310493,151.49140398935,157.763482296573,154.667439875894,155.109528350993,154.861370794312,152.629922221389,155.589224657395,153.753325877886,152.319219481339,153.237604128496,155.067616085315,153.884104666629,154.392027357835,152.444790038875,152.370667377196,152.366432231828,153.678104987341,152.456822949211,153.683686230233,151.786828421769,152.077248654768,152.684905044792
104.891588996696,104.719907060567,105.166320537389,103.457520250984,103.211807956955,103.871111177627,105.262444491959,103.270661490057,104.509013979186,105.44232755916,104.681137517407,105.569748308322,105.561721541326,106.010879704473,106.126755573756,105.615675133491,106.007300068882,105.950209232212,105.926432184796,106.16471254186,105.9718539061,106.110435483582,105.846267638182
116.98615310274,114.373702911533,114.49022078111,113.527757253867,114.819977358878,113.509509506087,112.880184796342,113.65270459385,113.253729488612,113.190042225018,113.591367775267,114.322975235753,113.863155419092,113.534956936487,113.23556091552,113.60835901122,113.099185020822,113.866317862872,113.264518467476,113.23062307896,113.663892430155,113.7359499514,113.481411336155
99.5205196638534,99.5370440248481,102.259547425692,101.675485795748,100.864604116615,102.525479453592,101.342732851833,102.355407299979,101.97988019788,102.241241301068,101.930570812237,102.604052696625,103.359822691127,103.941822548189,103.402930081247,103.343569248209,103.241677820016,103.745186571816,103.590806985241,103.794719551012,103.759527965668,103.984663161874,103.399450077293
84.5346896291741,86.4079147602461,86.1556546808854,84.9770128150294,84.3527269787416,84.5571487426918,82.8295879817479,84.0603529383823,82.6930138474934,82.7117595489457,83.661568645127,82.3273964718117,81.6956380976822,81.3142953463521,81.9734241402136,81.8902577695216,82.8327209042218,82.6700761444314,81.7236997835173,81.8226001320826,81.1997061890345,81.8031134314619,81.2547430436479
136.121791424432,135.436132511262,132.312348391611,131.941263256527,132.558462378195,131.837952290643,128.13083470328,130.653804967117,133.224907891678,131.192918765241,129.056218701974,132.526290462477,131.103403666062,129.126171826611,130.915986010635,130.40303241494,130.542789454424,131.383308913445,130.38175181416,130.845888869936,131.267716509227,129.684946963397,130.695359056423
178.075186018336,179.651699649947,180.611967406256,182.347856983984,179.012436934584,177.855307261997,181.705813051277,179.845748155289,179.549375298499,179.991288057835,179.097073751662,179.272539058076,180.721740620505,180.220207529657,180.406379188619,180.44131662238,180.182631077248,180.232826250913,180.234821606752,180.210184027811,180.1211984896,180.325288017388,180.153032059663
64.9570792155847,64.5650492915908,66.087890628241,64.6517011516719,65.8187713553317,64.0172031917374,63.7114432362514,64.8892741562154,66.6267762539882,63.8427611263619,65.3644354990542,65.1869043844856,65.9598636985464,66.286681410757,66.3381246908397,66.1655408814659,66.3474023934017,66.1036218676291,65.9092208469091,65.9803924775685,66.3195855216796,66.1957596613819,65.8875001592679
114.226542794297,109.890074543995,110.504244542891,104.572203588348,105.019305717931,109.661244821081,109.831145072569,109.999414217673,110.973779067861,110.660139287538,108.397204492819,110.920393924579,110.120788680634,109.208819061968,109.347718451912,109.658078605517,109.24943492867,109.907198678298,109.047416430363,109.324092726275,109.732723698526,108.717087782024,110.200134694403
76.6278954065868,77.4504412325935,79.0570245609831,79.1040162937128,77.9717410645615,78.1643801513273,78.3611227518705,77.4390946028044,77.1534421577156,77.6984603081307,76.9783411131615,77.1423415138217,77.5656660002073,77.960833842023,77.6875147640657,77.8034047350942,77.6128997198913,77.7652065135757,77.8508115622935,77.612026817157,78.0917847529726,77.6894138964991,77.8787888983917
90.3072414363887,89.0576734382958,85.0756880390041,87.1345451151459,84.1734380376683,84.2185430676345,84.0549238931376,84.6982982636951,83.9558818750572,84.5337608392777,84.4859422184828,84.171613222103,84.2663925722884,84.5154752328359,84.7070070473233,83.8303245316505,85.0955521960437,84.0504371856194,84.194745115672,84.4992464436217,84.3381170767061,84.0005492229828,84.2615422553033
96.052069495242,95.4555769276482,96.3167987462874,96.0677034591183,96.4969328281408,95.3244692024894,95.3177199560183,97.9585589439102,94.1289916252326,96.569382567568,96.7173676679694,98.6159544885638,98.5845196591421,99.1536569048016,99.6817511952251,99.2578047056422,98.9381201959868,99.0892390317732,99.5641032006086,98.9524599608424,99.2331825839115,99.2264008755922,98.6793166559498
214.242292418709,216.906585597714,217.013956967474,214.942394409075,215.662880890329,214.96592440604,214.446143880585,213.513188990282,214.516183230319,216.074733713335,214.508583268065,215.013636968436,214.401271204986,214.369024668177,214.434925031262,214.43893107217,214.266238830218,214.55615431391,214.457325710809,214.41506558058,214.388945258668,214.503022792544,214.465579073584
77.6681973939472,84.8033330844739,83.6065692232735,81.6740771724856,83.7581592643817,76.7784222515928,79.8935011356551,79.8372635010199,78.7305432784654,76.625960498218,78.4160582322914,77.6151030170201,77.8046624906543,78.9932103203208,77.4227218778105,79.18627355449,78.6177753019428,78.3806706942396,78.0115867832641,78.7923757651319,78.9427487246363,77.6527674037027,77.9882294216634
83.0334748063841,83.1081811027951,83.2031216589347,82.7951818702353,82.8319127240833,82.1278751589647,80.788463877941,80.8341885488346,80.1296723909153,80.1906924617736,79.501229478975,79.3394163889894,79.4929438532713,79.2781600524546,79.1405509224855,79.1257456647443,79.3057865335494,79.2481263428213,79.073042663611,79.1404487381083,79.2587638779965,79.3276856205309,79.1754134950784
98.8359850436087,98.7231075191933,96.9364115685323,98.5276077472102,99.0516039433542,100.325580274755,96.6082594584537,97.7585372176281,97.0386890552883,97.3112336235852,98.1658678432721,96.9574540953225,97.4166111000789,96.9398778282548,96.7661447688197,97.4548702340428,96.9273411060646,96.9351346545906,97.1395497157908,97.0614285314369,97.3023509435149,97.0297206600635,96.9245289857669
122.169736165735,122.300165234874,119.924306781574,121.325897272443,121.119400000027,121.202755781536,120.813527685064,120.62204290089,120.449227751535,121.368136879121,122.461701109026,122.045433419276,121.973824922394,121.870580757621,121.892066359267,122.111942737169,122.046343418473,121.9633135204,121.967287180254,121.902404883262,121.91123255461,121.94669441566,121.936249574746
93.851988891061,93.8785105575967,92.6029076890692,94.3025236650629,90.8237533002844,93.6823142120085,92.6018010220259,93.9118918356797,93.4681316771514,91.9975300328193,93.9375759477807,92.7055507783885,93.4192921467121,93.1901148881893,93.4181726900164,93.4604171936346,93.2455787942232,93.6306633668186,93.6258750886808,93.3293069137804,93.4128177306131,93.5794052676416,93.6846119062353
39.8758523037156,56.6508224688802,58.7505426261161,56.1014344460223,49.6934178795182,56.006620575945,53.5719731142159,53.7129874314682,56.662577792262,58.5718416191787,58.1594358118146,58.6446637488172,62.8930218127923,58.6303519268832,60.7766892546709,58.7481070445479,61.4543017331947,57.7696623934026,61.7986350101183,60.7758026895962,61.5609339080922,59.8003927341584,60.074795603759
102.490078853599,103.039114860155,102.303446649309,101.200111943416,96.7091658400587,99.5967698772066,98.0043283747508,100.969883745791,97.7678895624406,97.487053386908,98.5385958901422,97.6074421048748,95.526886123586,95.8723812567372,95.8559109609708,96.1963850706985,95.4758456632725,95.4458645011257,95.6074400882768,95.6904801358798,95.8848740716824,95.5091618159396,95.4565719336183
81.1726017528786,79.4835811843409,79.8487272891221,76.8315508424162,71.6190383031046,71.3808031747117,72.8377538108142,73.0399351447405,74.4693812447006,74.3004588306681,73.3158137468522,75.3516295647994,74.0450881799369,74.742986361031,76.1953984968277,75.9898350362538,75.1176073853087,75.609756340329,76.1918114879301,75.0100120149044,76.6840218620057,75.3401933931454,75.9323249554163
85.0495903085628,84.4230325273095,87.8390960285851,87.0875036765336,87.8024046891097,86.8291096952655,86.0800623170485,85.8645479075541,85.9455234080914,86.219661550435,86.0778836443593,86.1178710886958,85.97562504257,86.3385861266234,86.4916956681664,86.3589019385373,86.393446010342,86.5299543648631,86.5243575151436,86.2855219650921,86.2616440109109,86.086997809665,86.4564497815417
87.8082886999593,86.2523074454995,87.1830865348144,88.6004326917796,86.2608737947824,88.1312125321568,88.5299727051217,87.3939646079162,88.5191078072163,88.6118670898204,88.5382881884506,89.4064886513422,90.172647659553,89.5746693897942,89.7967411527636,89.6908152598055,89.7574481478495,89.8691729053358,89.5257515171527,89.6217181380856,89.6300022756685,90.3256488477764,89.0351735707464
93.2298549500128,99.207140662254,94.5947986512374,91.2974695816722,91.5254055083778,89.9198699961944,86.958066825269,89.785332565383,90.6569634506736,92.5364140961038,91.0040701917184,90.6446067532245,92.2592721916192,90.3343826281284,90.7478880687001,89.6558273939702,90.3970417628839,90.3980242627694,90.9026413360244,90.656532420565,89.1832159606044,90.9533490027617,90.429777330402
122.801675240908,124.434344518424,122.902072670181,122.024676511193,121.291363349411,124.180255607643,124.165528598863,123.508429905468,125.69323340252,125.085705015316,125.168745733529,124.572173733822,125.324879138787,125.57983463893,124.367873909388,125.099271124938,124.780264671969,125.044979240742,124.745355370284,124.89398876664,124.589714726178,125.532452582222,125.613267256291
81.9474563837328,89.1457979045037,85.2510028137829,80.5796001018471,77.5491444153876,80.2334947702011,83.286096405928,84.8667521662143,83.3429230566061,84.3454674826878,85.0999371597172,85.5086140818468,85.5141648346968,85.0841526058888,84.4689152403653,84.7273263699921,84.8447108875166,83.8767982983997,83.9785961172373,83.9501624941449,83.9246258369652,83.5098267138441,82.2730051884104
112.874814769568,116.092982761613,113.384051631933,111.847101969112,111.61769269362,112.748582022693,111.809043250244,113.176172943098,112.687721137458,112.202068903543,112.254965651929,111.890519383042,112.179763789173,111.734159056486,111.535963189489,111.501046913976,112.326845352739,112.000837018305,111.4808221659,111.831865541674,111.60459911674,111.99981319674,111.765140222009
133.841485985869,132.441918467407,133.02339994528,135.411658596,133.792911001634,133.173081887981,133.843021353971,132.64609813043,132.437197369817,132.035271580346,131.57349757426,132.610647521078,132.203925460803,132.737342515005,132.600938577902,132.391365369232,132.999901921002,132.954286995282,132.411130906097,132.913831009223,132.664726723215,132.508302833544,132.655761353359
122.372319424949,123.886422221304,121.944510512083,120.141089078741,121.627466365765,116.189128899344,118.854137661694,119.77629845,113.510621679099,116.354419136144,121.588728218434,114.587597883115,114.806247774375,116.045871840021,117.822547318834,115.313006599877,114.636143550824,116.633416685817,113.559552285045,116.844117009405,115.548485600437,117.652466531927,116.716313988969
124.202977036295,125.769511159983,126.58820049866,126.914427139622,123.781852808073,125.529886277492,123.331728841321,124.088403017096,123.087397705182,123.430080574953,123.123202169207,122.834217217758,122.941437091167,122.964036557765,123.415853040303,122.585700961469,122.654976992804,123.011749171103,122.72141960572,122.907808052715,122.775004891029,122.85262751807,122.767775041686
66.6596226666666,67.9507235653709,67.3070964813927,68.1070801959651,70.0859103395697,69.4792363129454,71.5111729228691,70.9806744440117,71.7930810758322,71.3324887367178,72.5640571007827,72.6996372222219,72.4128253247751,72.7348866748004,72.687711317727,72.8544743016926,73.0145835299241,72.9413645781286,72.8650671403804,72.8556984878413,73.0254505539867,72.9972715740946,72.9009861526511
109.292531991785,110.739681418336,110.342765123662,109.781841826817,111.116458773681,109.45987043069,111.398346086069,110.692811109699,110.527733241255,113.108267266557,111.834792858679,112.302888247053,112.259457364191,111.604732015148,112.17152124001,111.935893831127,112.32478301669,113.454066910669,112.727067535871,112.252051595372,112.650706779374,112.664308490567,113.360848614243
83.2285262807308,84.4236427147885,82.7065642903275,84.7143096776576,85.6996690632193,85.2665712644395,86.8331300789886,86.8487730185282,84.7397624159433,89.6790274515967,87.7745982951711,89.1070683333495,89.4597847154446,89.0053600971764,90.3980100871666,91.3188814120492,91.6706286675302,88.889486247894,90.4109705541027,91.8985161736886,91.0780398232924,89.5997824347366,90.1469301925266
252.62102546693,251.949844123575,250.117893090576,251.458690654335,250.106152623512,249.718560265732,250.424120280746,251.474410060707,251.646968701388,251.083464565413,250.959003234679,250.922585233721,251.318640173895,250.893511357834,250.720094895001,250.861162367211,250.779824952037,250.582778992685,250.814317422233,250.842599846668,250.802976460326,250.864512505456,250.997700323976
47.745899532924,51.1433801701198,50.0628898753945,49.6336362288922,50.9548176350796,52.2162824424513,52.2582654276414,52.5322214665554,52.8008862982413,54.7183341946587,54.0648601771738,54.7904321644861,54.9856030847563,54.8199177868947,54.7395830282242,54.9195848483596,54.8395954120862,54.9584674088161,54.8578190777299,54.8655229765837,54.9090955511236,54.9098626991203,54.9506642602933
85.4001813823014,86.767267057498,86.1967825874075,85.9981305942107,84.1537819749356,84.642654032493,82.2393119929257,82.5624077135783,83.1845649724255,81.420520464708,81.6608432914627,81.2908348939211,81.1529588684521,80.9396461020334,81.361391529613,81.2217766917557,81.5303579957208,81.2111162657204,81.321941402409,81.0844618612327,81.2034756945885,81.2958729591703,81.2488288468675
111.450354591822,107.358164234295,108.390927687236,109.759873351908,108.364876324085,110.856549230534,113.885069926979,111.548841542567,112.689338033083,112.682166232268,113.309229709531,113.382628779642,114.334389709355,114.95160210362,114.399424133961,114.251938762353,114.572661116521,113.997864179352,114.717043129314,113.919852504158,113.934889051623,113.989459239952,113.799466347197
87.5821760081685,99.8098990811866,110.186254552362,111.249474042068,108.323924816595,105.434986282734,99.978386755952,105.405679215926,102.275019463249,100.286395750647,102.523918460409,100.91511584594,98.6423743660946,97.9800388066663,98.0756899747459,100.264195155422,99.1044352163313,96.9457497692746,100.078131373945,98.4271546905941,96.807998557978,97.0903956715187,97.1938337142814
157.596778269516,156.150675971948,157.089671137138,157.496193975556,156.140376732527,155.019763842806,157.494861150363,156.462781702982,155.744904656251,156.171004085152,156.863033690704,156.795802872711,157.676457483982,157.682433519693,157.776575903021,157.887642652104,157.683262636841,157.986400190103,157.796521207576,157.798755942383,157.775927315199,157.974626233234,158.212214463071
173.641459352079,173.231937104072,173.140407332969,173.553258854527,173.957520802339,174.412669899595,173.015041543198,172.727586588362,173.32020806056,173.246702675353,172.934121348699,173.676165142583,173.837989944906,173.817063464933,173.99058278466,173.584895644074,173.64473988272,173.63134784338,173.794150589474,173.53778884579,174.015031199865,173.644418263629,173.927113238048
109.762515468814,109.600978610136,106.862219209086,107.289795736713,108.916350203257,110.920132280161,109.251971009578,110.767117360504,112.628474900771,111.134303924984,113.785967335657,112.541711886679,113.819163159782,114.109759153534,113.703577143606,114.124350608759,113.921257561773,114.489480036368,114.963410251758,114.396621362078,114.200531434644,113.867082297252,114.415319355063
72.2299981880127,72.5815674152565,72.6396205904963,74.7054634490755,71.2806629681985,70.6674845257025,69.2704069909867,69.3262025460041,69.1497844024147,69.6088058428533,68.0777125967448,68.3270351504205,69.4370792048307,69.1839914976003,69.3569404952031,69.3410999445789,69.2246220369844,69.3785600939492,69.320120720286,69.2586476630241,68.763609462272,69.2136770904202,69.5914211157672
125.389532388379,120.298808063137,120.330557903965,121.869625964545,118.685207435667,119.27908570886,117.913173366185,111.871089260354,118.749638451178,112.360049026971,118.764732665321,115.9174991746,118.209818200092,117.58756771146,117.805726526847,118.277276702172,118.527036129768,118.450100094972,116.99534778727,117.210722654439,117.951517828658,117.295581226736,117.385890215617
159.700613629833,157.979449197642,159.338032354832,157.957668384197,158.862760681245,156.471355339937,155.066943997505,154.828855407376,154.30912757976,156.614928949812,156.653070367496,155.108431037844,155.154838902522,154.899446067551,154.931772085702,154.847412334085,154.874719767692,154.865756749273,154.941171325069,154.86440670179,154.836462109835,155.001851572023,154.900214386915
74.0706567166704,72.3164955437227,69.5944090619928,69.9993991849227,67.5206143613935,65.5158669364939,65.4135244573709,64.7448127221948,64.3793101668497,63.3547417724489,64.4194821277274,64.3126747548495,63.7182481636736,63.6184832207855,63.9508005866121,63.5640148942546,63.7131035012327,63.7049314180904,63.635866260754,63.9416124217107,63.6191645757145,63.5560248108207,63.6444192198471
100.447566094625,98.7495027799855,99.9777034846374,102.215598339758,99.7010325146073,100.843048771797,102.603785458515,103.792596714936,102.895576112238,103.87780039134,100.366608918177,102.706401225515,103.0915664951,101.812708097973,102.439264265743,101.697778204344,102.625148868736,102.285573645902,101.90846703309,102.19281630001,102.357066079604,102.066083528671,102.17880787836
166.967883982192,176.090455564276,174.558700885685,175.14961195488,171.494013095982,173.186663437147,170.994594626308,169.433055686363,169.752595867114,169.077302095532,169.631999016794,170.765293919231,169.242425783857,167.078681791714,168.213048204322,167.317233075048,167.071226593662,167.325687284461,166.878706821995,167.451400903929,167.073876805429,168.464610676008,167.816470740902
101.583510111005,103.290773473519,102.66238116656,103.506010435926,103.266768056333,103.578102477571,103.765515620227,102.240033684802,102.212638710094,102.244207132554,102.726362248461,102.663919930125,103.395274704202,103.875957082381,103.638157432066,103.826508458678,103.747854848391,103.63548899062,103.89198774413,103.95745956143,103.946327205474,104.064683497795,103.936053842528
69.4414933358501,66.7380848754019,66.1269003848188,66.7927342900348,66.7490464726708,68.1578645536948,71.5235302963124,70.1983784901945,74.2564034968042,76.2389699687757,78.2467427016567,78.2258222195746,78.589118429837,78.3597226087113,78.401776087269,78.9090938175292,78.772158306841,78.7497661087111,78.8159644582223,78.8581188144639,78.9115468442438,78.9034509816423,78.8675971578221
154.306240875716,153.533517560053,150.585457459285,153.674270677625,152.23797164315,154.378402971211,153.895272235952,155.340120124367,155.570185855919,154.235207434907,154.952441544319,154.146144048298,153.907818199657,155.314969554988,154.90489148493,154.976729828254,154.231821719139,155.042099962864,153.97735994304,155.15582388599,154.478111604525,155.249618118784,154.901235967656
113.297938785105,116.454688242561,118.290368103504,116.467595741681,117.287883553479,118.479292165884,118.439621050545,116.641124041222,117.210136923589,116.705808147595,117.235772683815,117.384015059388,117.303903730528,117.079623424664,116.932949720868,116.920333854269,116.849222483013,117.111724004579,116.758577819997,117.267603575344,117.065595779752,116.685585154638,117.116578559861
93.7545346411679,91.9556351124115,95.2859173945657,92.7097921557096,92.4638279850918,92.0718398371819,92.8414872599777,93.2034433793258,92.1903825909862,92.2914131457294,92.7878150814359,92.8765353502176,93.0677704411392,92.9180109584223,93.1574997234794,93.0013521827204,92.8778175656566,93.149317284663,93.170767311408,93.1408785505231,93.2649788237245,93.3463198528436,93.0835537868093
64.4888668586105,82.0274096383335,94.9728833329386,92.0141158964383,86.7959930972029,85.6623195000818,82.9757861096325,80.1905559195196,78.1348315742332,81.7980788259834,80.0955103795294,80.3521566331987,77.2968762704288,79.085440949933,79.228973680092,79.0963952399498,79.1028216491258,76.94244735176,78.5405968149251,78.9060545933327,78.8529867478152,77.7451449670863,78.5105736907492
184.140166011202,182.243977751279,178.825870948391,179.860251673823,179.487400784231,178.959195503708,176.680182456966,174.695980646359,176.100288568119,173.907287701173,171.437792658319,172.69765282832,172.987403343813,172.757788078679,172.844227268011,172.657661572497,172.794274597762,172.427365264544,172.414765400323,172.54124615445,172.486823497842,172.490975398969,172.62640217519
84.8375583276256,86.8623813339348,87.8821178497608,85.4931573455469,82.7734451410733,85.2737221260229,84.1015691204308,86.3319787362645,87.0706570981447,86.5906578003999,85.1283995121417,86.3506057346422,85.3824745025564,83.7342720372987,84.000633967821,82.9536974633929,83.6357630923147,84.694662157151,83.1184755922046,84.3018974592663,84.466623642757,84.2019211991163,82.8281124621906
108.756144217492,110.802388773423,106.047878386726,107.284223442374,107.803023041658,107.981433395445,108.093118497851,107.603555622681,107.455428617622,108.047043501698,106.126450271231,106.545613721938,106.884120109064,107.212765695689,107.351509425124,107.105908765677,107.446133885042,106.759256647438,106.754355303629,107.67297012158,106.265103601922,107.935375979273,106.534027749971
141.067582052404,137.467662680615,137.046479347228,137.557596117008,139.089405431556,135.676963024511,135.116924162782,140.037407245128,140.717439039228,139.499867070464,143.972086467696,141.112298893131,141.986913280781,140.348308141983,141.815521590034,142.301365702882,142.748825072225,141.710100619178,141.865195093432,142.598399925051,142.038142120478,141.700120680223,142.036755909612
31.3812566845414,52.0947193013979,49.8822198537039,51.1269600260513,50.8179611995286,43.1963564556882,47.6735994247764,43.6334531037896,45.7285291031659,43.0230022238752,43.2951248875929,47.0950167930546,43.627514908909,44.9920612725484,44.2041567488948,44.7958654479441,43.7634043369965,44.4716508785915,43.2531767623502,44.3834357889587,42.710081601926,41.9476237345139,41.5571195968668
64.1583380680049,70.5453029025345,66.1452955160251,74.0052416076522,72.0439080611032,68.373081265627,68.3475996764079,67.4791319977649,66.8361219293727,66.7835625462762,64.4440801606604,64.0879409576204,66.2807929596972,66.0587016268703,66.1717418694911,65.8360491814908,65.1536017503958,66.1187124844575,66.5820395461814,65.550851197878,65.6285597566592,65.1563908475038,65.5221647431782
187.095106074645,182.400818678619,174.805563780385,179.270878714127,188.867780176867,187.281408604299,189.569733581512,184.82183347107,184.803870262493,182.507570187215,186.645933078168,187.906695957713,188.754757331476,189.568584195438,192.065296244546,190.351174900113,189.900920881583,188.968786186126,190.987937651731,189.693130931108,188.407570803455,189.554318300708,186.734865945501
53.1624135279043,53.6599498571499,51.7923047080013,51.0079420486688,50.193139384112,49.120807205377,49.3084797925009,51.1311015851529,50.4455400135446,50.5870023929989,50.0443095178502,49.199361091831,50.1727693941795,49.9432189958752,50.1893576508308,50.2228592780245,50.3123980848028,50.2228247535071,50.3025674231245,50.1305897826657,50.0896610104943,49.9951724494842,50.1657213837673
96.680727701307,96.9414648021996,95.8350382956976,98.0509619248313,97.3696559767469,97.9456834770649,99.4578195401265,98.6271478510783,98.5724557526446,99.7922426553465,98.7829771153535,98.7453047159208,98.628409559371,98.6411992668483,98.7512061092863,98.7008309033124,98.5038884684661,98.4854483185519,98.6169553708162,98.7784851648921,98.4040381847344,98.6232746378213,98.5672105926257
72.1415685338315,73.3605432811978,71.8637300141996,73.0090275980668,71.7811019629492,71.5100754832983,71.0981941517969,74.0254445875172,73.3124919348241,75.5863562960305,76.6739156510388,76.4772348513953,77.5748837886619,77.6315191915029,77.539034529673,77.9458970938068,77.5129283572544,78.1229982053667,77.2507050632939,76.9780904917483,78.4643197682205,78.1103738202158,77.8558329974234
95.1598255860938,95.7155258236678,96.6427395624933,98.356730959522,97.655921877788,98.5653740658712,97.8181975010688,97.0096053714643,95.6278731725648,94.8321741878853,94.9318467826526,94.4626095082591,94.3895479268892,94.8562879640316,94.5709105758665,94.3439890241045,94.2400498639461,94.3824146520714,94.7760130689261,94.4915530401426,94.7802227932695,94.4080562789703,94.808458136745
177.092242399276,175.823733989065,175.881026299393,177.105139554086,175.939486991045,178.867434651648,177.140065340836,176.779940758302,177.211647108299,176.776636676725,176.927178505111,176.335848834884,177.291422840262,175.708286115471,175.999999371107,175.069528648333,176.127292787959,175.77712313643,176.28399571909,175.649699663201,175.614920455978,176.388219927979,177.017751055319
132.668544261247,137.038324917378,134.933267757988,137.970516313467,135.332260357759,131.615381241641,137.314050307744,137.325825355251,135.735436001537,136.188919284175,138.095881256651,138.335905642359,137.761887330769,137.11575488126,136.919155550103,137.722757369636,137.631252179424,137.489599557935,137.697774635262,137.339717179816,138.016359174605,136.875297432494,137.934697043442
129.816228893587,131.130828320402,129.887524551443,131.482719041375,130.859312669179,131.032156306669,131.419125869532,131.202187077576,130.905399529996,129.423470802122,130.958328179107,129.970908112486,130.831159522834,130.414503681421,130.330118420075,130.301417373134,130.609008266643,130.587270499801,130.295836627053,130.836727087431,130.390465913928,130.547708623245,130.729714360054
80.4115425243125,82.144877531812,81.8301292917785,80.4830052293677,81.2791270571977,83.5666473016719,84.3150863405816,83.8246798663865,80.6552338163893,81.4278016254476,82.4542881114918,82.6002409593593,82.7887543809428,82.8114779026873,82.7610731646588,82.9944502329993,82.9599699150778,83.2588663539107,83.0940944878322,83.0876159563368,83.2669827557307,82.9283166453274,82.8680529542343
76.6844745728286,72.1835762426701,72.4517359109774,71.7540609282764,70.5029430322264,71.9073088972446,71.4456918959873,71.2970170958678,72.1365051975923,72.1475935718921,73.2786064699225,72.9016960906744,73.9023201030155,73.5056486404208,73.8065948070702,73.4860258410288,73.5071982119282,73.6089141096609,74.0865549147944,73.4985259690074,74.0560856405774,73.9231607179036,73.5360636786642
56.1375547597834,55.4574443485833,54.4281551790464,55.4651477756493,52.5656667417731,56.6056341316335,57.5281340941206,60.4929150747047,62.9739787194266,63.6053334683467,65.2671883472173,67.5158253206949,66.8092323093198,65.8263120402177,65.8814471337163,66.0470586586264,65.7940078966227,65.8073456085284,66.6317243047878,65.528767623945,66.5934749836105,65.5847582467217,66.2662894124903
136.256525566975,139.514695341195,139.013415044071,139.891047860812,139.752336994166,139.65157462234,141.270365794924,142.1844655583,143.694894617963,145.550738841564,147.603654503283,148.009826377851,148.644643492822,148.631805961461,148.83788669214,148.913281543773,148.676374774259,149.110799591795,148.876727290801,149.04286886089,149.0578036036,148.755867518844,149.180595917647
156.947535653831,157.132844647551,156.763903418701,156.226200527044,155.77530143736,156.15969651719,154.748604388207,155.359560956242,154.649139709867,154.50741869918,154.810561936324,154.369778085939,154.76688285877,154.174850319985,154.474595236962,154.435932582374,154.53749769973,154.190686818376,154.538568133778,154.274151040446,154.347863650293,154.148280753478,154.510987781386
55.0684313555045,54.2708668039647,56.332395357062,56.1697441269843,55.1543753236283,56.5551655722403,57.0236460617197,56.9125346570127,56.4148879274165,56.0579792588396,56.9809363350284,56.8974111893229,57.2881009166189,57.1833982691255,57.333916153646,57.4959879193154,57.4027375690046,57.5070032142447,57.3821410011823,57.4760512398292,57.4503527015036,57.4432207337749,57.418631517623
129.364477068784,135.365160685863,136.51709453982,131.224153480058,130.774787619548,135.781372040321,131.784844024783,130.928435449994,131.304133506239,131.740920565502,131.648959382436,132.695349472831,131.699563568518,130.600662165798,131.155017833099,130.664331530761,130.348391940217,132.403343437664,130.292327545565,132.132755581933,131.642806239392,130.900948349351,131.003060733338
114.218726869781,113.014550716037,113.563162973962,113.49293794489,113.97641553763,113.985057585349,114.20079205831,111.52133921892,113.889614624701,112.862136696403,114.732722013861,113.812434931527,113.915810584296,114.320338148038,114.032522324825,114.321111422442,114.037436564661,114.298831559326,114.019306146295,114.134720988887,113.994429090895,114.164097928704,114.160880625016
86.0281460493884,91.5050676700471,92.426084573417,95.7609238501958,95.8586524832088,95.9739060780508,97.5667837028871,99.8136938001786,99.4874028778792,99.5621104139778,102.028413068432,102.264869808295,99.4562755017559,98.6965233613941,97.9868186163808,97.9415976019587,97.7471534844969,97.2031597227138,98.0294329741719,97.7304388063069,100.964922833261,100.077304076241,99.3145607451694
129.526520131973,130.11484497907,128.862866089625,129.353277730724,128.197609607328,129.621053195408,127.978078587783,130.930264861655,129.765521104043,128.452696444428,129.205453278901,129.122276186943,129.362484581125,129.16226677714,129.417277417207,129.296975056613,129.510797939057,129.426351547785,129.602520098514,129.58310676583,129.474325267023,129.61950707312,129.557782518485
86.2857311638298,86.7286479852749,86.9146061843053,86.9445433343464,89.1472601032817,87.932194318091,88.4938088341226,88.3340925378991,89.8094387139956,89.6286091916378,90.1312547200728,91.4563596709839,91.3316605645784,91.2441632904892,91.2830341833511,91.1438034077892,91.2960930051912,91.3115538629997,91.2528599931154,91.3433733383151,91.3814363298109,91.3839337192379,91.247249444696
85.2206156578509,77.2351938516027,80.8342791021469,77.2702592325653,80.1928187351979,78.5810884126494,78.1894241689909,77.3915605052954,78.0662949851447,77.3879347649156,76.6946614718501,77.1393046906646,77.4881337826409,78.966893418768,77.6833915976054,76.1600325761174,77.3979842926714,75.8059855576199,77.6605624677882,76.6461856064107,77.1353271556984,77.9291038995843,75.7395997251402
263.73026348193,259.415847981727,263.060371775858,261.669834650303,262.990513703298,263.29263128545,264.962644275251,261.804688546163,262.663165903609,260.802966830159,260.108464758098,259.352234256944,259.869166683999,260.637522140625,260.452131204329,260.306521508672,260.341319150665,260.243893000366,260.404940468816,260.477899458607,260.446685572615,260.849036907187,260.492631843203
226.637728597091,228.589017873111,226.144164941078,225.393663466173,225.480570847784,226.057364556312,226.156150392693,225.231306560296,226.264410502506,225.226682142299,226.202615166896,227.365129085679,226.99594482968,226.706624703593,226.754833166217,227.022294597217,227.061625771603,227.025526553264,226.70777228616,226.782710259449,226.883099240493,226.96340483562,226.856806122107
50.9834557016324,61.5636076112019,58.660872900298,55.7761134874579,58.5475999918136,57.1442906081519,59.1276253310985,59.1855389183173,59.21726012182,59.1776923770851,59.5510736767327,59.1349886185421,61.1683196672312,59.6052744359126,59.6180865811646,60.3280213410288,61.4197142524954,60.8269418796707,60.0755403791962,61.1755127775114,60.586914588974,59.9782020163911,59.3623869780669
91.6056380500763,91.2756777147931,86.9743077255165,91.1261304835891,82.6985604318169,84.6658910127937,85.6247778650824,85.0901346704778,84.8215471097439,86.3490310586411,83.4440372663989,83.9197377643411,83.2258965129597,82.4209336521189,81.8318417713853,80.9869846197872,80.3842856869589,81.0862658402721,80.6872757817475,80.2912681079541,79.7430670804717,80.2702969771242,80.1123778216928
165.553111498917,167.174884936126,163.481459908853,163.34423581908,161.599803152592,163.486910846576,163.331609244053,160.974108756104,164.560574101639,165.889629936585,163.747672667382,163.495262565062,164.99318368048,164.931328924843,165.436566580245,164.747852914733,165.54402963877,165.372317007678,165.364446463979,165.176001944225,165.155646333437,165.782226222622,164.667880486742
113.934458911349,116.950960524719,115.417642365717,113.059859216306,110.444878419012,110.261145585674,116.226651167256,114.388164617422,114.181112771337,115.357408259187,114.028620238494,114.939771997955,114.119885325047,115.391955370624,116.020704619083,115.655630674738,115.180115081147,115.749158550899,115.666965200415,116.084999974555,115.179709159054,115.444677577545,115.805151461151
89.1656265841896,89.4585476008632,90.979340898152,90.3069467874362,89.0754628545383,90.095700391448,86.6841681475424,85.4472244007059,87.5555900400315,85.6545335314307,85.5506970515955,86.4253192661767,85.5178257097507,84.8672402002918,85.7923975539195,84.9648586670071,84.7461621566413,84.7793698885022,84.5376379029583,84.7862513172813,84.4706916945829,84.051040448058,85.2962442471431
159.033095276504,151.928400851211,153.496850084341,151.876932671899,149.986426368834,150.472612616378,152.409524237805,151.454687070438,150.375301196205,151.787137128991,151.676401316101,151.553270756777,150.719791736152,150.022903537769,148.664127241208,151.018771511294,150.854617733915,149.414820791268,150.469045885762,151.546141301409,151.128924958729,149.675778910336,151.956082462613
84.4167969393828,82.1209200166687,82.8353539757062,83.5072881108775,82.0581374265396,82.2949548928151,79.6397776822425,81.301330124909,81.0213795327439,82.173513140619,81.5016877502106,80.4354067616819,81.647814306136,80.5089854384736,81.4366942063533,81.105983851802,81.3567114792572,81.8748876264161,81.6713843808788,81.4631114400253,81.1831388184398,81.3873079267082,81.2478847955946
143.66321345711,146.013626433234,143.090449122033,143.88128075272,142.127351348804,143.598096510552,142.845825256111,142.462699763514,143.393600409279,143.635949732265,142.159265627038,142.542046195254,142.897797510023,142.994014227787,143.155801440228,142.837848053622,143.013315376437,142.497128996572,142.727490719648,142.985063626479,142.867343680872,142.936975199541,142.580624089024
105.808789835039,109.787669109253,111.300692316771,115.933948859133,115.203252929289,106.528253481539,108.319787814952,106.117980753529,107.300559961189,105.969837157951,106.962986039386,107.365097322045,105.506305449287,105.798800984613,104.352522390673,103.893053796461,103.008519284826,105.542695424418,105.341680120811,104.07250371124,103.814724278978,103.274636203038,103.513547558073
89.9988136114135,88.0801139754142,88.8427298848804,92.1992434332024,87.1802024726146,80.5183134847857,80.3222897584074,81.986439009524,81.3649168244741,82.8688187935954,83.0502137332236,85.6297560729998,85.8845015127703,84.2866786085491,83.90365369336,85.9579206433583,84.7288999615946,85.3217671997863,85.9917248317531,84.5095657356287,83.5782440052731,83.4843343498963,84.0963034436405
76.009923163499,79.4056409687372,78.9706674974452,78.8259657267247,78.7303286759494,78.3060804155006,78.8637843132806,79.3389774713566,80.220621913837,78.5958098609681,79.2711015138923,78.7778495785223,79.9390159094683,80.3056677572286,80.3764163340451,80.3418469438551,80.529219567541,80.2683945197637,80.2987431663298,80.4812986303555,80.5610412037819,80.397612027112,80.3633155439608
151.275684914455,148.687606321069,149.80319973559,148.13092809167,150.985846219292,152.38305258354,153.286526358026,153.011054116687,150.456059281763,151.49384886602,151.248464656769,151.146371458914,150.909540779052,151.479856596739,150.801808413001,152.009048031407,151.753563798736,151.956770387321,150.941245213961,150.900743236182,151.34712098499,151.216080685263,151.550503882402
107.10251896173,107.992590471161,108.084746158613,106.600664718253,111.842235743185,108.171962736817,108.612832511049,106.772041808273,108.327518611106,112.752388050021,110.956082527505,111.352894134045,114.920706498065,114.259682877399,115.78687073344,113.865114937774,116.520461875349,115.055549240957,116.171572113029,115.358595162075,114.141024603668,115.661147865698,113.918664495839
73.0119539011826,74.7649231759704,72.1792944406489,75.2528158740866,73.7530470943146,74.4204668750839,74.8002508492195,76.4215068687693,77.2478422886557,75.8824835670668,76.3387842955434,76.8367614028353,77.5832413853267,78.3601541140091,78.3093206380063,78.1561714368818,77.3626417645366,77.8518880099744,77.7479816260079,77.3261704400339,77.2236774816912,77.3275358181164,78.6172088584398
146.385402945554,143.99295140573,142.135356154458,142.286141847985,142.512029643778,142.953455893158,140.526196509437,141.365174950537,139.923624320378,142.85683685672,141.654585683301,141.099344012416,141.503905402657,141.293453841747,141.413882097674,141.161408612706,141.224608812178,140.872088247242,141.160101113278,141.305984700447,141.046162755163,140.784964996731,141.151313978408
121.437183211083,123.491925010357,123.210483646303,123.821537277741,124.546436291355,125.542626497993,124.796055374463,123.794144735083,124.378392133557,123.822542770387,123.591080122549,123.808204417726,123.867880119417,123.794125127525,124.070873694827,123.951428626347,124.030449951565,124.272105457539,123.974322910862,124.035845665764,124.014501213873,124.090149646263,124.192838195556
71.6448127063657,73.2528723093321,72.6221459397273,73.5134527387093,72.7017132132072,74.1811650575737,73.4057394134266,73.0245379019715,74.2662344464925,74.7932095890654,74.9113173235492,75.9309310859081,76.8998168861695,76.5550346452556,77.0683910385435,77.1428479051875,77.1007928707632,77.2541312535826,77.2385569854147,77.1599463653859,77.1598700753394,77.2094601574345,77.2212702236905
74.2928030633098,73.5142624824255,73.8920528497182,73.9311841971849,71.6991007059149,70.3907092851794,69.2910867549284,69.1415570601264,69.5847669093052,70.1262790473994,68.8897192072836,69.8187590020505,69.0327541356007,69.0471040319706,68.9669765297414,69.5493842885201,69.0699845044485,69.653695279655,69.3006573476086,69.2333509256504,69.4391528199298,69.4208069030423,69.5491294660662
