"V1","V2","V3","V4","V5","V6","V7","V8","V9","V10","V11","V12","V13","V14","V15","V16","V17","V18","V19","V20","V21","V22","V23"
68.2489370440077,68.1761736190376,68.2103403382444,66.1278899383071,67.0122850120121,67.269251220018,67.5466803952741,67.6786558897557,67.874595276898,67.8397795296892,67.90658894666,68.0238749671667,68.0682235567554,68.0925949301489,68.0823650487849,68.091631655693,68.0875116326754,68.0746291835934,68.0816408418816,68.0857670425802,68.086128310954,68.0794856194872,68.0835756898992
121.213623227621,121.221667823393,122.420693802662,122.539250388139,122.605764711575,122.119821270637,121.673426916561,121.378069662653,121.311141966675,121.307104250853,121.221942364168,121.250273298256,121.107386633078,121.093452005735,121.103876107036,121.100585789601,121.086715315812,121.098484978883,121.103778247864,121.10029991457,121.094170091077,121.09942545279,121.098678359228
55.7158701395568,55.7619846290472,56.4421960257597,57.3783267830846,57.1007105246942,56.3006107523499,55.9570745477731,55.7259587294799,55.601893279882,55.5762237061245,55.4062823416612,55.359739127712,55.2621550100545,55.2441456583464,55.2488259153893,55.2561009156952,55.2384325498534,55.2457008076099,55.2547942838159,55.2459196722856,55.2386449137489,55.2358679287001,55.2392084594096
51.6819177788053,51.6606680641485,50.9975167875743,50.8049195692722,50.1851150718158,50.4762866827383,50.9368449344911,51.2805130806439,51.2040745286571,51.2902710604475,51.1655843138693,51.3030631854687,51.3749430632446,51.3471040199516,51.3613932794872,51.372019697059,51.3622213632746,51.3561580134186,51.3696647897938,51.361979998431,51.3625291425687,51.3677534716519,51.3641266816711
94.2609430203571,94.2669635204354,94.8349598424624,94.7958854899046,94.2401707318323,94.2061657104799,94.2236240298619,94.0447332891293,94.0914633361965,94.1578076063317,94.0927226023629,94.1360548140995,94.1019295009832,94.1250973767972,94.1055159003416,94.1033980221255,94.0970934029103,94.1127056914107,94.1118094779848,94.0880065017319,94.1003367756397,94.1065390258204,94.1041742772038
86.0347656218259,86.0384234817693,85.87899279639,86.1373745260776,85.5497383118108,85.3892676863839,85.4336561396732,85.47025883152,85.5124084525592,85.5667320083013,85.5627118661949,85.5508898071348,85.5663644536411,85.5799419339219,85.5797476708825,85.5737091792582,85.5777438779058,85.5896000257762,85.5873865476385,85.58648861734,85.5695616890552,85.5827986311048,85.5803142126856
164.092410831778,164.046965388009,164.319859932188,160.722571449111,161.519700584863,162.682790903354,162.995186679805,163.19163779079,163.493752212326,163.552764270726,163.619924359376,163.804329358277,163.794957257676,163.807008982163,163.826541699406,163.819549544795,163.816608406462,163.829896792333,163.817140328029,163.810666522146,163.82505119423,163.822754170266,163.816302216133
92.9785856987631,92.9630310780641,90.2214538432844,89.7733718242631,90.1653601245533,90.9636720518542,91.4906664378203,91.8538468215885,92.0182748921827,92.2768117331838,92.3386863901182,92.5171779842928,92.6073020215172,92.5782050759625,92.5984734437141,92.6049875266479,92.5850065141484,92.6037283527119,92.5959366280118,92.6057703683788,92.6116942722962,92.6028646877028,92.6039125918762
117.386832829143,117.400837007142,116.015729922559,118.623523875664,116.660335068636,116.869757498217,116.747150511935,117.323071564155,117.036832822365,117.15034296729,117.100065369768,117.197316426091,117.207461288835,117.198285112201,117.206294307212,117.219307807938,117.210620181171,117.214396383695,117.23016268884,117.217401015638,117.216687330778,117.217211561336,117.23418979359
87.1229766205617,87.1147033702303,86.1048385434279,87.3997273571071,87.1518637677232,87.0285008054852,87.0149824485229,86.9596052768479,86.9668873884371,87.0321843771512,87.0159910357265,86.9873361222901,86.9949719487817,87.008877148635,87.0092427473861,86.996490440817,87.0293369210176,86.9857128739786,87.0002407216216,87.003432190491,86.9984499396737,87.0030060962261,87.0016386172922
38.8058769881403,39.3136443070876,39.3866529642037,41.4822822475113,40.6327646006508,40.132823080802,39.4544941660762,39.1357252212891,38.9804519879651,38.8545651374696,38.7666188241275,38.7269698984916,38.5914920772594,38.5807443137427,38.5649804356062,38.572545497839,38.5647592627914,38.5675084566481,38.5639610865653,38.5710815569106,38.5542053049416,38.5707259076313,38.5585817655024
74.8778134874549,74.7566250278276,72.9409510694901,71.6910858602165,71.2309909845017,72.1497563273181,73.1693529685913,73.8388693867819,74.1273989008315,74.4030264429847,74.6171408588551,74.6495688911363,74.9183121274337,74.9095096882982,74.9348831797265,74.941878697464,74.9275111969502,74.9378122452931,74.9428905939056,74.9290278533869,74.943251553456,74.9418458343558,74.9362086029708
95.4227049095671,95.3943613552726,94.4338936737509,93.5545710288872,93.3198495117891,94.1868568746348,94.4958307823263,94.7636714852217,94.8892983942442,94.9016642038394,95.1024008093656,95.1405020128884,95.1926817703236,95.2015372638133,95.1694905551374,95.1894369723843,95.1606174661844,95.1678284776341,95.1717272101342,95.1634001073595,95.1673097741648,95.1580117181462,95.1645245540547
140.993225194078,140.904579472189,139.830076696778,139.234921477089,138.265688528393,139.080982049105,139.327146421142,139.83345460121,140.188858328167,140.287497980984,140.550629055287,140.527239054092,140.645249829709,140.634524976309,140.655133737781,140.645535729984,140.657029466345,140.643874528032,140.633887688296,140.623144373684,140.634482973164,140.633842518271,140.643686484077
75.195341808713,75.1309072433798,75.5403717228552,74.73870372093,74.9916334849429,75.0785903334799,74.9947811190628,75.0284120440383,75.0900169885633,75.1512421159688,75.1370607089293,75.1308752490648,75.0947218004001,75.1005834616154,75.092740384912,75.1033911125314,75.0936806222177,75.1004458197797,75.0993191380017,75.1053163172687,75.1002322024033,75.0994810258906,75.0985784833886
81.9155182490893,81.9555421957691,81.1647428867376,79.2835665415662,79.3939352442225,80.2687829428908,80.6443795438134,81.0007583027413,81.2833995594552,81.3989019790715,81.5444144250821,81.6204099513062,81.6897989535072,81.7169520575891,81.7161985809765,81.7152096351082,81.7226106062998,81.7078671121559,81.713377085792,81.7102213255804,81.7258526459397,81.716005748236,81.7155948055014
79.3739452085365,79.4352713365392,79.922660002289,80.4311474906303,80.5859309071508,80.2513948337775,79.9048384893597,79.7571545556046,79.6361987204463,79.4591360545722,79.3573296289624,79.3929197798332,79.3276534211903,79.3150549165663,79.2963765028763,79.3026056455352,79.2988330686134,79.3052158768681,79.2984979565899,79.3245260194019,79.313754285212,79.2888353197981,79.3061985777617
131.045062875258,131.128870452334,130.531211260574,130.922196027253,130.786660769702,130.787976377415,130.740942420357,130.723621709309,130.70054663017,130.755193319578,130.75002076647,130.755388179385,130.736876765478,130.731355117785,130.724569943162,130.718481646729,130.726037892394,130.721279059367,130.741605806266,130.736856406593,130.730573121903,130.728745381834,130.738709129518
27.7299103786774,27.7304321816323,27.9409160764454,27.9585463745776,28.1264807884567,27.8818518063804,27.8164874510131,27.7553003339986,27.7066512687037,27.6708956594467,27.6628263123892,27.6669430776245,27.6491842869195,27.6501687921153,27.6482501050765,27.6434698188989,27.6425501951565,27.6480740161952,27.646580297677,27.6446107775376,27.6476555657312,27.6458838211109,27.6415384924572
98.3601589249647,98.3130472933682,99.62436041336,95.5875514566668,94.5276511542714,95.7672059385501,95.5694993863191,97.068071795786,98.2266083713258,98.0971854520958,97.9613710461792,98.1457887588583,98.381222857104,98.4055811215255,98.4458760175618,98.462161627126,98.4592505320689,98.4588044338987,98.4636066394098,98.4690634860814,98.4725860496724,98.4637933369322,98.4757385666397
108.790551401976,108.788327991439,108.337801226155,107.197408154028,107.505892198242,107.798437780568,108.096282666249,108.302303603157,108.469792035934,108.565879440754,108.573695246764,108.637407960457,108.694136303165,108.705879444707,108.697940699712,108.705760749693,108.705256905012,108.695487148128,108.709884309723,108.703304299542,108.710599943681,108.712094479006,108.700310705155
98.9514094431934,98.9572298419236,99.3175657183641,100.346094207755,100.232850169082,99.6342150665948,99.4234588211331,99.1422286587123,99.2654057464374,99.040360102161,98.9312583264155,98.979833754862,98.9190763670288,98.9109042291049,98.9022655084271,98.9185965967351,98.9211208734639,98.899454054629,98.9189794129445,98.9107315399396,98.9140053705446,98.9124813573743,98.9002367609169
67.7918656983079,67.7841977315543,66.3955849714471,66.1493204700148,66.1909264404142,66.5329111280366,66.812684316468,67.073675816294,67.230408155355,67.2798943497647,67.3618918935977,67.4019707346052,67.5049719939023,67.5152660848011,67.5216057885377,67.5131023350237,67.5241418904469,67.5285382743833,67.5315473715992,67.5282785907353,67.5418389508891,67.5487638130772,67.5502135841735
88.8063620595775,88.9295868680148,87.9621270555738,88.5863938631392,88.0801771186303,88.219319947442,88.3872746669949,88.4428812978236,88.5510443352446,88.5334653587749,88.6026925067416,88.6132266733891,88.6363507277661,88.6420072887874,88.6496980004795,88.6399639423475,88.6397518079464,88.6329825478976,88.6413905063695,88.6422458049164,88.6464217701547,88.6476737225228,88.6357584302134
84.2103802170324,84.1535987093166,84.373774132054,84.0168010241532,84.2609528496476,84.2031243934986,84.2196003291212,84.0579251974015,83.9972232436954,83.983826670377,83.9317368065537,83.8959705955066,83.892276386891,83.9010363976638,83.8837423083533,83.8799861447526,83.8909850779805,83.8921206077335,83.9041339854622,83.8892089228132,83.8831047023671,83.8695319873405,83.8773015251367
82.606918342486,82.5897117606549,82.4263208157123,81.791771595281,81.5436360237868,81.5423176297188,81.6304119714614,81.6659759237919,81.7702964188348,81.8341658137451,81.8689543802272,81.8748715462904,81.9138983938782,81.913454438385,81.8977985568882,81.9037150096963,81.9061956114525,81.8904105108503,81.8968183854997,81.8876093992355,81.8891916355242,81.8883692843504,81.8898536340007
186.148846224088,186.131373598123,188.206595551507,189.563258412645,188.845411643989,187.989863856681,187.414792116487,186.678552388041,186.010030951068,186.158317767094,185.899374868359,185.871001193944,185.687790943856,185.660259442372,185.650342784403,185.661148001545,185.656024338785,185.649978428821,185.653395772978,185.650849956586,185.654250843288,185.638057575182,185.651145452936
83.4134951777731,83.4691570897901,83.5325449847611,82.0927645069705,82.0329688771636,82.2945787339851,82.538392530716,82.7504530002801,82.951749038979,82.921109155755,82.9919184281105,83.0323689577655,83.0778008471538,83.1000852868502,83.1188252963996,83.1310549682639,83.1249827586636,83.1334873350851,83.1305140918106,83.1256397426683,83.1289662990233,83.1278631670716,83.1280531901321
85.5702698889916,85.6215913884729,85.6364624038184,85.1428316681597,85.3575392336878,85.2901270582183,85.4464134656703,85.5072093626255,85.5348982333249,85.5073796854183,85.533723075937,85.5669294338275,85.5542518033878,85.5613882764312,85.5549122318601,85.5585376453618,85.5583365110907,85.5637475685351,85.5511504381905,85.57037170135,85.5574970758796,85.5485856135543,85.5538754520281
40.5637358757561,40.607875770821,41.264151563226,42.4410603189689,41.9020854957828,41.3819810868524,40.9637095769648,40.8522298104537,40.748047611567,40.6615263454863,40.6008130500721,40.5478049077447,40.4907344988728,40.488904016061,40.485605127085,40.4841118462507,40.4867811993469,40.4938707033987,40.4776492505269,40.4922989814184,40.4828952113551,40.476741079233,40.4814028162192
134.713090826515,134.730188629644,131.403127377773,127.882122033391,127.985883596871,129.992293542359,131.176449384268,132.51758127529,133.212640620154,133.381927319342,133.751637457141,133.977812085321,134.201533445617,134.261085129414,134.26514331823,134.262569121244,134.287368126591,134.298853835609,134.286156952155,134.286022675321,134.289228867873,134.283212406842,134.298799118673
77.0357841079773,77.0148236571807,75.7089249163648,75.4441209471588,75.6928167975377,75.9614794686277,76.307686573476,76.523423127621,76.6184842229468,76.7830645036414,76.8973735335897,76.9219401451716,76.9438707367958,76.9643697460871,76.9625456156151,76.9644404181234,76.9719122958071,76.9670463743681,76.9551275206538,76.9488413339223,76.9602763952797,76.9667564147535,76.9640855122181
61.1283634865388,61.146489632854,62.2888528188135,62.5746576337324,62.2894284275382,61.7393369771275,61.4707753623115,61.0931406149718,61.0740595873069,60.9973138478612,60.8852727476955,60.8255625708281,60.7902026253288,60.7799159335225,60.7645514138531,60.7677789463603,60.7698620794962,60.7739006351685,60.7625838753289,60.7776053830858,60.7595751505829,60.764090982275,60.7600793297428
123.462367902935,123.408099981438,120.571064687112,120.159793950378,120.778837850557,121.670083440566,121.917112139236,122.445478298248,122.811105170454,122.788396538988,123.026765498774,123.096450052453,123.111764326356,123.141746349456,123.157868867424,123.154934696384,123.16367730037,123.149580992973,123.158067019056,123.148278374958,123.128876057997,123.129680521649,123.131286420352
61.5249957361049,61.462727279419,61.3549135786992,62.081411762685,61.8107094012649,61.6327890869873,61.4111957164966,61.3809966050324,61.3063254529583,61.3551750606636,61.2839773862506,61.2577469694606,61.2731570312069,61.2800191893133,61.2627032786155,61.2711004194816,61.2692382975725,61.2669844322375,61.2669143941878,61.2662478222266,61.2713160095062,61.2736655217884,61.2637981878552
100.477672466603,100.449053891838,100.450923511867,100.543432953798,99.6447827232252,99.9888187182239,100.189307892745,100.146998629321,100.226723109038,100.308001967511,100.291100121575,100.273528790473,100.291685603779,100.280342404278,100.29210160924,100.289910497074,100.287161047825,100.295653852835,100.280735284211,100.296932131166,100.29583718279,100.29286328814,100.303049871069
138.094888047873,138.085620779005,135.222684280467,132.520479321957,132.783489666561,134.384124966677,135.104139710974,135.910436409645,136.09497775837,136.577131152533,136.710956726403,136.898051352307,137.063259140417,137.067422279561,137.074353173814,137.075366543146,137.056921936489,137.061230408762,137.058107789113,137.060873247866,137.062733146421,137.053395546532,137.057103819663
123.791215514921,123.733467531452,123.291008380898,122.776191336786,122.43727858676,122.780566336085,122.937524332459,123.110084672483,123.312668809395,123.346223306128,123.429243781664,123.432461741368,123.461769352441,123.480913596448,123.484737193712,123.459489630968,123.468612184122,123.46906620587,123.469128310471,123.474356038078,123.449967813664,123.445346605573,123.458738733503
122.13447681946,122.091467847789,121.30909873996,120.698090652478,120.486426488123,120.85156590125,121.187575145937,121.50873297777,121.503924005203,121.667254558595,121.727056129815,121.772886112275,121.85418031896,121.865689900563,121.857353188334,121.863500409185,121.861351588489,121.860628437728,121.8642850087,121.861842028035,121.863002124336,121.874001101813,121.866029818529
57.0544202651468,57.0685392299372,57.6674771799571,57.5232110932006,57.295143090439,57.1544976477519,57.071010558298,56.9706057835699,56.9084617002117,56.8674912886065,56.8404784739815,56.8515144481484,56.8187567720295,56.827843650017,56.8281931197189,56.8246099634395,56.825607603323,56.8323972036969,56.8276071000047,56.8240280261473,56.8295748138788,56.8193197419121,56.8239504183267
91.6365158116325,91.6117006050519,91.221926301616,90.5882553605699,90.2474413982132,90.5306997687327,90.8817175150081,91.0549172299112,91.1858139249382,91.258431802444,91.3232852804593,91.3651396488926,91.3947487288145,91.4064642973588,91.4164068087577,91.4099461426048,91.4244551299178,91.4133371710499,91.4138372500682,91.4174884258222,91.4052851310512,91.4054531326622,91.4231601832192
190.368981946557,190.340667998448,191.113328218366,191.657909523807,191.352426158911,191.319146591678,191.151385135494,190.613262502943,190.439526478426,190.361305451611,190.30666797913,190.305337181804,190.20895714762,190.191982339619,190.201991468223,190.209084320329,190.184463496141,190.180971263748,190.18779672421,190.190808876518,190.18925867838,190.178708006988,190.181427693685
80.6213780851228,80.581411091508,79.3601213538591,79.6725907939459,78.7430383300147,79.5366413176309,79.5159116499502,79.9389697243457,80.1542467569863,80.3824872989271,80.419199868449,80.3603915658885,80.5059997609972,80.5300415206637,80.5365181019353,80.5252786776856,80.5413421462431,80.5426386660563,80.5341880686051,80.5199534725787,80.5429590781401,80.550479478896,80.5397394563183
55.0006102165698,55.0770338178347,54.8589289252608,53.7319823326668,55.0983007950791,55.0024960959719,54.7595781416918,54.8816122095058,54.6346680770997,54.5854041414383,54.6836103142718,54.6106296714241,54.6779016282665,54.6354952450729,54.6464511142443,54.6412952306821,54.6306530614325,54.6379770544332,54.647029911602,54.6343244704233,54.6452086093838,54.6328968895175,54.6286721966213
101.921348942957,101.877276259971,102.762340776423,102.286027870041,101.703890983319,101.912502237511,101.742192539894,101.640206694216,101.641372589401,101.640640402725,101.664046958408,101.638951289196,101.617902479142,101.630401817278,101.625271530831,101.608932766843,101.623187674925,101.634578644238,101.622803620837,101.628903748216,101.632853608064,101.630143688807,101.644927336167
51.818675031913,51.8343558596452,51.1109534473528,47.9811283739487,49.6102739929581,49.967134115457,50.6932911306156,50.9789500414198,51.2691993588808,51.4485159720944,51.5889585670275,51.5665742040021,51.6802705581299,51.6784669680965,51.6882864255195,51.6932958846273,51.6785105077445,51.6874197561875,51.7003244965414,51.6838807800732,51.6846097776814,51.6888820624527,51.686129738795
114.14484450314,113.721031399491,113.552360525467,112.245409145607,113.300710518997,113.528880359431,113.68008145628,113.792954703416,113.815004210285,113.919966079111,113.944438516993,114.007234685024,114.054624943392,114.04555342132,114.054916268457,114.048190542628,114.046311462431,114.051884930609,114.057736739038,114.061982614376,114.043247081353,114.044681405808,114.043379180728
182.611962344892,182.616010504174,181.455044844713,181.926662000923,182.058244959681,182.029489284703,182.112265854923,182.267487072967,182.277160591071,182.380958058156,182.342348836359,182.480073421387,182.46552206678,182.472618318775,182.470993846257,182.49566473152,182.482858137991,182.486250394916,182.485740808382,182.500478649785,182.507610380953,182.506581442035,182.500378389589
53.7206207122603,53.624990335473,53.359681452418,52.7926885652823,52.8890169804377,53.1290537329886,53.2724164619384,53.4365486682758,53.400709201621,53.4936955635713,53.5142097416499,53.5123840121495,53.5528784883816,53.5484089607749,53.5546470339382,53.5544740468765,53.5499542104774,53.5525862068793,53.5630789526294,53.5522238903759,53.5547957509379,53.5441412895324,53.5476432091376
63.4248487355944,63.3446416460677,60.6391712755942,56.8807918568087,57.9823325210567,59.9603698664573,60.8001812995822,61.1932738401232,62.1202616299482,62.3132111409301,62.6535190455709,62.7457929903581,62.9096225875145,62.9874389894961,62.9841945828153,62.9905027408348,63.0085059727779,62.9876653388023,62.9948334187388,62.9875950307038,62.9918401928251,62.9912135465924,63.0062644859502
30.4018665087556,30.3627519750557,30.2610333767262,29.9709357916568,30.0609550769111,30.1999594277432,30.1596660728468,30.196334169646,30.1857981332067,30.2316286171651,30.2120118913937,30.2518250198999,30.259134143054,30.267100260636,30.2681734764157,30.2648229723431,30.266898614323,30.2696364282974,30.2675746502488,30.2602587996473,30.2647982123893,30.2688392679429,30.2674711005833
75.8990139389688,75.9566163270101,76.0778635147525,75.2185000244129,75.1562888092793,75.035745576531,75.1369287892488,75.0616623346228,75.3028695885118,75.3954482026338,75.3848188301537,75.3619842750672,75.4060629773757,75.4261049582995,75.4167083366373,75.4369990802807,75.4257599608173,75.412045308084,75.4195369902249,75.4152148484826,75.4277629208472,75.4221959044654,75.4108370736484
69.9568887513719,69.918692718815,69.2339197627172,69.6967013239463,70.1850240250471,69.9719933526622,69.9303129199489,69.7953538863877,69.7748015671065,69.7771734490097,69.6589714272976,69.6868179127749,69.6725182800799,69.6749979779127,69.6746183299324,69.6725883304608,69.6744341795534,69.6699665977771,69.6743676199312,69.6674903043367,69.6799655229885,69.674925762286,69.6704811471762
39.6755631924902,39.6246919145071,38.6583245128069,38.7128837922778,38.7148545514789,38.9196834949008,39.0903910712206,39.2311540987709,39.3078311151753,39.3467694711918,39.3547750590492,39.3940588447481,39.4331565878468,39.4353923724019,39.4488144661522,39.4403244450748,39.4431861840916,39.4446912423313,39.4584043392889,39.4464465704195,39.4507212130479,39.4497830260536,39.4446969559494
50.8700444137111,50.8568601455003,49.295572803803,50.6162215798431,49.705144302069,50.0364023293547,49.9728901990554,50.3429976101706,50.3692040264053,50.4183063107784,50.4276395559369,50.4930586249721,50.5247562181675,50.5355220349382,50.5363719758558,50.5412054949448,50.5411004043525,50.5464498721979,50.5445560538596,50.5488928300596,50.5366096799219,50.5494065780345,50.5402274171466
81.4348641893099,81.4595884704867,80.2913969221924,78.6419466300852,79.5563013275387,80.0426460496708,80.1058877009177,80.6668739171085,80.6779438364164,80.7479985177067,80.8685644754142,80.999439501106,80.9912469338751,81.0069616555033,81.0092436233983,81.0180164766856,80.9967581905818,81.0027566684835,80.9852699729869,80.9875932395769,81.002670794259,80.9971661564396,80.9943229759959
49.7137722841981,49.6361175998674,46.0096905625548,46.3904407114921,47.5485160109693,48.3906536456184,48.3308190447673,48.853785348104,49.227061356231,49.3758086041577,49.3752054600871,49.4486719998524,49.5579793556945,49.5387899447876,49.556316093124,49.5614133684845,49.5660570068237,49.5648856591907,49.552326335945,49.5671495101351,49.5636082094559,49.5763389902364,49.5510490363293
28.9782647432469,28.8066413287931,26.6716255071905,25.1507985986366,26.0280948500857,26.7772097366779,27.2963754733865,27.9310690937416,28.3133955931711,28.517041701283,28.3141218743779,28.5716579726557,28.726315123232,28.7507076611369,28.7597166271924,28.7669166658616,28.7702432254496,28.7666316907809,28.7629774883028,28.7706974630956,28.7571870947008,28.7637523443651,28.7657739126388
70.8289105395325,70.810656719051,71.4454239875013,72.2278460310121,71.7201603711026,71.3364939689945,71.0412706229527,70.8079337981254,70.630246172326,70.6160850643971,70.5073186708769,70.528167727875,70.4511178498651,70.4638605102823,70.4557603514189,70.464366433932,70.4523716008199,70.4655940585362,70.4702190740214,70.4705368602983,70.4649185456381,70.4776692159628,70.4737053714348
57.8172014097802,57.8565708708587,59.9808652553898,59.7208413732223,59.4135012771166,58.8839342565724,58.3140789909332,58.1845524015392,57.9262929289219,57.812007915949,57.7668770296271,57.7653662475764,57.6420574168033,57.6502231379822,57.6363414287166,57.6510067404877,57.6355938077846,57.6404936120324,57.6345341474887,57.6333705501681,57.6444486974096,57.6343213774971,57.6387361995071
51.9180418126937,51.949444276101,52.5722459659372,52.7743514386657,52.3940953760126,52.1556060033702,51.9921247598698,51.968075692128,51.832499868429,51.7854130827064,51.7318728176185,51.7259099093358,51.6626737215043,51.663514820806,51.662350941882,51.6602166577084,51.6595788216074,51.657148504148,51.6529296174041,51.6575114782477,51.6603188862438,51.6552333403928,51.6527252323634
176.535609976526,176.529453737862,177.563075839718,173.409586322941,173.041372473367,173.315625760817,174.554958142959,174.837884236026,175.279358201494,175.343880687791,175.912067174302,175.73589969366,175.871713065663,175.970288850055,175.958878180581,175.946771940268,175.947300356033,175.942188468525,175.958859967172,175.943015279134,175.945529739467,175.957826687426,175.959208575526
44.7910307646307,44.8697561407105,44.5799914940541,44.0048066609383,43.9690518479559,44.1648665105727,44.4655234085436,44.5058053010401,44.4106925772016,44.5696756370964,44.6247285820568,44.630165797347,44.6584292609046,44.667906518459,44.657710744273,44.6632126081089,44.6568703986005,44.6719620669827,44.6578406122824,44.6523191434718,44.6655044994887,44.6563500559536,44.6674927012946
50.5310063161295,50.5508456131725,50.9734710116383,51.39595081768,51.0607262238631,50.9197020814928,50.7936940216199,50.7575105986134,50.7103984386028,50.6727449102735,50.6571094036943,50.6422244143291,50.6405825985611,50.6225674557495,50.630251095115,50.6274749270766,50.6279351427007,50.62919893313,50.6224975978618,50.6336955556874,50.62926061014,50.6264043844009,50.6328287543434
87.5765567077227,87.5451030538273,86.0289145716326,86.503182608535,86.2031606530182,86.9914570123389,87.0300833964674,87.1889220131837,87.3656368484075,87.3976526691805,87.3735210380405,87.419359846008,87.4491764097767,87.4691463363597,87.4699876329446,87.4835771124181,87.4823689719792,87.4705674721896,87.4823947337536,87.4832617135573,87.4744422790928,87.480675891432,87.4809794986077
74.5198968293469,74.4689262268125,73.2543767731877,73.704414993178,72.6911062923626,73.345525197914,73.8947867172269,74.1137068725069,74.3841389740398,74.4585073952509,74.476391469932,74.6225493703301,74.6985569600565,74.6891566471754,74.7012281584628,74.7052418739752,74.6989828439614,74.6852900032682,74.7050673499317,74.7003585903423,74.7039527020657,74.6982074639312,74.7028726480609
68.8475790215767,68.8284114120395,68.5569252146898,66.8204599529862,66.969808816394,67.6027050300865,67.7731497208178,68.0397341349633,68.1808346611435,68.2157208106048,68.3451602899755,68.3952576573105,68.4539923463308,68.4699024082691,68.4541771327609,68.4570168381214,68.4543301694872,68.4555837088075,68.4576176795335,68.4513925093224,68.4497217871689,68.4527606518842,68.446736193094
58.7426340987326,58.69827417852,58.2337121686409,58.7239062771596,58.3282566002208,58.3743667181501,58.4808576578944,58.5169293038083,58.5634511137782,58.5482042300984,58.6155461979963,58.6502377234825,58.6395436892486,58.6599280665756,58.6627017324328,58.65550693667,58.6635074008501,58.6687119369224,58.6587997700002,58.6618745094038,58.6578722802369,58.6661700595854,58.6648419089083
143.423168961366,143.429635199342,143.222673486392,140.997875725288,141.969608889324,142.607544112392,142.773517825734,142.867289755884,143.051482943663,143.176040823419,143.192256806256,143.229927477105,143.248316491345,143.295905969327,143.294705628622,143.288108784194,143.291033615588,143.279616342836,143.292409512462,143.282170450201,143.292134606218,143.293370995023,143.301051656278
65.1259385595635,65.1712456183528,64.8105021814672,64.2568981582593,64.1913650338045,64.3514124546955,64.4864255696383,64.5779140198261,64.8623872336628,64.8916117606868,64.9588142035734,64.9934192535387,65.0478360913375,65.0412910038235,65.0418148417651,65.0343898431608,65.0503930710851,65.0409810950821,65.0458902358125,65.0504587587362,65.0477573052388,65.0472782073585,65.0491334836665
146.758657608451,146.700346856767,147.049591667667,145.045863508784,144.780116967739,144.787543857259,145.856775960496,145.979417006872,146.79340685321,146.930786712785,147.057466513236,147.152832593996,147.271120335879,147.240560657391,147.272956409174,147.258939999876,147.274096172048,147.244853877029,147.285929285756,147.267085111987,147.262897369372,147.282751416479,147.28516433189
199.440203736275,199.351670617813,195.398308121565,191.372679989543,194.267445002793,195.961426455427,197.017024769903,197.679485048903,197.697818021523,198.328702976678,198.34590538827,198.524038821654,198.595428098415,198.669467487841,198.69472756355,198.645796717289,198.664024893491,198.676322563529,198.695675951023,198.697813405512,198.697315068386,198.67261283378,198.709886917955
105.773097086338,105.754927369175,106.505880969001,106.214153131581,105.661690947372,105.354570205125,105.625925426343,105.616755379285,105.518286587164,105.602187264437,105.603680802228,105.577696066307,105.632169923908,105.616918178342,105.629830881418,105.632684717691,105.624547393306,105.627287609609,105.627685693942,105.634998456318,105.636772768978,105.625039087108,105.633514134681
71.4772034701527,71.4848205811757,70.8275939071821,69.8034281522878,70.4433224097185,70.4365240036949,70.7915510307861,70.9188507445236,71.0571764745317,71.1181269993172,71.1928711689288,71.2284680579754,71.2371441331198,71.2762202574001,71.2674889549918,71.2713056690313,71.2617626690421,71.2611308454285,71.2647039506658,71.2535345980452,71.2687162550576,71.2699194415865,71.2713212950244
42.8376124734179,42.8682806014855,42.5402623976943,42.7369075222327,42.551344767478,42.5811492838062,42.5251574037152,42.5325397228765,42.5340721677358,42.5039257208474,42.5157668522346,42.5147416941227,42.4867369308641,42.4947568380754,42.4914091798737,42.4948344019802,42.4976020267577,42.4906396619139,42.4936630498561,42.4913213879831,42.4957721664045,42.490175877906,42.4903505501201
80.2344136101772,80.130305771147,79.1590101232737,79.595062746518,79.0580051145731,79.5614744159463,79.848561627089,79.8831522535032,79.9552160062737,80.1658512953895,80.2479839300383,80.3760216112692,80.367889256883,80.3538869964054,80.3498562580346,80.3457069403994,80.3595539903079,80.3664675926305,80.3571468691067,80.3469322726624,80.3510222911231,80.3536862448178,80.3551770973324
88.5073987253617,88.5709090014705,88.2670744136201,87.6937333356033,87.7492652297726,87.6924550410805,88.0954106183024,88.7317656875923,88.3854809202023,88.3257675397408,88.6671244414176,88.5155344071369,88.5883321490281,88.5916219444294,88.5763091194862,88.5616788268787,88.5720331024097,88.5883295932004,88.5687001885975,88.577101124824,88.5674017944707,88.5779694556525,88.5693736457171
72.3262964174062,72.2878834963036,72.0124008687392,71.7062591339468,71.8103881674698,71.8625720191575,71.9381227394881,71.951109174984,72.0083011995759,71.9907555715506,72.009940051217,72.0194931306841,72.0361295397635,72.0211991413531,72.0350782714804,72.0250855314545,72.0250365552189,72.0359493320696,72.0248580406755,72.0289004564937,72.013875828226,72.0317236404703,72.0151005038928
81.6780991243793,81.5707023258157,78.3927137092455,80.3852357744093,79.5377992488354,79.701924314904,80.3693090349389,80.5521210958309,81.102601515327,81.1434057129405,81.5060896765445,81.452751505648,81.5711586198302,81.6080035253923,81.6017689451036,81.6002420472859,81.6128565649949,81.6143583235716,81.6123040280022,81.6089964814337,81.6055756871007,81.5952613244329,81.583893068288
69.3532191174807,69.3927180321155,68.5127576258641,67.8520353020264,68.5032388161084,68.7043615189029,68.9899683523507,68.9544987276447,69.0813967330219,69.1021627477021,69.1034601244708,69.1104275970266,69.1232382552646,69.1288359509308,69.1299135743152,69.1214009576455,69.1267262724613,69.1297749101478,69.1146524922719,69.1229293696018,69.1184596959251,69.1212515310852,69.1273841390396
67.4964127163604,67.4144428625501,65.5844446926106,65.6837550484183,65.8482825291916,66.2619907885028,66.4410239990251,66.8420463876006,67.1202025808512,67.083958690235,67.1646534823089,67.1563784612338,67.2712390140659,67.3053241342373,67.2990448882337,67.3036078356726,67.2943241369414,67.2869050562621,67.2893439555661,67.2881976119531,67.2850248001596,67.2840202830251,67.2872455328462
132.430257708548,132.404146671454,127.639129902026,123.696660507717,126.842786775224,128.154887845674,129.439536114541,130.482162414668,130.602699283338,130.842555786564,131.372894735881,131.388979683967,131.661286856763,131.70427458377,131.727450057138,131.748229554827,131.728559064375,131.738709225762,131.729770161197,131.731515715351,131.746856335814,131.737875290938,131.744968077454
82.1927074017745,82.2086976604394,82.5519323924309,82.8115430177873,82.6957439394493,82.2303535055196,82.3271646020265,82.0957048538783,81.9497201158186,81.9833863217278,81.9849503597427,81.9770006424455,81.9282472482357,81.902316828764,81.9089904403195,81.911678135916,81.8990796885557,81.9210355296472,81.910916810703,81.9188990844407,81.9131472616063,81.9065727764132,81.8998124792345
98.0981645184473,98.1093326950463,97.9346043761483,97.9561203665182,97.951750864315,97.6434080647508,97.9928769112832,98.0877381879236,98.076432944697,98.1044563808306,98.0949620919442,98.0400401862243,98.1078916349825,98.0897059726608,98.083519220747,98.0911716737375,98.0907029386303,98.0865543502864,98.0824876497013,98.0898645848845,98.0876767482012,98.0856770601979,98.080704403334
46.4985189208904,46.46799740124,46.2965857609673,45.4400897965404,45.6200092405337,45.703153996199,45.9514589701905,46.0765082356251,46.1747015373119,46.1649441005632,46.215674533205,46.2197789916299,46.2605359032127,46.2616124838778,46.2611896760666,46.2654752246801,46.2756914232988,46.2630944690434,46.2596355998988,46.2630625815177,46.2672832223654,46.2670269764642,46.2621853989239
74.9229041408254,74.9280119753963,75.3080701834879,74.4406212557768,74.8834109740038,74.5512451913245,74.6447992625399,74.618996860244,74.6332284517676,74.7206910235093,74.712372266778,74.6888303127931,74.7226006158201,74.7401704269881,74.7441112650882,74.7439304074762,74.7397513739675,74.7422615703104,74.7389860190399,74.7418847940363,74.7337492605589,74.7320281930148,74.7376007675282
155.178939019236,155.02697052654,153.982258271752,153.714372976979,154.051754932912,154.191606885318,154.568262964861,154.760413520778,155.010706468386,155.038615511658,155.12171800355,155.05093354531,155.157198364361,155.157011678261,155.150285824497,155.144131843748,155.157920396608,155.149495660515,155.151753504349,155.155109699887,155.149651060545,155.165114038395,155.14196930695
117.798206185251,117.807135864513,117.274149457369,119.263023844005,116.75678702907,116.960627395821,117.317543834508,117.406716956594,117.251989114422,117.396848141907,117.367663590168,117.459111342623,117.562773705822,117.550801193863,117.558435091112,117.556820905041,117.553258815956,117.537237279579,117.566330019733,117.55943000102,117.554115422051,117.562959294041,117.564641665761
48.9797910251241,48.9770048862618,47.0745785811266,48.2713873789006,47.4741086811236,48.0770169104672,48.2698543219937,48.5415587953634,48.658974329182,48.6395577572277,48.7947502758428,48.8610672541323,48.9201331401182,48.9183516604731,48.9256042538514,48.91652930023,48.9240407742756,48.915243764812,48.9148418752463,48.91398168588,48.9174454215835,48.9232677229298,48.9213012968191
91.4660972266445,91.4796305959421,90.3816381940765,90.6028386019206,91.21908117139,91.2995822893619,91.0239946976688,91.2112875231857,91.0828882085231,91.1629647478314,91.1575329683334,91.1644296730513,91.1543335133421,91.157832262025,91.1703498342167,91.1693192005428,91.1661042341993,91.1779597140633,91.1627204161143,91.1680100719718,91.1690729608397,91.1624886414188,91.1733379195714
59.2491382444288,59.2807738246634,58.7679721961356,59.8195339334167,59.4823721598512,59.1231430592449,58.7359088627519,58.900040139701,58.9626483038499,58.9662720952079,58.9239622213517,58.8870623328045,58.9200022777198,58.9146273778121,58.9173838133273,58.9252734647684,58.9137576365119,58.9049616589437,58.9205477844394,58.9280885378902,58.9211469164924,58.9150518737374,58.9174719258504
63.6058425198095,63.6057860496456,64.6827869359748,65.0871219130338,64.6523584140094,64.2337902209368,63.8939585268423,63.762204611375,63.643288132088,63.5986601393824,63.557473341604,63.4861598266774,63.4814392296914,63.4571836668271,63.4609826593033,63.4662889188261,63.4639072970809,63.4579084982386,63.4700759154708,63.4645914044768,63.4581556599235,63.4692827387069,63.4655812336556
172.767433143885,172.799966948509,173.263879271118,170.879955064366,170.513899818385,171.062004330355,171.673260175716,171.872088936163,172.125397472951,172.115341276557,172.390182707347,172.467983262378,172.561111988961,172.607150007123,172.584487022112,172.605910530772,172.602182182584,172.623448970257,172.585968767178,172.590203308287,172.578202465414,172.592122516267,172.59871991742
50.061198448666,50.0453849292145,50.3039106882476,50.4029770263916,49.9630965434409,49.757518331808,49.7856298699952,49.6993132178829,49.7976271601751,49.7233699119474,49.6998755487961,49.6381916211714,49.6934279679344,49.6984309078821,49.6965892840289,49.6954945643954,49.6873507816406,49.6995802078101,49.7125037797913,49.6840092024368,49.6973821898146,49.6929568188005,49.6973553064677
78.295709435893,78.3034474979063,77.6623668645407,76.5595203085977,76.7050873979931,77.1617732763026,77.3889519360547,77.5192757927258,77.7257962068382,77.9059126084678,78.030630068679,78.0967070146411,78.1629481954678,78.1527399437844,78.1888613593496,78.1634471287897,78.1718353899646,78.1798625417544,78.1925866437161,78.1796764462847,78.1843405020747,78.191228533569,78.1805103375696
46.2333831216699,46.2333831257224,45.8524434267441,44.958479510086,44.8611273614584,45.1918219376482,45.5650608993104,45.6517528103285,45.8480869462839,45.8591016695733,45.9412094724829,45.9517913102643,46.0307932247895,46.0224515736264,46.0342637074196,46.0299690936285,46.0252061214982,46.023516568192,46.034825285297,46.022752373107,46.0321841271562,46.0307056454391,46.0285221378378
148.63075740727,148.591583994046,148.959188188616,152.815148162523,148.978160772671,148.217340410721,148.224606838886,147.922234638062,148.181438555279,148.153408684809,148.030782487177,147.93346946516,148.053295576092,148.069926868197,148.065121814303,148.07368991433,148.074924713591,148.081577775581,148.067824591321,148.071091480079,148.067696465907,148.076260574516,148.0630582954
98.6701803333333,98.7406030094974,98.7581864275944,99.1083616071352,99.0411059247083,98.5862092988614,98.7044339318618,98.7559017883716,98.7227045357025,98.6418109576132,98.7204009297877,98.6110933652162,98.7177778238174,98.7040898883931,98.7313569984555,98.7066454155534,98.7254875057539,98.7178078049017,98.7130705388794,98.7171016818935,98.7182357884333,98.7180312212093,98.7263646632355
124.462109885659,124.10564465542,123.921054539735,121.174206440839,121.634081269171,121.652666564031,122.558878583695,122.984064352227,123.084618141444,123.635034735875,123.791679801449,123.906138479741,124.193564623324,124.179539274117,124.211684604472,124.202676382723,124.202536947824,124.221022425833,124.201712890444,124.221386959989,124.200328241299,124.220136202171,124.205949255026
91.9446709294887,91.9295912955854,90.8140296932253,91.4778101833845,91.6506648724269,91.5597590017311,91.8078734256866,91.8148907174392,91.8358512302285,91.8107596117397,91.7626500357061,91.7992286045832,91.7883984281915,91.7945447141705,91.8118913460965,91.796090032682,91.8103295968691,91.7894812287772,91.7993305645187,91.7869484090382,91.7926990275619,91.8028770796646,91.8113583839631
