"V1","V2","V3","V4","V5","V6","V7","V8","V9","V10","V11","V12","V13","V14","V15","V16","V17","V18","V19","V20","V21","V22","V23"
141.016548949201,148.353269042482,147.071703383967,146.547402617777,146.743218246522,146.375988043743,143.983708867261,142.244258939316,143.324844211939,142.914150417805,142.937016380284,140.364820904599,141.067848075852,139.091332259236,139.887864152065,140.21988270744,140.203314056054,140.328095612699,140.859206193104,140.894414469071,140.750973800024,140.374392373613,140.515815179617
160.915402114269,156.253478326592,153.247212594453,152.544918733985,153.798033918842,155.043752752783,155.810956348186,155.805618828524,156.405582184407,153.434306016842,157.504566348914,160.207738254068,155.676421881182,153.07575793902,153.789922630602,155.580705125515,155.848993520294,156.775191999087,156.896870148516,157.399135679597,157.029693409663,157.149014045937,157.918277334579
120.662186643261,120.33562147033,115.310078901883,117.809960962367,118.842354428608,117.441632417116,119.261077979653,120.521040410192,120.108652671482,120.139104202041,119.611712526254,121.672915086772,120.745844397221,121.831246459611,122.41098814529,121.911885712206,123.032568188897,122.79882038784,123.096692789334,123.024753332139,123.689047097299,123.520841672729,123.558185467717
116.291278306354,115.192150008882,113.678032219557,111.483411080295,111.23426756498,112.916646570492,112.859099054161,114.065878216959,114.160480091048,113.410453938782,112.569181981235,111.931489256273,111.187887568365,112.214357273485,112.530598747636,112.28321553702,112.47454158699,112.758179022497,112.458765194698,112.415737273934,113.074703548036,113.152028336024,113.072991852881
102.927523829889,102.757875259935,101.501026635386,99.4059360245346,103.798422258905,101.500105349371,102.819743201564,101.898973477477,104.340596734842,105.226250980152,106.41797985287,106.5742778087,110.835702142484,112.338806926516,114.714829147878,114.608157918439,114.136605342272,114.356926414923,114.122203048112,114.332747778218,114.875643888726,114.418736729098,114.912785503253
84.0687827905186,90.1517613337237,85.2173570747225,86.8945227561291,86.2612545450461,89.4041968833927,89.3422545280959,88.9135868372427,90.0257741404674,88.9141941270524,90.0581448860904,89.2746698313967,93.7901303691214,93.5398293941966,94.8814208547919,94.479049779509,95.6400687506716,94.5022693897199,96.2218858153366,94.939151835376,95.6165482576937,95.825067848842,95.9671405530739
136.990132073133,140.587602883434,137.194683587328,135.615345491134,134.018684670248,133.161282808098,131.585987707792,130.782500044928,129.36355463365,127.669108217833,127.519445633849,126.002746624775,124.538627830569,124.639686397597,125.340324243109,125.501646690625,126.848526887244,127.261604123279,127.799191804299,127.796104870424,128.592072177482,128.643528896366,129.649262373228
200.113328190221,194.513997707047,188.25328907351,191.923375714931,187.774228337299,189.42637641425,190.515919883124,186.276294503759,188.524080759209,191.501645743816,190.361353314154,189.715890920367,189.67124971746,192.375102714872,190.390107360571,191.098775132369,190.638633810395,192.234608548324,191.910474368503,192.524306209397,193.031958466837,192.688095107588,193.126255889656
51.0155887900586,56.1064510127968,53.8655722625536,53.0376785687515,55.7568068570551,55.4741001532855,57.832894862756,55.4200937394219,59.7960034075233,58.0073711753934,61.6497430705855,61.2265964755101,63.4687169121475,65.6135920310989,65.4627320748585,68.6171769523075,67.4185894555165,67.1247666138574,68.4366136465569,68.3758331848177,68.2113703731907,69.112357067716,69.3946651505883
103.019598590274,131.192543603258,123.827364918318,118.125772175718,120.508711696095,123.26061982898,123.705263404728,124.310686858273,122.464242065181,127.445272242978,130.882340316531,137.274714576998,130.623743768773,129.921949261968,135.262112848527,131.880276210977,132.938716843207,131.067294487807,133.207162437552,131.366641090242,129.868081164642,129.145438758415,129.615011357062
74.1006953741548,76.9676342848534,77.9891404849374,77.403334493331,75.6505525556934,77.7638187843185,79.2609647034066,79.3605833805107,80.5790477796836,81.5277543149606,82.0360564999927,80.7000603091018,86.0702409835251,86.0357472235875,87.6397131573394,89.7171651188139,89.2920443884929,89.5456994413175,90.4281843996301,90.5371613538006,91.1880224373802,91.3159588589914,91.5327044847935
84.9072700761595,88.1091476191954,87.3991371501956,86.3864556542248,86.099751405058,87.2375342475121,86.9877809181867,86.0311727792502,87.4992567810504,86.5973649745353,87.9454360436046,85.8672827516499,87.3188779480051,87.0640965360017,85.822394664974,85.9354503204339,85.4217272356946,84.6344649087878,85.0156916162575,84.5291488645615,83.8265245887783,84.2014945638489,84.3612130091316
110.330475995981,108.43141490855,107.402877358832,105.013360359995,103.556909843557,103.156548611223,105.004003252016,103.664045864551,106.655785191956,107.167625464308,107.276912633963,108.001356256535,112.467556179571,114.285310609705,113.957290990842,114.258580440724,113.938141637941,113.976105654858,114.26463842375,114.010107322129,114.44780310961,114.041209538077,114.418479109022
233.538732221986,239.74394096122,233.953513741414,235.322903868403,234.717999253328,232.885017047828,233.654300738642,232.612483672768,232.801165437459,232.997487264799,232.734861006605,231.276868464304,232.314282761697,233.219685607525,232.35323732238,232.890324826798,233.058918813633,232.504642999826,232.65627513435,232.407401568051,232.61678616081,231.99038929544,232.167485570389
76.8448916529983,75.7556257857671,78.1716852260021,80.0117414644939,80.9420980662582,85.9415993196423,82.1176472457271,88.9903089464153,85.7696310721021,90.3020111523631,85.3989717631911,87.9273556353528,90.9506023596356,91.2894098830064,97.8029298687254,98.7147744070226,100.832349927259,101.891445129129,101.132368362991,101.957484978796,103.308996471266,103.621111153209,104.284113582353
98.8449046711383,93.4045710833017,92.0067523809285,91.6990654946476,89.9425887538187,88.4873139580844,88.9912802724505,89.0711460898815,88.2892246183563,87.5519011571619,88.033767464491,88.0421161907792,86.8871519822325,86.4611480086362,86.499153155656,85.4489671207641,85.4031268429379,85.1870692146507,85.3278904547322,85.2438389379293,84.7820283556338,85.0857053684301,85.301198931559
100.237163328841,100.665745492159,97.3651326079605,95.5176105447097,93.7842315644023,93.5062953776975,94.5407950278122,94.8591968440291,95.3928723395636,92.8046800140121,93.2773035912852,96.6812307360697,97.0439156368047,95.8122659395626,96.6932831982753,95.6441566065031,96.7913783848779,96.5811173725159,96.5147981361214,96.1220589331182,96.7241712070107,96.5774575467791,96.2163663654214
119.235176084738,123.973291854621,122.046824897692,122.272578268996,121.39829491937,119.626694754267,120.949588402128,120.175618595482,121.791768958967,121.27167499777,122.107883840508,123.585854384022,123.52421574659,125.835626975233,123.950625772561,125.41882195202,125.427844432103,125.380841852738,125.277345295162,125.418371477889,125.82516782424,125.893626549451,126.027233307669
84.5093814226852,89.8412564103591,88.7834128281853,88.1981128689023,88.9244923058257,89.6613902571034,87.3377833624732,87.6991560365507,87.1120268622607,87.7598690081758,91.3292589013781,90.0488245860269,94.6125761093258,93.1732068398893,95.6218867179129,96.3663640004831,97.57263546128,96.7073509863504,96.9505134548471,97.8023304832196,98.1834372825747,97.9120744020609,98.1504272188873
71.561706697342,63.4226711358829,67.1891283182936,64.6546674083979,66.7676687946181,65.0348583439665,64.9120667078443,69.2174295630438,68.033892518125,72.4270235315442,76.0226527635069,75.9131440469865,83.8728252359234,94.1499326737646,98.5798887171222,100.281019817437,101.270613162596,104.703363124589,104.689035563566,104.881993242961,106.222311286433,107.445776518508,108.234012507516
86.1746749021759,72.2254164352988,66.6957856520632,69.2035714012562,69.1371594243951,67.7040702813613,66.4796406821843,67.1217737749877,67.318764172062,65.5257066583845,69.5036795119597,71.0015501599736,75.6994684741491,82.6838518404088,84.725687236473,89.940241417729,90.5353412768224,90.0320892944082,91.1502927437194,90.9633716711756,90.9352492587473,90.9364928317683,91.5426523581141
71.3013637888354,80.6782576702523,78.3921119522489,77.1701809703928,77.5294844268078,81.440641425451,82.6169325121782,84.6616536021437,86.1254709440595,87.897146741062,89.7313943452797,89.440045135542,93.626709150461,96.9113339133538,97.1110702791786,98.4104927329454,100.200927417543,99.5594504628939,100.343711221491,100.138492283199,100.629626934483,101.690131083985,100.567738480859
89.7847416777298,87.1822428642414,88.7531382478878,90.9403123619956,89.1010080631541,90.5195258191996,88.0746950937013,88.945332295655,88.3664980440053,88.8822517424934,89.7430766472563,89.6092304706196,88.9698915226196,91.1580517963943,92.1227075737865,91.3985575935915,92.2636996527647,91.0701090905498,91.4211006514909,91.8578385359232,91.9266440458706,91.7906669994027,92.0942903876915
81.3936004423469,91.4728349738632,92.1461367951256,91.1500026376123,89.6647772079857,90.1014412477965,91.2078733106864,90.0774075994296,92.5013163176384,92.0120206736837,91.7978281528116,92.1062826952712,94.5939228209325,94.3106084118765,95.2479801298205,95.7921213153686,97.2553502792017,98.1049464389528,97.4700895243649,97.9694302623248,98.8367841486863,99.060428305326,99.1003390358948
86.4261049344488,83.8444184463344,80.167700221789,81.3746415530121,80.826712944643,80.3216445687758,79.4822753441099,79.1713236499244,79.321188617856,78.9167710422014,79.8688263621373,83.180957266097,89.1438053648427,90.9466346342213,96.1486667291777,96.643847178409,97.4538711466987,99.052715912181,99.9152027041087,99.1403030845344,99.3631533610375,100.341337117978,100.382150716509
109.475775218824,128.129381415887,125.194356174709,125.008149261383,125.100809789064,123.972627456068,126.267626154699,126.075346132854,125.371443899923,124.968662330049,124.721585723747,126.720603318016,128.150120364613,126.652842002629,126.686061630317,128.255689175984,128.572915344335,128.444276748859,127.095550416653,128.441008012551,128.164008965482,127.892297121988,128.042342406729
84.6244606449782,92.7434415348084,88.3792694635502,89.0251133673199,87.9249345534974,88.2124980798259,87.0310829346579,88.5661909285402,89.2363961075421,91.4197412072852,92.71792202047,91.1296433007196,97.5289461083028,99.1851115856463,101.252948395759,105.419296208199,105.828807033306,107.985983566127,107.325645387639,108.404673269058,108.61554982507,110.289261490889,108.66972477666
121.843468919301,116.318622781756,118.554835703791,118.199878558834,116.845379602021,116.262341724908,117.007161302301,116.765686851564,117.230030410293,118.187167875259,118.164084762411,117.086356085679,118.743825885364,119.339825447256,119.928922496367,120.369862536938,119.850033829166,120.269894679514,120.31681054014,120.311922127036,119.414346872709,120.083530395389,120.634251793884
123.277875964424,112.58550061936,107.384170571793,103.629669550289,103.003493347665,104.229816082174,104.858450201704,105.984320798945,104.396839936372,106.669401706204,105.118919480232,105.853491131206,104.881077289991,106.799207516882,106.953299829324,106.302775678321,106.859313203815,107.26912854232,106.689042432496,106.776537125812,106.909349355449,106.5254195368,106.448446178284
118.077438787567,113.390594506283,113.650326174089,114.428429812903,116.676204365451,118.271138952564,118.899505323157,118.124360127166,119.605393831854,120.449039390772,118.212813179786,115.859160524033,118.493044670464,120.088999415819,125.06555406738,125.357712045577,129.60413049965,128.855203881223,132.316007564071,133.14285144177,134.396944331255,137.497430133853,138.588881912139
124.105088848079,123.410037480512,120.242851206623,118.38660085039,119.970622297174,117.845879337255,119.445931546794,121.171044524236,120.829143028276,119.287812316433,122.366619920847,119.526942111244,122.998745767641,124.533475328409,124.637187534339,125.025741528813,125.278470144017,124.976727802161,125.585188125308,125.052240499244,125.163911301883,125.766345810352,125.315047334096
70.8803005295922,67.3597453476695,61.3924347527832,65.867645109158,66.9938564885705,68.3814278873347,68.0454493126244,68.8076051655934,69.6329554702379,69.2938281554113,70.7552948289163,71.161502856951,70.5517250761297,74.3148624794902,73.9527286889185,75.1262197006386,75.77308177919,75.6561740931102,75.046467280838,75.8064302273823,75.9785854706038,75.9735275858467,75.6956031997259
103.808861585863,101.128622614501,101.407845950778,102.734740176213,102.350277151758,100.948525846649,98.6749672563862,101.308997790345,101.975728361743,101.412089473829,101.435317671292,102.235071548212,105.994265677805,105.487657741381,107.138814963929,107.200571968168,108.773620049448,108.079283293193,108.821339601516,109.290129340292,109.0366182158,109.429170321383,109.131522589949
73.7673727264906,85.569929296289,83.1585594278387,82.9078023923154,82.6808408447299,83.4565607952198,86.6611347368513,86.8824464379244,87.0829669680752,89.93725770737,91.283687269313,89.8271537261517,93.9485188833098,95.5376052573636,97.4534368989942,99.6588000337416,102.829488757904,101.824883985446,101.547252386786,103.501520027707,102.135207804954,103.029015640429,102.885406796609
250.77671687388,251.945865261676,250.63089352973,250.512687256734,252.470818480347,255.132753763515,254.897821973647,254.719722495847,254.080385929021,254.26164796348,254.220349076367,256.192569435248,254.107080935089,254.492954819112,254.645940801029,253.575363428169,253.817091572903,253.997116330296,253.880244161719,253.273302151193,253.702524786972,253.33341449672,253.341704979518
65.9876693294545,67.6493243789596,65.195251074382,66.8680929063185,66.9854460186659,67.335139361593,67.0703288537938,64.9251384423599,67.3886294457982,66.4257190776697,66.4880550212293,66.9923252002571,69.8809095988095,71.7025066584664,71.5491169082866,73.4379903068344,74.2120448787614,73.4739285489501,74.4387469116263,74.8743547961234,75.7007488837285,76.1072853028671,76.31165872134
81.6366542841929,79.4459217157253,79.3764601456122,82.7517262754617,84.0704651853945,83.6366986945704,83.7744376075271,83.5842816115978,86.5456623852029,83.4745742261368,84.5084969135903,85.3445253829099,83.7493586377081,86.5815655562838,86.9876568824295,85.9335635240085,86.4253330623129,86.183118650641,86.0174267275833,86.3085047410082,86.5443803131571,86.6783197509856,86.4302572307012
124.801279658521,115.593670546572,116.810095586121,114.433799152663,115.727231407285,115.282528853662,115.690254482048,117.682462963253,119.451718362782,116.558294275973,118.841030894368,120.841138298013,122.919586882434,123.560497896589,123.48754948846,123.773852564147,124.696185823512,123.992582948967,124.182664309312,124.892261640763,124.584951918104,124.927920927473,124.759117276566
94.6746778754203,96.6747207762061,103.191329771811,100.606919135395,103.030064999715,102.700620735104,104.662188422445,105.569359242495,107.783077575609,111.010335629497,115.112319629896,117.191624859813,126.177290127239,138.242114403107,138.149428861304,139.717133221351,143.521281589523,143.527436820827,145.938310648056,146.64778361729,148.642717137074,149.429124094184,150.052668178768
156.447231938791,152.401873357743,151.188250199224,153.267464751117,153.369523637233,153.019084740041,151.869759663488,151.977426013217,152.266068568596,152.365751822537,152.289676432441,153.593778823968,154.700662174979,156.055676310067,155.824597495117,156.846804810152,156.73263652123,157.104106366908,156.976104363971,156.380667403013,157.422197437307,157.561421267754,157.188226013843
190.000111185414,186.021535881132,188.719917551975,186.159974504454,187.447662003513,187.284149717339,185.959187308914,186.412227437477,185.724167371837,185.258696347178,184.998823301625,186.856804034488,185.538865500056,183.991914154403,187.129842463674,187.323973415244,187.486434313035,188.842759917222,188.373046833208,188.163911444635,188.383703906774,189.013844311219,188.916064853158
139.634873815014,132.673855369126,127.170237983107,123.422814231005,120.323170462407,121.145280847617,124.852628255372,125.643816602516,126.128775393057,129.366784021269,128.471315341891,131.953670004591,135.069355080676,138.61455015631,141.012044071847,141.756718489391,141.453090208052,142.329382655514,141.856319469203,141.693749569989,142.762676917373,143.318988644198,142.219714369615
84.2353269743875,82.8852766458034,86.1733945495873,84.9847725048976,84.3825219306665,82.0223262794317,81.024434475207,81.6722837677659,80.9604552877857,82.2761045753399,79.5046993567373,81.5770277329498,83.8809541587862,84.2459960843092,84.8646003047138,84.1324044429893,84.3505501875965,84.5270939596278,84.5536501679689,84.7785201255616,84.4257592138987,84.6390821802051,84.7791726999436
122.017195875357,127.73080463899,125.010366899769,126.468723428542,125.070432910869,124.433242849575,126.583506953688,124.724483057992,128.505355476243,129.624385347079,126.498436664902,128.794838112288,129.768088112708,132.953072007433,131.722553498345,135.049158283315,135.313852454013,136.842496960788,135.939488007929,136.783715602022,136.46230200445,136.812275206155,135.61365691331
155.326043550779,159.323996206898,156.057936638228,156.767197198626,159.014598034728,158.037271263508,158.679625713856,160.127030263422,157.945838680531,156.565060436183,159.566735804015,157.895715772914,159.23124076092,159.391186741379,161.260853986322,160.593337616551,161.577309619919,161.537495840952,161.653358194511,162.052267757645,161.792740165237,161.9527114117,162.216038656987
75.3059687278569,71.2387795398111,69.2793442154338,69.7433216503741,68.1170847473672,69.8565001620052,66.2791079984611,64.373780794842,65.2558288586784,60.730934764983,61.3105515048914,59.5545231554068,58.7546836691278,57.7949243810044,58.2526026121739,57.7887293880078,57.7581407317664,57.901173179351,57.5922087843729,57.7561858356515,57.6530133837884,57.5972911979203,57.8898369854375
99.5686378216555,113.431789871376,109.684668447321,106.435953050969,102.977103965349,105.315727464577,105.926706506557,108.271264541295,113.571165065703,114.464256426301,110.333096639028,113.386751065103,114.050375462143,117.873451546855,117.41140961903,118.455546906235,118.099374018187,118.032068193791,118.274243188951,117.563407288536,118.433467158699,118.358097682361,117.881376227087
198.562105388161,183.97654585555,192.127027075099,190.077819973686,187.638163332099,190.010539238792,190.474972820633,189.047259780541,194.432066452972,193.181254612105,193.276502947476,196.636665113296,199.7415086854,200.87358200617,200.438326696006,203.727450622549,202.833905438542,201.69940673418,202.267887839442,202.907599971496,203.220366294944,202.779812086217,203.452060142823
106.925678992714,102.694267641945,102.104101185777,103.429038295714,100.643434301501,101.754932112513,101.758934404077,103.496660027786,102.762281748077,102.852982731469,102.73632593914,106.780580533516,107.276985043419,106.569878935517,108.725856502975,108.172504038108,108.416956997684,109.609381781448,108.197725309567,108.342488524837,108.395821646167,108.620892156382,107.708462504851
76.5832658174739,70.904934584888,69.0499873552929,71.4975066236103,69.9122351400457,69.6153183792727,67.0982164535126,68.504097752441,70.8232481299017,73.4058137184839,71.7863539538187,74.4891714142541,81.00918770568,84.9410924437595,85.7360806237544,86.2453486920451,90.428568928596,89.6639374186638,90.6287626528026,91.3590259362383,92.1523325389901,92.5742061787846,93.4315024711261
154.729343386332,152.566436931692,153.705136616305,154.796346611485,157.35277539678,157.814946943334,156.679926639311,158.854312431838,158.978620575105,160.644492247655,160.963636605978,160.942530471955,160.261684277349,163.597468403177,161.905223362911,162.632616067391,163.357251211904,163.708851531909,163.191835748862,162.468347834907,162.690261657765,162.927703173574,163.160533829306
106.838612722345,123.74345241033,117.105295652891,116.835574053714,117.451265157142,118.734605989411,119.091710296621,119.090257796866,119.493265429535,118.617280455036,118.250412032629,120.420687150349,119.722179820318,119.929997077332,121.025146710098,120.218804357241,120.239355556595,120.563592864857,120.641703297435,120.540286158242,120.698789982314,120.901714464517,120.292289869005
92.9941632928527,89.3215722353825,86.9102195197713,85.6615719869312,85.1801628755269,85.9920328579648,85.6784634914968,85.4628291354399,85.0925096613733,85.9677465812397,85.5487721802674,86.9561016632564,86.8025475071359,88.032191657264,89.0063835555462,89.8633916608748,90.0440836711356,90.373525010072,90.6919082455449,91.072534043436,90.7769869826433,91.0257699645347,91.2344942482029
77.5921329406049,89.285348074791,89.7734524222954,90.7988297701056,93.0029394944021,94.2140198880345,95.4840882803126,96.4709257739603,97.5817114749762,98.4659359805763,101.911500296392,102.769557962882,104.950807467231,109.984985247971,113.72864759083,119.880219051333,119.862397021043,120.21625256616,121.62706526906,120.603088406642,123.540777452974,124.569983517588,123.402053713696
191.995347830085,185.793215697006,189.417510727407,186.798419102579,186.191322339445,185.846466692309,182.853940869623,185.742820418686,183.850491247317,181.621874834557,181.718512485079,179.717258351812,176.445201338803,178.558524567306,180.526852006704,179.30808179084,178.221134747235,178.748611408317,178.149078065841,179.166539841904,178.750878833334,179.06127095955,178.588257494399
70.7064297727018,70.0297501611028,70.555076942057,71.182205925071,72.9349959688672,71.6042212133474,73.8222362760078,73.0251784289549,76.7543448905117,77.52646418519,81.5866777493539,82.1485695846993,89.2394703077113,101.955557633348,103.278706914934,107.842608691933,113.664961753603,115.514544787959,115.989884797082,117.440252375711,122.859297593181,123.882672481806,124.271393626785
101.866612857541,99.1668212055698,101.675492716102,104.153843436307,104.857803932966,106.2502744912,105.884130248701,109.17215833382,108.83392474709,110.247568275984,109.365708413781,109.920120158701,111.34832362946,114.495922515757,113.61943952956,113.565791182406,113.680460314671,114.74810955972,115.10903310699,114.787127462762,115.172959069567,115.573086562744,115.514832310032
144.062542101304,146.770316582237,147.146729343284,146.030281628222,147.673228108791,146.646664941542,149.852652984494,148.745451866979,150.800386683448,150.816804728243,151.003899405505,149.665595572006,153.804253168974,156.041120045852,156.673233461578,157.822782040911,158.379940627194,159.422454920822,159.133029560215,159.986209578272,160.045753685588,160.10810532238,160.817249262214
54.630171607086,58.2232395301907,56.9616138177728,58.3224762965208,60.7657937515686,60.7227609442298,61.84379123212,64.017470567,62.9224226361522,63.2701787403974,66.6712715890968,66.2043333780399,68.2832632361067,67.8402946312905,68.7971232622577,67.3508057440196,68.5179061803848,69.0677385005468,68.4206019306773,68.947469457266,69.4013957515137,68.9129346872816,69.4334723619468
108.567476473397,108.446288926326,110.588515836335,113.915864027436,115.865783186603,115.775630235425,116.438048103874,115.434544806745,113.46547739166,117.016460301128,114.853884721571,117.537664194492,117.374087987868,121.623282151698,124.583289753536,121.717340901681,123.559461010232,124.932274773858,126.043628882894,125.85287786156,126.584634302273,126.962713381772,126.338172245865
211.678776035351,200.18157667709,201.503910140316,195.7188917102,198.851432621869,202.320514227803,206.311089258491,207.829394469233,212.086805986584,215.243688760717,210.529623691885,218.01401351145,225.187322193757,236.441183550833,235.107410586069,238.552861085255,241.225674878459,244.120453530547,243.385686040125,242.635242413277,245.2595396436,245.959384523938,246.109636081581
54.5185108698895,53.7243271094621,54.7693779662488,54.8571419858274,54.1663613141196,52.1135858856249,52.9127194341041,50.9924227730526,52.3800571113802,55.1378956687998,52.8577264373945,54.231200189783,57.0997256767346,57.9978084085206,58.8486984425513,59.3134065103374,59.481942804037,59.6557478577838,59.6723133721155,59.5788549680719,59.6759946335312,59.5667405949543,60.1297600357944
113.949462237222,122.116301157795,115.420855373225,114.59188724656,116.781899350758,115.922900527735,114.703864892779,113.958512790148,114.565257161293,114.044738053293,114.680331771845,115.759911647499,112.955316374972,113.430414954992,114.904675179198,115.427684472933,115.638728093955,115.714179863543,115.836507177028,116.429171812763,115.795351896268,115.682129499963,115.336919723473
73.5870043027974,75.8804050868844,74.8835803658844,76.0148204137711,76.6899904244662,74.0306533489203,76.3982184274439,78.1516897369642,76.1543061006697,77.7840689709916,78.5178471677773,80.9730545137256,84.5792836809748,89.4644049533951,92.882840060928,96.2257057120577,96.2795327449293,96.7790577484152,97.7472117085312,98.0203211129894,99.166403280311,100.271101845234,100.189785713375
89.056175883849,93.3827791038459,94.6004131401955,93.4247202916788,93.3564559010935,95.1340781012677,94.9051382941639,93.3715136943143,92.5383265039104,93.6369837218792,94.6672536950859,92.2008060164977,97.6935151117259,94.662144461231,92.80996817606,90.8433539314863,92.4019252816377,91.7332295839421,92.7181355819155,91.5290051513763,91.0463466578557,91.5027831032374,91.4134329456358
195.357960826663,203.218372511508,203.576813086796,204.897896082901,203.670185278861,203.344809344272,203.257103958864,204.794842368106,204.510027478377,204.818339188258,202.538427066099,202.079528618056,201.400025303604,200.706935358062,199.922517887371,198.190790906056,199.178182729209,198.069396209206,198.486803036621,200.074478816127,198.904075383746,199.860776562116,199.402629732976
129.466214377502,135.554125254747,138.35558201604,143.251458128972,141.20976746937,136.265594570159,137.362959098203,138.44848657962,135.940150054464,137.676296372478,138.494898660422,140.272537922774,144.74004307035,148.342675395402,150.54912718992,153.566593515895,152.843291683855,151.908869458661,152.593535702211,153.255181288493,153.9315031292,152.897504203846,153.25053052617
129.737660331409,127.029973172716,125.195177143345,125.853430918571,123.705484816676,123.973472644154,122.332098563606,122.218412375008,123.734216009451,122.581592056249,123.837812861152,121.641064873279,122.16625223497,123.927949764808,123.565986983533,124.445452186501,124.72511434026,125.378052053857,125.085203087045,125.324138817976,125.949738195441,126.585862500982,126.393425499665
78.9957551647086,76.0342320565117,74.6463365685157,75.900846300453,75.6099413982648,77.947930276331,78.3285964309624,78.4177487891951,79.79864698665,81.279777221954,79.9638470685044,82.2060908561993,84.1673892872616,85.9658819629221,85.9376512720745,85.6128437933787,87.2604078554914,87.8539293974463,87.2174252818293,88.2437039309457,88.2725275434758,88.1160679975447,88.0532518113345
58.1960353323785,61.7915160947362,64.3880779458837,63.3302918161843,60.9778259017015,60.4533833143406,60.5985584304282,59.2285002687763,59.0053855210247,58.1484930936883,60.7456152793511,59.2388385305872,63.1686290372344,63.8360331630489,65.0871826458373,66.8426030797562,66.0549963011104,67.1664120223946,67.2771165488671,67.523987385689,68.2094888343258,67.6676070989732,68.1214426363
64.1640514403919,62.3780741003746,56.7831044739692,59.2223589169615,59.2535802661795,62.1849714452419,62.07218275363,61.9987984756863,62.2741091007805,64.5596308716668,65.1953079450702,64.9071595160986,72.2495769756087,77.7455204125756,84.3048754483234,86.3740506498612,90.3774057265414,92.6969526259206,94.4478810146796,95.2343863948944,98.0300177567451,98.9925441155999,98.9708309194847
150.908726797421,152.112781987822,154.279463069382,153.888859545426,154.773639123214,155.029253134645,155.024981758965,156.749331610451,155.628750321575,156.443371522192,159.0628301762,158.705460942877,164.895898424668,167.188753152371,169.267357463842,170.930678875447,172.523339542899,173.070876726252,173.70714817022,172.805653989641,174.160818806625,174.591422955509,175.020417861934
156.549932115651,150.961670854872,153.89312656737,151.179652894298,151.76809564784,151.558246307325,152.781634257312,149.824644178343,151.079588619693,152.126313448033,155.422693920954,155.935574483403,156.330806576993,156.000865598879,156.702324663049,156.65953199881,156.865117993893,156.319058458912,156.63363458994,157.231008295163,157.196543998297,157.079793338378,156.981891443368
67.0661833535477,63.5216489222425,66.736545178509,65.0427972072638,63.4394486808808,62.1844838228401,61.7008829904585,61.3186850655786,61.4902280494587,60.5099623956972,61.4629006814743,61.0880507066589,60.9960285402308,61.446612530039,60.8655164843395,61.0435591197022,61.6377039341031,61.7148204551059,61.7349092154205,61.5299692744059,61.6718703757459,62.1877810234629,62.126189069153
144.435666293987,145.690230798515,140.223802696069,137.779662930285,136.400572514242,139.089876153999,142.29559151976,140.90289977197,143.102856793652,143.497230382096,145.117647788739,146.297028272318,151.080898998329,152.529615737025,153.092484912093,155.523168328965,155.904954479836,156.1694923984,155.934550672912,156.023767283761,156.98305834957,157.90396284707,157.708651122174
154.086640254316,151.706157062179,148.140440324266,146.720131095713,145.080809629364,141.08330864848,142.50932422535,143.025165333361,139.329683974941,140.061908592888,140.173134506379,140.939052675782,142.647754509252,143.442154144536,145.186391694738,145.85458089581,144.70847846804,144.846274473526,145.961364826029,145.554631977335,145.911415168493,146.123896346097,146.49081484933
88.9184705731921,79.1569544959799,82.526197004429,81.9174314861203,86.0970203261565,87.097920974386,91.213432172345,92.0067919483357,96.1157609385872,94.9547355365896,97.8783652266017,103.051719413539,112.524820504519,119.653796649246,124.732972344773,131.408150270473,131.746298067769,131.390738775951,134.34784583564,134.758887103768,135.903160197136,136.71292079469,136.284437697771
161.039440243804,155.186084251328,154.098861075225,153.428336133155,152.74248228116,151.253067255522,151.82584739129,151.707484858813,151.717282294014,150.126733892045,151.505168951966,152.121976280976,151.097486018449,151.269173585165,152.643334272438,151.647834121578,151.969543799607,152.45383095566,152.492212999509,152.94998528454,153.163513599826,153.618680746639,153.267282529722
105.18656749098,107.477176877008,103.036880233805,100.516782065311,101.196521656858,100.304660769234,99.5555510392926,99.3228167680085,98.2227195380046,98.5536345133795,98.7065086159227,98.7538878479621,101.796237690067,101.387544750622,100.984530814146,104.634498700072,103.941534389514,104.567622765785,104.1310534864,104.557645795027,104.458163949572,105.350574387059,104.954974009265
91.8419101424603,93.1577869673216,91.8731377384742,93.2889709935783,93.1829134448888,91.8335065569105,92.529842104551,93.635432179643,89.3816651851276,95.3205297365779,94.3719304666155,94.6953997360611,99.9085259076766,102.776171616262,106.466543088253,106.898559633564,108.716291342918,109.73528598104,110.001929090515,109.74841830935,110.536298801078,110.734217612881,111.529315965029
284.998901394717,278.357021394282,275.832716628962,274.316531211262,274.418822298854,271.808935363145,275.127231679653,275.065597821215,274.166458125677,279.732428416494,274.509269094546,276.103259826877,278.249523995015,278.975186691833,280.117799875222,277.003180001221,276.976496743736,278.823403243394,278.757467593305,279.847330697165,279.231860380345,277.83959639338,278.586867838652
215.078382003747,216.168793071059,216.077961061829,214.447399968911,213.677751472736,213.078015250536,209.945741065669,212.472026878595,210.431893770168,211.363777142448,211.29440355278,212.377937367485,212.402038081964,210.358704793719,211.483279417385,212.301646146044,212.130673556721,212.582491986494,212.365581343409,212.579760982283,212.373544946619,212.586948562044,212.413261611804
80.7218523027165,78.6559460566464,85.7283858792537,84.0923461411366,83.6462323534596,87.0103375859108,84.9620213385283,88.0395767747331,87.0850100207022,87.4402253724491,86.7956694207368,85.5996140152277,90.6434856135139,94.1475996815526,97.5474315189196,99.566743620812,101.763700909704,103.271941893955,103.436783465403,104.747790709832,106.667042804729,106.828361722346,106.645748284507
80.7630079689007,71.125943976706,69.3987343924378,70.9914376586937,73.6357739313369,71.7399677930852,70.0998235948565,71.8164927989013,72.1348862721271,75.4458396286907,75.7649020534734,78.309857016353,86.9520449734451,91.6089239665526,96.8597865981826,97.7682263264835,100.762388437532,99.91910635711,102.330199211808,104.678608507817,105.800919484682,106.580633352134,106.957580753974
182.617530365151,177.765208597276,179.232502432092,181.112751982372,181.275325900006,179.386668111265,180.881486994024,179.499946748055,180.226481158536,179.251145961599,181.135891486649,180.08433703736,180.510772159407,179.769436209075,179.832143630089,181.354249565448,181.294141448859,181.876692303038,181.137653336661,180.67790829315,181.422905127227,180.707107872848,181.394272557379
123.872627248303,120.801996217881,122.449950901622,121.250248109023,117.907483006689,116.420826552735,117.774497207658,117.738391015894,116.299292960817,116.386882340207,116.887915382982,118.99096183759,123.181895195286,128.206363035471,127.839920589083,128.964553666785,128.999440511879,128.650531592504,129.830759256573,129.276974236221,130.273744199158,129.670803151264,129.783832314811
103.984477835665,96.5889319997213,96.403808820961,96.0736550512666,97.8764647393777,99.2715862183332,102.747393493519,103.190089203735,102.552609031848,100.744290108605,103.846883322137,106.846806599171,110.237572456042,110.54898021682,114.956018491981,113.768009152584,116.22480485224,115.263407551334,116.571611441405,116.088035238388,117.984907680591,118.819338359798,119.63017776729
170.53492332398,164.627297014519,164.112855332473,162.011497921999,164.981556540698,169.055611662119,165.909357896768,167.850066067608,170.473955484996,171.474661848003,164.810263229108,167.896646131883,168.145256234736,165.788140934769,168.49229292165,165.977617504158,165.657582742473,165.745831860005,165.015173308714,165.918393273138,165.15858045206,165.165392226824,165.508290379592
84.5491952360425,81.8011153681322,83.606852345454,82.8970128912614,83.154579800934,83.6880089489412,82.4564891923764,84.2279416319632,85.8715810045616,86.8238935815834,84.402554702188,84.2983267429696,84.9806540519633,85.8831467810054,83.6628243849138,84.5076231914493,85.0182904153449,84.8418582510383,85.0693550331544,83.766008602639,84.766038977179,83.916878414817,84.6793798775113
173.125350654678,168.127425647647,169.311176430427,167.756348207508,169.887958134172,170.659565657525,171.387350420638,171.732980045601,170.524685836943,171.099276528074,169.806586322713,170.375414066551,171.990585866489,173.640897850712,174.441170685091,174.693451746042,174.216440060818,175.181824499692,174.697032569808,174.74614084523,174.813965544999,174.853466915795,175.017773273935
104.938882067025,110.837663534561,112.952346088651,112.962347798493,112.43735575319,112.475154679583,111.652565233837,114.627949305325,111.546659439307,117.040768145702,115.455992348609,114.191628041442,118.08051675055,118.563701271801,121.429755743549,120.923752448241,122.013915096751,121.945588784074,123.76741990962,121.798380908015,125.284630202367,124.969139000399,125.115038358448
100.425801630721,93.4390199810876,97.7791668730481,99.8056735187555,101.077573326728,101.13897326778,100.469644946349,103.44409985232,101.218419215171,101.588123621724,100.363158594144,99.9333946883412,101.198832351455,105.714641183443,110.991281362495,114.639088393348,118.245308137241,116.710241898135,118.036021833176,119.85350010189,120.610578131366,120.881933807339,121.579528892887
72.8568145158055,67.5354222684472,69.757013462963,70.5263301340295,69.9853098422474,69.19717321173,69.1010081426073,68.0605581602738,69.6131846839943,69.0130255513615,70.2030385450867,70.4835180465003,72.0582444061246,73.0608274285289,74.460500279353,76.2983264212748,76.5398244435084,77.4203270004475,77.5367129428098,77.2814410670398,78.3347051019736,78.2578674811833,78.1639567636372
144.693757174777,159.243496927662,157.354543187964,158.008373603734,158.166007345512,158.125668436621,156.4282206337,155.860207191227,155.434899305349,157.113711423738,157.172981979128,155.748161603547,156.957446365004,160.474853178594,159.135072643838,161.579225370679,162.432699695829,162.343927302191,162.419379888621,163.551930859798,164.468288559412,164.44899714843,163.739412947043
107.262080479671,103.298497150052,110.534396266925,105.274666234775,107.501222880828,108.798754179523,109.977418119617,111.244115019342,113.137474722266,112.592180169752,114.972132763642,111.648448752225,118.090582485518,122.520067523483,128.139668606686,129.5236354068,130.179959488311,133.742739780493,133.891874873465,135.4693187633,138.77025595181,139.668367524036,139.918720567858
58.3877318589258,60.2612562525495,58.5476116083064,54.5448892450293,53.586857310622,54.6639284569017,53.7905674255283,54.1358957612177,54.0701434180313,51.9855752972799,53.797766320274,55.5269589152357,58.6070243477563,61.8459142015975,64.3492723399208,66.5750385642745,68.0976787345424,68.3863246592181,69.65390838911,68.4534226113304,71.2231765860527,71.4317949991152,71.8566789250013
130.347571191493,123.728383786818,126.72087744977,125.619867630613,122.404154929846,123.518027148573,121.603230966648,122.43172854285,124.505655297667,124.066801454043,125.036885583198,124.864043290598,127.14296093708,125.572814697952,128.206545757281,127.696320480322,128.400655545899,128.556675079097,129.090963112845,129.225491130636,128.424231006534,129.163456668286,128.9270320605
134.39123401941,140.983118748448,134.217071258629,137.369583399823,134.103572079658,133.836979285992,132.627058177574,132.819538566263,134.248662986606,130.150077638962,132.379177154395,131.841211082094,134.200962512525,135.183536718594,134.258262005119,133.591509057877,134.670571547207,134.510128682105,134.668850796363,134.044682681632,134.527991323745,135.123518659668,135.143268331234
60.5192778857614,60.620264349826,63.1407465625417,64.3502288152978,64.6621501956271,65.839908203525,68.2913399157378,69.3594290061609,68.771482747383,71.9010393862868,71.3675562140985,72.2222798559891,75.7926150699829,81.0418329640754,82.1085266398479,84.0231138708626,85.5474422236886,85.1287068946512,85.1748295338001,86.8351572742964,88.2260644865153,88.2609727816543,88.3412256804933
73.6913380388231,72.9821932785973,73.3844500597957,74.3360197993474,73.3342302452161,72.7792507392418,71.7116091795623,72.3891195512798,70.4892462324164,71.6608163891385,72.3885464585793,71.571318475378,71.2440202713963,72.0019790284815,72.4045084843498,73.1264900441255,72.4439029157205,72.4738275560156,73.1175937489341,72.9658155071329,72.2965849066179,73.0995433106591,72.4087171134214
