"V1","V2","V3","V4","V5","V6","V7","V8","V9","V10","V11","V12","V13","V14","V15","V16","V17","V18","V19","V20","V21","V22","V23"
72.4361226765367,71.0580196792726,72.0206359302267,72.1567465398615,73.4186172357613,74.7721094704402,74.4082391226419,74.6814481014977,74.6875752076934,74.8495181296473,74.8736369182108,74.8270205018969,74.9587168555437,74.9071122886003,75.0242087133154,74.9754052916037,74.8728121372398,75.010804657143,74.8976756114441,74.9738276455919,74.9133392064502,75.0520468800833,74.946869981581
115.697046020755,115.348242616685,111.096166512346,109.290665726459,107.927812906505,105.888408224619,106.005164783828,106.010971541334,105.446250808037,105.7088460085,105.383566589173,105.59817499125,105.42703489109,105.697179252581,105.434957162103,105.554456761978,105.487549993383,105.315700580997,105.411366773918,105.450405153555,105.370072573699,105.555526361462,105.482553996413
134.915771593448,133.056909896745,134.757385651984,133.998198589736,139.96178483588,135.995455029572,135.472554625581,136.012765077404,134.660681714086,134.595979011311,134.579192627012,134.873957031658,134.777166098951,134.779517344825,134.842104395302,134.703986083255,134.778686072898,134.786246816602,134.780646136406,134.785016851189,134.744360084739,134.781549097082,134.720813094958
125.571642359457,120.030806394302,120.6293263353,121.14106149616,121.779896722492,121.191531591542,119.887630170906,120.317962269698,120.439908504612,120.247308514877,120.391391284506,120.350743635359,120.299177828111,120.295650493595,120.347698598014,120.440637168728,120.412913958342,120.260850014833,120.216142666138,120.458906723132,120.269227505044,120.410846145297,120.333998455932
97.4709322349348,97.1532400614139,94.5605364248434,95.9097708658349,94.2035876210853,95.3484393441335,94.6146455102804,94.6908780279297,94.7488631170508,94.664437696945,94.7106793753095,94.6546936591856,94.6806697808893,94.5989102664189,94.6123635350111,94.6478191186359,94.6790417862202,94.6812298713002,94.6545581023674,94.6131559113827,94.661980283458,94.6424269930893,94.6578900066232
109.983821975159,108.653141729786,110.504747398577,105.755264050356,111.057642095445,106.686159660582,106.567857114979,106.178977486366,106.288089596309,106.289114515539,105.983736235222,106.20259596284,106.02494540197,106.096931426308,106.057370695701,106.002687506478,106.193753063521,106.133340127741,106.015464662809,106.18584124086,106.104754935442,106.187766141431,106.155524998345
58.6097306731947,57.6942204286083,55.4564119704336,52.2388037976429,51.790062729923,51.9500902013397,51.7898441981941,51.8514955804394,51.5713455701206,51.5283498237271,51.4886931134686,51.5651587297523,51.5501728180997,51.5043605310552,51.512036750784,51.4822649965886,51.4399286825133,51.5186475937261,51.5344200646483,51.4651376865339,51.4692627595756,51.5169237760728,51.5368408798363
99.5523641086638,101.083189601857,107.033616775818,104.185341254729,100.469511260245,105.298004610268,106.613311621387,106.407768255682,105.786472403066,105.606275088079,105.758693587032,105.799487145657,105.849862039852,105.808072426263,105.815654444868,105.822396456187,105.859042518428,105.891581923467,105.932143868615,105.834300305561,105.740802929584,105.935370820893,105.797312954216
83.6194174829426,91.7280346516751,88.9156169611612,92.0367199143951,82.6474081694279,82.7899874733975,83.1679544687951,83.2289376196251,83.1170217097328,83.0504091023614,83.0936167595342,83.0782291662028,83.1320345145135,83.1403511675919,82.9560088001614,83.0401840404174,83.0692571265651,83.0860955303879,82.9479622355056,83.0335934945756,83.0311699950719,82.9423538583499,83.0978226252568
123.138951718194,125.639526045762,120.796185631822,120.004354763169,120.451103360396,121.786324850181,121.470165085347,124.680826596521,124.349116531001,124.393768552899,124.667876396173,124.500475244143,124.527837335122,124.4341563666,124.496701789648,124.506869313193,124.578899040979,124.544140061407,124.472413831236,124.521410144147,124.613792772252,124.421144202036,124.449848765107
61.6403026018992,60.0537921237377,62.4262029270374,63.9693172886916,64.317143977448,66.2596067114674,67.6663618077288,67.7509868193743,68.328303269665,68.2581779667149,68.3543114324849,68.2630574364695,68.3150854505519,68.3690980601477,68.2741531659281,68.3012833092806,68.3407077418116,68.3135217015446,68.2936973147781,68.3289073855901,68.3273219164529,68.31308563681,68.3225835348979
68.2830417709722,68.0960592617973,71.2347686158657,69.0163953938969,72.3196041865327,70.2740713072894,71.5585070895684,70.487605286872,70.441138443181,70.6110375942531,70.5639744956263,70.6479421018271,70.5854828059726,70.6856533394424,70.6109020964262,70.6403861453428,70.5968398849261,70.524476395638,70.5868595625179,70.5947285107811,70.5339182768274,70.611922013573,70.5791461080664
33.2973643635232,37.3736706496828,33.0280093426566,35.7207582933234,31.9641244560188,32.8226067307331,33.2062458039982,33.5525189779782,33.4061278427935,33.4743452574117,33.476088784368,33.4274067030397,33.4172691432651,33.4577429938882,33.4317684063816,33.4709592958236,33.4921535224906,33.4265825490653,33.4453175990041,33.4565256370717,33.4691270229377,33.4374831585252,33.4300772597522
103.89964268063,115.379861518217,111.435190533141,107.338827819567,111.620760211868,109.748039955773,107.125859262247,106.504942766009,106.522475331724,105.303014993904,105.314920221004,105.544362552272,105.529833046198,105.507558855847,105.50925782084,105.55777315145,105.552918937599,105.435598052966,105.386857391831,105.523023323929,105.483224131873,105.481045383381,105.490761961308
128.581430811108,123.451113599053,121.631980794786,120.501121923753,121.997717666244,123.364923277891,123.400017869383,123.026920698964,123.842965035942,123.707910601925,123.779138879314,123.925945855978,123.897611030571,124.00163415088,123.876375415554,123.900391045425,123.873590006176,124.04958743071,123.981311899469,123.945591618542,123.94624805698,123.904233929629,123.808090497662
59.1726047930383,55.0486895982329,56.9561149675151,55.5399306565199,56.4671449214432,55.6580417637445,55.5502066571803,55.6252070524172,55.6614769816985,55.5365740909885,55.6077180617876,55.4734537167161,55.5253580741476,55.5966224254521,55.6651309441206,55.6300605739082,55.5611587915259,55.5861646803896,55.5693221066084,55.628484930203,55.5594803410003,55.5737375915566,55.5497160447058
123.073414730061,126.299594508335,129.226306008779,130.540417590249,127.278602769739,127.39033262449,127.205739956417,127.232184837674,126.563477936833,126.094233251954,126.291678192092,126.385694461748,126.349761022763,126.360102700095,126.327007785033,126.346955362027,126.390548177264,126.329624030718,126.257748857095,126.451676428973,126.317931776359,126.271823098008,126.356857260775
214.92888375617,213.778609253665,211.956212223027,213.42747235269,217.647205315037,217.229404783766,218.038572670576,218.194138080227,218.189774259441,218.206543891347,218.311719455567,218.05749856892,218.10271981574,218.275722506648,218.196266663768,218.286967887206,218.308344453604,218.271433258866,218.255139778979,218.215937899808,218.329506139879,218.322605499851,218.277663555698
117.93054918034,120.665488502508,119.861021488962,119.733834895878,121.159572232837,121.565146497279,121.966144084856,122.105655414359,121.76890482435,121.995639725999,121.984392096888,121.890126389914,121.921300474463,121.967940352159,121.808785332609,121.938437606009,121.883007428273,121.992364934025,121.90624020198,121.996675406984,121.976279297262,122.006495099917,121.960418567659
60.8775363470493,64.523982425947,63.5979989469577,65.4467714636723,61.7879102890371,63.0656603589369,61.8995253818146,62.3976321059831,62.4750859969946,62.4718781870695,62.4670908928107,62.5292510504013,62.4432505424717,62.444043875243,62.390146926003,62.4072342650775,62.4209050237818,62.4742822428684,62.390374025004,62.4589729324987,62.3878524802185,62.4717026955045,62.3896412718937
121.862455976519,123.058415792532,123.0955992511,121.082275934075,124.730956710296,126.60740719749,128.122306657159,129.233922549312,128.921515959738,128.828071477751,128.612810058557,128.703067447244,128.792594509588,128.879389530452,128.961171970548,128.75738850794,128.724926901759,128.783717674606,128.807112109633,128.759795249084,128.672722352463,128.758492394673,128.757169740083
98.6797573093822,108.239817073857,107.198589864441,105.051471572655,103.388863845256,105.868306084448,99.0922516948365,99.7838252971846,98.929065911797,98.9346329420418,98.9197131090251,98.8896927990982,98.7009507293966,98.8952505511736,98.8034412799233,98.7207670947369,98.7461425824579,98.857937605175,98.8959507862089,98.8422366179442,98.7425950220762,98.6611392625075,98.7642651011902
85.5558829566757,92.8389041366839,98.4799980477417,88.9478900502416,94.9844586510921,100.61549134258,103.299465157372,101.554052167606,101.910731542835,101.761677156061,101.801952175955,101.78177849631,101.821717314627,101.777117543743,101.716566193075,101.828157058111,101.878644912071,101.980112467693,101.839711840383,101.908486872706,102.051632051513,101.913080524239,101.91355152552
59.8797980340825,60.9370336826994,63.5024143209129,63.9340836009369,64.3388664553714,66.39021221401,67.6676809532042,67.1299852703245,67.450444445968,67.2267282296939,67.1779708973108,67.2086798785805,67.1593248374418,67.2036961395059,67.28537775612,67.4073524374284,67.2900609383486,67.1984598489457,67.2990814670769,67.335856059444,67.3245704597309,67.292197832791,67.1755548016173
144.840903011412,147.253440965333,142.381954075298,139.283140968563,143.451462712142,141.048336314331,140.302773247253,139.022807243163,140.954456300018,138.951057071317,139.047843374722,138.94473036581,139.13363982064,139.155861066499,139.300780991954,139.217293371673,139.158319722655,139.168163305158,139.200725454219,139.178463836255,139.215523105541,139.087325394586,139.111930512278
41.1260439370461,40.6883572675538,43.461298096985,41.0062963828061,43.4688911748117,46.8980816488598,47.7646288722536,48.747388254915,49.1116105660102,49.3039801895592,49.1730583226043,49.150889360582,49.2345973467358,49.3009876352328,49.2252645301956,49.3592470748335,49.1999480444681,49.2908155080394,49.2838501179561,49.2454806751952,49.2958459304974,49.2512291456649,49.1877748709062
104.868555232703,107.602192956573,107.984533511329,106.909343013962,106.370025895697,108.408463397042,107.372962361385,107.684633888142,107.567383206722,107.396046699637,107.549844387765,107.500621767585,107.618183340416,107.612403239105,107.515532266401,107.626744501775,107.618970080828,107.56224830557,107.509062493365,107.569216678778,107.537680628934,107.512332216915,107.66208768284
68.8019023847763,64.9865283959437,67.2718931440277,66.5344989480602,64.9959277670157,65.3637751866349,65.4063611561387,65.6279864963966,65.5200299625558,65.8204709696231,65.7034823254975,65.6767730318948,65.755169599351,65.836727647437,65.7757421707903,65.7655706783655,65.8111603534488,65.8023718503761,65.8110876603078,65.7588126865794,65.7948775832622,65.7701891469848,65.80393128226
157.154145833113,159.009647589362,154.893512712869,158.18251485802,157.04663672391,156.388191490721,155.701336244348,155.896134097942,155.71481324303,155.539484552215,155.471156704849,155.752155987659,155.611151951018,155.698118212709,155.560242926209,155.458570894019,155.609579066813,155.565717505666,155.68587303632,155.620565639585,155.498740592945,155.681796079338,155.537559002028
94.5489272589282,96.9207381182914,95.5248474990286,95.8086007294045,94.2939143919302,92.1975110547057,91.4172681775217,90.3509822944011,90.0721340981366,90.132195934113,90.0305434705363,90.1959197654034,90.164887219705,90.0650750286201,90.0992924078755,90.1007271656918,89.962338726415,90.0811339646523,90.033168090748,90.1096747728738,90.0757651314362,90.0464779143989,90.1166316812848
88.9989004872709,90.8066042417733,93.3939324642161,92.237075054003,94.6519634677127,93.964870468564,94.1410590819589,94.393255775752,94.416901600369,94.2814437284888,94.256515865309,94.3182909020787,94.298490914171,94.4865060990026,94.4784404123689,94.3570397855083,94.3519087278549,94.4138904690643,94.3759219336334,94.3044293212769,94.3579312217988,94.282214559921,94.25610158953
100.427181347742,100.36931368855,97.4839280202849,98.9114453430302,100.23658337146,100.440898556389,100.696842619135,100.52682620354,100.581299647751,100.555208543595,100.62081251379,100.760714536384,100.599429236066,100.647330064467,100.534934539256,100.522180784448,100.606201977376,100.602421125763,100.614076692241,100.537460256859,100.579801574573,100.603113643299,100.573289327802
91.5959045623557,95.7917337221946,92.9199797648932,93.5106766232919,94.7395858589988,92.9867063140753,93.0967317532486,92.0926851072684,92.0188707645415,92.0418545518696,91.9226827030148,91.7363322809572,91.6219524386394,91.8910471800341,91.7892831941074,91.7968359406705,91.7583755405725,91.7001353071487,91.7615854910975,91.700632758478,91.6766064941736,91.7142787313939,91.7575747679962
51.8110769348154,52.5440771180048,55.6882391163005,55.5373868735984,54.8009316018666,55.5054818516779,54.8465324658265,54.8143233746633,55.5634119044504,55.5077411945206,55.5415508623337,55.673370223177,55.5804844448517,55.6696849014123,55.6132141008266,55.6401796212962,55.7190815995485,55.7665224205793,55.714445800238,55.6763325808062,55.6609945111158,55.7160242096817,55.7643659031764
95.2773923847258,96.4330737410478,98.2789994984013,97.6046550817852,99.8722294552437,100.189534136312,99.966963486844,99.7385622755587,100.078380187559,100.116816175466,100.199293956159,100.113929003949,100.226636556739,100.208906558663,100.247142346683,100.295126011828,100.214284346002,100.258502275918,100.231472902644,100.307864482665,100.259769470125,100.147738492332,100.284291538309
115.930181487561,121.190724844261,125.553396303521,122.767292405141,123.518408006797,120.125794404111,123.543087636054,121.642547095927,122.134620479097,122.212257022652,122.342911662292,122.243824883842,122.279407848721,122.345835945267,122.317652418472,122.245789591405,122.269214921167,122.337737768212,122.137760703824,122.211266332238,122.264708048004,122.209226256392,122.235926972529
74.3748360799859,86.794116817738,84.396441755515,85.8613889739382,82.957767862569,79.0032260420637,79.9361418870471,80.0333291484176,79.3771440452508,79.1119215413517,78.9619591901057,79.1451917616747,79.0085517984867,79.1207139947508,79.1058216815712,79.0689591438715,79.1202731762219,78.9532857061717,79.0474008721938,79.1229579316204,79.0873304630855,79.0405843104088,79.0449393589564
77.9999507258691,79.8622647829656,81.4799114740671,77.6540615695631,81.7138539460326,83.0782233490808,84.2852947614658,82.5503516583397,83.3619627912886,83.3617301723079,83.4211974715022,83.4053389183551,83.4458807692023,83.3225365863507,83.4623393523485,83.3566556933401,83.2977267943403,83.3985075474654,83.3889357736378,83.3557944475281,83.3527012013478,83.2459659780464,83.2499940190959
126.432530691815,129.307652003967,130.563359835044,131.892410892639,129.709089223163,126.789697094466,128.030224480432,126.793987149494,126.48564737023,126.655420759956,126.591886530393,126.691514324377,126.638690620774,126.623478903291,126.631238549408,126.722269540456,126.68767753576,126.664255270874,126.695262021541,126.733986929888,126.67088803237,126.61896856876,126.656363287318
130.875800425235,133.629709321691,130.299478359553,129.72973508067,132.303097386671,129.5692721155,133.539479036583,137.01704758212,136.939388325063,136.814031172885,137.040332437616,137.175115798275,136.99254341799,136.99199232481,137.125803894331,137.11996268373,137.061648077991,137.055874187007,137.048821561931,137.062818286069,137.024949487099,137.214599869305,136.963533845778
69.5008941341752,69.1838836014978,69.2195336745226,69.6059033011888,72.316652709449,72.8563721292505,72.0947334943308,71.78928850556,71.7939491592526,71.9831812148645,71.8434774104781,71.8539846755544,71.9228832742862,71.9810734607077,71.9851342822397,71.9718171629405,71.9349848410756,71.9246666635128,72.0200344210733,72.0019569602213,71.9186970682483,71.9251460486347,71.920435120949
125.349529212961,133.03857554257,124.933701293542,121.452376986576,120.804877147637,118.618745329667,116.733128058567,117.197340974397,117.239710860488,117.316584849351,117.381977150154,117.322318450322,117.274345807072,117.315130830482,117.419998911,117.267895825373,117.274287035969,117.261351745248,117.234866209072,117.290807593309,117.385221019448,117.352614990652,117.260657688218
189.957406109021,185.513410195973,195.884883546977,191.008765740166,193.618160401353,195.438571484732,194.541877227101,194.264302809206,194.209848689051,194.283541489117,194.190905529597,194.273729108314,194.126601093612,194.204386563262,194.118013829198,194.348222080391,194.263843376571,194.198038429233,194.175384984325,194.163465293998,194.212406522641,194.168263678414,194.229376034578
99.7312922488461,102.540897627354,99.3732180505692,99.4371472211851,100.63203047164,101.43196137002,101.740431633719,101.679547819663,101.602386451337,101.686154979367,101.656296519565,101.525904740039,101.568219502721,101.612230338218,101.589439025733,101.586781072098,101.583741975436,101.582305163837,101.545975683225,101.579669902136,101.570594631963,101.681833388315,101.559357585805
118.746549900634,122.377814999437,119.150772280603,121.40534633822,121.529166442253,119.564943585814,120.679798244209,120.931252899901,121.000679207942,121.044219166307,120.870983637413,121.075092370396,121.050965430468,121.034404763544,121.0518991269,121.017897083094,121.075486249672,120.938002873595,120.981384852893,121.018948459141,121.039666517516,121.060489959163,121.036608062551
80.941202167894,79.0296937465587,75.3027965562785,69.6053173211521,74.6699502604914,75.6677010469143,71.2177840607548,70.405933947518,70.7934865214718,70.645259570129,70.5391367687654,70.5828335847188,70.5005835442477,70.6559587519335,70.5633897315901,70.5900529160653,70.4795080155534,70.5708677630371,70.5068792365972,70.3979452719668,70.582046937653,70.5448835863459,70.5590224699757
106.875655136764,103.057775182428,106.540399395077,107.479930914419,109.481280646279,108.480857835955,108.88244148627,108.049790004382,108.121267184837,108.141075021194,107.942617450337,108.155348273356,108.198412491429,108.185946556695,108.133755376783,108.292488675237,108.086785184981,108.184934562354,108.275589115895,108.164968464293,108.280757103269,108.292573785578,108.066552292252
62.1735977091301,65.6300462712402,73.1039045840806,71.1543671395318,69.1324283423044,70.9789627777912,74.2383532431689,75.0129919363318,74.4324227808378,74.2264616096754,74.5078987637228,74.4251426661701,74.3629139564602,74.4343880214412,74.4576896692418,74.4651119873157,74.4257860474381,74.5037115152609,74.4790115790993,74.495494663229,74.4098158933632,74.378905791915,74.4722010766601
57.4072135976215,57.6726849608755,58.5192651185567,64.7764130898313,62.3641734145082,65.3047871768744,65.1848833702622,65.4604068271843,66.2415869775324,66.1029196058011,66.1304552995392,66.1794362344354,66.3391902376355,66.1913028856217,66.1925350908934,66.2127953031843,66.2395311859162,66.3044336972572,66.1580416520486,66.2295597486363,66.2192217533882,66.273768433656,66.2667182669753
93.0265843676975,92.7754016804801,95.298719763572,101.353604529767,100.778144868888,104.060353135536,106.344813554796,110.133260840324,109.02484511779,109.409125551631,109.550457171724,109.621739251457,109.562307927732,109.508834759759,109.630219952285,109.634736078539,109.71546675722,109.653302716762,109.716423631635,109.605757678654,109.547170321208,109.667785385488,109.715202795922
67.31951913698,70.7640563733583,68.9160196597291,68.5473108699285,70.6142487138726,71.0848766951189,70.9212319030787,70.9463230132364,70.9336407030016,70.8367712714349,70.9828124355631,70.8886832004672,70.8298871517596,70.9332721878679,70.8089756441875,70.8545124209947,70.8669545517501,70.8977966479657,70.8928797494917,70.945684105993,70.9743105755338,70.7987350938836,70.8672329147034
107.317265684314,105.552127998376,105.492123299318,104.166947231756,100.444414009937,103.480779867081,106.639083889656,105.702690532329,105.294972586579,105.436316435676,105.405613773889,105.505931663273,105.62255433469,105.553936890079,105.455647889638,105.468223381689,105.560346391232,105.594706294224,105.505015658808,105.566167875349,105.444634573253,105.483263932986,105.368198127215
105.723239940077,107.062949113242,107.363578654451,106.816696131127,108.987776022008,109.10775893831,108.236063172953,108.367224001565,108.296762144578,108.566412645321,108.452007019966,108.610195398425,108.407473665986,108.518884501195,108.542306853241,108.507748572395,108.507068113495,108.392967816718,108.606879527695,108.578805049735,108.531200303961,108.505260845153,108.460577049739
42.4306091961197,48.1701270965546,52.4751588498772,54.2698135669535,51.2804308068674,50.2891284795784,49.1814217395196,50.2606210065723,49.2621828161257,49.4491350906747,49.3829695837447,49.2574003724029,49.3464742367794,49.2338684694889,49.2352229658406,49.2573301492019,49.2415077945288,49.2433325547777,49.1958310804054,49.2236580200481,49.1956659019339,49.2017749039508,49.2995041658797
117.319158504494,122.448986899703,122.091655085716,122.651195093566,123.774445055668,124.864894060156,125.814579995812,126.470567774408,125.67899239109,125.769770891071,125.854389434156,125.99716019153,125.80378290106,125.773816230922,125.98410602829,125.830406484458,125.728514770038,125.79669103154,125.892215023889,125.882579777757,125.592320269155,125.787011318906,125.56954071451
112.33733421038,109.687783378006,110.062914136027,113.927594656252,112.100575350309,112.949982687602,111.899568805826,111.011137670732,111.121625592393,111.131276347625,111.08086802493,111.070892887255,111.315533607101,111.177800028365,111.184078912245,111.160749360019,111.138531692649,111.162559995601,111.16072922191,111.316433927334,111.216368488181,111.186012718496,111.222794218401
65.0047201246654,66.0008632500818,61.6187732066614,64.0301373329507,67.6310713768931,73.3317592890089,70.6716721390575,70.166191827701,70.9451361486056,70.9549757044825,71.0400452735244,70.9798408232975,70.8939399211694,70.9908788009785,70.890194279134,70.9822218795642,70.9353537375655,70.888198879004,70.9445759016231,70.9897463907682,70.9438200222792,70.9741400877917,70.9761630552471
73.7046835284205,74.8884109139981,76.9446707577678,76.9897699354827,78.9539109870493,79.2129483111812,79.4558157143358,79.5112948706727,79.6293349336895,79.3995112149164,79.6385400278876,79.6035048087095,79.573055281735,79.5467543439101,79.5378188929779,79.7104170045994,79.5335377915652,79.630808765944,79.5891328121324,79.6484031971262,79.5794730264068,79.5331291759499,79.5476128515777
118.905850319707,116.055712507167,116.167821586819,116.592771791378,114.546485088269,115.362705495012,115.5483600804,115.574927027785,115.614379864425,115.43250937572,115.472950266832,115.325499546362,115.429554483255,115.396554258141,115.369899534881,115.366428204708,115.428578371588,115.327769077262,115.413277815834,115.372647347498,115.368335634101,115.427738945959,115.35739041554
42.1110793943746,46.3301663669015,45.5155182886478,46.6337960244924,46.3651909732718,45.879869780535,46.667616862205,47.2667919261634,47.3096473474416,47.2772731072753,47.3936670894235,47.3542200757355,47.4226932232552,47.5160152337153,47.3819379218239,47.4148724925068,47.4383609291695,47.4742760217745,47.4721470494166,47.4534862221129,47.42250136601,47.4549914068543,47.4692514755998
118.752175056763,123.114549438904,121.31764682131,123.821425320344,124.766802560789,122.473665982558,122.307180041923,121.950744454967,122.219335737703,121.070568621066,121.082619044626,121.058432012968,120.986808810071,120.785920425225,120.98030805376,120.871260578287,120.843707307058,120.967548306973,120.916785716047,120.882208430681,120.857856392105,121.198385883154,120.971129752935
90.738071844453,95.2575023392436,94.9562044963193,96.3215230967367,92.9694443191284,92.4261211726153,91.52071764651,91.8968699281231,92.0189013850177,92.0368158467617,92.268550292594,92.0679945981322,92.1897787306938,92.2268187580628,92.2134117600507,92.1383979809825,92.173335309176,92.2216983682561,92.2285674932094,92.2419383101719,92.2308706474159,92.2445102365524,92.2317886442778
158.265020467792,158.072014164891,159.187321350222,158.5562841393,153.538578027937,157.768921370483,156.266967442006,154.72155285984,154.560635761991,154.51236095722,154.480292890264,154.3904167732,154.579361954282,154.498925303908,154.497139610722,154.518791942988,154.531441553702,154.61995208984,154.581724097366,154.57966263854,154.633540293299,154.665074535532,154.609254184283
78.989999073475,79.2120359271167,79.2585608590145,86.3030715627362,89.1894058607981,89.7051007373075,86.9265686387325,82.9364215652331,83.798045034861,83.9038878608774,83.8756210123686,83.9361089362224,83.8990866643407,83.9896583312391,83.9273758322477,83.8563425399531,83.9044350169911,83.8254722740418,83.8235795971574,83.8886320389297,83.8687731518513,83.9502062965976,83.9003259803767
96.1736196215981,100.367661040406,94.6803204504605,100.232844467714,97.2367472129427,97.9312989492269,101.102639976525,100.027274559337,98.9626962436918,99.3393843768156,99.3511252052878,99.5020028855608,99.4251320987133,99.3972769842921,99.4113329462834,99.4226020469762,99.4314425146812,99.5040607513135,99.4048427258064,99.4612472221227,99.3995421017242,99.4289954634566,99.4740397927116
112.67735282319,116.277755734733,114.719800176021,114.648030944484,109.132808493189,105.726326438634,102.30426876297,100.385838260433,99.5078078740504,99.1784775359704,99.4327022977325,99.3755163680241,99.2743963967369,99.2757371885571,99.2812754271883,99.2228561651139,99.2663879548266,99.3815827153322,99.3633285320333,99.2965745448015,99.4213333668067,99.2972215625091,99.2142088826452
74.0266668188256,79.8786647735641,79.7080743219071,81.1133147986745,75.5171104062717,74.161134108582,74.2044686393165,75.6404454516586,75.0914055999617,75.0699895650601,75.127116634024,75.1294598230809,74.9799109809978,75.1867517271121,75.1932926634642,75.0646127136663,75.1883497240727,75.1790315378783,75.1329335876358,75.1142930292831,75.0589894948301,75.1980460721001,75.2504128570857
78.4155229266064,75.3113358061169,79.6595661232749,78.1977839566404,76.3266957830794,76.4607922662032,76.3286804478394,76.4690515564577,76.1567949992914,76.303881359788,76.2678713976881,76.1491014520598,76.269824579809,76.2778513509692,76.2402854896112,76.3097466096294,76.2871573291218,76.3497955711893,76.2311470622471,76.2021788362431,76.2467232059978,76.275886941307,76.2426588080917
61.7461889735668,60.8412983515256,66.08344186153,62.285743349345,62.8919574845884,56.6673766813535,62.2965970778919,62.7758977323668,63.0613581545076,63.0129450977748,63.1568764270207,63.1667705674561,63.0869946375205,63.0509903581036,63.057846534138,63.0541073740325,63.0832184325137,63.1571016850032,63.0821947928938,63.071122678409,62.962619614783,62.9910434700304,63.0791972284462
70.1128953256114,78.5531391516589,69.7096531410445,75.386129949896,82.7131519567534,81.7711310220757,80.0955110982566,88.3141189165585,85.1421688945736,85.4241587181142,85.3128750625426,85.2767763438895,85.3588393667931,85.3457636073875,85.3689046816048,85.38621693691,85.4656333401466,85.3154770367013,85.3966930924917,85.2556893175436,85.4432199148791,85.3377021558233,85.340076604354
73.3161035618709,73.0253275454207,79.7395075553239,75.0368809557759,80.1193961483076,77.4778619001718,80.5454256340507,79.80369593101,79.638595700475,79.8551618913918,80.0452375109306,80.0692451757152,79.983973155682,79.9931093990935,79.9640675255243,80.036708511851,80.0259608153809,79.9716992448477,79.931127115849,79.9407471471248,79.9334793305523,80.0363799481578,79.9869960353422
60.8310590252272,63.3910675179814,67.0223696514981,62.3342336158766,64.6165004494137,64.8983116180982,65.3857377901903,65.9892073292362,65.4883264529123,65.5151809503677,65.428269254499,65.420973678156,65.5334763129523,65.4731005085581,65.5496850750188,65.5134033948856,65.5056538920133,65.4495523086131,65.593329052987,65.5029251415719,65.5527809605965,65.4632663985745,65.5411703353349
117.05498824403,116.954479394825,117.261509613067,114.695577842943,110.127893094355,112.545837861611,110.685866842262,111.934113570231,111.724319754352,111.861804225071,111.864197650404,111.810435484388,111.844191500171,111.792885953643,111.953912373278,111.940889162179,111.941400806646,111.940649764043,111.949930402081,111.910207417372,111.884444630669,111.689118002121,111.728057170855
135.129649794811,131.496717613798,135.246642372077,132.355472531553,130.245945679451,129.978597085032,128.150393560775,128.643247332072,128.515528633042,128.374203843698,128.580155562215,128.605525235151,128.588245339072,128.529828708611,128.575209988751,128.596378055095,128.50989553211,128.611651163196,128.611636461741,128.595621006346,128.601995773476,128.657974795523,128.565474998643
94.7917793514905,101.099539115842,106.864355711043,104.176252948552,99.6595492526543,103.767460676646,99.3954280377751,98.4857137335935,98.6811205914077,98.6441075028364,98.5991050388413,98.7729954606328,98.7837223359433,98.7908564017758,98.6000437431544,98.7293949127913,98.6145491798365,98.659895583162,98.6510637198383,98.6732989256227,98.653632095181,98.5873759348851,98.6384674903666
59.4727531269603,62.145787743257,62.3047128702749,63.3816972651549,65.6849093102145,64.6235711894871,65.0797169439935,65.3457805640484,64.9953395747695,65.0977202939769,65.27517463552,65.0760929707104,65.0692860093097,65.1945188582686,65.1025122654644,65.062463659563,65.2680817110426,65.2302903408405,65.1106833381761,65.1730741990996,65.2010329937247,65.1923716347935,65.1369396284699
133.508570470645,129.954122296035,132.208458042574,129.592511730412,135.639388645965,134.363750152926,135.401229533137,134.320938118989,134.039795320058,134.030681185695,133.964864198954,134.310629859496,133.970486854156,134.035142855238,134.083192554253,134.133658453076,133.999216981519,134.091758350629,134.084647041103,133.971331199698,134.118807128077,134.17072043488,134.029965904725
66.4558679668494,77.8242769083019,76.0886168899813,77.7896381551346,78.8275945373166,78.7826900575968,79.4595998173617,80.4321298739827,80.4751190806772,80.4849281152165,80.3846330709564,80.450585768107,80.6296975965802,80.653365544589,80.7206605745493,80.7030132604943,80.686826260453,80.6026335129785,80.6534777152943,80.6070232308454,80.6295931173911,80.5697505285963,80.6529432719756
92.6271539670577,97.0457319710272,93.9921230529637,93.3494176104949,92.0456271254495,92.2996413518108,91.5175983024828,91.4345621453467,91.4229947260692,91.3197414435638,91.4095055445603,91.3362286078008,91.2518214643079,91.3337456885021,91.296919759767,91.39507162046,91.3833897422512,91.3602281036389,91.2454973646113,91.3170911439258,91.3272710163137,91.3379042116122,91.2371156947717
65.1938569090458,68.3473115418373,69.4339249707591,70.9622843257743,72.7957797966123,71.6307078710137,72.9542385867053,72.8285599576085,72.9144834081238,72.8723819537781,72.8344862666553,72.8586880228792,72.8479677310444,72.8405815508494,72.881942150414,72.850512924383,72.9840904664516,72.917186568883,73.0089046849624,73.0037382377539,72.8822946489154,72.8642062856633,72.9407953598596
67.3326194740007,68.078840695937,70.576639924654,71.877325227191,73.3835771951081,72.2984652653854,71.4102178400726,71.139139715548,71.4104871993599,71.2528914538156,71.1923579432024,71.1745578322708,71.2655976707842,71.2719373803714,71.202635587719,71.2742961683131,71.2067971391615,71.2150915506379,71.1576672415231,71.2783633540756,71.2183099054355,71.2100530947007,71.2336940146277
71.6733043887342,74.1264305876625,77.0421521784856,69.6919033775238,77.077647006448,79.5635654131573,76.6031526457875,78.7813119447549,78.3255465003249,78.5421559755677,78.3982312083765,78.3808478526088,78.4305071709792,78.4937227016302,78.4954942010278,78.4351708465902,78.3887738044425,78.4624632189907,78.4246320024226,78.3725474071528,78.3708687161514,78.510933739749,78.4844781505171
61.3377217936038,64.4272479749266,63.2929480015348,64.0339774089851,61.8495411209505,61.4940182836606,61.6257947178364,60.6372692148448,60.678981840578,60.658407044469,60.5900583827847,60.6552075187242,60.7068700690417,60.6537389950103,60.6096154614528,60.5752666470397,60.5860517717347,60.6327817295996,60.5563085087228,60.6365401759323,60.5932148503931,60.5805091906856,60.5286986236991
27.6252764550893,30.3749489376099,27.4084987741169,28.3865583191736,32.5873750094297,31.9085160348588,32.6187331703905,33.1583383859508,33.1688657648508,33.0972931896202,33.1305631643628,33.2290731834208,33.2223499967262,33.0835186574614,33.1633289982091,33.1727589121745,33.171327463387,33.1529559564801,33.1284700381637,33.0861474855872,33.1603339971404,33.1453253036689,33.1761117053816
114.248874955915,109.06032306497,109.824632935452,109.944398406237,108.649137443212,106.77500076697,106.405457794617,106.634202483764,106.313281762969,106.082423646295,106.451179442313,106.134780219802,106.260205418585,106.254050207815,106.324572365298,106.282814846114,106.372257268369,106.265345134227,106.237571590582,106.333937424236,106.274444971948,106.308540549377,106.185290910481
92.8743589894951,92.8715707403895,95.2632273437636,92.7010191988358,93.888834383952,93.9482909923456,93.7000318252125,92.934113855364,92.7576509048242,92.6614373894479,92.6566838773909,92.6396001697684,92.7553788070752,92.5863460443795,92.6722063862873,92.6991301021623,92.6975663639013,92.5383770669495,92.6957254242712,92.7114585056299,92.6482772798541,92.655491298732,92.6842171547464
212.767598803893,206.999245129373,211.18567776536,212.684821214256,212.423226655917,210.570055474385,212.752911835934,211.632383040634,212.120842047501,212.440757148924,212.250952278297,212.405203900243,212.174362273587,212.235237037976,212.034109464317,212.089896863082,212.149102248256,212.096183242751,212.043323161372,212.198469339278,212.144078223129,212.233797845283,212.198185243954
90.1173276937455,93.5856410481368,94.8731356479208,93.1375872597859,94.3910707575905,94.4211660354895,90.7880658130487,90.1255601122079,89.2692540315865,89.4346527578006,89.6412801329102,89.4163540971674,89.5525153026423,89.6403888797082,89.5863602575537,89.4668117873032,89.5567586243108,89.6045009877365,89.5878426178937,89.4876032489696,89.5104438629443,89.4805722988129,89.4089849742864
89.8677192224401,87.8561658385756,87.8914696783228,87.0528306899509,87.2008151703401,86.8404045263466,86.9624263387758,86.9183654535385,86.8333863520892,86.9019195706583,86.847334141923,86.905833052754,86.8622184987511,86.8434635679578,86.9651388149788,86.8693127069668,86.9418592379127,86.9729813320166,86.867057562617,86.8966428920898,86.9067490883796,86.8746961773777,86.8396185501805
146.279624984097,152.715505719576,151.743424340812,154.980515166683,153.446313867621,152.906171000406,151.872647328618,152.642163573201,153.850961227168,153.781182882537,153.868778366594,153.723755818994,153.738487077194,153.743960314244,153.671074481724,153.711119919011,153.764131992137,153.721541876792,153.746933140882,153.852633368669,153.725383166628,153.845771581054,153.765464901755
98.1065162447311,102.529833475926,102.25091128977,104.648686031678,103.677632968165,105.310410022134,104.790876884173,104.845953227764,105.310832215776,105.376375335922,105.34911629572,105.259397208326,105.321064091431,105.330625606424,105.341237983909,105.347867636083,105.34383557103,105.298282651795,105.330694702895,105.404479976949,105.382696236986,105.271150357382,105.207191614747
59.2259814456418,57.3101894723808,61.3016360136539,60.4403313543541,63.1112718364883,64.1744830147339,64.2064934711802,62.9216714369793,63.0356723527489,62.9598045392969,63.0439510091957,62.9344430342074,62.9693625819547,62.9506899551742,62.8962117698825,62.9460208659656,63.0034254253019,63.0401684390319,62.9710038143399,62.8989326953494,62.9680334055242,62.9688876033317,62.8557192683156
46.1806984883957,44.8569011151446,50.3700125299308,51.4255163864587,48.933491960959,46.7859095219853,48.340156237715,47.8627451060454,48.4222564372425,48.2480444485126,48.1025996705719,48.0994233697792,48.1713700715641,48.1754145936259,48.1594393183825,48.1299270574147,48.1617937385299,48.1049985051253,48.1199367255533,48.1789942555767,48.1362274972624,48.1287213601805,48.1779534449704
70.9142444012586,77.6641292627759,79.8601095366169,79.5962346416844,79.4790263610004,79.2658284269106,79.8259277190731,79.6171699336896,79.7413517061199,79.8665192892477,79.8409233535237,79.7845516840226,79.9670913209163,79.9034321781665,79.8979956014005,79.8893343699829,79.8870054474194,79.8769568053615,79.9174201105033,79.8386760188124,79.8744305645825,79.8553199735382,79.8739850996599
141.147510740491,139.501321088555,139.31649756595,139.384809944697,140.032993414916,139.513588483473,139.288639781743,138.35648753921,138.507325284708,138.255939420213,138.170701219859,138.202594927497,138.408564137239,138.195310783926,138.19229777347,138.267535609514,138.051654716644,138.159331568537,138.3313727966,138.238564434493,138.206638570063,138.115710378987,138.141240375382
106.053788470791,102.486911271849,100.278811909247,97.1352667415946,97.8912079268569,95.3366789707094,97.2540676399829,95.6708262954789,95.9331062262257,95.8747046986957,95.8917418452833,95.7970218434709,95.8100371257454,95.9059788389564,95.6911111119765,95.6650347634408,95.788573452703,95.8359999512012,95.8517509371824,95.7815686696326,95.7262249830084,95.727372551262,95.7611318427183
160.304572997143,161.734265959974,160.267121364387,161.184945730376,159.574366181873,159.177420400174,156.504346304258,156.72304107948,156.473694701423,156.503051956082,156.572650344869,156.646118965636,156.523576136267,156.484028173727,156.579271995204,156.607198452642,156.608378280668,156.704283480135,156.572649818079,156.594530154652,156.469500783825,156.517422374581,156.535649704094
62.3252564764615,59.0174884287207,60.67226642609,61.4244107010297,64.9839200416464,64.6195409298634,64.0661329228245,64.4024928598499,63.8780618625627,64.0321423406299,63.9744837537194,64.0180355452705,64.0887515703877,63.9977315157375,63.9907258986233,63.9935480059539,64.0797938175187,64.0138092942519,63.9835969567712,64.0402381052101,64.0538307073045,63.9678722769847,63.9463817746419
107.738950248807,109.92502414249,109.059073654204,110.959969822834,110.093900610804,108.115767352561,110.378167740509,109.635090833298,109.338627250395,108.944735688017,108.978166473649,108.953092358872,109.147626759738,108.942789125537,109.03612600255,108.918744201308,109.011775817973,109.18374207934,109.030028299852,109.053904986641,109.098315720757,108.950294031441,109.041708503469
70.3817601882808,71.2352996217246,72.8648194549133,74.989575091991,75.9876953078161,73.3663758504962,73.0460781955385,72.7201861864754,73.1052192437832,73.0729212459195,72.9091601082836,73.1047559463258,72.8655599749348,72.9397329098035,73.0675636100397,73.0495560219753,72.9430740439238,72.9384721989928,72.919230206444,72.9440388741632,73.0440117460204,72.9728041160542,72.9442799189936
