"V1","V2","V3","V4","V5","V6","V7","V8","V9","V10","V11","V12","V13","V14","V15","V16","V17","V18","V19","V20","V21","V22","V23"
235.533957929679,235.46797495827,233.911770464798,217.465523117473,216.973001960476,218.607101860766,223.694033384506,226.587459975068,229.735400539772,230.189660095524,231.333101427719,232.286220227265,233.202043527957,233.392745918437,233.392595312391,233.389614621867,233.383569226771,233.36369769213,233.361891493897,233.394273898622,233.383250420226,233.321578416146,233.378415813033
532.901442510384,532.904169825941,539.271578640458,550.882464973279,559.701518595437,553.210356290882,546.177767911746,539.835697214838,538.070932755108,535.813863932993,533.357336325352,533.361309591771,531.635731027585,531.572264336701,531.588437826657,531.581442651792,531.636499279021,531.588986566855,531.603525804129,531.635929745712,531.630705628483,531.671961563292,531.642345921881
191.782832652683,191.751215279779,185.493217980904,174.783319262931,171.272724540402,177.361288345069,181.052659428615,183.878981836133,185.796041274942,187.20002425317,188.149109858414,188.412327710314,189.679933328307,189.700428181688,189.697372826038,189.696234980905,189.71393935565,189.709635741683,189.694658471603,189.687408743425,189.682912501399,189.695753383443,189.716119903827
157.791066002756,157.783632773453,151.211216174908,146.72949150644,142.268070868538,144.300754587944,148.28160814765,149.121803885216,152.086304477367,154.371361664472,154.586605719856,155.245383821082,156.22352777697,156.279528400643,156.289524044592,156.27805023702,156.284457727544,156.26886396233,156.270756612186,156.247140566282,156.230968703241,156.213910466862,156.207665606617
338.867893651931,338.883412185974,339.667169668042,330.276622719425,328.903717708989,330.37647665389,332.304773046284,332.887029533121,334.400046678642,335.381965355236,335.984564247364,336.14118386448,337.222142034447,337.222563072497,337.261593878095,337.279354594983,337.226375684073,337.288556168091,337.243133491642,337.246350054812,337.244221152013,337.283526448606,337.288538101651
264.06162488792,264.067781173715,264.129427622077,263.185967326171,269.397595605965,270.114983606587,265.738962257548,263.575609704813,263.415114710568,261.336433578059,262.146276595514,262.889553979051,262.373803504055,262.352504843358,262.355574210849,262.372626836799,262.395546577201,262.3741936321,262.373199566069,262.354605471791,262.359996419009,262.360464049069,262.336667560316
601.896356654997,601.923911283971,598.529595822672,619.080601130703,613.802467815064,606.10624774815,605.369297772,605.605561577159,603.028193743813,602.899154792387,602.940590657858,601.740076557017,601.794608075242,601.904128888856,601.941433885221,601.954800673929,601.924163006943,601.965113533257,601.937543106164,601.975927198909,601.96801382749,601.920169701115,601.908749232798
295.652154259635,295.662976581631,271.976397560905,258.456916966966,264.787782515019,271.465162189316,279.847127797865,281.782879695878,285.975619491131,289.273650676249,290.3567201543,291.973773903699,293.928298787458,293.778475812532,293.816960211417,293.798072504963,293.790127315548,293.814207424831,293.795905165546,293.808308362918,293.843370468096,293.847184458192,293.804121769801
450.758775107384,450.756916900178,438.609711689193,430.734191952654,418.380532895872,426.909681802999,432.001675144043,440.915643098688,442.150022817184,444.169535663824,444.937643853184,446.124755878223,449.471601344414,449.076138040864,449.459005726397,449.487688265875,449.445897131007,449.433559075805,449.522992561107,449.506081919094,449.477432796077,449.491117156945,449.48148621956
265.102628368661,265.054162505183,261.955249019742,273.363076209074,272.048016144411,268.691456487204,266.541193426029,265.015858708435,264.727181230948,264.328250197771,263.860677944631,263.652870900423,263.254326104768,263.168568606498,263.189088119587,263.142241339266,263.159777849153,263.105112656076,263.044949968259,263.094602851979,263.009402077813,263.001318993035,262.97968182242
211.408270672859,210.764581229836,209.867153803457,198.303371505585,200.484911616991,201.390382823309,205.544771653685,206.600092271639,207.934436015256,208.758800753975,209.170328240168,209.394261391521,210.043862976927,210.101067786181,210.121113513326,210.151979754597,210.150168734667,210.143192328023,210.110087439297,210.175791923405,210.103271446208,210.149690034205,210.141422700409
243.802616742802,243.774285229079,238.023311327171,228.687952188697,230.510539339214,234.025123127595,237.402835041331,238.879440931346,240.156558383075,240.810380623352,241.448616402853,241.618703098627,242.463973299684,242.474641027722,242.47326167076,242.481084800966,242.459066528964,242.463803342555,242.505102423033,242.515016126441,242.497604232879,242.512388608896,242.503318592974
363.727208229075,363.728502267104,358.37289433223,357.285860663859,345.574422577293,355.732047215218,355.067195710582,358.632280263009,358.421020531372,358.618230649554,360.138567895095,361.200596977359,362.445620896514,362.491646315881,362.442782110928,362.501318771728,362.479370375334,362.479868372865,362.521610231214,362.523216821603,362.544685647352,362.467979530573,362.521347800092
500.830435194807,500.763756403625,491.561797409029,476.805396841383,468.505580129316,476.331450459672,479.300064175683,486.60461196334,493.645769287931,493.52549469994,498.104294829774,497.600921289826,500.096863275586,500.070041939963,500.105248514993,500.135234412467,500.079583501814,500.137175270417,500.14085034858,500.087857282089,500.121593239795,500.103147501444,500.179942137784
260.658549492027,260.616281335723,258.771570320133,251.669579728762,254.466023740828,256.668124608867,257.7336648608,258.541272392512,259.283908171898,259.287986911683,259.498611393994,259.722714682347,259.933070981733,259.981102806726,259.970331121234,259.972310880704,259.946457786577,259.983739125138,259.955713731065,259.959932561377,259.974106870171,259.984530800385,259.965646553072
313.31338738417,313.304917074904,301.300388760379,257.896505605411,256.401677186191,272.540404037531,282.637851441583,291.400296761546,298.223897156288,302.619014132864,305.617283172121,306.711938531588,309.234517534874,309.479122730628,309.514527347491,309.56912868243,309.572155832654,309.556422737294,309.575926456839,309.599737991865,309.663233553206,309.703681524673,309.695141985164
306.191705846405,306.152105148346,306.746998027428,305.731168865892,305.193983670344,305.763990966419,305.529893920322,305.675917691316,305.368441731918,305.106349949613,305.157519155454,305.306618964122,305.233670481125,305.222922748135,305.240661081867,305.273803074838,305.275852198939,305.258743335821,305.256332982181,305.278278705975,305.295291786206,305.316904338276,305.318704878261
457.722892187076,457.753658999797,464.364188271994,459.4749866631,479.062592174496,466.537321926365,462.655570653655,460.159227580292,459.465950946778,457.659804888746,456.152448484304,455.642970156109,456.832716858071,456.914467814013,456.937387330551,456.890079587766,456.876066647558,456.896870867078,456.886299628651,456.90549766011,456.892150631192,456.833368219416,456.895131210993
65.7693856067132,65.7878833899453,63.8639901906276,64.3936135825881,64.1247986528647,64.4917780383454,64.7363246858564,64.9834001577658,65.1692611150207,65.2093541543262,65.2980606212399,65.3674195000983,65.3749100318379,65.3922633880463,65.4030842705362,65.3919952688393,65.3984941872397,65.4022277323806,65.3946568745254,65.4035328108726,65.402039203119,65.3989579842439,65.3933863455669
375.959198749775,375.935686071733,391.570607118242,392.70586622008,384.85235625698,383.846759743379,375.450710745519,378.840217489172,382.314176982173,378.745967058414,376.039823104608,376.909015515405,376.748269792671,376.640592184631,376.981313430828,376.968047297717,376.993814815223,376.981817267026,377.049668639904,376.99967247206,377.075513272018,377.069909198427,377.133015615575
389.527392578019,389.554948224294,382.542883207585,353.715532873377,360.074515035127,366.794660224713,370.996896420905,377.21471993383,380.640406264628,384.185792475127,384.668798005538,385.347872560892,387.879609132944,388.241782352389,388.18366076428,388.219765797285,388.207752064768,388.217595534034,388.213602955835,388.197124700491,388.22695417613,388.21721616697,388.207715093929
409.736969852242,409.728298016465,408.610734082823,413.311554154838,411.386368990637,408.946219437733,407.781074124934,408.928073720858,408.085636990277,408.542724998852,408.818048178033,408.863793859657,408.972064673756,408.999732822625,409.036621669448,409.010021030027,409.035781619677,408.997441362298,409.072674759165,409.004642048771,409.028671226004,409.016595337546,409.044011238875
218.993100732349,218.909793372158,194.997621069154,187.463323154786,190.36086005971,199.5190115995,202.938213169812,209.050664951728,212.33553454125,213.485951275786,215.807077458973,216.295306852713,218.368770114745,218.46411179166,218.49717601118,218.438040259825,218.476669363043,218.546992874916,218.54263043682,218.503678279191,218.54384051476,218.597634580463,218.588369436419
317.686976635796,317.722778125143,299.773906354611,289.112302037808,292.526342944961,296.868876013259,302.75669238071,308.372929008181,310.330506399344,311.82625326058,312.930887303281,314.143937987967,315.515288782941,315.607614915103,315.608814284609,315.592929145302,315.583810294272,315.601572943166,315.608008534539,315.612129010305,315.637655858165,315.624452072815,315.605404632629
333.783064995137,333.724700364219,337.504823480101,324.945439165559,330.517515746759,330.423669489564,333.851143772744,332.482244325539,332.548389209073,332.982419042133,332.022397993031,332.038068099281,332.365500079601,332.542593780253,332.440614957364,332.45128489626,332.492717881752,332.481238288115,332.500947599603,332.501175563228,332.558043295728,332.483791167101,332.531996608314
295.108591727451,295.103117421571,285.60621766461,263.079389559354,267.616785480457,273.779936922867,280.038594958883,281.207386500455,286.243081002691,288.512878313589,291.712005150023,292.563148723403,293.474922813313,293.437282064973,293.438125702204,293.465587994015,293.45572610631,293.494791742112,293.553346291287,293.4887732338,293.537305601503,293.550235933354,293.527274291241
737.406541698357,737.406288278434,727.125883599514,788.253158103162,767.846638230598,761.546399809787,758.553679554145,747.179072427961,739.05654853406,741.470605159454,738.723768870522,737.884578009263,736.093897566923,736.734460113724,736.731929091357,736.724786509178,736.702130829011,736.707526560576,736.838514647277,736.769529670649,736.804267081343,736.754025798258,736.832902373274
291.95244270136,291.950707871211,277.751086860577,241.704325716584,250.341575672391,259.051886165207,270.559104100619,279.089960927007,283.251823571289,284.948068031813,286.286992352157,287.427981493645,290.107129546485,290.528566800288,290.567728104357,290.644379496445,290.639308980921,290.641491192641,290.657978752837,290.627570620994,290.642473518594,290.597201315832,290.607996316241
372.346430596915,372.344683952194,370.044993754802,376.097698867407,372.040288453074,370.464165706819,371.41798637878,370.667563133443,371.341000096846,371.17633786593,371.156784222602,371.518476254488,371.61181205716,371.720224033564,371.765206837198,371.728159481578,371.743231358668,371.733729025868,371.721702882269,371.754680611534,371.748519528068,371.76123514522,371.785303496277
202.096599281731,202.15742231198,205.134723557104,205.14403382859,203.840482610704,202.867335408025,202.290102272611,202.037928749102,202.005369443276,201.765898321057,201.521545990558,201.433736968616,201.317779974233,201.267390708578,201.27114696698,201.289247587478,201.275704000678,201.223540539215,201.206686532787,201.230044489879,201.230209848167,201.186950239961,201.133797631137
455.981399066061,456.039703392039,417.21419280843,394.426268921942,391.285160583926,412.900399744997,423.486518339584,435.9548769107,443.17240135874,445.730229411838,449.329713274962,451.083299163481,453.39242307304,453.756249036465,453.851644071677,453.952818708632,453.991612050338,453.977370452432,453.970217818143,454.023801549576,454.068963840095,454.100820117139,454.05573740339
227.096114546297,227.038752963931,211.654885077179,211.131153784378,208.856052730397,215.36674162586,218.765977735372,220.319643961382,221.610266686874,223.194040213725,224.395979503094,224.977825293362,225.214372306871,225.327575035376,225.371216599055,225.354162588666,225.364549296372,225.321790179358,225.337295658543,225.35475766716,225.355872546796,225.349728030308,225.375594223009
280.09257078012,280.026689289452,269.220229235125,252.660562120769,254.193473539151,260.836049262431,268.292209873266,271.76226249641,273.789751873759,273.749431308385,276.740482629047,277.464091201122,278.748120785121,278.9429552675,278.920529841368,278.913949694649,278.893598334712,278.892258902148,278.921752240404,278.939520478933,278.913834484698,278.920181124522,278.934342468321
421.373715165609,421.378117546042,402.964728936672,407.911402081772,406.896026017308,414.187567619821,410.598483465195,415.229898176191,416.337475661978,416.969384682749,418.736338245352,419.141294536814,419.191892577083,419.411118247879,419.506335817563,419.498970413451,419.501011994652,419.510543871403,419.573198538317,419.617761995797,419.624091341381,419.664354926197,419.666546702837
187.66864296559,187.597552859026,175.277002210793,175.572317851323,167.868030677815,170.382429764596,172.396505120428,179.037991301786,176.734916490051,181.712200083471,181.922126487573,183.157108205276,185.15065100156,185.498641861593,185.462412668955,185.465975919368,185.523744438729,185.463700946026,185.445963792445,185.445421955194,185.483960015966,185.452182311954,185.483588146795
417.194951662176,417.161471765805,416.785482667674,429.186299885807,398.929453363531,408.21896993517,412.575798498613,410.297321911042,414.755953234215,414.926405826909,415.801911059092,415.543576209284,416.17961559887,416.246496326952,416.435760492696,416.399146100632,416.417205427771,416.457572320834,416.441253306821,416.436410280872,416.549948584269,416.557507765632,416.620723918362
509.967462627021,509.939104361302,471.129052939364,436.925012934334,451.461204161058,469.294160638954,482.163307002287,492.492363380027,495.077564642035,500.776290823488,503.573889027721,505.242715366423,507.537801312052,507.644383174158,507.679037889029,507.698742493544,507.669475825659,507.733876310973,507.687613092966,507.752547723696,507.791957218175,507.888330715594,507.787230114265
445.850356524014,445.815697047515,441.919448468772,446.134997725246,446.231559452818,449.065321432625,443.976050020792,445.673287855192,445.187633938323,444.915881109973,444.798254869131,445.022281173814,444.747494837349,444.939227898145,444.936861496769,444.950610707778,444.979328200353,444.938807929478,444.97967113612,444.986394737192,444.95227296616,444.983833975043,444.982438506797
427.63877628605,427.68013645819,421.210281648059,415.690475121911,417.298399349574,418.936628190921,420.97653826324,423.350121449563,422.70419810438,423.616635428752,424.162044552829,424.143263035399,424.802980553378,424.892291727881,424.887746667596,424.946839582559,424.910369018802,424.987363459329,425.003796027631,424.95102403743,425.048558991475,425.066424877898,425.078925405755
196.547837761074,196.506220652617,187.12603558296,179.244016104406,179.725675341024,183.47149218475,187.081824284467,190.943694129293,192.293201171699,193.861254680757,194.346619826448,194.769682973295,195.523505540245,195.598405692448,195.564518641068,195.553267925602,195.549317116552,195.640231737938,195.602179986669,195.615980016054,195.638621084955,195.621725297285,195.64422903714
300.666868157433,300.617540625912,292.073662053781,301.638360801389,289.458907642673,290.246409337401,291.984153620479,294.209821358567,297.05024141979,297.581616627689,298.527203266842,299.429397203222,299.34608858231,299.376527433305,299.491469565764,299.529071413372,299.546741345819,299.540997982412,299.553356885475,299.528694441072,299.530330719221,299.515584810621,299.569157628711
858.476708084443,858.442014268769,883.361818284868,865.971120649348,847.910841941745,852.469545275022,855.875554611676,853.397177836817,854.159689548493,854.148371734845,855.306018314394,857.060110813684,857.359871754818,857.280278576046,857.446924861548,857.451200123681,857.516233218427,857.46323494906,857.45952308843,857.49723313291,857.492442015039,857.604613074006,857.54578029269
306.056092255669,305.970570844007,294.817991934957,295.179340321054,293.49294335505,297.768093849524,299.515635174818,301.805581670295,302.354867261142,303.363253925423,303.900487607272,303.668429061019,304.16835402548,304.445576320972,304.407162359352,304.408445236758,304.437535861438,304.407869006699,304.435880371191,304.444647076106,304.419567814448,304.421700956399,304.475163779401
193.109096124295,193.100107458138,173.288856021444,167.622729605237,164.341995156689,169.735422059414,180.001360814558,183.746474624408,186.305311798086,187.777005653636,189.237480459077,190.620277866998,191.051972088136,191.347304041213,191.351485571669,191.303631495358,191.321463883912,191.336146645477,191.328501300676,191.334483329023,191.315360427937,191.318949961844,191.343994659277
387.481941901201,387.400519692577,379.855691337201,360.771154579248,349.939203149738,357.976454570018,364.160463349258,367.094118257639,374.629224062349,380.421251317946,382.011526647843,382.427916322682,384.168528092141,384.50162645125,384.447243878982,384.532143439308,384.499855282032,384.546848032433,384.484039034759,384.504110738956,384.489501786652,384.529920124145,384.650726063253
154.711431024602,154.726137003801,153.954906151838,146.982008507545,150.938646021506,148.793918030521,150.824291401493,151.550705986797,152.268545137264,152.779585222339,153.391162604633,153.184925400154,153.626008710547,153.672795380882,153.662018491118,153.700182339221,153.703288282001,153.689098079213,153.680762895549,153.697709381409,153.70590468526,153.702146735398,153.719257198585
464.334396141775,459.93959627048,465.366851839198,455.758962526645,458.616124287536,458.249863643891,459.313513968577,460.621059372997,460.72498878862,461.805171363402,462.221418027912,462.803399828561,463.423287158796,463.329870275356,463.433293992669,463.419527686846,463.440987705347,463.432468631154,463.434757489476,463.463199642594,463.449756421216,463.425501871084,463.444518920865
738.652679410103,738.652963050506,723.192740092563,758.016835176269,753.780081952762,753.643071281052,744.523173521237,740.124054324768,738.407924523798,738.797009935961,737.658369208653,738.017418257993,737.51592126541,737.409455923508,737.398732133073,737.449258235389,737.407222053565,737.377604013663,737.430686128602,737.468598185148,737.429867115297,737.429101609617,737.37858854575
127.979334112428,127.905331424296,128.028246416833,130.756533732824,128.743793871233,128.440808838074,128.423787200596,128.120142548475,127.747233031337,127.57915383486,127.56268932094,127.439801807034,127.366243143063,127.330305614369,127.338383550796,127.339986856505,127.321381326583,127.323743962649,127.350097271306,127.321381867869,127.320111854673,127.308722976552,127.32688420466
175.906196382793,175.90651143857,171.50221106194,153.322382302534,153.575774239002,159.661440453317,164.295536852477,165.497492401567,170.349603099754,171.755699423559,172.716438869024,173.244211163275,174.189823174604,174.34739786342,174.324797559071,174.335724291662,174.307917680551,174.301665851061,174.32827990275,174.284999093877,174.315626243005,174.343944593106,174.311768501937
34.4680446219357,34.4447368223904,33.4319667134544,33.7575406830342,33.9966439177144,34.2007555378188,34.0046780639266,33.9589676301705,33.8611878821094,34.0147312109007,33.9556985724681,34.085661608254,34.1416641885048,34.1450985730573,34.1319070530464,34.1313416152284,34.142003477872,34.1513274661135,34.1394311518906,34.1369564679713,34.1384801038223,34.1388341521254,34.1405679391817
301.149749150016,301.174510551322,299.449120105545,299.792632412329,302.503293833899,301.290305000411,303.005402512777,301.752610581721,299.823457369652,299.704226905593,300.111202197031,300.443827148341,299.956012117368,299.949936534208,299.859921388031,299.905401378255,299.873463581051,299.865080282048,299.900257760766,299.87589259022,299.94397238768,299.905225667197,299.925683830633
246.855682099277,246.823961588745,233.356625340529,219.10589253878,205.76220658345,218.380784083925,226.844964715158,234.069948700634,235.625772200995,239.611481367008,240.964429761282,242.797857406167,244.76831742857,244.822314994978,244.831456081021,244.860780709465,244.831580051427,244.854012190307,244.869246005796,244.807712258957,244.870339754792,244.811782063161,244.867899029496
83.0048107446323,82.9604335795611,80.4302069317818,80.3033130221605,80.7998374119838,80.9315287339197,81.4503709010513,81.6512816321688,82.0645699026895,82.1093544842628,82.1596147982874,82.2143176149191,82.3265044874458,82.3550642616243,82.3664881251883,82.351304936524,82.3497559913952,82.34932253661,82.3589298814255,82.3463841803319,82.3465234151103,82.3461000353232,82.3431963124415
159.012215294772,158.992488619258,164.568352807684,172.724008007151,167.088973557099,163.451967679625,161.055158773693,159.704553766285,158.721549623555,158.610002285887,158.252938673449,158.167092580518,158.212740960297,158.163303666845,158.169918808564,158.187023044849,158.171624407159,158.173419564211,158.149788398025,158.146008601986,158.149095319734,158.160956694321,158.18099762965
282.202934827867,282.205300586023,250.731056659806,222.930940209319,235.559547651306,247.648943361251,255.40225714532,268.343653545894,270.755271796903,274.779725954159,276.829014253062,278.700742660573,280.327536845502,280.478476366065,280.557966238108,280.595313111528,280.592343655471,280.564264360079,280.546506842336,280.582164251483,280.648132402747,280.641109379152,280.654385963308
112.143075520511,112.147661020431,108.312067182421,106.279700813989,106.092158392596,107.59149248013,108.295642324158,109.719961543277,110.320969032541,110.831285985816,111.027328597914,111.236028087192,111.534374156775,111.513838973959,111.520236925993,111.530979475476,111.521022600531,111.533160670527,111.523958434194,111.536157989912,111.524018453348,111.530572398931,111.525303204555
25.1209309500447,25.1005555856841,25.1054832316546,25.425942719312,25.1162048048479,25.0781506633748,25.0173556542705,25.0242585571478,25.0259925503134,25.0289757677668,24.9977591314584,24.9945198710012,25.0247801730206,25.0209965085323,25.0252898808648,25.0248750045966,25.0263096962222,25.0255902077829,25.0245441945217,25.0274563906959,25.0238685348326,25.0252645919947,25.0265151680616
266.027651609277,265.983157447941,274.862129233513,291.074129935285,283.828853330065,277.926425934598,269.284277288955,271.119397987918,265.724515104897,266.126206661446,264.970282664487,265.359973329389,264.166606034291,264.146787178442,263.915156984901,264.003279994381,263.939676880552,263.96317570932,264.047436185481,264.037143981915,264.030418765789,264.067666075565,264.036992197485
250.495793394893,250.469781169879,221.757987314392,223.851797817596,225.688877572012,233.31574641164,240.598081416206,241.370152552526,244.339706473688,246.922848575415,247.35650912094,247.512780117196,248.983054397073,248.993936884402,249.013732561707,249.056948350809,249.052014923717,249.059485409615,249.031574646449,249.0740497863,249.070544694501,249.080382737428,249.061398049818
200.285880467355,200.268608085666,176.665353316625,160.765466464347,171.326975986044,181.970105139481,185.282892766506,189.378599490141,193.747085585991,194.798981475075,196.584432877908,196.988445767211,198.598054081506,198.551516526803,198.50550841754,198.648125775009,198.675059149211,198.576122758219,198.627946753862,198.619407496079,198.624552321788,198.6021830354,198.545888400298
706.186557609797,706.216918834303,710.951573476975,686.539467635283,701.207210853579,703.739731698231,703.462907817338,703.183324883059,703.82905487321,703.941393323309,705.410882683527,704.673553315872,705.368773324644,705.677570945398,705.754153765353,705.655967128239,705.654148862357,705.779422788028,705.738132667615,705.727416529482,705.806974427798,705.823778064637,705.71652955154
196.82147587988,196.951917819948,194.771187121548,186.268815251354,183.428998043299,187.110247310639,190.734421507275,192.586781210856,192.946953436708,194.148709043687,195.408822575575,195.551192810442,195.924173472158,195.95293875502,195.923698930422,195.928015469348,195.936974499726,195.955810969263,195.915492279702,195.927392538532,195.9265520116,195.962855243113,195.947413359567
181.732155980686,181.736581690251,178.28148715068,176.597845051328,176.141234006016,177.013544750133,178.526697718917,179.165291988192,179.460060760629,180.129494849618,180.049850002189,180.455037136264,180.608484868702,180.671013403938,180.666147999653,180.670726870616,180.661636182718,180.678422660567,180.701409538683,180.685436883355,180.683949719871,180.657616282699,180.671365311406
349.194094058868,349.181157002932,348.958639187675,348.339436374407,348.84205427321,350.699550605057,350.040215792122,350.102131493255,350.163212665784,349.881862006665,349.96607156493,349.86960378275,349.829889682046,349.808141876481,349.853366052187,349.823979259777,349.818449915765,349.878786390977,349.843533422257,349.820548633052,349.813761558127,349.800031134991,349.814833905271
203.892564510766,203.884433747711,204.304246899438,223.647151417764,212.685817240715,213.720257201669,209.521769823103,207.742601631213,208.383246658415,204.854791257577,204.190037454863,203.558652551955,203.145754220524,202.883505058623,202.951947449136,202.972929618362,203.000721051706,202.962017214364,202.975294343133,202.970500984638,202.943374536518,202.977512027509,202.990150125235
228.188581004873,228.124995835802,223.364225663878,197.321239317414,204.471931077238,210.594497535963,209.885865262299,213.402290111787,216.831584639374,218.823828154973,222.661438733186,224.112389185283,226.075297812195,226.432886194206,226.432978844564,226.424520715919,226.478948316069,226.460251178109,226.478330734356,226.475222118309,226.513052700076,226.497341042797,226.481302486738
172.139648140052,172.126297997729,164.027300281842,157.097231809684,155.95227351482,160.098017384063,164.427337424903,166.600542870322,168.006860020316,168.603190760577,169.838948533321,170.539966493124,170.942648567454,171.015972156749,171.002268553758,171.029161902795,171.025314921797,171.019086777193,171.02204614966,171.004444630081,171.023459692624,171.031356414217,171.026703863208
471.425171987021,471.445104763969,465.696733451321,456.678999715996,458.909143972875,462.335579290078,458.06286345808,462.775682730022,464.414993794463,467.494714591225,469.068512186685,468.506555754784,470.169810692135,470.197536599019,470.240295903333,470.197634522288,470.235587410321,470.219484503104,470.245712548047,470.194182962172,470.253397254277,470.2438118841,470.241829097285
227.185409568851,227.181512282967,225.963877683608,220.595156492115,219.032652193936,220.069523777383,220.825461390054,223.043639999761,225.210696497065,225.315808080166,226.094374891572,226.124321839128,226.425321956361,226.382766334109,226.399761262907,226.406948594477,226.416482190605,226.40545448512,226.417136935979,226.40011474749,226.422517174702,226.440616120253,226.463823888116
541.223926293506,541.150788172229,567.703412358557,561.041079718856,560.781740762175,551.126462306169,554.737322064337,548.339892840349,546.309514488276,545.728647026901,543.303102660882,542.976263951808,542.409991128261,542.165403689964,542.308578486159,542.251814721502,542.352769363831,542.251503236079,542.366678624352,542.261504140621,542.346600095043,542.407442167923,542.451115084099
767.388879719007,767.328106650818,738.687152082198,705.904432288234,728.829126338405,739.193936171758,746.296617254333,752.889898626624,752.158054734609,757.788447630764,757.72180785372,758.981909350937,759.313196513622,759.718350655404,759.675645428395,759.530260745431,759.499252144362,759.53962456995,759.673757910525,759.583898023826,759.517071646223,759.485511376383,759.572645803162
333.7868320717,333.742437742649,331.069800267269,325.512765700937,325.812964700073,328.035068870696,329.239379348806,330.016448438057,330.493808504129,330.961995787448,331.829269471689,332.10272536267,332.479658657919,332.506615308731,332.500513650111,332.503830608229,332.481256715923,332.481969368963,332.513237124169,332.53654976114,332.488455807489,332.481757430104,332.482142476465
218.699125354033,218.710400056768,190.51555897984,164.009402101769,170.983669846761,181.013035867202,194.00841302216,200.850349845931,207.601850737312,210.36333908308,213.719026774478,213.709778256295,216.720491077518,216.819216945978,216.998056809616,217.044686616759,217.002621362739,216.986796935772,216.998699319994,217.039234942458,217.052172413584,217.081431112452,217.132384811259
148.036918562978,148.074751467308,144.553672999159,150.145530060601,145.13746968382,146.71530590462,146.911399438381,145.915772697952,146.245515830037,146.432991951939,146.737885854134,146.948146042285,146.842570219074,146.944734558935,146.983391585732,146.95564870945,146.956328712976,146.943351546349,146.965142085857,146.962852007883,146.979022378559,146.976840763391,146.978978903526
226.086085663568,226.017888409719,227.593325221967,233.708337066431,229.625385631574,228.473707832631,227.140621557372,225.342829734885,225.185316064615,225.245329517693,225.168604247445,225.393813391015,224.960942498467,224.787080470752,224.776797618193,224.803444599121,224.819966760847,224.760726748549,224.764706450078,224.782154253738,224.744685187263,224.753137366323,224.722622676849
350.71603428748,350.676067953599,344.875466436686,352.001924894261,348.56645199221,349.412824450879,351.150493367882,350.558185073201,351.235764910878,351.035350472626,350.815733616224,350.753730100788,350.358957091982,350.401657265312,350.418484187784,350.385475359531,350.433441753377,350.426312888723,350.419040630507,350.438082694722,350.426866417451,350.406629262716,350.422145348608
272.533489527205,272.47800515885,267.441813238533,269.786123256871,271.316585626562,270.815599968402,271.263857673597,270.941418903049,271.095641344692,270.900074477273,271.167080449429,271.16896675816,271.034684986945,271.050579317508,271.029395688903,271.019605683292,271.038772361808,271.068867714698,271.018619635297,271.026105228955,271.017448964093,271.058211045515,271.085315172303
257.936234562097,257.865470157866,239.192115425463,234.965038407667,233.517472832516,237.627908926117,244.388510411812,248.149292534398,250.913921233039,253.017258849638,254.824425253472,254.217504669287,255.990052489052,256.103251173027,256.044971045007,256.064984324466,256.063867258618,256.060438575325,256.055802154924,256.030964396188,256.041552242703,256.052419195798,256.003808159305
223.72339490602,223.707747295847,219.000270264688,200.267593235832,211.08125957738,211.048582235446,216.080987944832,218.544030147053,219.658663298701,219.625835550189,221.072778144844,221.162645993613,222.165381536923,222.148447763683,222.160630549791,222.182417030352,222.142840370784,222.147183315956,222.118112772844,222.151112339088,222.180023606743,222.157321352915,222.193300160208
210.505173358709,210.473477658873,192.193534109393,194.5848119843,194.447676746659,198.828692626573,201.551708345951,204.91328923865,206.021157237663,207.060087470509,207.626599296906,208.112332912151,208.737210281003,208.846778061399,208.853619262733,208.80086330604,208.817697879831,208.78747460342,208.808720777173,208.790889377383,208.742921674637,208.709303001278,208.691560136629
458.531393896859,458.490844527333,419.976808241638,395.232375430335,425.627815394611,438.381927250104,444.06230434386,449.741682832774,447.627950173905,449.6744117764,454.830979549362,455.200618860227,456.218336888155,456.26280738357,456.691146415116,456.712242636144,456.700564025922,456.717980413758,456.621689025519,456.665405954753,456.698285950379,456.715367489797,456.778483637085
314.068751811688,314.068845897031,311.968754740437,300.883480388574,304.148473738739,307.653783368098,309.142880398447,310.617402899639,312.005757194178,311.985705210852,312.542454551927,312.819936614889,313.087366168035,313.188682953441,313.212751741609,313.234011590248,313.209659288869,313.243448769319,313.238863409635,313.227700973922,313.251884405612,313.230322914248,313.235137984666
333.823744659498,333.832150937839,332.392399467156,331.140328574934,329.738012326105,330.020139771388,330.258654642719,331.539793246168,331.998260048533,332.149829839682,332.363379475967,332.533551414245,332.947994151967,333.02887365491,332.952193541451,333.031122862738,332.97892060382,332.982535123496,332.99038910093,333.008416814427,333.010566715813,332.999177869893,332.985431063202
128.555712391449,128.53648813651,129.394923247043,133.905004536372,131.231040921217,129.580564740615,127.511760727414,126.922403596194,127.164470440421,126.814951634865,126.733020183438,126.791691434101,126.908123781895,126.920282695705,126.911038909538,126.929013301582,126.956369697425,126.915977706182,126.912343495151,126.895100307972,126.946426445881,126.943874698897,126.96873011772
233.908396500013,233.899541114779,236.41958430859,243.43968020895,250.205291724656,240.147242276458,235.132212346332,234.48144501362,233.418865758334,233.152761669389,232.257879892689,232.039325987608,232.033584339839,231.831366015431,231.877284897322,231.793621928443,231.839850875257,231.761676348974,231.774780100816,231.765345061698,231.677942252404,231.605408415082,231.595124243127
558.881559482906,558.794569565238,557.764924435395,561.935448762643,554.056794058836,553.32816055571,555.489873614913,556.551399692328,556.483596324491,555.060701257238,557.05328609607,558.516899579792,558.448320727713,558.614011142653,558.582318819981,558.624101925115,558.64417169346,558.645305512132,558.61410548904,558.664810958459,558.737453407682,558.719575417828,558.710329300263
349.728596775014,349.730526193345,345.778001653015,339.019383634917,335.954170649591,337.286967392184,343.312244756315,344.657491667862,345.641591163027,347.133299285213,347.255798035629,347.339112585646,348.094706386065,348.149716289144,348.16417431832,348.178468163324,348.228599883416,348.170568886516,348.219317466764,348.267211513367,348.245122218791,348.260179983989,348.206702520779
96.2519119022037,96.2682919280293,95.8504800645845,94.6509015584458,94.1451769511071,94.966148197554,95.0528871314848,95.120630337554,95.4032493533186,95.1878010406293,95.4006047982972,95.5079840914914,95.5636670663264,95.586520032692,95.5867854578568,95.5504681243193,95.5500657128474,95.5669444579348,95.5648078127571,95.5593126528291,95.5672383210217,95.5597944280018,95.5780223241625
352.420638951851,352.432631591561,348.138642736804,339.633804645632,343.147452654298,349.573587989778,347.643707629985,349.732703608335,349.059264577549,350.828709395756,350.348559093743,349.670700159843,350.828040843017,350.942301438334,350.957752447647,350.889912844687,350.949336325702,350.961077803201,350.934617925189,350.964774436111,351.014927904382,351.046383264841,351.093043165205
196.213846520809,196.201854756014,194.465463332706,198.442069989404,198.030063216813,196.126352137697,195.871294686255,195.177084349707,194.685623510484,193.821307392084,194.139046151085,194.236526744514,194.158669228705,194.200451245718,194.193983932779,194.167931176519,194.172437780657,194.200026465333,194.155567006817,194.14122851753,194.176267764322,194.166576275366,194.154115376705
284.240347024098,284.283753468251,274.720310699891,280.16258614712,283.535992996254,286.630960767101,286.539893028094,286.919639421945,284.729814097602,284.109334400541,284.500056433003,284.425732740274,284.880710931541,284.853023586879,284.832150419193,284.8700592578,284.876445184888,284.922818455465,284.95427162349,284.887031775941,284.91343463284,285.040022831816,285.085309465852
639.078316137272,639.016598196097,631.84153078424,637.446523163858,631.571416994542,637.263720728512,640.153672199576,634.922043248182,638.485851066799,634.773898991148,636.864951431365,637.136694227531,637.963633693236,638.279244243602,638.244999225713,638.325925593037,638.349439007944,638.365695052431,638.307142894689,638.317675009635,638.322256303317,638.325926335358,638.41038924428
173.475891369016,173.50785415279,164.475269179677,148.045597561014,158.027026070306,159.126662686931,164.042105458267,166.453746942177,166.196839130424,168.734093301501,169.756746532127,170.764856743989,170.975532000721,170.967763860837,171.044457030558,171.082416294321,170.999754156581,171.032634264667,171.045481864013,170.953861892068,170.944300030623,171.010671818029,171.020933076409
343.879404541014,343.847196179819,332.806402650721,325.648569780492,331.327549409295,334.610160064393,337.214794959055,336.253343638639,339.475351892053,340.865908458067,341.898043947036,342.217157672517,342.899809578567,343.018535428327,343.02026211722,342.977844595581,342.940029816825,342.970525847474,342.987779289673,342.955229996855,342.988917599056,342.938516853366,342.916089960662
109.878472897874,109.912614866476,107.895233209239,107.908621159363,106.894255433514,107.646735259189,107.966540905744,108.662344221932,108.97134596982,108.69992266848,109.146296587868,109.228425756913,109.267458750597,109.29000742081,109.311416072291,109.306522758043,109.306568321168,109.305752801234,109.287506520899,109.311864605662,109.311762033547,109.296235163191,109.309761634204
540.406001308205,540.345306251413,555.828194833997,581.174359414674,550.934924966419,541.050401294768,540.769296732896,538.883392824759,540.763781019661,540.734641494666,540.453281197641,539.376438459653,540.915119137438,541.190591990975,541.216528567173,541.262505067509,541.23941552852,541.239805336977,541.236692295061,541.246778764475,541.246109049667,541.29116381852,541.235642009191
395.285420092556,395.313887711397,397.921973952479,382.029898586111,387.20861002378,384.533197301554,387.470890760566,389.696285668065,392.14107445214,391.57232164395,393.332959825589,392.706335601652,394.226736552812,394.200430876889,394.250606042052,394.277190390286,394.309806351859,394.249552538281,394.215554482376,394.263179458329,394.231226180572,394.24350571629,394.327935719469
429.238790749081,425.435926435381,416.141533635493,403.077564808512,404.713556228097,408.11506433041,418.734444451836,419.977294075809,419.707236476024,425.126517802537,427.04761316605,425.659741228316,428.622782929822,428.706806021795,428.774156540187,428.683517924671,428.774804953737,428.790081208287,428.805040060293,428.82638718955,428.72607358491,428.914705994011,428.825728724199
282.451623162103,282.428899242314,280.684893171488,290.655605733449,286.663821936105,282.361391130109,281.95477656063,282.373193056486,281.569245361947,281.20700235088,281.373505359774,280.919993141215,281.170489332814,281.293725632805,281.336229241985,281.335282494272,281.278000203992,281.325048604776,281.295939230026,281.294579861929,281.302427699264,281.291382990724,281.297324269235
