"V1","V2","V3","V4","V5","V6","V7","V8","V9","V10","V11","V12","V13","V14","V15","V16","V17","V18","V19","V20","V21","V22","V23"
71.052179795081,71.0897890791176,71.1181772409123,71.1862816719409,71.1875766803916,71.0415440726344,70.8367215949201,70.8909871591358,70.9302782328494,70.9877314984206,70.9469792071371,70.9444901756275,70.931060476264,70.9192103497872,70.9101114423483,70.9535135248111,70.9549208988347,70.9007420902163,70.9451859571821,70.9480506063254,70.8861020415061,70.9074914947398,70.9180151564988
98.3495446543986,98.1841982573871,98.2429099029108,98.208075405084,98.1789720984437,97.910841448505,97.9042976107995,97.9295839770482,97.9385770867278,97.8788300740357,97.8695995359016,97.8525453440176,97.8694561480136,97.8678444949875,97.8631211963719,97.8738880474314,97.893183184061,97.9181953802145,97.8955418649843,97.916036681105,97.8999283314711,97.9387507524524,97.9645734428601
53.9075544714447,54.0354249530612,54.0328265632275,54.0049365247904,53.8867202822668,53.754448280754,53.712038880204,53.583155576394,53.6246777490326,53.5015285282726,53.5700465043732,53.5251334000099,53.5000528148015,53.4805687374225,53.5104592613891,53.4618528492885,53.4537653676743,53.4938802290034,53.4536023542466,53.433266439282,53.4220707160387,53.4166053722245,53.3742784061303
62.9726212188476,62.8630825284235,62.8383352964413,62.9099929994016,62.933682085794,62.4734251084241,62.351712334102,62.3801548121339,62.4069879307936,62.3507648116811,62.3151717830693,62.3325463890456,62.3196734951504,62.2826851298563,62.2905097893648,62.2893415176254,62.2731072378459,62.2682486111929,62.2322033991412,62.2561089899746,62.2533694185918,62.2689573279915,62.2542068218462
105.13915279997,105.150499157377,105.170954625979,105.191924585816,105.185897683508,105.111473062163,105.141211173202,105.117089353698,105.076213781982,105.12108779518,105.11195078211,105.063377482321,105.075735159443,105.050947346626,105.027811552691,105.037432935361,105.042007254148,105.034804509516,105.032054865083,105.030807389916,105.01005642119,105.028030231995,105.02338356358
95.1533443828652,94.9429508047967,94.9592421998777,94.9494846971636,94.8720061264712,94.5814828524385,94.5206504534804,94.4242294092508,94.4299745111202,94.3294396049621,94.3259011088269,94.3512746130691,94.2463566525056,94.2582205050224,94.2877415251579,94.2087447068193,94.2557543228113,94.2248483941919,94.2366871777524,94.2359081238463,94.224593412018,94.1923845490455,94.1741670258432
176.043099303994,175.914968390828,175.875802180646,175.881890374409,175.783361221747,175.67530618738,175.628982401498,175.472043625304,175.605341288778,175.464337175975,175.530097018784,175.53842580649,175.487739070616,175.48491198278,175.498260036863,175.473056002519,175.516977869481,175.471268961982,175.484626478568,175.511089051219,175.441970416749,175.500503129601,175.457350405558
107.041757596551,106.760593409191,106.723539711957,106.619006844626,106.629605349961,106.414669485013,106.467438849491,106.377655878033,106.44416016829,106.493876486656,106.440683606318,106.409037534474,106.424326080727,106.389867650058,106.388071990458,106.395187486507,106.337321865319,106.364563561758,106.3881951162,106.387656472436,106.35462698548,106.345892147722,106.371522231908
126.295412178853,126.334536543757,126.330879074104,126.284536509171,126.414920891112,126.309707456727,126.126353111616,126.164555239326,126.175590903759,126.155086282889,126.126701479108,126.147033187829,126.141147022966,126.107360876874,126.091314811703,126.093647318034,126.09606363581,126.088091227505,126.091601050148,126.08495786466,126.06386515043,126.012303679413,126.05167948486
103.370379828508,103.472689884474,103.335402368826,103.384436154931,103.346831272723,103.34744638495,103.36281137495,103.271797085775,103.312705550199,103.292262698658,103.251775147999,103.239308354831,103.227573583431,103.247306328102,103.236058026782,103.224114175916,103.2645452628,103.263514757046,103.234636406126,103.270265884571,103.274630917552,103.268667705074,103.283656628363
30.7271676100295,30.7254615094861,30.6928231881173,30.7444067484319,30.6564476274527,30.3072660410535,30.1509468859481,30.0951838943198,30.0492184313916,30.0590486647473,30.0184516505456,29.9666245453559,29.9477069582799,29.9533416332992,29.9098704207596,29.8857712506296,29.8577627012029,29.8514831538719,29.8682273987145,29.8382145096355,29.83549634776,29.8128586621045,29.7855329782778
78.7237153602933,78.7778440276985,78.6469877399022,78.7374782639447,78.668996974221,78.5820978374043,78.6824664811677,78.7179134234391,78.7456111550538,78.7322977389575,78.8391148493841,78.9051655331549,78.8378938415017,78.8594478799417,78.8578347474402,78.8779633836585,78.8708388638789,78.8659766505307,78.8424727853355,78.8493800915735,78.8518013144568,78.8249913061154,78.8639620414573
92.6305573556261,92.5758946453657,92.5091073619644,92.4940884381097,92.493276694945,92.316894861079,92.251588798211,92.3012083571764,92.278725084934,92.2460495338409,92.2234398040114,92.2082054568977,92.2860658439041,92.2513192116438,92.2010782113189,92.2346534819443,92.1989587960308,92.2283933241331,92.2194612027413,92.1879502103548,92.196363098223,92.2176659668803,92.1500227015133
150.915056112105,150.665650188326,150.6783450833,150.74085062512,150.819944625179,150.444065108296,150.550256109612,150.677411014666,150.639163869505,150.637101549061,150.59652997224,150.626031322135,150.535421654716,150.583575456984,150.531621824165,150.542083415321,150.532465336341,150.543313381663,150.471389360947,150.519717447533,150.537982635365,150.456286525866,150.507158765534
85.0230249671059,84.7767862644697,84.7485338747575,84.8420652550834,84.7994319806747,84.642700265116,84.6158701281925,84.6519717407272,84.608561561918,84.5962284957286,84.6289267150912,84.611168997947,84.6638237220133,84.6699290098728,84.6217899275927,84.6175103567276,84.6485758188086,84.6927475408486,84.7094586025149,84.640832975776,84.6737092535876,84.700156995527,84.7180582634654
78.2049969072909,78.5025875938086,78.6310159644254,78.5686385653423,78.7628386971091,78.6402027313611,78.6886370717491,78.6637133674281,78.6896730943698,78.7131394364716,78.7461533628079,78.7208589452053,78.678120957622,78.7230416382777,78.679640227743,78.6409252841615,78.6792070963047,78.6598051611837,78.6481947879509,78.6343632944625,78.6585269105305,78.6296325933087,78.6289448647453
77.5195501750423,77.5153685160904,77.4968211650981,77.4987350060308,77.3941462279743,77.3795232970308,77.366976308437,77.2840406333314,77.3426257050995,77.2934678885623,77.2387423139453,77.2639626160508,77.2641853292002,77.2230951369122,77.2094351561923,77.2136661839087,77.1967282942602,77.2236432545902,77.1808513621569,77.2002664912464,77.1778214002715,77.1428709240066,77.0841773892874
144.081894690438,144.309624419368,144.312888114561,144.307864333897,144.402153160004,144.004319855535,144.068812527791,144.057686091621,144.032902373739,143.959518205846,143.996669803902,143.95322148253,143.882995001675,143.899723527846,143.909435194177,143.977250474292,143.922097482337,143.930143465835,143.93997096412,143.93135446116,143.88547142663,143.911169944522,143.917130030297
27.853425974769,27.8148096196185,27.8121995232846,27.7834040110371,27.7926875540735,27.5994259657468,27.5944757748549,27.5894821858987,27.5747903668152,27.5787734589144,27.5576317087285,27.5406584989326,27.5775671925308,27.5542169203475,27.5643901211025,27.5612115996535,27.5621613963879,27.5525837058283,27.5720674114344,27.555235833652,27.5575325745034,27.560352022347,27.5536785497777
105.242011804826,105.151088607923,105.132179997405,105.118670804601,105.037806521392,104.882176097156,105.06081220409,105.184242714586,105.370449375225,105.347455904371,105.297685312676,105.290344153205,105.414312226097,105.431285749822,105.444910480844,105.462948753487,105.464879705935,105.495616967624,105.477410680879,105.493418770403,105.518874730638,105.546944043378,105.560188600111
114.57682765095,114.475887711313,114.47609085411,114.410781908313,114.57981452238,114.369811510158,114.298557038457,114.347157035462,114.335618176968,114.347384377616,114.323480955504,114.301136475081,114.301085426966,114.32831375374,114.302562796897,114.334755090887,114.331638231141,114.305954315876,114.322714436112,114.333612266138,114.325196933929,114.330028334352,114.291817086472
90.8421917003065,91.1094413199638,91.1719378480032,91.13658448352,91.3265022053551,91.0491277966748,91.0078562422158,91.0469219836201,91.0268960759639,90.9659941356665,91.0070511259629,91.0620537811091,91.0795441119525,91.0343058628316,91.0808568602787,91.0825417585708,91.0492398158748,91.0927846006929,91.0429951596104,91.0677019051189,91.1317697974571,91.0662522949362,91.0642432464804
77.6730094000137,77.5826157202429,77.5316355944404,77.5801490146687,77.5378958289955,77.4010435575646,77.416150451033,77.4220948716641,77.4335168736072,77.3195991471045,77.3709874169401,77.4090148823573,77.391964563404,77.3546653229195,77.33876638718,77.3539779870417,77.3309740466911,77.3359939761866,77.3459481119698,77.3222964191023,77.3326849157096,77.289197063356,77.2790734109484
93.138635659384,92.8835395053027,92.9143463165111,93.0358194418911,92.9318843394773,92.7911526190718,92.802679671035,92.7825538049539,92.7474138732688,92.635056554886,92.6883059752571,92.6561959502438,92.6488322822342,92.6327146820181,92.6340796156299,92.6095348876465,92.579369013481,92.5946563601593,92.6207253579538,92.6227916904105,92.6052823113579,92.6013189348424,92.5809436761224
80.9765212952176,80.5290182299113,80.4968111449789,80.3965820532268,80.5443845003628,80.3663631744247,80.303209503622,80.2363259071985,80.2524254724101,80.186926962918,80.1953125865669,80.1398083407451,80.1010883965341,80.1508367554526,80.1402182545939,80.1119771314759,80.15618776676,80.1356514857682,80.1742183500619,80.1418393362657,80.1037332215759,80.1391282660716,80.1174232710189
89.2647326454555,89.426077885352,89.3722240496758,89.3668396494056,89.6278890678181,89.4154357965232,89.2878993516259,89.206120363537,89.2542089568822,89.1725823551177,89.1933485231081,89.1442540713043,89.1580293493481,89.1067913466072,89.099650554402,89.0565005368402,89.0546677503586,89.0502442818027,89.0576210975532,89.0588379246817,89.0536410164597,89.0077359813665,88.9847500442209
184.487495225191,184.404874328164,184.450938591292,184.410761804861,184.522667441684,184.252447038129,184.097678502479,184.044278474523,183.972581138441,184.019417659937,183.9804674458,183.990891023602,183.956639074,183.942793219321,183.94700493204,183.919952393368,183.949539884005,183.950539181251,183.960719193117,183.96097837648,183.965581153142,183.983728262492,183.988705963619
92.0565192429091,91.9192073342336,91.9815024861003,91.9987719002158,91.8926614216558,91.8547601808589,91.6858043828186,91.6699363407263,91.6537687466989,91.623877993211,91.6477100193949,91.6783999521735,91.6580581255404,91.6019394484351,91.5727998012337,91.6020965817032,91.5891567527153,91.5911107652835,91.555411407914,91.5680867597456,91.6056856174683,91.5379799762979,91.5788817716825
80.2917892473758,80.4479018999464,80.5259055391873,80.5580697607661,80.7103053005734,80.5508576646077,80.5491368062675,80.5022681020091,80.4170837391172,80.4856825362576,80.5007795409294,80.4760653981625,80.4294490804945,80.4780111852141,80.4966242109724,80.5095853204772,80.5039125243872,80.4816064877546,80.4935241783688,80.4991127769733,80.4968350008709,80.4909388986424,80.5146763290199
28.5897001062778,28.7775410949648,28.7688859900666,28.8192370870267,28.768423055322,28.6295397271655,28.6139429913283,28.5508473341451,28.5653323291831,28.5700682355714,28.499523003457,28.5347136590651,28.520601640048,28.5605273365477,28.5479422988603,28.4965890995172,28.543378843973,28.541523072377,28.5196528007578,28.5519417950857,28.5666174103903,28.5383109877665,28.5922743750294
147.329170998689,147.293964162204,147.270662364886,147.332009888824,147.406929900479,147.303854743337,147.298082460434,147.296835599612,147.326471811379,147.405856755542,147.434618770529,147.389455397909,147.410026814184,147.417570525948,147.424453899518,147.424477924275,147.402095006323,147.384290076691,147.403010496008,147.417845635923,147.387432494656,147.358938924629,147.314763402796
87.508056858557,87.1405214429299,87.1596235629438,86.9563463465443,86.9555916012067,86.8452660455879,86.9302886163779,86.904898654008,86.8786400404499,86.8923495910441,86.9300808348472,86.8852571093283,86.9050397162501,86.9351703818078,86.9174281146782,86.969201982159,86.9673355084587,86.9833773803494,86.95324403644,87.0062164897776,86.9625400228159,86.9768433199205,86.987374264449
50.3146736534863,50.4501217638428,50.3687655229276,50.4154257486031,50.6030059451057,50.0390541752685,50.0832025913363,49.9566041365483,49.9786354692582,49.9660246060276,49.9600884266491,49.9366650456519,49.9247154621223,49.9118943578991,49.8860656944272,49.8942727009204,49.8761518059609,49.8657105984958,49.8642481572138,49.898545643206,49.8707639926468,49.9056827984884,49.8623891349814
139.480476497645,139.563707130129,139.575122827056,139.588409876629,139.593208992864,139.411078341984,139.519632674203,139.471778722704,139.48707355834,139.544446847106,139.596112624822,139.610924436964,139.562927525712,139.533974961502,139.509720384834,139.502622580476,139.469439665869,139.451278135712,139.473650783956,139.490501114523,139.444046403149,139.389183550709,139.374933231154
69.5608893712086,69.4966683525876,69.4961957354319,69.4309953256402,69.5789537481375,69.3220895098816,69.2813940267305,69.2159246331551,69.1975203333302,69.2271920967645,69.2619691010194,69.2980521729246,69.2050927037939,69.20171690527,69.2048389669036,69.2428792534419,69.2175054553034,69.2085913357727,69.2078097145442,69.2131171619705,69.2092826090513,69.2072212917525,69.1730242493383
101.348590325299,101.2989254686,101.365515910924,101.363145757451,101.331594176161,101.15375512013,100.968034071447,101.012820353461,101.039438318276,100.990855147973,101.055382095228,101.041571778038,101.064886048068,101.062335405105,101.089364972633,101.07733290803,101.072793313125,101.103367727622,101.079584435863,101.089424039912,101.144175574833,101.109837565016,101.146225872435
141.413616596596,141.474585948838,141.470244726756,141.483825065266,141.562925111038,141.053589292431,140.998477926216,140.950899100862,140.969514482974,141.027773524558,140.907140116914,140.935095143894,140.918738753802,140.914090379058,140.902979623873,140.92114518974,140.923298607796,140.948903465938,140.940770284413,140.908894127405,140.924054961082,140.898602697391,140.90433078497
132.416304235496,132.45629524993,132.355420502954,132.376865174403,132.392506791445,132.171408833291,132.133645336902,132.117190386327,132.143246504513,132.101866385433,132.085107126479,132.103246150129,132.093967409234,132.08251901999,132.079317386837,132.060110435067,132.069585653847,132.062016979913,132.08141099012,132.035153890419,132.023894948086,132.036399112216,132.049639917196
133.281927769864,133.289164827013,133.323001203193,133.270201511638,133.265766369353,133.052381586001,133.097034734743,133.152807994304,133.148468083625,133.102890901225,133.158431910327,133.153464615853,133.16037550464,133.168869180948,133.166170697291,133.154726079564,133.111171102191,133.149721590892,133.127881752776,133.134148382053,133.139407961005,133.127575940842,133.136972404854
60.4906416077941,60.4577516474721,60.3895618194018,60.3899326817118,60.4318919310185,60.2083548095723,60.0836831234912,60.0071310393703,59.9977157421989,59.9698749887056,59.9428042056313,59.9799554878371,59.9294279777874,59.9202042921962,59.8922288061502,59.9040974642114,59.8857681851607,59.874704771861,59.8905642855723,59.8722689529589,59.861256977377,59.8819953819784,59.8597097805344
102.339127739742,102.489310618685,102.459855609031,102.451076995084,102.387389322753,102.282837243542,102.263991949714,102.279011048664,102.245876730771,102.272803978388,102.252495721593,102.260480493365,102.267653318297,102.250980494963,102.237071537587,102.226925532595,102.306634590849,102.240330635534,102.241792160602,102.233909025805,102.237682606082,102.234184303313,102.269383364752
158.960156559428,158.817782649953,158.868734396635,158.840215000075,158.828498517056,158.611711139236,158.727968099639,158.641969638992,158.523617385639,158.604929958798,158.576874799779,158.547774754873,158.646912671511,158.581098858057,158.579850442502,158.604971515344,158.614357349249,158.622003435979,158.596101738729,158.633482894984,158.623488304076,158.621765507629,158.66337984512
79.5542409189877,79.5346960985663,79.4489449924965,79.4930147958348,79.5791660589401,79.4288271325175,79.368652432861,79.4084849025433,79.3310573680902,79.3788419105839,79.4079600137252,79.3399414744346,79.4141012436102,79.417943860752,79.383511267924,79.4601180511135,79.4381998829307,79.4379245396794,79.4178858172803,79.4828145854877,79.4165001627422,79.4465592750351,79.5119464295596
71.5308639291305,71.5847788184374,71.6726378013931,71.6439221955397,71.762954351361,71.4710420680893,71.4466939549029,71.4705671147095,71.4122034682114,71.3472747582539,71.4216727777381,71.2938946092313,71.2789827291405,71.2611804522672,71.2731532902344,71.2626296460323,71.2848518356171,71.2752112915132,71.2369619086821,71.2321489838016,71.2031016978915,71.2089831671124,71.2025258214465
106.380220388702,106.464986170184,106.509047167845,106.493619853572,106.608332829918,106.427124722572,106.33627090329,106.313127743034,106.360884739006,106.321235612174,106.394757638499,106.328561238381,106.300293820111,106.302528506028,106.314691357761,106.319572993409,106.285571814977,106.327858991509,106.300564850947,106.304043998376,106.300546982587,106.281754893823,106.265624007012
58.7319630643241,58.8218548027543,58.8028961473219,58.7776333342942,58.7957421806312,58.6714275865871,58.753203177001,58.8112425222325,58.7410172515723,58.7000576131309,58.7164740184272,58.7285530864055,58.6944189905086,58.7042608483551,58.6913861635256,58.6664056135968,58.7169990459202,58.7494015485552,58.6927722073817,58.6842321305016,58.6735136448861,58.7006067887576,58.7163429179987
110.702131470419,111.045204923646,111.027597505004,111.076304984057,111.252732360772,111.027782944856,110.959479976629,110.952361255667,110.990957137918,110.985662061467,110.949936026498,110.958357328,110.942529179258,110.924118784391,110.980119252973,110.955787071408,110.929321294941,110.941709027969,110.959345768343,110.922797680338,110.932895623947,110.96951034789,110.964318621856
176.547835646096,176.576921696189,176.539898302599,176.438337224931,176.539802168863,176.372236666428,176.403355090332,176.349174684577,176.438535717193,176.422642940585,176.437828008429,176.393960830551,176.41826377592,176.439072409463,176.43869391173,176.447696454918,176.474855395149,176.446134131626,176.45474222489,176.452409700748,176.518281911092,176.484755176524,176.488370944522
60.1980524700862,59.9999701664396,60.0573826601955,59.8780767375291,60.1930605325615,59.8380081194596,59.7867580909472,59.7304932660213,59.7633212736821,59.7400843553909,59.7762477743298,59.8039781154803,59.747110571743,59.7335499445873,59.7507366757498,59.7487713430349,59.7298673958101,59.708217643894,59.7135178387876,59.7143138430008,59.6795539258622,59.6920751997281,59.6732022132352
77.2662237206017,77.2156444673704,77.1557647467883,77.1896920053099,77.068660763802,76.616841540316,76.5581729711461,76.3958501927741,76.6089504057466,76.550349473759,76.6092528407287,76.604986648108,76.5604852384778,76.5178564470267,76.4944137216394,76.4357356106689,76.4236979846052,76.4470797576811,76.5140649140117,76.4957630514862,76.4922256417533,76.3760022283812,76.398511186024
49.1034215476159,48.9122189679143,49.0151360302934,48.8517115959493,48.8111364278607,48.5970697996747,48.6619124592237,48.6673736194162,48.6479652504129,48.6373729329057,48.5854662053944,48.6265145406424,48.6122000451913,48.6108427320797,48.6338999045478,48.6092443438013,48.6145614895414,48.6309093763171,48.5879298732531,48.6001325369985,48.6375243645221,48.6365271412808,48.621699776647
63.7226173453228,63.4727329787848,63.4970435044206,63.557155186366,63.343141169983,63.0648962903683,62.8730533313343,62.8659368745413,62.7044175841426,62.5330955793594,62.6925195864072,62.6961057942023,62.6235271099452,62.6890798368974,62.6135417187153,62.590883788935,62.5868836791617,62.5641258253581,62.5918894784685,62.6007768326369,62.5600577133959,62.6146820195871,62.5483800849651
71.905403833685,71.7496268369663,71.8288335941964,71.7612396070434,71.6846930269932,71.4350616487948,71.3837792303566,71.4434083621295,71.3891340325984,71.4217254430436,71.3179828080035,71.3162492052052,71.3934212273411,71.4174214252829,71.3861505810733,71.4253748782334,71.3835592837918,71.4027002072277,71.4052527657405,71.4055283048213,71.3863035165351,71.3806254856908,71.3939794041633
45.7090178512472,45.7095370811546,45.6931130637749,45.6853994630677,45.6479779464933,45.4635471876295,45.3911973814323,45.3598559129275,45.3390806076643,45.3469882134501,45.3215248436043,45.3168370379465,45.30893257933,45.2935905140233,45.2569041005308,45.2739986974502,45.2655113458133,45.2327717237519,45.2817988596199,45.2455444686108,45.2592643126497,45.2204546281707,45.1779672049895
53.5870989892499,53.2896260721763,53.2161352010514,53.1587448754958,53.1752964902052,52.8998111523601,52.8446360238583,52.7820297792506,52.6935757667444,52.7627453194856,52.620902048435,52.6492956466127,52.6200764284517,52.6639044002211,52.6310735778774,52.6485300192104,52.6252873332365,52.6086286409166,52.6187332457668,52.6174285366312,52.6046181240214,52.5414166110332,52.5886213085196
85.3046378409466,85.1367531664275,85.1796247129335,85.1244477545839,84.9904183531017,84.6149871754214,84.5952426197995,84.4556991847239,84.6042501006089,84.483004983133,84.3949885448727,84.399760504462,84.4015972642998,84.359424410342,84.3239739297106,84.3437798009749,84.3614321377837,84.3970232730752,84.3871661690383,84.2987715452885,84.3189233712506,84.3354665681035,84.2875149235105
64.6492667176468,64.9387728614347,64.8829115882834,64.973017062214,64.9733144470794,64.7587282786382,64.7502300242815,64.4989845864364,64.399684977976,64.6060690755133,64.5639674011026,64.5324090977565,64.5123430540599,64.5408406403372,64.5455472038069,64.5220335176962,64.5137956512282,64.5272642367227,64.5558908226894,64.531298297557,64.5204652927011,64.4973171072426,64.4815090140036
39.3215620581555,39.2159856840972,39.2366327506558,39.2288312334635,39.2118116143742,38.9256848415336,38.8719159152083,38.8717813535492,38.7523013471636,38.7715168526589,38.8289957556001,38.786606244165,38.7660212604044,38.7847524973756,38.7475789845379,38.7270589874255,38.7381660433167,38.7229984265858,38.6914567451289,38.6897567852606,38.6913525346669,38.6653301140867,38.6627046093894
68.9562572045622,68.7920482101409,68.8325267729039,68.8214150758043,68.8077876095453,68.6371653680317,68.5374062489183,68.5037791644345,68.4493155024158,68.4184491466819,68.4145270784531,68.411965992286,68.3649075245978,68.3579456851164,68.3574909684609,68.3405588310411,68.3766275564127,68.3285823910332,68.3584059793283,68.3881452210853,68.3727385866224,68.3412891638703,68.3543666136022
51.0935242012917,51.1859489891302,51.1439188978909,51.1683265257441,51.2411365925858,51.082457546011,51.0089729824729,50.9498191715532,50.8944598616685,50.9312049766734,50.9099820446348,50.9044101322282,50.8762348864408,50.8784244638139,50.9004219720518,50.8921591015428,50.8546584663804,50.8889303310483,50.8837802964712,50.8811977388434,50.8840368936102,50.9053527345363,50.9127977303695
48.2376867651586,48.458555850233,48.4139082007319,48.5271177076664,48.764354691331,48.2918627643246,48.2017392536355,48.2216233648007,48.162684899365,48.1819669858103,48.091379620305,48.0648846255564,48.1015282166505,48.102299887921,48.0665530093111,48.0676289991086,48.0403757524625,48.052064643365,48.0569168555359,48.055859773109,48.0742255086675,48.0427170362443,48.0620015466215
181.372989398787,181.490178204147,181.583678681892,181.631373157215,181.623143037432,181.303482676394,181.279839303316,181.165989216265,181.093057287963,181.182707923818,181.104215277266,181.071410175153,181.059563139521,181.076471845908,180.998579683309,180.996366843599,181.043373669449,181.059826192973,181.031795457373,181.015380688239,180.995353417267,180.996424856282,181.013524071025
44.3268402340435,44.0516353764134,44.1011529766929,44.0940606769928,44.0677140642266,43.6349092382904,43.6708233299844,43.6879560408299,43.7033699051514,43.775742552527,43.77220044852,43.7878718322734,43.7693881385635,43.7208045792441,43.7347663418639,43.7251740178955,43.7340050931399,43.7108159062264,43.7090997896222,43.7432707506486,43.6931519463227,43.7179198695083,43.6863982152407
43.929875961501,43.8720040208546,43.875919000068,43.8722860019146,43.7589842040114,43.7794526531554,43.7471009963094,43.7473275216941,43.7787461127277,43.7821016260539,43.7403256645706,43.7664268640909,43.7813304049229,43.8158171619625,43.8068297110263,43.8008290303308,43.8029604332532,43.8239051766728,43.8255298628818,43.8258269348681,43.8455893258479,43.8447799723098,43.8947087006865
85.8363540949908,85.887959039731,85.8621909845942,85.9414983248816,86.0083439658531,85.8972583204054,85.7925971391851,85.969031160229,85.9473843350796,85.9350609418468,86.0779792310989,86.0048665866877,85.9884581053952,85.98311553731,85.9699101426315,85.9958666027665,85.9340654499894,85.8907622183512,85.9411675548623,85.9219681297371,85.954115420995,85.8967233997044,85.8930435636115
92.6396288323611,92.5523055240353,92.6015666534719,92.5768073315621,92.7069571269302,92.5570499917638,92.6096391632374,92.7530105055389,92.7567337132097,92.7374975521673,92.781992003026,92.7408753189293,92.7974505143856,92.7317989416436,92.7135764008574,92.7548162995736,92.7282867775489,92.7841672168274,92.7577735777818,92.7612069848228,92.7216127194823,92.694653374887,92.6861781971679
75.2483880761048,75.0496428767075,75.0467344872996,75.0574125524784,75.0709086193264,74.785084081738,74.7775069755518,74.784959423331,74.777412399734,74.7788079659195,74.8355550050006,74.8159358865961,74.8106027773385,74.7459270145488,74.7568360063145,74.8018218244781,74.7760207143009,74.7734862493967,74.7599337851232,74.7623735994356,74.7416974995367,74.7491243161308,74.754408288852
74.7999893555196,74.6336706737806,74.7079761512512,74.6033302263213,74.4994713773547,74.5307469563002,74.4321900236515,74.3660150098493,74.329549527778,74.383752770547,74.3433232483546,74.3497045710036,74.3627915999805,74.3385543821805,74.3491073841325,74.3236086881187,74.3382793883738,74.2984206777,74.3458860172222,74.3183362418301,74.3478940404489,74.2948189430677,74.2951622524259
160.57565203087,160.364357488439,160.386704814897,160.342696286457,160.32852889599,160.144269869377,160.124385929387,160.221769902991,160.156575965773,160.153576014383,160.130075753373,160.160231650609,160.089086775675,160.081711161164,160.081178665021,160.082168268362,160.108068618157,160.092648704863,160.078185047244,160.11115500726,160.045191119104,160.071574156331,160.080751175457
73.4719506592457,73.4872546046436,73.3907639202733,73.4411011306406,73.4844521328162,73.2961032357886,73.3165618938846,73.3282519881608,73.3478192303145,73.3273772441275,73.3287149438583,73.3011138217728,73.3408769107282,73.3482147205222,73.3371516810617,73.3632012779401,73.322879445022,73.3813258566279,73.3644754366225,73.366850750185,73.375097069982,73.3934776515819,73.3913926227825
148.3068339969,148.310036441288,148.310608683353,148.373150916565,148.369297014934,148.412449044338,148.45137996723,148.560319473321,148.479213406784,148.688125801557,148.651737745299,148.648184818094,148.615023914585,148.701568783142,148.683100718702,148.756769954206,148.736615928073,148.733130901291,148.750136512829,148.767037725477,148.784048274313,148.78316640164,148.84702691434
197.985066022645,198.019570187993,198.107052975051,197.985266795833,198.049366588276,197.766865401214,197.706087692614,197.825868488173,197.752435658957,197.77499417501,197.714090595997,197.725481726678,197.653096299687,197.613293922406,197.525164740805,197.563329041,197.532673032884,197.544572913367,197.532556230175,197.510608954342,197.472424652553,197.444160519456,197.380874930805
120.414680858929,120.537957590462,120.53680753507,120.501161760104,120.510654039231,120.460875649318,120.359156456462,120.334151312576,120.333025277849,120.352847406715,120.339567415243,120.338142286363,120.338402055536,120.330636344934,120.329109145192,120.364623108523,120.332843520431,120.353525837955,120.326204237262,120.342231508625,120.308602979731,120.32828123454,120.348326712237
83.5775637049264,83.5173704373314,83.5128169401559,83.4843823784534,83.3341342773708,83.2627352798312,83.2536547887784,83.1933126520047,83.1478145465226,83.1897433230093,83.1661703508055,83.131739640694,83.1462922930519,83.1681536968765,83.1042653941793,83.1173924685076,83.0819406125966,83.0911234534913,83.1135983127703,83.1119770959483,83.0912498547756,83.1022706768929,83.0633487384906
43.2387644576547,43.2363066714403,43.2674283000208,43.2546744182244,43.3190540233709,42.9667508679953,42.9414161169717,42.8637052286225,42.8423025460325,42.804418529695,42.807823067004,42.8447457250454,42.7547123090058,42.7320897307781,42.7561483753539,42.7204120296014,42.7107533447712,42.7310270279571,42.6896020468661,42.6905496172271,42.694915223493,42.7025244192181,42.6965857986024
97.5051591539447,97.5054274545746,97.5353049996829,97.468913151523,97.4431679502405,97.4319090616201,97.5461073476801,97.5226741189465,97.5392185018009,97.5847774744433,97.5793736053956,97.5668924842856,97.6954057077992,97.6975831081841,97.6986919022917,97.7218009075575,97.7055270149643,97.7012470602845,97.7096315199401,97.71285587503,97.7182505449334,97.7021046931711,97.7128689832963
96.8009706263141,96.9774536030807,96.8998490489445,96.8882837426845,97.0094489952964,96.7193762376223,96.5301367698785,96.7506037417564,96.8543976298097,96.9936092630655,96.901640615763,96.9013941447969,96.8833093098889,96.9237466680371,96.8748733411151,96.9481856635543,96.9074924822581,96.9118158337164,96.8412731066174,96.8788795553727,96.8058431009169,96.8237766804702,96.8503732970422
75.3017161532126,75.2452965122264,75.2890919285895,75.3920484556662,75.3507796346771,75.1215204841538,75.0463293607855,74.9969709942475,75.0008005885982,74.9534613160813,74.9534663773998,74.9458423149039,74.8934621531279,74.9126258318195,74.8859972224799,74.8560338201093,74.8287937942483,74.836704725446,74.8625275830731,74.8248874244493,74.8211560726047,74.8111355359359,74.8220789543016
93.4701058690052,93.4828579525837,93.4564248084134,93.4438694710523,93.44498692051,93.2707090533468,93.2981109987316,93.3753859606453,93.4886504293829,93.4971003937751,93.4450515134232,93.4408902555837,93.56582782027,93.4657839601465,93.4793738801955,93.4992365786511,93.4952003220014,93.4774254532253,93.5340323748065,93.5086788959261,93.5023528306447,93.4199073550152,93.5130360541726
79.8848147010703,79.8903867389726,79.8379934003234,79.9084306175069,80.0311096095493,79.8090336255529,79.7443946416674,79.7433333577096,79.7134825982911,79.6906272581856,79.7588451834542,79.6878317223821,79.650173459164,79.6701774974478,79.6680077629628,79.6210997791625,79.6551474894124,79.6522194274669,79.6497501823353,79.6545862454566,79.6486353828862,79.6223373926961,79.642208142766
76.6256832888917,76.7775890694328,76.805731739864,76.755974891615,76.8338507796347,76.5510595310055,76.6912420471649,76.6556634281962,76.667095300127,76.5626611429405,76.6611822441751,76.6869294253269,76.6523329530488,76.6155711408291,76.6263022564897,76.6265283499088,76.6160901419451,76.5935628794824,76.6000409222677,76.6325163643267,76.6249656469238,76.5897642697185,76.5892371557828
141.750283072694,141.439975525377,141.458064256415,141.410418355884,141.447086645445,141.332014331749,141.251670997011,141.177963843124,141.192275212751,141.249886545658,141.23425776318,141.209160860804,141.159260544232,141.185862639776,141.131863564209,141.193657405581,141.214522308233,141.163458016256,141.166272090225,141.14257062143,141.170602501313,141.089893013188,141.114645860361
84.6855104948194,84.8045585792624,84.7621239666774,84.8344691393045,84.6310111747408,84.5224825260826,84.4565203978726,84.4143955694349,84.4273105353773,84.3757081577488,84.3876903315454,84.4057353931345,84.3395568807399,84.3106520423228,84.2494047621201,84.3107743765357,84.3228312065275,84.3340777201671,84.3174027699824,84.3103453029511,84.2856362201415,84.2417375927773,84.2814127541158
108.064101787936,108.167800965356,108.130743381287,108.163829407136,108.248568017653,108.246297978486,108.24787676661,108.247266909622,108.290891663433,108.268075545885,108.285626799829,108.241569223909,108.251107501813,108.236502691128,108.244771350035,108.272470708667,108.232119840131,108.247847563207,108.248420942486,108.242484752802,108.255238442381,108.20735357748,108.231444212885
49.6452771415818,49.6029231191713,49.5909322012975,49.5467084960174,49.4908295896054,49.4091204762789,49.3408326694253,49.3000292130943,49.2881980929696,49.2633989444616,49.2608834847995,49.2329509275775,49.1988340817407,49.2298325091093,49.1973538678346,49.1886320768738,49.1698056222653,49.1951965894135,49.1697092611751,49.1895267203188,49.1718435669361,49.1839600935146,49.1314010509685
82.7160173848383,82.755302090958,82.7700078528451,82.8120056141026,82.8394923303337,82.7153824646997,82.656091774822,82.6089943142936,82.5281235872777,82.5804033157505,82.5845983822746,82.5586819576703,82.5227385289788,82.5114182563755,82.4825674417427,82.4819945925299,82.4812108903461,82.5345629284387,82.4717888868316,82.4936866639131,82.4530845909177,82.4667474824282,82.4718141339979
162.817626739333,162.373836973973,162.460154244592,162.346503779834,162.206073506681,162.152978342583,162.190517136342,162.266656865445,162.408589588742,162.379376189599,162.343122573722,162.419131322073,162.446844619453,162.435605044113,162.37249889461,162.428738145681,162.41057166893,162.458374748695,162.447760169759,162.423777322975,162.40889464872,162.456917476681,162.484162270266
142.115810707208,142.029355184331,142.057217133725,141.930483622102,142.177350633473,141.697594143257,141.693927188293,141.655374091496,141.576743261277,141.627885920608,141.616272702505,141.581101146298,141.529588483785,141.521161299909,141.540040812981,141.56744556956,141.586803773674,141.48916770238,141.525713332463,141.491960901445,141.526649877647,141.496221429322,141.498719198381
65.5249226290045,65.6212804196605,65.5836292663031,65.5271740281236,65.5152556984868,65.4376503108806,65.3628370123017,65.3490326838708,65.3343411743408,65.3669289514149,65.3623663312562,65.3194201703422,65.3480930756344,65.3473926334908,65.3452430443597,65.3599942776831,65.3480285903106,65.3142259611659,65.334051638455,65.3356880218931,65.3122383032847,65.3431482889693,65.3312428740636
93.3272663881384,93.3068951443052,93.3329088303097,93.343573060035,93.3328127844621,93.2285253948956,93.0351086631707,92.9324139292177,92.9976938844843,92.9389483474465,92.8747629889082,92.8727660248299,92.8447810387031,92.7995288376273,92.8064088235192,92.818893695729,92.7877195938487,92.7954605385833,92.7792520500179,92.791621131468,92.7692347179301,92.7623615681437,92.7679844979395
61.5331159238519,61.4465823380342,61.4452104814175,61.5082944788735,61.4855255383411,61.2923097710843,61.0910385493651,61.0054207789751,61.0569313672417,60.9805385506001,60.9569886358514,60.9876108507654,60.9231978413966,60.9197297499866,60.8770573322879,60.8608378551087,60.8815978348928,60.8282174878557,60.8466032857065,60.8721081248445,60.8331074279662,60.8269876573523,60.836769585829
55.3940226550913,55.3134536773535,55.3151023761885,55.3281223403845,55.3110919956176,55.1454972227618,55.0163512543514,54.9965145470508,54.954709826879,54.9747326075749,54.9812654011715,54.9439864249697,54.9252927110228,54.9155320252592,54.9316911725224,54.9053872529338,54.9264417158513,54.8997261134699,54.9121336941988,54.8999462834434,54.9077364534738,54.9047813835326,54.8999489336244
186.003206291409,185.874589725307,185.913517505775,185.937503572117,185.827021498179,185.699028272162,185.765515109133,185.760895934429,185.757312864798,185.827082729911,185.699846712132,185.934381950446,185.862605200207,185.903066844959,185.901197051157,185.883568320961,185.875865563042,185.902957649138,185.89239027933,185.844729785883,185.904985747408,185.931763244184,185.911261616813
54.1028943294016,54.0196779240596,54.0453387440374,54.0601115864595,54.0651635115386,53.8247002952098,53.6816776804732,53.7003999619373,53.5949893838476,53.5536043198689,53.6015982642213,53.5647663009313,53.5423076431439,53.5711175197566,53.5603476592585,53.5327263337879,53.5247622347432,53.5564729140583,53.5645962930476,53.5317179474516,53.5474791767989,53.549445312576,53.5622732136546
76.248998307639,75.9831210941302,76.094953679458,76.0596590111156,76.2743893307834,75.8878962414152,75.7864195346321,75.7607487249343,75.7537165244685,75.8078600590383,75.7618665284788,75.8516026834686,75.7229699022862,75.7235758895368,75.7160840633189,75.7313656318027,75.7479597658668,75.7164691504244,75.7174562410443,75.7180078998162,75.6975090636759,75.7546349491275,75.6399786302451
70.0938104298466,69.9586603308111,69.9736202882189,69.9123653180662,69.8327112869877,69.741703334737,69.7546312547849,69.7121559377631,69.7982582804425,69.7613513767274,69.7982791821285,69.7849372596132,69.7438609364627,69.8106624710156,69.7590955921172,69.7796492898942,69.7873309078559,69.7841124012058,69.7636982460023,69.7230315584496,69.7652115519214,69.7833005827285,69.715465606677
153.171922575914,153.118521552881,153.127402181441,153.0129985788,152.876473940491,152.484327322091,152.513912238428,152.544115301254,152.498879127158,152.563711049221,152.567628666354,152.546941344805,152.548810815415,152.534287723013,152.533901519139,152.499449253203,152.548420610636,152.54000655281,152.490403393416,152.511611555782,152.473856339482,152.504795793632,152.4870138719
88.7369281919952,88.8877305012135,88.8246305616349,88.8450196468429,88.7182219668071,88.7375487827369,88.7845764879481,88.7867318358023,88.8912438528917,88.7740665387907,88.8366215263616,88.8822398785507,88.8939923634462,88.899793504091,88.9103486012601,88.9221381283504,88.9092420445165,88.9040372921666,88.978593816871,88.9421791889896,88.9699050354881,89.0095872103408,89.0371645960566
140.658632563772,140.532287526486,140.596897469474,140.510465679041,140.51232550839,140.408432394039,140.39637565612,140.434294873038,140.558485134786,140.59203851679,140.540970751684,140.410991689022,140.539106009637,140.531148575043,140.516218137423,140.512315754041,140.473189096631,140.467903875786,140.481260958483,140.485003534482,140.494008910631,140.501781220793,140.485338570339
105.235478156286,105.273355326009,105.214162097132,105.183850454234,105.120157277161,104.98924575814,105.083338868292,104.983835893173,105.042399780463,104.987941853067,105.005168637868,104.992732639938,105.010306455601,105.021433426246,105.040854432303,105.010203797022,105.01484799619,104.994448919719,104.970143909564,104.972323809485,105.00219649568,104.980441454279,104.981760997383
