"V1","V2","V3","V4","V5","V6","V7","V8","V9","V10","V11","V12","V13","V14","V15","V16","V17","V18","V19","V20","V21","V22","V23"
39.6448009456412,36.6128419841819,36.5420776761619,35.8094214828263,35.6359491206127,35.1624663855221,34.3681637895348,34.305010792382,35.3342905209663,34.6967813269546,34.7951512698024,34.0098057436437,34.9263678568347,34.9884089604745,34.8367465232454,34.9487397347003,34.7330399893219,35.0903876559967,34.5627115609955,34.4369239713211,34.6646347888117,34.8342321293534,34.6873684182808
46.0041584205984,45.4124517031208,43.8087463870466,42.8262336775147,43.368849968087,43.7114680931012,44.1229841711481,43.2910803307581,43.6135608297485,42.9818095081456,43.2607170868965,43.774280023406,43.0823556763247,43.3460876906447,43.6696846911413,43.1049052036394,43.2997332022809,43.3284267036833,43.2337596803829,43.3719617636834,43.387904312953,43.3923750552016,43.5288813500345
35.1766348806073,32.9439247498699,33.0602097542599,32.77844364973,32.6083859830096,32.5304674476998,32.3785107525796,32.5493327659285,32.5151682804388,32.4169946524575,32.6878705326591,32.2923854824924,32.3401694833103,32.439772704131,32.4018662061859,32.4760860872195,32.4933820684725,32.4179339160472,32.3720941305859,32.3371851223934,32.4176666781818,32.4241275713086,32.4401025481745
20.4619219640348,19.9939563061257,19.4117081397741,19.2603142523062,19.2541340524111,19.0096863325401,19.2276075767503,18.8468342421092,18.8956164699771,18.9986390267208,18.9984487554406,18.9972126302287,19.018694945788,18.924734163299,18.9477991112879,18.9650909942914,18.9639028540407,18.9376441749439,18.9494688813806,18.9458326159401,19.0170648223759,18.9632743089946,19.0214309550847
50.844353641613,52.6968832043282,50.6363736508206,51.6722457384052,50.7287417124332,50.7613865955936,50.9703182293627,50.6740858463315,50.6690148116467,50.3060516644412,50.9335955286788,50.7642709420999,50.7637756225394,50.4269167023122,50.6544914385241,50.463110875785,50.6871991969264,50.523258397553,50.5607117323641,50.4573696386635,50.3808332486394,50.430398308825,50.4466866251241
28.0935263612452,28.2898355408268,28.2197443635754,27.750410446238,28.0834837758065,28.0275949491419,28.0751694510028,27.7748628667904,27.5846137229244,27.6927172416354,27.7354761290528,27.8530196649674,27.7551454981299,27.7402145782751,27.8504675252097,27.7657921444748,27.7752451335476,27.704582162725,27.7511495165289,27.7951150805501,27.665646856466,27.8369916556174,27.7780061633316
29.4441329976832,30.7610249055096,30.0368509494413,29.1989820973318,28.7529354384641,28.8959557010972,28.691724536772,28.5224973195988,28.7418386908066,28.5144173827494,28.5953153907508,28.6334080018317,28.6239758002943,28.5988411920453,28.729662254895,28.6941351149125,28.6617355921989,28.7230775075769,28.6337241917004,28.646716372571,28.5715804382797,28.6598745093515,28.6972798253838
45.2383939562655,47.9335538936206,47.4856000213488,48.2207834035625,48.8130096295374,47.3306405976147,47.6619173019465,47.7186369140538,47.7290321274628,47.8083256126552,47.5319701455747,48.0509260739668,47.8280265326994,47.586875670358,47.8903719600105,47.9852285252843,47.7919990488726,48.0216415615846,47.9772516841612,48.03801694192,47.8585187352214,47.8011227508488,47.9331380631436
33.4087009267095,34.0463739226385,33.7086543012203,33.5415495682128,33.4316688987556,34.2316571022032,33.2603063274833,33.8490940005127,33.7341536572507,33.4445133570493,33.8170309577824,33.5626345526231,33.4670454121037,33.7846742146778,33.6901303813743,33.6301893931789,33.5922297705111,33.7148363716321,33.6127510883856,33.4423432664733,33.6027751088844,33.7145489834627,33.6816820580893
42.6408667268407,46.8130504840147,47.3232289116485,46.6971837204456,47.1337588529487,47.9368744159862,46.8485439943982,47.3513882807787,46.7045903792575,46.8680411363799,46.9373057350507,46.856777027397,47.1427032173181,47.1428610325963,47.3179376357631,47.145375468317,47.2137497652375,47.1183514882857,47.0771418559914,47.0307910096779,47.0886658055506,47.2110118592882,47.1611673709858
36.6831237037453,36.1158909525452,36.2000717931641,35.4965570757417,35.660974855485,35.7219219261276,35.3756934181607,35.5688777702697,35.6906503109785,35.7244468701355,35.417281122606,35.5046855886625,35.4190389283955,35.5906685450842,35.6125194188886,35.4511948264952,35.4588232338616,35.4974170326821,35.570216720538,35.4990044728768,35.4749732225962,35.5336308289052,35.4751306230782
23.3209608323039,23.2621549254918,23.1986564524631,22.9841303611517,22.7433830541747,22.6134527798047,22.9965367360164,22.7481126860781,22.9774809578967,22.7213026670121,22.7726080552658,22.9030297057674,22.9051427065868,22.8079275421721,22.8790697139282,22.7419259098493,22.7729232996457,22.9201232254049,22.8014371507865,22.7321640986102,22.8240120425197,22.8106639313287,22.8108933352463
17.6158707412411,16.6865597045698,15.389738007592,16.1078750502638,15.8126991291144,15.8909568871106,16.5142812379514,16.3722886553075,16.6427543984887,16.6561481756047,16.7247885927733,16.6041111882176,17.1985868613401,17.2628245930225,17.2671317570076,17.1908555665113,17.3911966781756,17.4213071101503,17.4336294514915,17.3533552465756,17.3661853423212,17.5203900415198,17.5632410359024
35.2322244845794,33.8829559918101,33.3799847940913,32.9989268718928,33.0647781371438,33.3832249100956,33.0212137081017,32.9101402000939,33.040281812939,33.118670580256,33.0680581995265,33.1390891518153,32.9853063352235,33.0813242628161,33.0316427591319,33.0770212439963,33.0592003746362,33.1562949748145,33.0670960329053,33.0469146191227,33.115623411826,33.0597290850115,33.0348574531308
32.6858630893027,33.7906707852196,35.7636615559352,35.7653753026172,36.4583243051052,36.0751230672089,36.8875291742542,36.3199026081196,36.6673076594465,37.097453566309,36.3358972781894,36.4374764386306,36.3374581474748,36.6246627744447,36.8446021736696,36.5065636850792,36.6329817787049,36.6653872052506,36.776547575872,36.4841196606179,36.6152772309656,36.6827668351425,36.6008885879767
28.1372829597977,30.9243031565767,31.9277466388921,31.2879736641747,31.7009930828839,31.3525217238886,32.3458503570653,31.9727826063206,32.1684823597307,32.1601736399366,32.0538822259286,32.0775962827552,32.046909767429,32.3164115044403,32.3643484198058,32.1911020289083,32.3604759325003,32.3060495654716,32.31335951603,32.2425099458086,32.4013101287079,32.3632141465303,32.3302131553513
26.8420679078701,27.0959433066041,26.9760099265109,26.8940085491881,26.8658260845625,26.8695444331242,26.9567200365798,26.8103899504677,26.7975549728017,26.7449816882638,26.8286376629619,26.8588432150242,26.8076203397904,26.8895780190876,26.7979431641365,26.8638415950933,26.8161641392253,26.8698654963536,26.8247643320882,26.7808468707881,26.8877583238439,26.8352462314641,26.852544806437
34.3939771829566,34.3669069958733,34.3233746606367,34.6371895229567,34.7451576145035,35.0946197841518,34.8318259423831,34.8591185615772,34.6997402229018,34.5472410197912,34.6130826776193,34.6257501255926,34.5560138941085,34.5846238421045,34.6061853483379,34.7005275343045,34.6840967732872,34.5647971838742,34.6578369612064,34.6159490653605,34.5935309705091,34.6323807365691,34.5657520830448
24.7075678984147,25.576053756878,25.6594178181606,23.9920907413314,23.4527873411306,23.2703452787381,23.3056581193486,23.4415057681917,23.1179711801391,23.0649836095391,22.7770018998062,23.1147775449902,23.0344877006999,22.8619094986164,22.6639277519222,23.007074185904,22.9432302947209,23.0078470409562,22.7510331188398,22.9559436380861,23.0442837428652,22.9056797924126,23.0238299556421
26.8338784663707,25.5976029209256,25.7500565828203,24.9838045981876,24.9423366662347,24.7740650391713,24.7644495839725,25.0275031752616,24.9049069607148,24.7746651506106,24.5734109261964,24.7972754374207,24.5964516951048,24.7169930009405,24.698573647608,24.5880859213854,24.6972870324875,24.5905245518609,24.6696450633509,24.6906452569883,24.6125455633146,24.6141566450476,24.6622155642222
35.8491550646736,35.418061825168,35.2105603599754,34.7478241647024,34.2322118578961,33.8760102136351,33.8938482133912,33.9330915649593,33.8960873418374,33.7554823969494,33.7417193261559,33.9075024532525,33.8248634629208,33.7645915799975,33.8372641704419,33.8296284713366,33.7935212024155,33.7824132587086,33.7069961553202,33.7367337193827,33.835350810754,33.7248193205104,33.8038986847728
39.0281632866843,41.1332195395283,40.7071917539223,41.1117718430504,41.5072674882363,41.621588586469,41.3132869300357,41.1456410372049,41.2070484106307,40.7477695521988,41.180889642347,41.4671968133384,40.8245176696368,41.3452017429361,40.8888827219923,41.2114585600784,41.3670542051449,41.081867602585,41.1252422014997,41.0353760919539,41.0716092434081,41.1070207805709,41.1993477331309
28.9868234998088,24.31889348396,24.5442221901012,24.6265430941366,24.5270064317318,23.6363481710098,24.6022494655641,24.0698522329162,23.9583354775308,23.8360910923701,23.6705806879274,24.0630527800521,23.7306331358221,23.8604488579155,23.8092349158554,23.8381744830454,24.0292862690837,23.8855208886892,23.7219991004074,23.7167053938393,23.8140380475499,23.7942852530352,23.8474860472648
44.7920055343596,44.13609396652,42.1489235176188,41.747330301564,41.7701410867958,40.927130618594,40.5162253393681,41.0482820405947,41.4347803451761,41.2525583748287,41.0190991004405,41.0102451567181,40.7585106002282,41.1487384183821,40.7110293152823,41.144370568478,41.2631016686851,41.0294419366358,40.9174200861607,41.1215132994518,40.9098643269648,40.964326283816,41.0693896595203
68.4946085168459,69.2277748631992,69.0729777192889,68.8355076480325,68.3466051038087,68.9390659502226,67.9370958280226,68.2815303830384,68.6387956994019,68.5206991660173,68.1069634626069,68.6072256962602,68.8195929026445,68.6042945698454,68.4737144359421,68.4659956861284,68.5656833782491,68.4592631340379,68.7859548786172,68.6320975842883,68.5704129770545,68.5758751144813,68.5397064706326
28.9466233924826,28.7004563927911,27.9498339398862,27.6474024992751,27.5660032457324,28.0996743656897,28.1676084947187,27.6357246225603,28.3208757143669,28.5385547231185,28.32953956045,28.296165071537,28.4052321006079,28.153755051491,28.2733844545709,28.3942970913352,28.1196378016143,28.3757719986756,28.3199353516673,28.4714242803462,28.1504166441685,28.3501692735058,28.2362399671544
28.6612707927526,29.2735072963352,28.8198932028156,28.7049315456017,28.8313821525542,28.7164700961726,28.7776863296841,28.7601246371276,28.6557287975056,28.8341043407579,28.6900799221582,28.75876585861,28.667592161061,28.721134206562,28.7110006098402,28.622528251186,28.8167527392146,28.7505578985955,28.7410446076821,28.7813463100028,28.805258779103,28.731957616446,28.7272620701708
43.1345511264077,44.2549582070426,42.9582405537554,42.8544492222378,41.9370562837617,42.2016951748651,41.7979872836221,41.9744608761413,41.8635795126391,41.5756742687664,41.4820034331188,41.7032065883789,41.7064935399924,41.4181864511637,41.4414069806098,41.6467865842331,41.6633144061281,41.5153948918652,41.6497599753209,41.8881818971784,41.7398762060463,41.6431421123462,41.5780589159102
29.0797675811426,29.6911658267181,29.0753343196045,28.6191181333391,28.1836842429178,28.0580439105518,27.9797735969533,28.0195775385294,27.9092567242801,28.1037348942909,28.0324298698296,27.9683706212269,27.9278989273309,27.9852115726946,27.9620129362701,27.9933581650428,27.9417145290178,27.9488655641748,27.9690050746755,27.964366039714,28.0240089336977,27.9451225496941,27.9456498942304
34.2696845980111,33.2322874479923,33.6386302199192,32.5904384269134,32.5860192333233,32.7043270563294,32.5771623586464,32.4883226128785,32.5983503957662,32.5631508499172,32.4200154357985,32.6724611765874,32.5617304275246,32.4595904293098,32.5964615808128,32.5954960125002,32.4163668649892,32.536739882499,32.5271585031204,32.5176283371311,32.508566106012,32.589705546731,32.5093296586725
31.4511598496877,33.2248697475069,31.8400132676908,31.9684423837866,31.8933138292037,31.9218252507228,31.7977251655213,31.544584803541,31.5873539685047,31.8350635292611,31.745493248187,31.6769013688038,31.9259109325203,31.6957932159373,31.879622113093,31.7961430471464,31.6380962835992,31.6321807685063,31.8565924727853,31.8005433648941,31.7786134220881,31.7076553134032,31.7186219499556
27.5549615606069,27.8243142942938,27.9101008839255,27.9295881033002,27.6203509673444,27.4578908960608,27.6133864644815,27.7168200856943,27.554521105245,27.5871661931056,27.6523747918359,27.5891704001118,27.5947793835009,27.6695907259443,27.5470365497524,27.5199284702852,27.5875140364337,27.5869342414982,27.5798853130078,27.6213704413249,27.5381298681746,27.5663980735611,27.5977006015633
32.324820126765,33.0481053989024,33.0936467121448,33.1796870306651,33.0072005796447,32.9564998255418,33.3251532635409,33.0635484646436,33.1744051271292,33.0621193167716,32.8577872334915,33.2099407575257,33.0688810478847,33.150679430424,32.9427460415242,33.0182100851524,33.0177825484502,32.9594155797653,33.0209216940704,33.1274329059462,33.0922211214218,32.9855942056067,32.9867640304474
36.0665661374694,39.1427677286656,38.9385355012606,39.2595166817099,38.7768344535284,39.5230747616538,39.3763121482266,39.0273936226948,39.3320547629885,39.0601937713896,39.0326116800443,39.1428449300028,38.9338528384053,38.8437391199592,38.9665890163688,38.9409845952821,39.1716657983301,39.1137949370034,38.6494765077206,38.9905968433354,39.0752091234334,38.9662478449453,38.9793345252694
24.7798416388042,24.4299319315218,24.2364734420853,23.5615942964857,23.3656234383685,23.1744965072545,23.1406309908585,23.0906634794968,23.0546366778072,23.1147919972434,23.0212181935498,23.1269421901953,23.0525851014433,23.0325639929986,23.0552856364917,23.0562471629481,23.0069163333304,23.0074093376191,23.0647308910866,23.1510317349764,23.0064181182096,23.041909561776,22.9663846239572
45.6085251042533,46.0398615085198,45.9601313379138,46.1980729196012,46.2119507533567,46.3507008309643,46.4779993663234,46.4067806668333,46.277678279037,46.3313704367795,46.385864596314,46.4616451135826,46.3769182333609,46.385556297601,46.5940856093708,46.4934692280943,46.5420756211758,46.6573815512165,46.6030734394476,46.5268051557309,46.5176401965547,46.4642730027003,46.5956665035669
27.6542432071427,30.190709350616,29.4636810671839,29.0629751265157,27.9748036499078,27.9075817831689,28.4206643482489,27.9195618851818,28.1329480532276,28.3288928696754,28.4358058166334,28.3500238140742,28.4057658329071,28.1860488895912,27.9787457067931,28.0495547985187,27.9013588391,27.9510915551783,28.0420944597506,28.0914535779728,27.9718073249501,28.0797739688936,28.037613045132
22.1835921886665,24.2832541056198,24.2882103075231,23.1789681502717,22.949804450733,22.5821301133233,22.279529511314,22.4448826238185,22.2967719137479,22.3368472574583,22.2336212266273,22.2880756892159,22.2807051652199,22.1167188154309,22.273410027603,22.2418338246682,22.3551695534541,22.1960633584998,22.3281494333091,22.3334853390253,22.2957918582791,22.2890354942321,22.3162050614036
81.4724550732862,76.1419884020625,73.7579195351764,75.127350623946,71.6308565332834,72.5963275769447,73.5374712049242,72.6393420200333,71.8941481926154,72.9945284911934,73.0513378031898,72.7990324922359,73.0732975242233,72.939578777114,72.5599751403336,72.8504616789149,72.2031432982569,72.5875928546619,72.5690487597417,72.472330660448,72.6631378627762,72.5075229112695,72.3409721235717
30.8863435922118,29.2073752882297,29.6213945913016,29.4232181957481,29.3725751320353,29.4566846083056,29.2787944621433,29.2818802709683,29.239606663072,29.2558513305458,29.1839334137157,29.3512326034604,29.2829295297027,29.3325796737587,29.166514340612,29.2595890830784,29.255430996922,29.2408452697784,29.1632145254433,29.3311994383431,29.2643216622642,29.2185059172193,29.2064505716268
30.278630727302,32.2772723433341,31.9269380589537,32.7065814798857,31.7805667326795,30.9047473689025,31.4739944420743,31.197807622952,31.8207983683257,31.464110233103,31.4281260169655,31.4570242497294,31.6036546621124,31.5339965394194,31.758269343873,31.7411420465963,31.8125437462436,31.8301515022228,31.7000221504114,31.9449846843058,31.6697080409192,31.7569945921982,31.7424887774294
90.2816142268714,85.6898283081907,85.9888669120746,85.6780182990818,84.2872829577431,85.2667591588077,85.7627731356266,84.506677516257,85.306592504929,84.5749240458768,85.275815023129,85.3248626436754,84.9943385092333,84.3370182448235,84.3116725847002,84.4129087106074,84.4351487103443,84.8870497001731,84.568256489119,84.6529517201262,84.4460258625777,84.5498368727227,84.5243606303114
19.4508273176368,21.7511219211548,20.5842897309613,19.736211083751,19.2604260153425,18.4364512895786,18.44896124686,18.0476928491301,17.9625863668359,17.7653047797928,17.7603789029638,17.9509009445238,17.7358146598332,17.7300393979939,17.8298001360889,17.6957690175863,17.8501309798657,17.9036543004715,17.7531586105353,17.8092814968913,17.8287411766565,17.7969604345643,17.7670411631553
39.7101293040511,40.6655674249573,41.3290364462238,40.4013740609581,39.0724233963049,39.1890271233804,39.8913269662199,38.8156884901932,39.5841592729408,39.7134954629352,39.4211923286017,39.6621546679673,39.5758794050395,39.3509639318681,39.363482546311,39.3706629452929,39.3631862291508,39.3329138547759,39.5990197089634,39.1345136412122,39.3340069628006,39.4147292738754,39.4551216283163
25.3334660650348,25.4085770509024,22.9413377820905,21.7522713772241,21.1373990719425,20.8780254067708,20.505047825307,20.9847504529472,20.689664121763,21.3600300992589,20.9024885602951,21.2376756878082,20.7691671306428,20.8107184675803,20.4724413566286,20.7843255224824,21.1439304769859,21.1004109336054,20.9936565203386,20.8684799956858,20.8984956008869,20.8784886187163,20.870734432907
46.7417133975591,51.1656147841493,51.3419861832516,51.5703746118954,50.2581264150321,50.2350901134015,51.4029577149413,51.1873947425043,50.5930157213022,51.4006360343808,51.3288931680451,51.0817468935909,51.4688314089957,51.5738523188742,51.4455109745653,51.1358797441551,51.390062559988,51.1384531197063,50.9679249848182,51.1809207051384,51.2645199913724,51.3440676483732,51.2899616225864
41.9354105424837,40.1445263516292,39.201321459777,38.6756326838464,38.7697941592905,39.0221893512986,39.1682680352897,39.6765217091014,39.4311788593444,39.2185267099336,39.4874606027188,39.2443756436067,39.4540739942115,39.2297130896064,39.4385163647595,39.543728830275,39.365102993709,39.5155518080344,39.2997747193807,39.3088387747999,39.4378755399355,39.3857784736127,39.4801622626279
17.7487232261268,20.9122827096075,19.7005601286565,18.7090008994944,18.0092129193415,17.9831285819901,17.4179525290745,17.3196625872781,17.0096645891932,17.1173034566302,16.849300406382,16.8499130887147,17.0542607985716,16.8059791742618,16.9684343895547,16.8707725527597,16.7179529057266,16.8217084835995,16.9882251605293,16.8512449736713,16.781936581249,16.6836073307133,16.8202391036047
35.349555298457,33.2710503178646,33.5966995435559,33.7309003609884,32.6810717799324,33.1555137797643,32.0503697928783,31.9867902368735,31.8818210888448,31.8822809414544,32.1593565343332,32.0030118202315,31.8608420496864,31.7628304849817,32.1599035480466,32.1174115653345,31.8785978331153,32.0156665365052,31.7941204581428,31.6333145802579,31.7886547861325,31.8765413312483,31.9058320502606
35.1810664834472,37.3647783878715,35.5749029875089,34.4571433703285,35.6826909266216,34.3198893183979,33.9165054813203,35.0445621568862,35.1007268220873,34.5839827735174,34.3814887002128,34.5544488695192,34.0700696311178,34.354809218273,34.5132633031258,34.1139439463599,34.414876730188,34.1586090561706,34.2005318277103,34.2942783047953,34.3223473500146,34.1846187971858,34.0998164150524
15.031360943055,16.9877124757399,16.2154540521302,16.3767291856554,16.1108104290425,15.9743514330342,16.3821266988895,16.6016814262089,16.2288015474331,16.2235611216036,16.3291943726285,16.2409836139013,16.4218007933906,16.3916380290801,16.4803460798728,16.5736695168836,16.3682566781998,16.3643153938223,16.4071095672681,16.3213542800858,16.3877734625934,16.3645115355288,16.4305368852737
41.5095893996443,40.0952850649836,40.9618393325035,40.8714479061132,40.5253959810467,40.5427006155697,39.8029547416256,40.1193844997715,40.0235106565678,39.7746799997572,39.7682183528117,39.9610672693551,40.0754048246813,39.9530608239222,39.8828029846615,39.8939842740943,39.8685277418964,39.8571506086173,39.8788503126021,40.0824251286914,40.0222284805859,40.0555160115356,39.9933094058354
53.8623597450403,50.1507650140433,49.0932595591552,49.5334110395342,49.5976548701274,49.105087842817,49.1393788992857,48.9700121423138,49.3769895427962,48.9365792755262,48.9808363761995,49.2912937261755,48.924294190663,48.9739186563645,49.1255282371603,48.9512281223306,49.0981793479939,49.050780381801,49.0980398174842,49.042789383912,49.0635260858253,48.9524257590035,48.9496565451323
39.9162625099937,39.4028096975033,39.5657492516422,40.170037853831,40.3146961882733,39.8874357729221,40.244087435906,40.149042962454,40.4700410666028,40.0192264902917,40.0656250982111,40.0809505657858,40.3518375922683,40.0072868082862,40.1759714171013,40.2452070979563,40.1101915501489,40.3525362033971,39.9677954385646,40.2549755311408,40.3003985382444,40.1756938319451,40.2363143726982
26.6003235279274,26.3237101898229,25.0343842636921,24.4627067766529,23.517676905678,23.6028019266223,23.457869861046,23.4086110062905,23.3648347977279,23.3888115097758,23.1995059854251,22.9967575345598,23.2682278363953,23.2566313218666,23.0286209164616,23.1745390882977,23.1200973889282,23.1334561128243,23.2673674201872,23.2381580187433,23.1288726870243,23.1571770624282,23.2058036994739
32.7473245297556,30.4187277434094,32.3296907090138,32.7413869314822,32.1740543225027,32.2916520750636,32.4012145566619,32.3223109827626,32.2880360698592,32.2009713567561,32.4349873633902,32.3424400536425,32.1366480460624,32.2046478003408,32.2462447439242,32.2311037586288,32.4064517607565,32.3977324633367,32.1087120028816,32.4510790350106,32.3454772122801,32.4818037365504,32.31189461065
40.1237804242249,38.5726229720351,39.158411874897,37.6447857811415,38.370890099326,37.3475306276171,37.8975368730145,37.8511919431986,37.8668487248657,37.8103149855027,37.7488077405444,37.7971251041923,37.4287259362667,37.4772766516868,37.8255526146657,37.381430558601,37.6207248343283,37.5455590073431,37.734886961216,37.5664841080245,37.6446243943562,37.5923863321202,37.6182580451661
41.6339904385607,41.7388724025059,41.4686145975634,41.1405025922113,40.8269804814939,40.9563438327488,41.1894771865019,41.0500605960463,40.9939128949933,41.0234263028267,40.7079832731302,40.8182380054815,40.9587625955953,40.8987377194534,40.9348900440555,40.9217934535224,41.0896145283653,40.8768344849552,41.0036400859365,40.8605770739962,40.8866415593514,40.8893946152012,40.9216414793983
32.7202780308064,32.4134288928514,32.1553443530847,31.4015678117974,31.6147135758777,31.6509339443849,31.6408022229663,31.8535567915827,31.4567301840777,31.4716526915003,31.5239731428716,31.6187779759904,31.4156904502028,31.500298622151,31.3821995989876,31.4479332788235,31.5266109887422,31.5173465561112,31.420843205903,31.4248029274192,31.4090956079154,31.470341247977,31.4624699115748
21.9693621182735,23.5579081542954,22.8219104863899,22.3545422164965,22.3738399993241,22.0163278859562,21.8916961507196,22.0396989507214,22.0576393559017,22.2041837964157,21.8987872498652,21.9012518279695,22.0273779933305,21.9945346864384,22.0827436269981,22.0475211059015,22.0800676276366,22.0412842213195,21.9956950388359,22.0474749480131,22.0312724098347,21.9709450038741,22.0005939682344
63.9657062606943,65.0788685837233,65.089678212866,66.0510318464215,66.5329310401653,66.7064854899002,66.150639335182,66.4145014229042,65.9035468174897,66.1154558783633,66.1280619642653,66.2822772556511,66.6501181700195,66.4490521397729,66.4007469901224,66.5030473947267,66.5510345715476,66.7590308890688,66.5300512988134,66.4932433116381,66.6657056573129,66.5995178514777,66.5266911184212
22.1308807697486,21.8670508384042,22.0827627185204,21.3105875451583,21.4227761752714,21.3393661318179,21.15933856968,21.0797227073754,21.0197859477274,21.1804469843875,20.9773767119356,20.9668570482994,20.8448599678446,20.8534990086105,20.8825760076938,21.0010326399208,20.9504211110017,20.9552758198265,20.8815352777921,20.8927477632249,20.8793565029172,20.7957520346961,20.7738643591075
48.575634297591,47.2872224145648,46.9692136102887,46.4857822298144,47.1534682703729,47.1095676452546,47.0197995366905,47.5107195210045,46.927991926982,46.8790689345103,47.3627001860809,47.5067117883549,47.163621492808,47.1140858924189,47.6035320377898,47.3503930180805,47.0024058896082,47.3536246453759,47.2107333769286,47.1131376349099,47.2309331256443,47.2393390350691,47.2823070000228
24.9839596598314,25.4045075820964,25.5859287180405,25.4761530922229,25.4743272121239,25.5609143810322,25.3660614793767,25.4143866495848,25.604320990145,25.4031207471109,25.5265774255457,25.3956512169962,25.5011321286631,25.415657296404,25.4063179509964,25.4701537432418,25.3874238550309,25.4999597946089,25.4795189940448,25.4973980176062,25.5402751517339,25.4885596363625,25.4745764284264
30.5659262438702,30.2155683326532,29.5647547331555,29.3377972371329,29.0570019301493,28.9340019986845,29.0544525143283,28.9952765916833,28.9832116479556,29.0080053654744,29.1087157948276,29.004781372063,28.990343728992,28.9658077495243,28.9758154590862,28.936844932836,28.888596577191,28.8975411264816,28.959040420498,28.9230490640545,28.967827370541,28.9041701403892,28.8762665767798
45.5547934927757,43.5364076082249,42.7273407053017,41.9264364548478,41.151522032003,41.2964465581706,40.9793831497136,40.8996064803437,41.5408197358717,41.0871609573983,41.2310657267993,41.2086605013493,41.1907592610096,41.2021988230522,41.1040221591235,40.9467049557133,40.9333263899289,41.1314531088595,41.1909242841209,41.110894035585,41.0373754372574,41.1069651717386,41.0799755023382
25.2025525477724,27.7314468152175,27.2877633320913,27.3676494301446,27.378677192783,26.8933059726223,27.4257447068302,27.2358804849361,26.749975517211,27.3718636534981,27.5611516589266,27.6337963052603,27.0896898060123,27.0341728434864,27.210161684466,27.0752653603968,26.967661791348,26.7775039334797,26.8645588923576,26.8638971282782,26.9538301441574,26.9754734090722,26.9803911647587
33.405609707925,31.6376817909157,32.125555382062,31.1068119858773,31.1500569262138,31.0931155073741,30.9728821687714,31.0717447635102,31.2953477139159,31.1981464352605,31.0571793618975,31.4161239412776,31.1212075014607,30.9231173776372,30.9287833768019,30.9104311780734,31.1190355077635,31.0821011917269,31.0582274267644,30.9723833181359,30.9875394620525,30.9913750221693,30.9921034122368
49.3570855732055,47.075172032701,47.5685569749419,48.9842400999739,48.4254503089428,48.2734639941362,48.1728402348129,48.6485586655529,48.1225029887989,48.3566643346477,48.2395772958829,48.0840454228506,47.9271355032833,48.7205191083967,48.2913872151931,47.797863529241,48.0846145640183,47.9919272878191,48.4296696095203,47.9861876529786,48.1187585357298,48.0564902096985,48.252533291195
35.9123144659048,35.9316746741809,35.4021349279172,32.707721618543,31.8289883841634,32.5425004084866,32.9827045529078,31.9339562687133,32.2769465501861,33.447375215167,32.3458952158108,32.4502646981068,32.79353506566,32.4005800870265,32.7026920833575,32.0188657970412,32.0125663519164,31.947389449505,32.1192311706928,32.3679945105054,32.1584540073333,32.4389075967707,32.2427520894883
23.3631546898593,25.688308792139,23.8999907630236,22.8789792345146,23.0075749117816,22.5349887116348,21.9169367634045,21.9567474052728,21.8410277750633,21.7451601254957,21.8586566138782,21.6895990222627,21.7942230371276,21.4795809322823,21.5838172407528,21.783520876955,21.8014957687313,21.5719879813506,21.5683137777891,21.7615809950761,21.7389807450634,21.7704411633977,21.6103418165084
44.0910267387186,42.7902446658036,42.5400768736104,42.7614878726941,42.9085100255587,42.5893363506071,42.9532786260922,42.6251465700693,42.6155215710577,42.6813158869497,42.4427999038334,42.3262242435989,42.5854115855131,42.1302732027171,42.4466232761048,42.455825750278,42.3628930187077,42.4138221844483,42.5716901257481,42.386094481536,42.4272599508986,42.4865412159557,42.5013264729955
53.4660199668687,54.6976407764601,56.4811805114226,56.1581278885577,55.7994372777368,55.9472786227801,55.324312392338,55.7547853880222,56.1971822928733,55.9062664776223,55.5305119898047,55.5445506118581,55.8134189604942,56.117405354285,56.2402763994975,55.7908459824843,55.9508101531938,56.0635886129233,55.8398102057507,56.0632483220473,55.913461093809,56.0893620683291,56.0515665472533
20.274166788685,20.3883634630462,19.7716868979156,19.698176282483,19.5198230089465,19.402009590131,19.3816815200983,19.5548167557323,19.4095715235065,19.3991109421012,19.4462027159793,19.3490355340333,19.3960398418866,19.4146713459187,19.3833476142732,19.380464194338,19.4871339861161,19.3984462827205,19.3855205505684,19.4051864269675,19.4559739094318,19.404709575108,19.4212086684823
38.0121923205194,38.1258325522323,37.7080744068153,38.9786490943639,38.9659241578558,38.519200813804,38.9114892063975,38.3768928745688,39.1878902856328,38.6107830890761,38.5751246211416,38.6312818630949,39.1775088668086,38.740887832316,38.7762894229796,39.0268756829754,38.8078745864734,38.939415098864,39.1005800288724,38.9712551723208,38.8781322476642,38.9161286629013,38.980670221167
20.9264029595852,20.3386173907817,18.9576757896682,18.2594329873834,18.2654107114676,18.1969143862518,18.0906680178716,18.119880287033,17.9788439219043,18.101247340995,18.0505234846151,18.0804225684847,17.9642134970478,17.9817358323783,17.9918234936712,18.0002471987833,18.0608923187442,18.1274507575908,17.9258774613298,18.0251439061433,18.0053196329221,18.01059931396,17.9641424057891
84.9660732965827,83.0597480388655,84.3482126988884,83.4895979128847,83.7835255098494,83.9412062122781,83.9751633542765,84.4499904787289,82.1659288923953,84.1198585593377,82.8868607113137,84.5455204450716,83.5403991281329,84.0997420798186,84.142925071116,83.5188840088562,83.0958301875946,83.9904287551928,83.6820094132527,83.7842874058778,83.826450513773,83.7223488377692,83.688485269237
28.0052117350097,26.4432507468669,27.0638168858041,26.7041489227525,26.341078862114,26.0634032604578,26.1077227105283,26.040570654813,26.1176826521154,26.3146813764499,26.1066728236773,26.0891699548814,26.0202334713239,26.1274200340203,26.0250799331469,26.0865661108683,26.0784974168379,26.0689613549237,26.1631735254396,26.1302465021589,26.1389099560022,26.1541737497391,26.0929398849882
42.3496992883463,43.5191920616299,44.9772814979031,46.464513909324,45.4609579835457,46.5719686726787,46.7419317331887,47.9768168443222,47.4541821628562,47.4622719742535,47.0054922414112,47.1354432009899,47.5892814992758,46.8652815433447,47.2690549589942,47.3454662283232,47.5641490479443,47.4573467334032,47.5172504925393,47.402527739872,47.4233150447575,47.6424597367351,47.4620473962623
28.3714484181024,26.5649813438506,26.5814285618518,26.4329569193578,26.2658323214155,26.3256514062434,26.2125663217952,26.2846373519742,26.2079870328534,26.2155430968825,26.2625093360632,26.29113169154,26.315083588471,26.2992727187609,26.3059636754412,26.3434157525228,26.182119041017,26.2130600497905,26.2001619899555,26.2361220916808,26.3004945373699,26.2331705706822,26.308204177589
35.5781242695482,34.8675118438104,34.392828148578,33.6250922990687,33.3575925409545,33.3089767749409,33.503733297682,33.0156860605147,32.9603223311769,33.0386805994017,32.9348533802105,32.9913357083573,32.7078049795639,32.8325474683934,32.9236073398981,32.9647741347137,32.8453637965169,32.8233970368516,33.001611856354,32.8460152429541,33.0387698398745,32.8924729486558,32.9131519510229
27.3850783952815,27.6306226477999,28.2188023930313,27.4727973114777,27.9341882235109,28.1356707613516,28.0672171284976,28.1919135338206,28.051887147016,27.8425103929951,27.8541039241309,28.0485873900538,28.1168347182778,27.8221440597724,27.7451211339863,27.9413032428193,28.0305517247061,27.9076010772335,27.8678897589126,27.8960573291007,27.8933911774445,27.9253357861349,27.9520654936176
49.7257443146385,50.3603934073055,50.3464674691959,50.5545449495715,50.2101127474714,48.8822327764003,49.7880913802189,49.2829969553056,49.2294433230316,50.030162291588,49.871483149178,49.7017557255701,49.5946033742488,49.6632066153066,49.7449773827203,50.1411777097097,50.0603935609604,49.8606672969832,49.7271344956736,50.0297405351341,49.848099141154,49.9270856421246,49.9956105357098
29.9425753953337,33.8238101233334,33.732548976217,34.1006674944839,32.7690700883331,33.0696255084055,33.4315602805119,33.2005873595719,33.5139884583323,33.0536452183046,33.4566668212552,33.3708960953014,33.2019001686441,33.4594547967375,33.4603655276248,33.4993336904389,33.3862125097328,33.3642917567627,33.4723967896951,33.3433022755704,33.2660360917816,33.4015150504862,33.3570021321742
33.1623020010564,29.8546093903156,29.0908546423176,29.6365759812034,28.992919154072,29.4484159822329,28.5995674626265,29.0982767018935,29.3717781301513,29.55647490174,29.504523045503,29.2243829442296,29.2092919304721,29.0282937053516,29.1492577853565,29.1511121036325,29.0271202655908,29.0980264146506,29.0923875092993,29.1352047985709,29.1082043720029,29.1144362412013,29.1809950859579
22.359018712645,22.0063313268747,21.9365627796765,21.8265746399159,21.7307072976662,21.803100007817,21.7273683448525,21.8017659938431,21.7908179618424,21.7840633954095,21.7145705761517,21.7870508992988,21.7118123550792,21.7460899010991,21.750174591774,21.7496423904707,21.7807154628575,21.7553506348335,21.7204573246583,21.7545795385783,21.7679698162838,21.7391561970991,21.7314663195711
66.8513717866968,66.8939794408673,62.2743349691689,63.6456051058678,64.2150982689568,64.4615868515444,64.5542328163529,64.7720578256653,64.3568264278041,64.6687235813408,65.1042965832756,64.4662553504059,64.8930415195481,65.4758991135421,64.6406149299316,64.725163242802,65.0155020923962,64.9234798491757,65.1424341978031,64.8034426268998,64.8326800131085,64.9819347621224,65.1446479532539
38.39462942862,38.2619547779304,36.1386207959304,38.6279085779326,37.9795126282144,38.8235513572235,38.3294900550811,39.1575229014241,39.3637965999312,38.9938327432646,39.4551271171763,39.2407369238687,39.525516705392,39.4400197411804,39.3654365740716,39.4832028566181,39.4985811608112,39.4528795115372,39.4303825057949,39.3225965337465,39.5612904023017,39.5297689313965,39.3539284450033
29.0420276737389,29.5147301490567,30.0491837314062,29.1915749017237,29.230477899098,29.3081923359944,29.2892766838032,29.2983824281736,29.3542134721163,29.3197112520491,29.378204565032,29.4722929060423,29.2565897922571,29.2026187064711,29.2802931844188,29.3716235554291,29.2538320259049,29.2749058041535,29.2697123438242,29.2514330734227,29.3607622764325,29.2684348920093,29.3147783818585
40.811061994531,42.1602164723101,43.10036197224,42.973424377983,43.3370914248344,42.793567978358,43.1084394012582,43.4724642410557,43.3051867879266,43.2093871314225,43.3826877303302,43.3827352296202,43.2397842530884,43.272993914088,43.4235576492932,43.5322755988363,43.4066753206977,43.4783521582846,43.3982033299208,43.3383808493712,43.4097463786543,43.5117262736497,43.4671352266962
29.7728744456214,30.5428700447492,29.7891530593532,29.5804516436794,29.6363295951714,29.530651260649,29.3716557974976,29.4540547183722,29.4529994039384,29.3503595559112,29.3030610700102,29.3573289702581,29.3606683131229,29.2414163259707,29.3684973045773,29.4014084050072,29.3776165001433,29.3261826874884,29.4569339041642,29.3539545449036,29.4202390668112,29.4535320037067,29.422616320349
24.987108302612,25.0586409035187,25.2704560508684,24.3826237990018,24.7293900192189,24.7675440496474,24.6684912672342,24.7132007398993,24.7822908291018,24.7380170101761,24.6639307978609,24.714086429385,24.5510623946442,24.6308923842111,24.6116712570007,24.6533108887431,24.6469046001586,24.713869499452,24.6845348196062,24.5432604881513,24.6915414333972,24.6670337173015,24.7069787181172
31.6600821055671,34.6597754449261,35.1547226863096,34.2615703468064,34.441858330102,35.6957887789473,35.0042304286296,35.3441416397734,34.9608598952716,35.1457296727236,35.2306992338931,35.1806446347872,35.370163781394,35.4078286662694,35.3923138836975,35.7038760168584,35.7481039871249,35.4961017422602,35.5171666355463,35.7026270830119,35.722303742086,35.6394381564737,35.7265912302686
42.3950773391329,42.9257574386579,43.5864344379215,44.5526855048858,45.1426503867638,45.4432521935348,44.5589868600605,44.446506406225,44.6994206346852,44.9027505097087,45.0154018139262,44.8777763253512,44.7446475692264,44.8180184441424,45.0614643510154,45.143959936634,45.3267291887378,45.2124819980391,45.3171904981927,45.2323752907755,45.095341741037,45.0412918756926,45.1358022933979
47.5195740499295,47.5243710026264,45.919579866489,46.1181346198657,46.3570739610066,47.0376516186557,46.5386561882606,46.5460127524478,46.3809569407322,46.8642961660149,46.6574947640696,46.3706626383491,46.3465197012667,46.3107357201124,46.4792733482611,46.2275911307514,46.4217784668661,46.5510750098049,46.5583803615902,46.487792014078,46.5175618619587,46.3365040953772,46.4096139551839
33.9112300155818,34.7068233562415,34.3694414953713,34.4664401538315,34.3874390005233,34.4466226507625,34.306613030636,34.4627764303243,34.0546505344705,34.2914663832846,34.0959093014318,34.42506974512,34.1577695741733,34.209745664626,34.2631460580823,34.3152291594066,34.3821276248416,34.3744584902487,34.2591573365886,34.2537624792354,34.4068585076533,34.3715106235313,34.3561494674711
30.0923877038882,30.3775130488975,30.2431030126362,30.2838941522195,30.1017509748664,29.944837359526,30.0042779983868,30.0232944788595,30.0060032849372,30.0271700396489,29.8542604183821,29.9781433188639,29.872792804464,29.8976833091235,29.9120069597921,29.911648875599,29.9436929060481,29.8975839338894,29.954226813378,30.0016407871205,30.0375167211274,29.9876878982402,29.9212747369114
27.0515423835581,26.0045322283418,25.7910195376006,26.0856424414118,25.4883004097083,25.2743408660048,25.8128108743829,25.4303407960918,25.4794551184994,25.622840126626,25.5178691558374,25.4358817448195,25.693722921754,25.5113455085724,25.6482562680121,25.5102095506131,25.5947159703495,25.5383249704546,25.5605417878092,25.5025761343803,25.5443024346791,25.5800172310411,25.5409366507559
43.2729962788189,47.7540876506904,46.8224253090972,46.4539853305278,47.2230436208608,46.6856337360663,46.9561105754721,46.3416099268489,46.3924380389005,46.8764788142266,46.5487731228101,46.1029045382701,46.4931991389384,46.3526144608741,46.7268687537792,46.4621934168042,46.5216073809726,46.5855368392179,46.6523827552772,46.3415435530732,46.509767285479,46.6253613734033,46.57939214825
36.7651334839124,36.9675682536042,37.581325722221,37.7081184183101,38.3438433848275,38.6275310722175,38.7162487187041,38.6816187043868,38.8349470227372,38.5243873730354,38.9217416140073,38.8833254198324,38.6753200588328,39.0664541932039,39.0158694489226,38.9946337303166,38.8330454994726,39.1597058528275,39.0121849784383,39.0788240040883,39.0958233230283,39.1188966024362,39.1742562835407
