"V1","V2","V3","V4","V5","V6","V7","V8","V9","V10","V11","V12","V13","V14","V15","V16","V17","V18","V19","V20","V21","V22","V23"
67.3954429235222,67.4748572102088,67.4833994705309,67.4572924689203,67.4267948553448,67.3875716089187,67.3859087039237,67.2840149851799,67.2933178272073,67.2868575747388,67.141881478811,67.1705681707149,67.1900300578042,67.2323468045993,67.1381898807184,67.147090311096,67.140899507925,67.0955206095246,67.0815737011666,67.0710987399519,67.1544175794967,67.1193088840836,67.0703792198576
145.189345738521,145.358774910571,145.344418811938,145.305738637971,145.315900998807,145.336771223304,145.371746508786,145.398164136466,145.400598164246,145.412177468348,145.354597348267,145.358464375019,145.354358730325,145.346183142593,145.275762479833,145.358765004012,145.331288582033,145.418771875632,145.278180402068,145.284938248248,145.317304976616,145.332117372976,145.267765015642
62.6982069271704,62.8077171419132,62.8033332156642,62.7493408495282,62.7406498974024,62.58640149671,62.5668702893739,62.5474829327154,62.5371043915566,62.5416588511078,62.5201222903413,62.513305516585,62.5064226720039,62.478184996817,62.4800886187078,62.4787244422122,62.4096021146699,62.4257958928227,62.4126942454975,62.4142731921926,62.3165740903068,62.2932640721194,62.28023788773
39.387121658036,39.7530502066006,39.846135127543,39.8542760883217,39.8499377268979,39.8519778108945,39.8392200559203,39.8376457885123,39.8355568227359,39.8422244585496,39.8377688572461,39.8365270978238,39.832765686728,39.8297921764458,39.8280528541548,39.8143899681193,39.8160334906547,39.8301026562609,39.8285053948852,39.8232241557571,39.8308260268571,39.8346381451332,39.8289739383839
88.760454082729,88.5294273219477,88.5920998499342,88.5265439530626,88.5436406387858,88.5153990071079,88.4785675749197,88.431385842957,88.5039785723081,88.4666768539001,88.5004288404386,88.5126082148686,88.4480735409493,88.4094292644138,88.3739511624218,88.3856448696381,88.3334543209547,88.369185720025,88.3620287535199,88.3657101773607,88.3426216221905,88.3541664865661,88.2925113374859
76.7750538186272,76.6209860208959,76.621186311527,76.4894761880575,76.4264181918591,76.4034618138031,76.3400177388685,76.3170320053709,76.3158858310182,76.3134888417587,76.1650267828713,76.1952021295935,76.2395027068254,76.2312748640953,76.2119952029612,76.233840714426,76.2296339848887,76.2112036871728,76.2100118773478,76.1906981885855,76.1910126511368,76.1818895384752,76.1440707087639
150.895417501569,151.153607230263,151.092921728544,151.288671148308,151.320921220821,151.33345648418,151.350114524199,151.380283907731,151.411258327193,151.359040475354,151.428773940146,151.380946657419,151.49053684108,151.372465754777,151.397048405591,151.401690302954,151.359643325469,151.384086449202,151.401478159843,151.374646883583,151.312139492751,151.354791048887,151.377710693996
82.1914425968205,80.8686079092311,80.849013336625,80.8361417256397,80.8134379440211,80.8789262115556,80.9685337534283,80.9476547770039,80.9261330200612,80.6842627800376,80.6201219670654,80.5465854247314,80.5391629534459,80.5629371023297,80.5646730305916,80.5503772635622,80.4986955306817,80.5195509711735,80.4808351084788,80.4796485334268,80.5422519906503,80.4851616497803,80.4781423362139
107.594381773704,107.710471392961,107.592368286134,107.643354015483,107.444862922604,107.474847880605,107.524929797837,107.590424941903,107.580072238232,107.583912681119,107.581793630111,107.580815380065,107.590067364658,107.509582685699,107.61998104252,107.620472876054,107.622796293592,107.582241065891,107.585528115285,107.584845267792,107.630626628549,107.633363061458,107.610695606632
72.0004701834159,71.9787682235204,71.9084046334478,71.8938661696185,71.8958906932697,71.8842235340884,71.8982409780917,71.8697324137243,71.8476314396768,71.8281652005136,71.7984585309585,71.7605160747099,71.7399699067585,71.7286901025386,71.7333864651195,71.7133950083071,71.6935641036583,71.6975199868118,71.7212832366835,71.7145868088437,71.7155370435515,71.6910961827703,71.7523338726838
56.7838319291732,56.6025626678836,56.4706739574107,56.4497652978162,56.4828900388925,56.4653872868813,56.4824143469021,56.4935560729059,56.4867321453788,56.4566169355164,56.4692092178293,56.4402643484742,56.4440208175339,56.4375329117526,56.4480573278825,56.4385896411216,56.4443206984762,56.4434282002116,56.4460464097543,56.4487836656292,56.3952865506061,56.4009203482507,56.4128588090397
72.8325831401865,73.4061904334975,73.3748886152509,73.3572784432794,73.3615800550868,73.2992280942945,73.2445300991931,73.2423090895716,73.1693203421886,73.1435415068659,73.0918650921568,73.1044083026901,73.0998630568225,73.0994543350643,73.1066812216875,73.1013735221201,73.0882691093115,73.0876075464711,73.0460685962156,73.0483848135375,73.024512244881,73.0365937179271,73.0334940285818
99.0106704870582,99.0001147180312,98.8417645165117,98.4870098978815,98.3409650232044,98.5123727520611,98.6343156549836,98.6556029166379,98.6227564837082,98.6595692275096,98.6450483888192,98.7044140501926,98.7203623923171,98.7438680647745,98.6051815381374,98.6209713732239,98.6100785578562,98.6254397431507,98.5979065964395,98.6117696403495,98.6292856072882,98.648353116829,98.6452217228821
133.347503564222,131.563196706778,131.612029503092,131.593136991572,131.550672499501,131.565168146064,131.525495232946,131.542716527919,131.47382894043,131.448006965094,131.330029771341,131.358788897373,131.305459615953,131.334428333999,131.252852056229,131.37011964852,131.351368888192,131.306366292729,131.273759439369,131.225137718701,131.177023430261,131.301299524324,131.341018702833
65.3095285682544,65.0099914689034,65.0054002544111,65.005496901503,64.9985830317091,64.988282493298,64.9972714150361,64.9918108731247,64.9950373578954,64.9745591538914,64.9695768020934,64.973270852705,64.9655177838511,64.967821879049,64.9861126345707,64.9622267728772,64.9661743776244,64.9947917161313,64.9451818729071,64.9608643390407,64.9506448458645,64.9766415696216,64.9470791880015
85.760899146477,85.7499002098566,85.8922772514625,85.5397341910156,85.598519276514,85.5503539116416,85.5355214690895,85.4653733857984,85.5437384761974,85.4547517319869,85.4573879287466,85.4199347043056,85.518120217811,85.4623279931377,85.4662639182901,85.4339032538592,85.5080595085257,85.4841781259974,85.4947283932232,85.447227649853,85.498607233417,85.3947290720265,85.4897834769289
83.338622510017,83.1481176493451,83.2430426906268,83.1529975220714,83.1755510012676,83.1923669033107,83.1962939483541,83.1941885245946,83.1783491642531,83.1886799773386,83.1749407063537,83.1929396506983,83.1884009089415,83.1892125933461,83.1723616426014,83.1772363558975,83.1897578959186,83.1550910674021,83.1668799444853,83.1461608060552,83.1838272774611,83.188783994462,83.1882961907415
118.051416764397,118.299747530764,118.315871687559,118.302228959105,118.313110937702,118.302183126889,118.255595655411,118.250654711996,118.225565881498,118.246251589317,118.187158392826,118.138008740606,118.125035427181,118.138548503831,118.186629120391,118.238084711942,118.197223467181,118.124357985486,118.162056605393,118.171099686581,118.138194043038,118.178800660968,118.097357286823
29.6182704886045,29.5943970151241,29.5928965154351,29.5888097283074,29.5799645768644,29.583844627466,29.5823445507673,29.5793083526154,29.5784506004654,29.5728227035388,29.5764487767272,29.5763613940584,29.5768339935032,29.5763039266857,29.5722220876877,29.5696390365553,29.5667096041484,29.5738308437125,29.5716063593603,29.5734645243189,29.5696481500552,29.5707628253638,29.5695919583637
96.3446780805793,92.3713450390616,92.3964884616837,92.3504350815888,92.2448989412161,92.0765438908829,92.0685002133245,92.0277295201775,91.8892177659908,91.7100384569382,91.6686299363701,91.6227537265524,91.6140404928994,91.6830024362381,91.5582955766644,91.6294597359088,91.5684687197567,91.5929777815131,91.7322877091792,91.6966038018493,91.6681727384684,91.6106279453158,91.660275771451
103.827170263343,103.819661121977,103.806140804267,103.756311150467,103.647725220822,103.639621975389,103.584706895388,103.663709190231,103.624697909047,103.659915575217,103.695575955379,103.629823327406,103.703216905782,103.690542578538,103.543679928417,103.633643749176,103.591428297201,103.592981459604,103.557227102491,103.540616999818,103.540762596233,103.505716967942,103.481288314179
107.444605901552,107.309439287304,107.490493362784,107.502066208691,107.49576917031,107.507739636391,107.50429117717,107.583486541088,107.510449293557,107.54380391493,107.53958243569,107.559329599404,107.510857505657,107.487681375593,107.46818357698,107.522684555784,107.48224973115,107.487071888343,107.525593996957,107.509487127189,107.473417264642,107.483475558616,107.510008923211
59.4453812288556,59.3321954984253,59.3229939805168,59.2970381885042,59.2655594085988,59.2472315092197,59.2489301400486,59.2312842207599,59.1988077522528,59.1476194994159,59.086390483392,59.0778876828122,59.1026041909597,59.0753045050951,59.0766270924459,59.0630189315819,59.0803924469196,59.0436191354384,59.0691108866216,59.0351643208668,59.034444717115,59.0302225296964,59.0483587702614
84.6134902747128,85.6934975591637,85.6717992231053,85.6708886915728,85.6323138904812,85.5830385166299,85.5224836887837,85.5016418747009,85.3858909684058,85.3556397499503,85.3281676044518,85.2452187121859,85.365330819576,85.3416189192024,85.3183195721135,85.3494873873099,85.2541502676518,85.3682159245176,85.3265755758598,85.2820437480167,85.3123616373467,85.3026459840032,85.3121186942941
89.4733048613257,89.1685511454761,89.1429947193158,89.1079711522889,89.102536528533,88.9682592585847,88.9779731361961,88.9145809751603,88.9346215293493,88.8369024755124,88.7861687967701,88.7139944595324,88.7693902579472,88.7296957034069,88.7119715408004,88.7662187067522,88.7972415715039,88.7655373934372,88.7448685785702,88.8048009935368,88.7758262828157,88.7857867522659,88.7160667823976
80.3274967247214,80.3040178547724,80.2964792071276,80.2855152987201,80.2546558283378,80.2320653180877,80.1694858998178,80.1104293582878,80.1137760993155,80.084377612731,79.9732817455079,80.0931813213374,80.0446509167737,80.0189968938935,79.9934545408341,79.9529111457673,79.9585196418695,79.9657014103648,79.9147166619738,79.9099875315125,79.9803384779892,79.9210635450812,79.9702017325093
188.070943330396,188.27242579244,188.419101796317,188.308520740183,188.295106993755,188.17840606741,188.209371728859,188.126420436049,188.085741458534,188.143178575032,188.028176022879,187.992750626143,187.910274988376,188.031266128994,187.94784310302,187.943193369637,187.855135527353,187.9869944493,187.829791120819,187.945089142004,187.868702917,187.932223779403,187.911852609379
79.8844724241145,80.0467101262252,80.0471667032253,80.031017374085,80.025379115447,80.0035935986011,79.9985390475203,79.9579450011774,79.9212721917355,79.8585040372719,79.7714074688591,79.7788651635076,79.7736483443131,79.7327086679595,79.8287779288226,79.7892369990533,79.7718782265999,79.7826411135346,79.807025850176,79.8232440308613,79.7596557368736,79.78592992356,79.8189705567456
91.9272356581034,91.7099696744997,91.6967259196755,91.6960020971701,91.6711094514759,91.7144383624722,91.692606006089,91.5922956437422,91.5977299269265,91.6412988305633,91.6047491447604,91.6318541924148,91.591235207536,91.5577767825952,91.6040282854315,91.5656156527745,91.6159614667636,91.5392874024294,91.5543773881703,91.5825735923436,91.5979932822656,91.5377877977897,91.5444837734624
60.6771282285332,59.6964644543503,59.6368444791666,59.6236589763851,59.6156037187472,59.621335486292,59.6198638652414,59.6188167514388,59.61965239497,59.6270472347346,59.6126355271092,59.6250249291132,59.6130435024723,59.5991455323317,59.6276941511346,59.6204519014062,59.6296217422697,59.6177154986537,59.610574277888,59.6216439569944,59.6188766911233,59.6010777879065,59.6151187861711
122.36199689478,122.304491748901,122.299990803497,122.294227612966,122.245554549388,122.228311754753,122.143058094583,122.121721883576,122.064009192737,121.953588002025,121.950279167842,121.943701703721,121.998166957248,121.93268575828,121.97630417657,121.911157409997,121.909660397105,121.948613356403,121.995578509284,121.968652804929,121.802630304481,121.86379564529,121.838617789581
70.7067963320847,70.6699017452189,70.6776754801195,70.6869609587588,70.6700043755976,70.658791051413,70.6423675685018,70.6429250197569,70.5720119985887,70.5008953322438,70.4819124039527,70.5018345988838,70.4466642548091,70.4301794443045,70.4390967678834,70.4446875190243,70.40094097438,70.4403995926408,70.3858021746216,70.4250313622437,70.4271602356345,70.4374127324093,70.4377276446751
80.6152811174672,80.3374878419335,79.8090761460901,79.6945225486371,79.5940304068999,79.5203152521247,79.4946309809843,79.4990283590265,79.4348078101912,79.445770963852,79.4230149914985,79.4351403792511,79.4345745561861,79.4651079646502,79.4149695519394,79.3782720453007,79.4442941377807,79.4190825147858,79.3788737412536,79.404778798925,79.3895227357135,79.3421544739676,79.3565635920186
106.738883336853,106.80155111807,106.547804520986,106.673105777693,106.083696638593,106.305735876285,106.335700493423,106.305842958769,106.42541797769,106.339005032762,106.196554905791,106.248401313724,106.285052148248,106.313365495393,106.343174304847,106.238577573929,106.294021894723,106.287512810082,106.336692453509,106.320081118929,106.406173478883,106.442667624761,106.391941249666
57.7631882929749,57.747743504917,57.7169402819779,57.7085452583374,57.7155858138778,57.711276063803,57.7105620033767,57.7119007232026,57.6331131697222,57.656269352086,57.5909285644212,57.5809185912679,57.5016453093463,57.500324384918,57.4461553928753,57.4342834681757,57.4213478160634,57.4351135674081,57.4151032306778,57.3918045295608,57.3816442359524,57.3770918983138,57.3684341239781
104.276278050127,103.8877084421,103.890419516685,103.848349827478,103.74316358678,103.441603834673,103.321871041425,103.325444016254,103.33159211907,103.382059973232,103.318272045311,103.300209705274,103.311045197195,103.365073720967,103.288555663835,103.256870922775,103.246785762804,103.311854715902,103.303144357295,103.34665001504,103.31119242943,103.222370154726,103.266878361366
134.477630513084,134.258785989064,134.698845930106,134.680807181238,134.644627527981,134.566762154101,134.504695851724,134.461410212603,134.336750388002,134.3892687138,134.371074909856,134.301964800052,134.399100034088,134.345639796384,134.380584856897,134.325956458847,134.330764198223,134.368777239512,134.265295173665,134.357663634848,134.297807762057,134.33475255695,134.334035101058
115.037675198277,115.047714626324,115.041198522907,115.0303641477,115.006142332584,115.019342344761,114.966358738582,114.893973149144,114.922719834173,114.913313300929,114.902202428057,114.881275185187,114.931310283404,114.87580234425,114.942799404997,114.913873966118,114.911498648092,114.888549344089,114.971262719068,114.921775387374,114.942446017888,114.917487238024,114.936874157942
111.92407212235,111.86493001439,111.866733945202,111.861575339554,111.833070140011,111.849377914681,111.774684633245,111.788778221967,111.668909781124,111.758274618961,111.694020555662,111.716931075249,111.659304236141,111.65713272372,111.691628106102,111.6124802994,111.612950782064,111.692551964534,111.707576180571,111.669009469486,111.654760923945,111.688784767571,111.72078348564
56.9778571003048,56.6282085971469,56.6266026730171,56.6250883396044,56.6188488885765,56.6115788383516,56.6005440053351,56.591827485011,56.5538986710306,56.5218069003841,56.4607910888366,56.4651152272493,56.4603783553882,56.4673942764567,56.4505552092897,56.4043913125302,56.4191401313165,56.3605644026974,56.3692674568603,56.374884668546,56.365160977814,56.3704227440149,56.3447270925646
80.2485421594117,80.1903802015704,80.1848538782707,80.1813371959159,80.1463707535197,80.0860351188043,79.9535677822729,79.95973909944,79.8284896167085,79.8710637646226,79.800603834086,79.8282113195704,79.7498030431192,79.7753787527166,79.7374082741404,79.7995169986446,79.7824693061365,79.7726885772789,79.8127642784546,79.7806203331998,79.7438339890942,79.7536526375997,79.7380376885974
223.713287767009,223.590739912242,223.604172903659,223.301893045582,223.405366608704,223.367361622957,223.579806755432,223.473650412472,223.465605031657,223.449818496993,223.53154738537,223.448871969216,223.502704579434,223.420467491768,223.325583114835,223.420365589232,223.473206494465,223.377494479267,223.406532597656,223.545398099243,223.347505859252,223.361238045818,223.341729487143
82.929870577968,83.5833361071775,83.6809788228642,83.7595517874149,83.7388956566717,83.7359168061284,83.818262200243,83.7567933510879,83.78995780989,83.7254553484752,83.7397343237839,83.8129382047502,83.8007447973422,83.8080625107033,83.7762764137011,83.7247342268865,83.7460498404799,83.7222748758377,83.7258312080224,83.7404429059419,83.7192647906968,83.6890542039479,83.7419092317129
54.8889370645619,54.5146329348058,54.5148931087773,54.5364408721281,54.5210339308744,54.5152295035853,54.5293677295193,54.5364200304952,54.5661544866974,54.5690873339396,54.573078922301,54.5522110716314,54.5133188764979,54.3974316919065,54.3624327283361,54.3057533151021,54.3392691134937,54.2992010091066,54.3082026150592,54.2335946185382,54.1936655515704,54.2368568690245,54.1954859313841
108.39419200512,107.754472651214,107.773355181987,107.762527367393,107.729001600928,107.796888551315,107.748186885643,107.656534698181,107.723697732321,107.656234779867,107.601893044205,107.569285043092,107.534212479144,107.557999925514,107.55744366215,107.542825762946,107.551135889319,107.491534979291,107.540645869989,107.485909381692,107.476431723171,107.458256218186,107.476231300843
45.3943977648374,47.108298423276,47.1370884612962,47.156861932485,47.1885803136981,47.2042334521468,47.1921344815815,47.1942481681627,47.1889404275002,47.1909819189817,47.2017774715692,47.2093363067176,47.1759907627144,47.1846983798108,47.1815618122658,47.1839718495367,47.1690832823176,47.1737195850655,47.1678253305367,47.181766923485,47.1732189319953,47.1565871012121,47.1798240324893
117.226755990463,117.215372682661,117.297925698915,117.227273228932,117.199055138272,117.206922324872,117.126674656297,117.167740675765,117.146832090246,117.162819158811,117.1181549102,117.178983248825,117.093711009166,117.138891664709,117.123337259695,117.100834488416,117.083128449828,117.089230322917,117.094762416783,117.094150110364,117.085941170745,117.089447243359,117.091949339706
189.494547767479,189.341062739148,189.046450853908,189.070540894481,188.937282121961,188.991720552205,188.984532671985,188.945983544685,188.937775891952,188.894520266679,188.858594004603,188.862991178807,188.894948669248,188.868219806775,188.836790047011,188.970781967721,188.821174404731,188.893958117188,188.822961311091,188.864065820223,188.898793451418,188.85272575219,188.789095272131
47.9186622047138,48.1582416134764,48.1422377083063,48.1641402236408,48.1511480755034,48.1539111119316,48.1502957719384,48.1501186993551,48.1465643453057,48.1469279674769,48.1465982850735,48.151288275226,48.1506738405712,48.1512776360956,48.1576921628599,48.1465846176826,48.1469880542341,48.1383446523107,48.15715816414,48.1302069539864,48.1545857048556,48.1465680049854,48.1461267563246
52.1210121164975,52.7808080497309,52.8161324783594,52.8266087877757,52.8262366359124,52.8191700728925,52.8369067753478,52.8196511259045,52.8194081168211,52.8144346778043,52.8244298475009,52.8078614579788,52.7849103946395,52.8215188867229,52.7797412067128,52.776450516981,52.7800099911057,52.7546834865761,52.759300947979,52.7654140207059,52.7262844500587,52.7083747453659,52.6996307817535
22.3234824934567,22.3413977178661,22.3414968862134,22.3426150655747,22.3424860740502,22.3430568303192,22.3426922763632,22.3426818970044,22.3422657649599,22.3428140551235,22.3425025264018,22.3426693833973,22.343270251288,22.3427516859329,22.3419678706577,22.3426629619596,22.3420625811189,22.3430224467284,22.3424910703984,22.3429476489265,22.3430736469167,22.3423857165331,22.3412369745493
91.7935051293469,91.9669614693291,91.9605345410156,91.9675847151599,91.9501320884351,91.9998312932521,91.9639386985333,91.9723685260028,91.9548148066786,91.9621819458269,91.9431991714188,91.8997603221312,91.9712007773249,91.9002679721606,91.9342208579422,91.897763089026,91.8619880451066,91.8888513705706,91.8797555155183,91.883316934246,91.8807706746271,91.8402730470305,91.8622990226656
67.7364984209137,68.5946689667175,68.7314331920919,68.7733929864011,68.7637307469981,68.7373220471352,68.8731486359403,68.8666893979233,68.8395806129132,68.8420945525985,68.8030098511604,68.8563785472709,68.8754639211158,68.7447140373038,68.7570108718576,68.7430240125046,68.7346408059105,68.73745146305,68.751216800784,68.7139331730747,68.7646797576507,68.7264204988748,68.6629862927399
35.6035687910447,35.6292884016835,35.7191781760895,35.7213738801447,35.722715231086,35.7216916227219,35.7223682036863,35.7229237573229,35.7220143241787,35.7202342102464,35.7163869655671,35.715912807417,35.7153400424205,35.7229425774276,35.720031200339,35.718609715715,35.7200180578534,35.7198034823911,35.720311759203,35.7173200657836,35.7190980746801,35.7177899024121,35.7182704636229
55.2285987618469,55.3204366800783,55.3295126413593,55.3368078024489,55.3311426275953,55.331765885418,55.3242546445664,55.3276573251359,55.3258206793904,55.3159404301987,55.3248833157679,55.3242495990161,55.3214708397327,55.3217690873765,55.315173035713,55.320377282127,55.3227207537918,55.3042036989413,55.3214043069774,55.3111458385347,55.2949908504956,55.3025882018735,55.3152183486098
78.7035650434749,78.5603615801139,78.5391614813517,78.5321075661985,78.5220200941834,78.5261137645443,78.5358278832499,78.5175563433159,78.4926639539232,78.3722957400988,78.3179825210493,78.3563640131752,78.211654589255,78.2177004369808,78.2239273980915,78.221864142081,78.2315751411632,78.1978929180679,78.1795092236922,78.2216443252421,78.155365598852,78.1326827088428,78.1699362693102
36.3382953383344,36.7702546633978,36.8167453975531,36.8219885138516,36.8393479675989,36.8319281940519,36.8404160921774,36.8337412835925,36.8351048301065,36.8307110919301,36.8301674058702,36.8277638189319,36.8278047491876,36.8224867416804,36.8275312675751,36.8157332314977,36.8169958945528,36.8146732653272,36.8042653673538,36.8204923165443,36.8197674612024,36.8167450171552,36.8095977934543
20.8985806039671,21.8856444961569,21.8885056880183,21.9013213891781,21.9031575800485,21.9045995018118,21.906071248657,21.906009922239,21.9060871172688,21.9059709493409,21.9074141852284,21.906068544006,21.9055226431033,21.9046853974651,21.9045226061746,21.9057770239426,21.9063738644015,21.9050879412685,21.9049818605841,21.9052875393298,21.9012865125708,21.9034823042675,21.9040750736355
75.1164142624091,73.6939190030925,73.9284466617668,73.4702626202625,73.4083560548497,73.423103522126,73.279380321109,73.2980825166183,73.2988824114459,73.2375749691755,73.2301693029077,73.2589777361107,73.190199963654,73.2161431710389,73.1696945293032,73.1785755189933,73.2239275664571,73.1488121961579,73.1598350783614,73.1858219374782,73.1309623901788,73.0966379429366,73.1971767382974
65.8645856796452,65.9217745641473,65.9019787401999,65.794911576542,65.7954467206626,65.9029309965566,65.8005537438108,65.8729600743284,65.7021838883164,65.7778447338469,65.7677133197664,65.6975422048942,65.7847930617447,65.7104860004945,65.7436766567211,65.7207131123626,65.7145044648349,65.6756176695981,65.7051833409039,65.7022493166873,65.7617721548264,65.7259109909657,65.6707276383284
55.5084345510119,55.7688713552224,55.6514614555927,55.9735008780384,56.0262768814736,56.0356763531505,55.9992920403394,56.0043343942175,56.0150780820092,56.0121036040274,56.003022988443,56.0515740785469,56.0318233827395,56.0151081355992,56.0286898840561,55.9649463565009,56.0124210342456,55.9820069069945,56.0105454685738,55.9994246533818,55.999757891293,55.9903192064259,56.0009614086987
172.119132169477,170.747740838469,170.762107796901,170.580904832194,170.275256404517,169.987373669747,170.224517228937,170.243348782372,170.248133134326,170.138927558963,170.223901481173,170.191990585301,170.112164358347,170.084668791237,170.066467367916,170.18486776035,170.213875506099,170.089097867598,170.208413815038,170.028166555304,170.193301628865,170.230479019441,170.286965231283
49.97336059817,49.8668749681709,49.8582076913522,49.8580912232128,49.8549691519448,49.8533785104485,49.8544163489894,49.8515119628071,49.8479200477203,49.8409903866792,49.8472645922314,49.8295690049102,49.8300806545775,49.8337678607799,49.8241553317243,49.8385752741817,49.8209436343746,49.8190574656685,49.8286624724883,49.8364548027838,49.8325679112916,49.8172319606745,49.8215946899527
58.4498259489186,58.5523868191459,58.5615897630904,58.5634086389196,58.5536854336275,58.5487070311897,58.5445206672003,58.5462750583467,58.5593990951662,58.532747293303,58.5047635759861,58.5282866884841,58.5358827432925,58.5160137100295,58.5010096207685,58.5057851865174,58.503571380439,58.5227203191044,58.5168726409713,58.4796220642774,58.4854624054671,58.4686453527159,58.5198193322471
94.533997935217,94.6278674616922,94.5857489870938,94.535713451424,94.5211804284981,94.495535768532,94.5480222146962,94.4722838943979,94.5172113639413,94.4788246850077,94.3844640354903,94.4242420663721,94.3376891966909,94.4090744498319,94.3912844371606,94.4201211863349,94.3796481086365,94.4249878982544,94.4214950289494,94.3530423847708,94.3992995742416,94.4012468403192,94.3809352419684
63.8495901370897,63.5468708785078,63.9639407955652,63.9340849770205,63.992331523109,64.0099694801942,64.0014396311404,64.0090531608895,63.9994519063134,64.0072396375929,64.000542809209,64.0041288842502,64.0113931815157,63.9913585542344,64.0143533180915,63.9944316287682,63.9892750195026,63.9959458348882,64.0255354201151,63.9856854903401,63.9912193098594,63.9714270513649,63.9892034466237
62.8859990273847,62.8323650778274,62.8271829699226,62.8216247990794,62.808254166368,62.8080470893374,62.8073643991175,62.7754994571207,62.7413633424517,62.6723703186354,62.5942237116656,62.6045621411575,62.5378671215732,62.5450814084217,62.5382556124288,62.5095794012029,62.5335362656242,62.5434959626073,62.5240363152047,62.5385996404911,62.4899596560839,62.5049634401217,62.4837454005009
44.1454812165383,44.1908259051367,44.1885211548324,44.1809622973076,44.1826835608397,44.1763100858142,44.1671410782353,44.1549159439551,44.1539879683387,44.1364900119728,44.1354872104892,44.1329387381104,44.156322857717,44.1464308477516,44.1227029322089,44.1482570934143,44.131343795326,44.1106871396816,44.1361037445246,44.1352680532505,44.1242200616472,44.1000937964376,44.0914214316589
125.221453837664,125.206977068572,125.197151376429,125.187632341187,125.181684368635,125.182738224496,125.150116166269,125.107373910102,125.064362613397,125.07742958192,125.056829516074,125.076937157964,125.019397706569,125.050056656332,125.047892654212,125.066037140459,125.0068452275,125.019143642737,125.047004787745,125.119005021598,125.046054492616,125.036088280781,124.990820223166
56.5876468222638,56.4898826296658,56.4926706869607,56.4781080172445,56.4103517449331,56.2763475678344,56.251069197339,56.2569520864673,56.3139283374857,56.3279262818877,56.3667543608863,56.3484992911365,56.216069458988,56.1924999724365,56.2329354975617,56.2253344033289,56.1638527370523,56.2004900753026,56.1348431661874,56.1450302872578,56.0601761872846,56.1195343735685,56.1198774534197
146.862979123355,146.383522744071,146.358668401032,146.285146352265,146.168298064463,146.081302255465,146.027160086579,146.013324999009,146.096095655613,146.084346295834,146.02526858728,145.979939382892,146.068038022481,146.053710689318,146.132298578185,146.024701416811,146.059433326051,146.064301420876,145.97821359735,146.112018994727,146.084750384725,146.11626168343,146.115406989372
201.130653582607,201.93469359142,201.058934255804,200.972643974896,200.980136554308,201.168884540841,201.208876919148,200.893906020397,201.029158259066,201.117904399653,201.300989902064,200.850110429536,201.117013123103,200.942054027356,200.916728655117,201.297120451866,201.016214042372,201.230433469817,201.162317182041,201.08133638768,201.211438352488,201.103344543832,201.142796560644
91.0635175233784,91.1937967656487,91.1940700015907,91.1904134619998,91.1566789089885,91.1382847555805,91.1647646780679,91.1413447340554,91.1308692275563,91.0551466714239,91.0808733012145,91.0297326675584,91.1205079615544,91.0260081319095,91.0472262507556,91.015276317059,91.0152513356337,90.9728503871194,91.0224036611464,91.0207881901859,91.0366728904732,91.0134616050123,91.0011049627036
60.1233203683342,60.2439412769509,60.214343524357,60.2000775784604,60.1504065653162,60.1181919225983,60.0952349046865,60.0748355314062,60.0037288814338,59.9445314033107,59.8813423135884,59.9271142667618,59.9726126792053,59.9544619133342,59.9665225814243,59.9479551427174,59.9894033046296,59.9354331521699,59.943585265319,59.9717357301408,59.9527363421007,59.9007429341533,59.9400664186923
43.5832636249399,43.5546152594144,43.5548418581647,43.5558362717665,43.549236506753,43.5348762411676,43.5390196973418,43.5379395186031,43.5349277247791,43.5264037651875,43.5329182069888,43.5313070361756,43.5392332314363,43.5249946594236,43.5187940312731,43.5041702083038,43.5103210775195,43.5031962378008,43.5129740487887,43.51839140289,43.4713751539686,43.4638199472523,43.4623435903176
62.5730529820841,62.4412847782497,62.3580979322493,62.3252844060507,62.3142820797489,62.292475880793,62.2788718119002,62.2669211490798,62.2702481953284,62.2619760492694,62.2304262367064,62.2446708222556,62.2309905582252,62.1981713843937,62.1653076644049,62.1866283007271,62.1470163596608,62.1712881750077,62.1603919467449,62.1513214279605,62.135281841012,62.1070598546927,62.1234732150681
91.547137631249,91.1854828850654,90.8818898906348,90.8642302530189,90.8463724044582,90.8389772839359,90.8143480888345,90.8217701614947,90.8399162463023,90.8549239460548,90.8364003442097,90.8413618661309,90.8472382365273,90.8369847760055,90.8292090781805,90.8706209131513,90.8543287507925,90.8626591406477,90.8583403147625,90.8738933201403,90.8353844590396,90.8829730497424,90.8484204904894
68.8197922028294,68.8218093096432,68.8197014044588,68.8022744023157,68.779842984767,68.7936115465998,68.7806382220117,68.7854140496317,68.7993926113681,68.7821741113649,68.7924626649404,68.7970419287795,68.7992632787533,68.8003037099257,68.7790673970633,68.7825784153665,68.7651288433547,68.7792385281602,68.7877838725361,68.8007713468013,68.7540888834075,68.7413520766145,68.7473367261064
68.2725287474851,68.7544406605006,68.8206131221052,68.8045577146801,68.7808946478452,68.7802957007241,68.7960865173055,68.7909035408722,68.8042578656099,68.7894303377003,68.8068090440317,68.7637887746873,68.7352479660239,68.7638082252671,68.7631416071776,68.7495400245027,68.7262038941781,68.7431020013079,68.7251631502776,68.6969222475663,68.6955630396935,68.7403853410558,68.6790605999993
57.6806543958184,59.0721023098825,59.1279980932683,59.1279608620661,59.1348346247047,59.0579060736091,58.9955577563678,58.9688549527637,58.9132025631072,58.9223877894618,58.9371511139139,58.9480677124624,58.8857643755301,58.9080663557082,58.9401145877944,58.9273216479023,58.9197106858241,58.9197847363625,58.9226760087963,58.9504261006893,58.8906063833688,58.8580043720331,58.9024619139152
57.964302497937,58.9873930542199,58.9075444209574,58.8645669479075,58.7570210744333,58.7540153927041,58.8534536837261,58.7843350013414,58.8451791856727,58.8531758484955,58.8273247484066,58.818015826082,58.8709837391966,58.8501425828638,58.8666020914396,58.8211695631509,58.8318771764333,58.8180640146976,58.8281786981668,58.7720223179162,58.8095889561997,58.7955611438914,58.7734593581157
121.834463182209,122.665346035622,122.346636063847,122.386234260278,122.450325444286,122.519552498367,122.67753416622,122.708405830815,122.869866668095,122.784808536446,122.843350660041,123.029514818899,122.855002008746,122.86567056531,122.923192441874,122.857597784727,122.919440031925,122.788982452951,122.794491135643,122.848284586613,122.863374063794,122.797269586808,122.7823830393
81.2341283707593,81.1007132061006,81.1079142345721,81.1046215980491,81.1013174997618,81.0889825327775,81.0911631069372,81.1040521607176,81.0908002892658,81.1071859913554,81.1188072010261,81.0866819790189,81.1068568213175,81.097813986911,81.1045345216988,81.1043490667188,81.0982752067847,81.0935862411705,81.1048684872579,81.0873383864357,81.0973207394055,81.0953934688147,81.0869112236006
87.7990009994066,87.8844887517872,87.8514883404579,87.8445670596608,87.9690637681672,87.9204362921257,87.9021546801977,87.962320183239,87.9391231907026,87.9484739476388,87.9843777576854,87.9088633147629,87.9321245331151,87.9213682862067,87.8556002960349,87.8826756376692,87.8867733244087,87.8655168390581,87.8652687285236,87.79310182343,87.8305276190049,87.7918936618984,87.8228224258639
44.2721432834537,44.2010553880373,44.1605551102943,44.1531240308672,44.1448756196809,44.1373456237131,44.1247154248863,44.1210426035906,44.1344033879048,44.1109151463843,44.0968149509285,44.0850778814797,44.0695937983997,44.0344154754164,44.027678669181,44.0188528651551,43.9820722839248,44.0127899728733,44.0100484407313,43.9655638161308,43.9730655336313,43.9753530367445,43.9717664438954
69.5370991748453,69.4413540817218,69.4044905083053,69.3603652194469,69.2644522492771,69.2418608289559,69.1431808397601,69.1178311257648,69.1403742115605,69.1007683994446,69.0601174103217,69.061168656059,69.0722507873241,69.0068468838014,69.0117635168856,69.0425206701823,69.0535311681955,69.0319178241354,69.0035092235711,68.9994251176489,68.9953777081902,69.0050649037255,68.993348156806
147.880932263412,147.996787282381,147.939344152358,147.916768350576,147.963940853991,147.84257205443,147.730409196693,147.76750464496,147.745699476477,147.779565016157,147.768858298653,147.866425516772,147.831061228396,147.886748457586,147.846814979237,147.839423310082,147.826629219969,147.807911436867,147.855438900929,147.882803089818,147.759784149285,147.823844661955,147.784108717182
93.8835705335085,93.4345946622606,93.3725599620434,93.3560657840921,93.3589914328378,93.3366637268087,93.3457858418853,93.3553391144122,93.3221966499374,93.3055776948681,93.2505246904799,93.2659798371301,93.2834166013767,93.263794681728,93.2461563233556,93.273254587435,93.232882209886,93.2112976796324,93.19954568049,93.2361657379355,93.2500357159672,93.2319516907437,93.1667946882057
36.3602455105837,36.2948411267964,36.2940169718724,36.2952363575385,36.2940914136648,36.2934911875822,36.2928064793268,36.2915499954887,36.288679027498,36.2864594102767,36.281405270485,36.2854081469584,36.2871713679641,36.2906175491017,36.288913377101,36.289814218348,36.2918144909697,36.2856412279195,36.2895692369075,36.2905437426358,36.2864834436999,36.2921359821337,36.2861707639059
90.9531906553748,90.576746820834,90.6393109141165,90.6025128658656,90.5821617809095,90.5631710614279,90.5392336547958,90.5021860404029,90.42041503958,90.3818199413504,90.3530739934655,90.3550316283339,90.3760994666711,90.3991108978861,90.3956032739998,90.4110821258292,90.3378091962861,90.3376261867358,90.3559443982093,90.3669149537974,90.3683907869607,90.3480498355023,90.3865267335211
64.1030897761413,64.3589154407,64.35955103285,64.367328504052,64.3129273126939,64.2046637642685,64.2356283910235,64.1778668279242,64.1914448163107,64.1802593995018,64.1846826435022,64.1927985388314,64.1572217762624,64.0857162637656,64.1292318308236,64.1146654744812,64.0860429706309,64.079306153843,64.1243548843392,64.0746141635231,64.0733763755921,64.0084247823895,64.0289200850367
74.4250595778792,74.3377357001742,74.3294717581987,74.3335442449033,74.3270249182855,74.2988783259278,74.2945646003316,74.2644061138102,74.2600677342414,74.1701632604893,74.1614399761716,74.096211204295,74.1367881146907,74.0703484804923,74.1117407582472,74.1055105674706,74.1017557853307,74.1130128518194,74.1156504223373,74.0865223079319,74.1482328267003,74.1010371173841,74.0685622919103
160.077494272833,159.899024905014,159.540483557996,159.454296057864,159.420588748208,159.414492118962,159.355690183483,159.430922632412,159.377332276661,159.320471035109,159.357672078958,159.401119414163,159.240732145342,159.282170923137,159.265415325401,159.325176776698,159.259423349496,159.391004812273,159.248999818701,159.268713467364,159.260901182474,159.24972222108,159.19208377197
51.0057929325094,50.8450536878163,50.8407064841068,50.8386232753247,50.8389209708269,50.830274024168,50.8234302891307,50.8097285321814,50.8234831564221,50.808868878834,50.8150224415493,50.7491606301911,50.7314325075824,50.6545776458124,50.6071561465153,50.6588021423335,50.6286979824808,50.6056277688533,50.5259916396226,50.5646801704554,50.4677403568301,50.5130945223338,50.4474164242921
98.8084657052611,97.3538822170677,97.1675324918948,97.1269907489936,97.0845966067045,97.0589149758603,97.041905401057,97.0080303214097,96.9593272272046,96.9826640345723,96.916789997525,96.9368903139407,96.9110478793713,96.9220696457314,96.9533041900403,96.9570807964303,96.9266832565895,96.897067041585,96.9231871497236,96.9984759381931,96.9586555282564,96.9492752930323,96.9432998252837
36.5950014061756,36.2934895804327,36.1443905714628,36.1108431155366,36.1125794959906,36.1127891762728,36.112144747116,36.113249384164,36.118181635536,36.1118830289619,36.1169317640208,36.1129663950187,36.1136599410822,36.1099832640215,36.1080913976578,36.1104427601872,36.1148021440555,36.1148624816946,36.1050198806034,36.1196377017476,36.1163199009593,36.120750483242,36.1127820239582
147.030653443233,147.400110707559,145.821016300667,144.840676937502,144.68081712875,144.697064183573,144.63043780276,144.757832198752,144.743316374069,144.664949445606,144.735406218126,144.759561989963,144.6307215297,144.7014100743,144.631686436308,144.766156452025,144.726201312402,144.68177123461,144.689159078269,144.69842034108,144.7718444058,144.66537092645,144.579493455998
110.644190186569,110.064635143563,110.025727742111,110.037505854344,109.996473788001,109.901394493502,109.810898396276,109.786594099616,109.668624812747,109.708857686729,109.668252824233,109.671697077297,109.663112785398,109.695842477994,109.68458791542,109.607566892007,109.643563768144,109.664900356421,109.556307013521,109.557470470482,109.63152653411,109.602480685291,109.589973139964
114.191960418624,113.640963067788,113.629867167312,113.593871530626,113.570037350942,113.574534582388,113.54575111305,113.515490922341,113.425447244254,113.335813950952,113.172562148814,113.259476122176,113.198056715235,113.151271370012,113.110078307367,113.081183033491,113.180035927443,113.152681827625,113.157659781366,113.115925139275,113.100596498679,113.213340281315,113.177198163054
78.4462262523712,78.4983495483372,78.424090408139,78.3996082510235,78.4268559496305,78.4034300359654,78.4583561021929,78.447630680144,78.4430183265423,78.4165676181321,78.4522279762169,78.4016370797281,78.4233440377796,78.4223152397913,78.4229517723589,78.3679063846605,78.371149817064,78.338991898861,78.3860668059677,78.4311652697192,78.3812301859493,78.3522781046112,78.3623670303789
