"V1","V2","V3","V4","V5","V6","V7","V8","V9","V10","V11","V12","V13","V14","V15","V16","V17","V18","V19","V20","V21","V22","V23"
149.831156081711,155.385671388948,152.821614673268,154.016304762141,154.324976719344,153.284423167272,152.870791169652,152.115640253422,152.271366854027,151.261645792617,151.815928865652,150.71391994616,151.326105308608,149.706584593774,150.058995789934,150.288419884193,149.621469754934,150.140976461394,149.913823881479,150.064882043524,150.015492549939,149.929471288758,149.889006788729
159.341129659506,154.42258987848,154.344111649186,155.649152933824,156.113006483565,157.022804920117,158.000107890916,156.77624246648,158.206417650927,154.529392279246,156.769217460635,154.616221861044,154.224901009578,154.30266789524,152.75097525511,152.755067801478,153.090214715563,152.513508086,152.082368265231,152.820246976139,152.645303580564,152.34280028421,152.904418207794
103.606169868064,102.02162292484,101.412474364976,101.688321976297,102.243064800316,102.15462278946,101.821093233534,103.26209793781,103.436975668016,103.247880845274,103.350394669902,103.422064432662,103.887726516895,104.829167764423,104.440375298976,104.550467184545,104.446408105189,104.571742070537,105.051567830287,104.796303680371,105.333822615145,105.11612618343,105.075433996265
115.235263899771,109.074281276806,111.786315713744,112.821104457231,112.67913267724,113.215581262816,113.33070549015,113.116788236759,112.977702699865,112.496142635889,112.516731161487,111.906846333374,111.163178356957,111.589379801107,112.201039888184,111.656970159173,111.835722568921,111.680361547477,111.661186843308,111.504396913239,111.444711705638,111.534778334134,111.652475440732
98.4693513500362,96.5649852057542,95.0925186936722,96.1194619569944,96.5078255731246,96.0543011700424,97.5518382518325,98.9319212564964,99.0118835700983,99.9216081791918,100.08474439911,100.744636864426,102.613421887022,103.708900538911,104.699997688473,104.68140705174,104.254866931366,105.182586725457,105.47520375766,105.082863910679,105.087866216311,105.480689625494,105.487432826949
81.0858304974305,81.2317911211293,79.460884600025,83.380190532927,81.4796063487995,82.1813245421283,83.0398747934397,83.093267358361,83.4544542464324,83.9161606474804,83.7098147361744,83.2133543927336,84.8282247575154,85.3070081477056,85.1529891480579,86.451052430326,85.8767216950324,85.9126980825314,85.6210183052461,86.6181515588657,86.5506373424288,86.4957884001419,86.5784725979896
141.77091911165,141.404131877901,140.401005262437,140.754584587454,137.520519786857,136.033911899564,133.384100269342,134.520399624588,134.123062560387,135.762144415989,133.198993745882,131.989622141941,130.604198265076,132.664742428706,132.02264634438,131.392982199586,132.165161532635,132.163441978407,132.230974238848,132.250690561072,132.720680349463,132.885082729467,132.988178973136
182.664536113058,180.114293133137,178.107924296379,180.184373478366,179.654188166123,179.431948230959,178.623949188831,177.340265735666,180.17143471949,176.920337070201,178.063378627349,177.449198015427,177.912143570175,180.407661165665,178.823185326876,178.965628889796,179.154030906003,178.95704561874,179.228923493417,179.321867750748,179.518551397932,179.742421179679,179.942463273308
58.1607913933368,59.260674282913,56.5373551769193,56.7689324691484,58.9171850127356,60.5826342473247,61.2576573444792,62.441754716973,61.4990650896694,61.6643525780346,61.6222512874824,62.6919189258815,64.3476815260214,65.9738280727749,66.6890028359837,65.6479967550258,66.7762770695626,66.7904854894418,67.0877350937787,66.614329860364,67.0650565524542,66.8945396021692,66.9287290752994
97.6242770857516,105.774611264231,103.952184695407,104.328731223902,105.082224779734,106.297754121825,104.058457911691,109.287219980987,108.350066010099,109.228485530709,110.562547400243,112.478316082516,112.619008916846,111.636530491272,112.981246036535,111.925198433786,111.256932243839,111.600608009176,111.903586256952,111.441770893614,110.006254522796,110.648483744514,110.295742628321
69.8066038818731,70.8196021481572,72.0143502083929,71.2195818985903,70.3614321842758,70.5011043140017,70.7267242153014,71.2852122395716,71.7334739978513,71.8408170317605,72.0286875152585,72.3803489837486,73.3279479038733,75.8147491110319,76.2552953576238,76.2260591800411,76.6631705078535,76.7149636083444,77.2262908623011,77.1201516480501,77.3315750172036,77.2757461302529,77.3505979247433
82.9530809648373,84.244861650755,84.6591644927591,84.8108931821257,84.8143391639903,85.3263678379615,84.9658249677399,84.9305616315145,85.1215925814136,85.1831386086664,85.0152096591292,85.0853010735582,85.7887940584813,84.3253149485445,84.6024230639055,84.2931524254697,84.0105340414825,84.1797275834947,83.7361395505587,83.9667009235168,83.5435892250764,83.6046670458198,83.471805009477
98.9922016121132,96.7027539544686,97.0945978335598,96.7234119872749,95.7474030558665,96.5394700728981,95.9355936793891,97.647084897113,99.8839858145896,98.1825636912541,98.8133328055406,98.4601020034212,101.817893999121,100.570370887695,101.860177416114,101.634177491565,101.903805989907,101.238901267196,101.182387058011,101.527304499488,101.998669286778,101.759080268789,101.496309819346
216.309984175779,218.900948834847,217.107355271526,217.299143071501,215.639752010579,216.476674088053,216.024799819374,214.25905194179,214.435587136005,215.231703436668,214.741199485011,215.385215663544,214.987181467316,214.463671274404,214.74384339569,214.492098174977,214.336704887617,214.848796142223,214.381996602846,214.433721241218,214.383911196677,214.391052183069,214.422187765342
81.0429392649756,73.4899379083962,74.2884184970178,75.9438746792017,76.7796776636723,77.24746818154,78.4403403827893,79.9995570739445,80.0573718205868,80.5935274793408,80.2101887518788,80.7833279987875,81.5675367016877,83.396094582703,83.013030995051,84.1430316959078,85.4133445731091,85.3153698304911,84.9743826073652,85.7997794774294,85.4536161547397,85.7111007385399,85.9222533214397
88.6122609723334,84.2062084607777,83.4690814366858,82.6993696789416,81.9222256451103,81.5035588421473,81.475955030409,80.3731346119174,80.5611835727554,79.9208202580164,80.9863143307584,79.8194459179614,79.2623481690927,78.3179587871687,78.8773028519302,78.4629877503881,78.5917202788952,78.7412663662753,78.7186637828397,78.8270149864421,78.9041607263569,78.6412043392918,78.7747634754034
102.76041573486,100.928785339073,98.9368107218025,98.3250741422641,97.8295387882037,97.779621652771,98.192600149156,98.8461031654897,98.2716898708873,98.3213369009715,98.2334173688197,99.1211734328564,98.8819102191115,98.1891468212215,99.1398560565286,98.4353453000126,98.4725889091035,98.2948536248266,98.1783885856136,98.5523919660201,98.8460086854223,98.7314816861897,98.6357713569691
117.021385641236,119.231554736609,118.581992090841,118.928867928371,117.983696356012,117.95438622278,118.205781160706,119.140047019346,119.613152805407,119.016576705626,118.804295924018,120.005087160426,120.025700429957,121.369287624502,120.621151963234,121.269773082127,121.465510543364,121.404214173835,121.579625688624,121.756984754095,121.621092027621,121.739759611797,121.809492211668
87.437821217365,86.5507929733257,87.4105192372492,87.7797567690085,87.139476359371,87.6734147815533,87.2201153730507,87.6453314012936,87.8356472175961,90.091921658791,89.5500622920834,88.7935678377343,89.3879727789565,90.6314700009298,91.2545591386452,90.886847720734,91.4498393320189,91.8902126404144,91.3508940619278,91.3955746796086,91.8552136989456,91.9254749464968,91.8642700791512
67.1285198124153,59.359479842797,63.0520560952761,61.8621353548076,63.6877761012473,63.272268745883,64.3764136809466,65.0636378968521,65.5497515730594,68.3756379002103,68.2903647154237,70.4980261977133,72.7838937766651,74.9543224853347,78.1161498511866,77.6199914057102,78.6886591755676,79.4482261420023,78.9892112991728,79.8147833448506,80.0340656574727,80.445351933358,80.5395168316787
103.418747846598,102.979305785069,99.1886009088183,98.6461131912768,97.3951165533492,97.6973035802226,97.736958516163,95.0541149973061,94.7480048723299,95.1118000445662,95.8295671525764,92.8669829807396,93.775351277188,96.8472817865071,96.8177877976734,96.0392546044019,96.0928988288567,96.7696676092647,96.4511497473505,95.8376232101248,96.8348376472408,95.9990110082771,96.0606243247499
73.863446708896,77.0482950933085,77.3308372223021,74.2962546233595,74.9255208394787,77.6296659522164,77.449483877448,78.9873318461206,80.8865984368691,82.2888978744138,80.3205186092059,84.4082237685456,83.4380714663101,86.6725987328767,84.9730472721542,84.8375013017834,85.3028080461906,85.4995677899606,86.3819565088041,85.7356869776022,86.0104623976239,85.553386804531,85.7020328065507
84.7221554837826,79.78677071538,82.087092415615,82.0889173826023,82.3043487432944,82.4284403145384,82.5575171790131,83.1384935395894,83.7054046765997,84.216740455068,83.6027516436373,84.5686471972836,84.9541960359749,85.0034847194135,85.3540508831148,85.2199395193963,85.3607017337776,85.1814385758196,85.4348139418158,85.4764399723735,85.6241503175592,85.7266309322827,85.6947461058384
91.2263208765996,90.9438396785212,92.3283767208569,89.6461749913489,89.543650100556,89.9032316440837,90.7106100158571,90.4279399861184,90.8013574423917,91.1126311435071,91.2460581293764,92.0066869069175,92.6534458076067,92.8415297359391,92.8140364549134,93.8105456553428,93.3653074693086,93.6943137801847,93.7418404517705,94.0113124158918,94.1122545145464,94.4225908075702,94.0220649195071
97.7618031921695,94.7780994761283,94.3411347528708,93.6750674788457,91.7971675727544,91.3658185134126,90.9539874255265,91.7236351581254,90.9602677528889,92.2142399771096,92.5417080070139,93.3659391510857,93.2589118819421,94.8804660697401,95.4447893432167,96.1354946017046,96.6858283897502,97.019493359629,96.8481523734098,96.7570649996522,97.2288900052379,97.3479795546383,97.2783343947565
119.231745132117,127.527358417135,127.093644137955,127.133065617336,127.64944541193,127.27740415181,128.281825488468,129.204235761096,128.592213620223,127.899518687117,127.366910779194,127.280752836462,127.691756596044,127.938178402409,128.793761120304,128.498106864135,129.062265093033,128.495323608442,128.580711578476,128.617499510897,128.504557436162,128.247717418291,127.87572891972
78.7545499150202,81.1111351047071,81.193840736979,80.2358232435778,79.5744433284812,80.9532535852355,81.8938942677731,81.2711258094484,80.670113956572,82.1976931940597,83.4131932503311,82.0692864399265,86.0763674143268,85.8283975872736,86.1260600448874,88.7177239615041,88.1799991893672,88.9493919319771,88.9729749281189,89.2817324433141,89.846481763562,89.7384747311931,89.8464732103919
111.713299094485,109.241721086777,109.504458354755,108.966416303739,109.492000354694,110.121511191158,109.987221180104,111.05146941392,109.631437624123,110.085706947838,109.822389074722,110.409622338237,110.80583296517,111.708610930143,112.186908642126,112.199670612325,112.15277966551,112.456905771998,112.438890763728,112.553992952681,112.830276089016,112.815820252279,112.993970395475
141.813971314057,138.424584976078,134.446763814346,132.57322808311,132.705443459646,132.872424665444,133.263635045512,133.130098457731,132.506010009945,132.460730340062,132.514402966894,132.734559747683,132.668480198024,131.716068630298,132.888435238859,132.300307853031,132.413890948252,132.188727292047,132.476366554877,132.094386432501,132.362831531641,132.321346415131,132.202328053489
117.41522016778,112.710530784336,114.591212600258,113.174009117815,115.378401067356,115.674073058313,116.101687281774,115.693361240384,116.286210267389,115.384726218279,115.376246780324,117.409055629396,118.847059183376,116.654087600515,118.808523118392,117.862547938853,117.179133733559,117.52317405724,118.378705041933,118.541203862379,118.256749339233,119.314260204207,118.758537149714
120.619467151766,120.8155429354,119.880940749774,119.217382085367,118.10052142712,118.518428972891,117.638141295482,119.307872179307,119.707068906959,119.83063546775,121.124493979923,120.589897284172,121.239839196007,121.275190302546,121.857681859272,122.259141416077,122.208100678018,122.011202973854,122.220891849195,122.196568341807,121.979331045116,122.139498155146,122.001815770604
70.6766648512216,66.790847918385,66.5386916440284,67.4434795086301,67.1227689086394,68.0313891469277,68.2535987047053,67.6808597859583,68.4088806581849,68.5211780620759,69.8491199674202,68.626261018815,69.6963978694352,70.0948859177005,71.4710960648788,71.254483055878,71.2539462456288,71.1664713672437,71.521481490464,71.6159635250512,71.7883897670297,71.81710992248,71.8166054437158
111.013435344888,108.93037315626,108.714109742651,108.373703278401,108.554247080797,108.334689316154,108.12071820919,110.177093349747,108.93918351725,109.708253150386,108.841141854032,108.912293265014,110.713551658557,111.796519560656,111.718433347496,112.066565697861,112.323214569143,112.321370151498,112.599905032496,112.755553896464,112.909627483608,112.880755618639,113.085560775809
79.4148281438593,85.8883966340721,83.5033560993243,83.3481684024814,85.3052919873491,86.5603880755327,85.3595127382813,88.0548062345707,88.1178605483041,88.0847176611708,89.9350521830955,88.8222006381847,89.3461423849712,89.990784531429,89.1356716132549,90.8164593389104,89.0525252882787,89.2497949993743,89.4644627236309,89.0733341626418,89.550452637729,89.4677322075354,88.9708720797774
249.894083470524,251.320611790709,250.080799611258,250.852183657253,251.037947059744,251.622988479228,252.035931546121,250.504228852253,251.60980988934,252.183163104267,253.404473273367,251.643449070563,250.630760814936,251.735933441915,251.735080779818,250.591131991302,251.587887660503,251.122831771916,250.951127936325,250.878882752203,251.007207305043,250.796207466133,251.142296798999
47.8707596560721,48.0547888047733,46.9640460871242,47.9327261027375,46.3893398439919,47.3333866956572,47.407229767111,48.4006265218124,48.6022928132725,49.0021177840114,48.8857537088965,48.6129649071709,50.8482312969258,51.9403372687307,52.8367405006984,53.5833421996231,52.7568722155414,53.6701536084902,53.9003589539597,53.6527864307797,54.470714738163,54.3092523213961,54.5236103137708
82.3964162878014,77.546053602942,77.723803804816,79.6277067650453,81.2769083205685,80.7262000161438,81.6222285511806,80.7887006422644,81.7812901446782,80.9036052139796,80.2055029252502,80.6800039279488,80.5781115724605,80.8252526594018,80.9144970354637,81.189491325444,81.432664728146,81.4428621464358,81.196808700885,81.0164706420093,81.0855179330689,81.1695878275134,81.0350394810155
113.591531251637,108.954020717344,109.685036676446,109.11165592825,109.836567137216,109.607322828569,109.975881731669,110.896582546895,110.174893689095,111.332114138887,110.896059186674,113.059521720416,112.520474147173,114.005094774582,114.525519691475,114.727258147787,115.484961315239,114.869010212209,115.201196952136,115.301550256282,115.324396607194,114.916843569922,115.096728828395
92.8701759670231,92.0769009925064,92.3315213175892,92.2443551946362,94.4318948577809,95.438049431092,97.8587798535233,97.2922958280868,98.1461592995783,99.8088076109263,101.599329678456,102.630987391002,108.410007336235,114.045953962062,114.245124287118,115.241426299225,115.502856281414,115.632028759769,116.126833748336,116.414915915661,117.864734165509,118.15081374377,118.04590459288
156.20334587436,153.639212587983,152.375985074314,153.283605183687,154.413520356895,154.04783807887,154.537889216323,156.091319301678,154.509108361933,154.562412694406,154.96578679476,155.205489228619,155.795717064021,156.24861745735,156.247707224988,157.251997769053,156.888194154536,156.675473251642,157.331126794912,156.898554307914,157.183467995887,157.672385000514,157.422912459181
174.819308531202,172.94379799638,174.832962411388,173.681792739776,173.752673331544,172.641471113429,172.921945650352,172.648370855755,171.497363305657,171.870968493743,174.071525248229,171.693118898962,172.829482771529,172.930460851028,172.761865176519,173.03715397122,173.255927537649,173.293177596779,173.70056911226,173.67816396102,174.028050371723,173.831411436321,173.999713158947
113.406552389972,107.896805454982,105.628150105439,104.646829938497,104.323933021268,104.078969981177,105.961812164188,106.738687255387,105.907014246166,107.293398308029,107.718473493381,109.565778339358,112.73233542599,113.213648174882,113.678873508891,114.299824840286,114.181166974679,114.6986889926,114.75810150512,114.837344051675,115.288788980205,115.493907216398,115.047626976171
69.9230601041531,67.6670470372014,68.4217641252514,69.2602360090524,67.9790835784911,67.9196889645372,67.2973674510346,66.9737293072522,66.4661381926826,67.8804044580624,67.0315255846017,67.6127008690098,68.4214459392444,68.307131890582,68.6084638643111,68.6399855615472,68.7461310332906,68.1837098859941,68.6333683520808,68.5296019689641,68.7763765887257,68.8661378888031,69.1125008520837
121.601938756551,118.782189527914,115.218801489756,113.672126201824,118.690543198645,118.005672172308,120.154385160264,120.612689576461,120.796602124668,121.860892968702,121.319203448191,120.481667750404,122.489800368996,124.839503581535,123.417298267962,125.535164286187,124.837756973335,123.809513429281,124.499840660555,124.87117806048,124.542739136466,124.594113532413,125.218169889005
153.171345111747,154.796593208378,153.932008730907,154.177303173089,153.670907654761,153.452328521504,152.962051040345,152.435542805388,151.197559157926,153.359697519455,152.988781334637,151.780543621939,152.649313179107,153.179604177352,153.897362770384,154.939510486254,154.982362752053,154.498741339811,154.582339167776,154.860229592855,155.3118880442,155.287677388697,155.004741485054
72.0692541793541,71.7090588782675,69.6773126742215,71.5322685496792,69.4000698045279,69.3490755111898,68.1287631180782,67.3947201485513,68.7283969707125,66.249257278816,66.7330961461515,65.8099438551121,64.4903067697027,64.642616262329,64.3395881323707,63.9278669161672,64.0125568943176,63.866054678399,63.8230746376087,63.8928023131549,63.7595868431835,63.8629858021768,63.6814594448898
96.1237083004642,101.991301191003,99.7522985164223,99.2955900849322,99.3308153461709,99.7416700245138,101.808544389891,101.779342157931,102.476487621659,104.12776029235,102.890424823168,104.115884614993,105.123731950912,107.682978591931,105.642008930171,106.985465820022,106.171310076332,106.384546431149,106.344311819462,106.249376264774,106.249065905481,106.275857184173,106.23870366389
175.027692057311,172.445542401933,172.209553544328,174.142531144642,172.7347504082,173.591958937089,172.322737858336,172.963287094282,173.301031798146,174.394711409161,172.516929956959,173.134994252493,174.104903811002,178.087914679989,176.110394275438,176.304644803718,176.611178218516,176.744850377135,176.756339991892,177.013439395974,177.006755775544,177.025241250302,177.680350357955
104.26613207714,103.441866148859,101.250779218911,101.730204561604,101.222870052228,101.689224443632,100.960340925072,101.805451488975,101.808049115312,101.634887714322,101.55603421415,102.42171192022,102.31350691181,103.094901086948,103.178007154782,103.468437905918,102.848307292062,103.189378056616,103.371721193697,103.355900321992,103.099661142543,103.057099553531,103.150407446408
70.2746870789369,67.3322920960199,67.0621012390296,68.3386042783513,68.1232763196537,66.8198461142757,66.7102486567241,67.8437943967924,67.9258159278505,67.8154822139375,68.7831914044314,70.1778846045304,72.7940042432412,73.1297542236226,75.8270949780737,75.8964214513712,76.7987366792021,77.3488622110963,77.3290009362522,77.3656081967698,78.1653322490869,78.328690387044,77.9417976610377
153.385693227983,149.629482842207,151.971790706062,150.873785514669,152.538968056697,152.390578505523,153.742951820373,154.561734708261,153.840360295553,154.804765738284,154.197671247627,155.586696781993,154.886498874546,155.71575786739,155.857249112011,155.937739139406,155.315451755103,154.504846466855,155.149590580867,154.7669434166,154.774894411458,154.306936308582,154.342019261013
110.490806912682,115.371445033048,116.309589772256,115.92117059538,116.223042505731,116.522945143682,115.62202477735,116.662113296613,116.793557694133,116.816667329944,117.526067251297,117.46746442919,117.412932444768,116.836005644752,117.590230590103,116.907284506686,117.319053328028,117.380834780989,117.212853831593,116.998654261942,116.960561124364,117.370664690209,116.869025854707
96.8061264891684,92.6629486274689,90.065009181796,90.1999196977652,90.5182687679594,90.3829664979197,90.7500816746298,90.8823210118436,90.7972506840822,90.7293902458662,90.2465058244061,90.8238986328485,90.9309597158037,92.1513749214887,91.4629110696552,92.4583402838596,92.1720634302153,92.5692597141859,92.3778048701524,92.6678289812231,92.5896778696252,92.7723255417815,92.7385185596467
71.6507919892236,76.4692511606356,78.16600140122,76.4837789782205,79.515550641571,81.1915075864074,79.7368041018227,81.4396643391153,82.8941945565433,83.2981437195558,85.406648090655,85.1848994472511,88.1532981160153,90.5909392258012,92.6165594339841,94.8939905376782,94.1436581600154,95.0984744218323,96.4283537688054,97.1672073818676,97.3526416126002,97.6097930409128,97.3315430441806
180.442571830958,177.742372342596,178.580466418676,178.180391346206,178.864563236029,178.693415255161,177.620511844969,176.234415722316,177.077142886836,174.856610364565,177.307908166354,174.685323196323,174.064603821926,173.28515289814,173.450355733028,173.36147736521,173.412119890373,172.636105489435,173.080839612422,173.056466442175,173.025158142208,172.992584865788,172.350484915619
82.8211847339842,78.9891803028561,81.75368687823,80.9380950981298,82.7854078199406,83.5299839664558,83.7762544138709,83.8147164011769,86.3490961401128,87.1109625265039,87.1302749379997,87.5508964657716,88.5742853075266,89.2413760489226,92.7464012829583,93.2244504151342,94.1659383843162,94.3942055647703,94.5603816037924,94.2376214954173,95.5727202897495,96.6057508658251,97.0161424518433
109.221066745321,109.784518455932,110.010511057033,111.576989794066,110.85577441982,111.789496960391,111.84151831988,112.327724917601,112.975572372984,111.954981728203,113.090080078634,111.964536301971,112.38420880468,111.872527946174,111.950677450229,111.182847988145,111.520519786637,111.31245047976,111.340718247031,111.556740454953,111.364592161576,111.433876664603,111.155983020688
138.628544144526,137.043492853208,139.587631604074,139.559158982141,139.124867631419,139.250487875277,139.548660803225,140.182109095892,140.775684773067,140.779323409242,140.688004511377,141.429547028734,142.778821708741,143.067777891263,144.449102460145,144.881013955061,145.218494331042,145.651810905309,146.16464350921,146.153418890555,146.657979501067,146.913074774425,146.592150276627
49.6272365386181,51.1422300736884,50.3846211490096,50.4389771788225,50.6414816568291,51.3393312492442,50.9420202365605,51.7513184529038,51.6661418889542,52.0830939820668,52.306362158623,52.9091138336338,53.514066808255,52.3105077829278,53.6818457753362,53.6386976782899,54.512930434667,54.1662447322227,54.3434472022339,54.5872720176515,54.6516047835396,54.5836619431993,54.4516201690661
62.8052187040901,62.9247408371995,62.0935204560066,63.7717048565538,64.6309225591453,65.1312148351435,66.0112514856883,65.6751293055419,67.7229244760283,68.1430338099657,68.0437047563773,67.5215549235271,69.5338286013651,71.3313499354268,71.8377954743703,72.3682921327402,72.4843059996374,73.0756896662999,73.497500163546,73.3478483474071,74.0289748704395,74.2392177052395,74.0278496418401
179.81387819326,179.411990968375,175.293475763768,173.586424901614,178.256941405269,178.452664752586,177.510999828142,181.929819699355,180.398663853164,184.553829077348,185.492300596038,185.816554590964,191.990620569983,196.267601209536,199.128614055652,198.015029292495,199.948260157965,201.336369323699,200.285019157725,201.154522387114,201.092677337384,201.875986370813,201.984609020604
45.650341848284,46.6336426391853,45.1800934450986,45.4096468880849,45.4719689395594,46.7161775113129,45.6047064471981,46.1627659171371,44.6535566868784,45.4127783653796,46.2422290418701,45.6635667715205,47.7299919818389,48.0264045072087,48.8418990431068,49.0428550056168,48.6480976828866,48.9572534583115,49.1558658133924,49.2608488225384,49.439386667747,49.7616224325403,49.4712985295059
96.2154863164529,101.894067182455,99.984672437591,98.5129030785815,98.9014983331783,99.0238402310458,98.6392896452288,98.6542788758364,98.1883978407967,97.7601577761368,98.3097559789412,97.1426851425579,98.1302998432211,98.3301535084011,97.9365529869494,98.3312048201952,98.6608679010717,98.9790408290689,99.0164997376955,98.8878004180452,98.9841266964722,98.6323794925319,98.9423579052733
71.1048208081635,74.5456879124803,74.3025711826778,73.8322814659,73.4873464540134,73.295843278318,71.8676836033008,73.3556068335017,72.983407073583,74.1546716808583,74.7745814730394,73.7291154467403,77.6569958625856,78.0648072163597,80.2208723422465,80.7531002934748,81.1592954333503,82.29870642628,81.4144902076234,81.819216873766,82.7784901821585,82.5893362091527,82.8190289762925
91.7205410113685,94.2187811319413,95.5345248375356,95.8073975116601,95.3758306183528,95.1602569879304,95.3527877335219,94.8467443044095,95.4659731707004,94.696172579078,95.9584318690847,95.8262880152403,94.3716546483636,94.2718258431304,94.1669193776059,95.3504845581182,93.7746802660965,94.0107775820407,93.5891527113706,93.7499477827061,93.680450017165,93.4273427083643,93.4256535492122
175.010220274354,177.290526437745,176.399051296587,179.882968401897,179.811061515518,178.799415650234,179.457466001554,177.599051768223,177.857176169114,177.977687976151,178.209698090513,176.812232904935,176.541804187165,176.620549631449,174.630808593525,174.902411016342,175.335968666765,175.737379685986,175.582717160989,175.233050194775,175.489080132357,175.232713100342,175.520069853486
124.402840094175,125.078966107677,129.40163095911,129.48218031143,129.323618373636,126.378251680213,126.777433204893,128.083294197263,128.752785163009,127.725180297573,129.319231767898,130.14635656153,132.300351566707,135.820019113195,135.886155870521,135.292084163686,135.431781482511,135.978725950838,135.778915303572,136.140066691036,136.237586321506,136.153929140325,136.69410162588
131.536583163628,130.356045625091,127.57704231884,128.840799407996,128.693240383379,127.948961815688,126.645815782897,127.654752349004,128.642635722312,128.269799636101,128.248563677713,128.53518197052,128.978641253662,129.268674472874,129.285780614079,129.342604156269,129.515787719292,129.788016688231,130.058909657488,129.945184520039,129.867496127254,129.902132506889,130.163136978707
79.8291839772364,75.0886920376476,75.4776457410766,74.0525729532043,75.6953750709526,76.4225692522709,77.2830242573027,78.7628717047234,77.3185456619042,78.9250284281261,80.5958094955681,80.290438853124,79.6722874253822,82.0870991099887,80.7177062959571,81.6485585898968,81.1785860931458,81.7329641926907,81.8871429669468,81.1791698942286,81.8966080742543,81.4078881249725,81.4535485044662
72.9202950977456,74.7439931633179,75.0410259564301,74.314257777423,74.3260113675763,73.8771207030039,72.2506675091278,72.4207765146271,72.5045237985963,72.5287971023237,72.3430625948251,71.6907041942968,72.3589579724462,73.4224363435178,73.1892753148446,73.8274826605767,74.7508222150672,74.6306031046962,74.2929629254692,74.2805736290837,74.6759877352859,74.4679997799454,74.5332649403163
57.6999568861053,58.3642943508523,56.0307533477888,55.7826432320605,57.045373640112,58.6960596813829,59.4926088017518,60.1578672393862,60.0737668730214,60.9261928289156,60.6854936892806,61.5450562465067,62.6601930081583,67.5466600944471,68.4043327451605,70.7120515202815,71.5443809584258,72.7520778955304,73.3494357004209,72.8404341048419,74.618747067296,75.0679974673128,75.6539858640216
133.308262530704,132.649032522749,135.793128287988,135.904743821082,134.428780047833,134.809173783174,135.913128124776,136.815617736195,137.512483594502,137.725304231038,138.007487031137,139.260614917481,141.631673881334,144.765271581219,145.504630983291,147.06421107539,147.218232333234,147.463942603643,147.813418379812,147.529292071456,148.398935015952,148.417801097213,148.603121424167
151.940032193286,150.649682899985,148.960628693875,150.450976857734,149.295520302804,149.336868931054,149.549189534507,150.034244058691,151.515389868376,151.271409680756,152.442321854403,152.161779685624,152.885526848726,153.528958261298,153.641335868643,153.453556727237,153.270565213749,153.561098786309,153.48344958825,153.086755737048,153.404839053471,153.449940427787,153.484762428025
58.3998469769173,56.7263343236212,57.5945029359567,57.2218034362144,56.7473800171397,56.3647376911477,56.463551141148,55.9499537056231,56.1461362925747,55.865027643976,56.1693795386081,55.677011794764,56.0389267974372,55.8284072866585,56.1280788736842,56.3168898765501,56.4060634777417,56.4093897117069,56.5634851508041,56.3852431201631,56.5353169390476,56.398750347524,56.6184797549205
129.646482178926,130.840066643242,130.296290662799,127.529847811026,129.157461942612,128.126127515163,128.461776209487,130.881751371777,130.025615047036,131.97234412908,132.90138967588,132.268008889887,134.699296550198,136.298020188674,137.366139912943,137.549486758756,138.562997230713,138.433871214305,137.909956341299,138.567172820443,139.109579987944,138.979086701605,139.006353160294
115.933666950855,113.67584146558,112.670231471516,113.771472081918,111.374542836221,112.50452441927,111.910023653596,112.012582929132,112.246429936161,110.892715353451,111.083945811829,110.640269576518,111.641128935045,112.091087462374,113.137380426463,112.624122175765,112.548418307476,112.836067345121,112.477138958266,112.943816975321,113.342908742682,113.159813742197,113.072235474269
90.9539027802843,83.9621746129173,85.0861093941124,87.0226271542119,85.8649725261657,86.2455529177887,88.0030786435315,88.9254190170697,90.6255399194708,90.286031729564,93.0843553298283,91.4780812855966,97.7489819790499,101.429779370083,104.52348807364,104.788268481644,106.371457902007,106.993722715733,107.296045308456,107.316842071951,108.653445642523,108.776907196606,109.142892096764
135.262144320451,131.83342722136,130.7016403249,130.227243057412,129.690777849602,130.003006454946,128.772314700414,128.732929485043,128.744030102096,128.140214102419,128.485964953479,128.7934854328,128.506589000978,128.560151226567,128.233077707161,128.558682780461,128.741849214741,128.563961464427,129.12599520218,128.623007833667,129.302058362519,129.032427797747,129.030071508354
94.1401821291704,93.5310162935379,91.3878397097788,90.6257896236835,89.8045068643555,90.7331254057966,90.0060160984799,89.5903816472944,89.1245007781592,88.91254109757,89.2308748200098,88.768715590763,89.6558274297407,90.5188387122224,89.8906829307321,90.126558888585,89.9860057428572,90.7368952676969,90.5803218888083,90.6742082876411,91.097950290173,91.1534375101726,90.8580845796994
93.4828991012673,93.0093995407229,90.2957316462231,90.0408415903352,90.1797082321484,91.319923665589,88.4368690021687,88.6013915542728,88.1615541491286,89.9380931832752,87.5101657255476,87.0106218861208,89.8194995663491,89.9712042134779,91.3320851861386,91.9214449513135,92.5919675557134,92.7278847341497,92.5929615788786,93.1557341627809,93.2702235934377,93.6318586712889,94.2609981839423
267.266512238649,261.251969818788,261.252797062722,258.745726218915,256.584793372777,257.360554121457,257.821094130928,259.235940874675,259.192739775909,259.779138445716,260.790425521112,261.306899944744,260.224671574095,261.132425130343,260.310139841722,260.395861883096,261.739196699063,260.906627219454,261.062463950973,260.938226856479,261.688875154902,261.093679928458,261.516283514341
227.489094474086,226.327681992244,227.250156280362,227.261790774993,227.152087678612,225.556214760879,226.293234784204,224.916004152201,225.035893380593,224.061288082919,224.334947352567,225.027971671366,225.257448961637,225.665474911023,225.919309339158,226.462464879668,226.640745811946,226.411709170673,226.621408924141,226.873931408332,226.857385934611,226.97415960974,226.962662240009
76.5076033625434,73.2415800872057,76.3075876571462,75.3311943057619,77.4565685350871,77.3110274594106,78.7247631829469,77.5079169791933,77.4907782024962,76.7800403108057,77.5581802062248,76.6165867381665,75.889149376054,76.1907856756028,78.8184868533282,80.0691463177815,79.3449249882754,80.4194080033474,80.2830949363851,80.753084393572,81.5894769813966,81.5268908981256,82.4842023608899
91.5985675282667,86.0978990335402,85.2228918540877,85.7444920577972,85.8655912905644,85.1544475025181,84.1426737081341,83.8130223099205,83.5211828682343,84.1108083007284,82.6982242030022,82.781995460577,84.7952535255149,87.3264410531029,87.0645111623458,88.6615393151686,89.884599254637,89.137676983527,90.4820938317679,90.6852330739825,91.0734916143338,91.4770186611439,91.8356392846539
166.805593767082,167.682820248956,164.676336258282,166.282739469585,166.765240670804,166.052016166548,166.182247841249,166.575887439105,165.376190160604,164.594175797179,164.393041018526,165.457274909187,165.719012902022,166.019230900723,166.879806070018,166.410988957349,166.056735029029,166.426259740958,166.292936345748,166.706988982795,166.2550159823,166.351686814005,166.510919413465
118.05710697618,115.286138944419,114.69923820465,113.460695231768,112.548673044236,113.144895486113,113.104858413444,113.31608443759,112.754156879755,112.36012970059,113.891740550346,114.306348228447,115.896391154791,117.325981984863,119.505386299055,118.635351064053,119.88270470864,119.817408721839,120.269599535548,120.232807277576,120.004851871596,120.171469636215,120.497532937198
92.3495711156843,84.1499911105972,85.0301227678777,86.3728513640187,87.2777122374781,89.2938384473844,90.1828116348127,91.6533146406054,91.8035972626944,90.6671530688302,92.2979059283837,93.2340587137104,93.5307170341709,93.7792902369654,95.4058094846462,94.8171006504519,95.4953962784967,95.748251861683,95.3431829294383,95.8168004327723,96.1279801727012,96.1322023256116,96.1485003483881
159.988622715434,154.892358339736,155.897474140694,155.212617425814,155.445833926347,155.009519274913,154.728044264846,157.323465333756,156.589975463862,154.562825299572,154.470839097485,155.951115004262,155.478704472167,153.198996678622,153.237821594426,152.795369795333,153.180845278955,152.623583719683,153.276930702,153.482337990486,152.466432847656,152.913672933255,153.074012150093
86.9714487265662,81.3603882530343,82.0573743384034,80.1025553278756,84.2572974799188,83.0945239375651,83.3304741439021,85.8205150195037,83.1788884915635,84.0740649438836,83.7733616669374,82.9412107322609,83.1514605491947,82.8414848318156,82.4382982141456,83.0095129860225,82.4426505509084,82.2012990251679,82.6212438557065,82.1955787751086,82.2225008407112,82.2850382700162,82.1264416097943
140.795514938581,139.084473603731,138.136227638357,138.030668069945,138.8159547507,140.242485455895,138.877341804883,140.428372518723,139.679365964263,140.138919444458,140.075465736899,139.628831950877,141.034434955671,140.894936665011,142.18134329249,142.112152287423,141.78343273057,141.804426688331,142.18935650663,142.004820049826,141.907513028324,142.016343499951,142.054839858696
104.824620261429,108.150422237262,109.394762788924,109.476948645242,109.336974610766,110.073372554238,108.71859781639,110.613402438635,110.91945800542,109.523807265886,109.746462426189,111.769633651599,109.670949070704,109.762572421061,110.971733112481,110.576218989746,110.163061464392,110.272730402709,110.622317081287,110.639099659041,110.663198896433,110.556616612601,110.659453337782
97.4262606571816,90.6314459586532,91.33950943122,91.4027569007841,92.566553852127,91.0711993221835,91.8934505300103,90.6434550142305,91.2504620742796,92.0997579866995,89.6147015576262,91.1365488210335,94.479426587653,95.4618840403016,97.5769681294216,99.6254902304446,99.5317248888614,99.9639749557679,100.53701932602,100.535521153546,101.290525171935,101.127415168536,100.911823665354
77.5590079603734,76.5563168186561,76.7316251441628,77.2052834152836,77.0075426173649,76.1555121287756,76.4912847941271,76.4842001778717,77.1709563355564,76.2656331396478,77.3799309623116,77.2855558912829,76.7291376366364,79.503553770652,78.3512869068174,78.9961665183905,79.4791317878905,79.5664765218013,79.7380926906215,79.5607047431442,80.1137077262113,80.069131253795,80.0291449274118
144.711283716535,150.937990217046,149.862634185063,151.295013217299,150.506607951565,150.77071322734,150.139350846841,149.915249242307,148.625971239684,148.753148851744,148.742713101504,148.915960206441,149.002572868873,149.642432226365,150.744492813276,150.81747735766,151.384748337968,151.311228962055,152.015436716404,152.104578749976,152.406171539535,152.241986821775,152.53097054953
105.917474071153,104.244757289223,104.055158775267,104.510493788494,104.36187560901,105.551907158736,106.093495136735,107.900896530037,107.930772045461,109.746444509726,111.067701770331,112.409781883227,115.364232815693,116.963038875756,118.712006953908,119.238726573261,120.716003380521,120.565781033385,120.904901793032,121.82936217024,123.689027449331,124.184358081683,124.304547462377
76.0142162010651,74.3206571197344,72.1730654212722,71.9301151228847,71.3442514280215,71.8928224137248,72.3747114798289,71.9964439812319,72.4458572096446,73.314441971613,72.9658953590724,73.7669097663218,76.2885825615288,77.0352680867813,78.2486635515508,78.5574360115474,79.4123009402456,79.8726728204497,80.0491813775086,79.8468398694394,80.4708904682223,80.1084631269768,80.6355998245768
146.950123837703,139.961541800387,141.945567568534,142.823384502268,143.508877036278,142.055223811854,141.668953379104,141.578848334324,142.168019365096,142.010830659094,142.373772801105,140.60434715165,141.167109343076,141.454793307283,141.19986784916,141.815469813497,141.373242356809,141.428903412684,141.745604441904,142.074565596053,141.797155774806,141.7970698743,141.62497052386
122.438059908237,127.130362097834,124.362899277205,124.894881989415,123.892107836538,122.996661382303,122.267762058657,123.059834774698,121.196449308441,121.393194335843,122.750774743289,122.21898984923,122.647533427745,122.705219003948,122.987867465981,122.611615094857,123.083597248262,122.826807313302,123.285703937386,123.480884158827,122.961376789697,123.49563317151,123.582339003674
67.2773493412144,68.0805200169147,69.9139208996734,70.9381724690509,69.4111698058876,71.1471000681649,71.0645771265514,71.9398818621801,72.7625789304647,71.8209078626228,73.0503972790036,73.7913398837,74.1276401843426,73.5021315875086,74.8854107980869,75.4536591613039,75.6242974730624,75.5160158115627,75.7326768360478,75.9206881152256,76.4555221996842,76.4986050185073,76.7210068159763
76.8676698809332,71.6490022462671,72.6796395444449,72.9808153482894,73.6739368692918,72.8905704626442,72.6768699885766,71.4197202347176,71.7501489462156,70.9385808441791,71.4068389411871,70.7296858404655,69.0589158550559,70.4909392637915,69.9856044098053,69.8339482079414,69.6044477609972,69.6708801351446,69.7184268601251,69.643826527707,69.6500631739078,69.5404053061635,69.5406062500805
