"V1","V2","V3","V4","V5","V6","V7","V8","V9","V10","V11","V12","V13","V14","V15","V16","V17","V18","V19","V20","V21","V22","V23"
317.176773400966,324.206535994749,327.314026129724,328.366575604943,330.930266438273,330.37440983213,326.651050797576,325.795706136048,323.831279453274,323.191818700874,324.348232861189,322.775239480015,319.136409609216,319.275527366043,317.906025873283,317.932973103027,316.996543920055,317.502153244037,317.158920371892,316.847011659021,316.363988412639,315.931521755524,315.925855760791
314.928145373761,299.809776600307,302.173156206791,302.086305170299,301.410793698173,303.628556866643,304.769671325069,305.081082656107,304.861238847668,305.424070789065,306.961518618889,307.200163908346,309.618064562162,310.98865112524,311.116199099201,312.526791124073,312.801025785622,313.114730214551,313.279828156294,313.690379122975,313.752143866172,313.721379530678,314.008895485999
176.333791631738,167.61431194095,167.659358663561,167.297408380912,166.223460738021,166.738541533807,167.15396891287,167.532284003727,168.446253302498,168.053331605182,168.348728818475,168.624632080209,170.882620559231,172.78600522651,173.917491613304,174.468481862069,175.077064584047,175.096445199318,175.61118176358,175.718874881804,176.02133700484,176.308334958235,176.510619097661
211.034133646684,202.834369958556,203.049207855518,199.33607821706,201.606138091087,194.243846252267,200.109372722848,199.582439967397,204.192493726364,205.68681967341,207.799324941149,208.990703446162,213.997212482309,216.235533778632,216.749071024597,217.158846663634,216.907161171459,217.193322243194,217.134345403809,217.134657730548,217.436056910734,217.735701745109,217.728117637711
167.525919183141,125.826320091926,107.457065573714,103.386423659255,107.087398766086,110.696864149494,121.855506798728,130.692962592396,136.50488951684,138.016302556764,146.944800122244,150.633321224248,162.262395953261,166.412409249873,168.70425987771,169.945076873055,170.101615626123,170.522948123175,171.138339713596,171.338762154472,171.380795140186,171.416866242081,171.629371983043
132.630761086977,80.9292630398789,78.7872298888857,85.4396957072268,99.254348106554,110.411269508397,119.785799679451,125.868983237774,129.514623655365,134.966142055649,137.69959498043,139.107841639841,145.471000985622,147.013855482699,147.51661355067,147.577720490935,147.99236377594,147.98260975484,147.81706491927,147.921376918135,148.019515685067,148.083880936477,148.127791313314
279.711198603171,265.065939298966,261.642366320285,265.916620487213,265.829928560676,267.335772967503,267.097436944326,267.097434416557,265.904741451351,266.673227665994,266.027586464598,266.113305912617,264.811898466333,264.342725496826,264.713255902553,265.548149762395,264.497729651094,264.919398402237,265.578515599692,265.453369967624,265.167035714923,264.967161738008,264.961029010248
336.626821546605,321.551656668546,324.094221494468,323.101388465119,322.690171993711,324.317683772843,324.546023519116,326.41141224709,323.925597526367,324.842280984231,324.646448308577,324.374404047085,326.663208808593,327.187547082093,328.048123137217,329.371891474499,328.915920533506,329.328293027401,329.020609281821,329.418078345824,329.33729962328,329.776260395131,329.482363712544
125.530584321901,118.956391445894,118.948670455958,118.446911618138,118.757070404615,119.24235831806,118.967575896789,118.818715404624,118.094266482123,119.379466814744,119.061732497104,119.601972560089,120.586705416758,121.825473744324,122.346503697985,122.834161670755,122.969566977245,122.88736442956,123.107337001113,122.973705368786,123.033484328316,123.103057575943,123.097966082491
182.614601918498,180.310611571257,178.235296956455,176.300670030262,175.305280947101,176.106940094397,176.821782865201,178.239492331382,178.116877150385,177.562004839144,179.777823626872,181.911952417771,182.23027090603,184.740918588796,184.955995824916,184.592253334017,185.207015572134,184.710422651828,184.767730442847,184.799392693916,184.985237215785,184.655950752359,184.689156722986
126.671479651711,105.638960951048,103.526673937866,103.816460931131,105.064624074239,107.793136239577,110.490465803169,112.424763755307,114.112977485766,115.905196490429,117.476152156598,119.201589321457,124.233921044407,126.367236437459,127.912219770548,128.185530949765,128.143458386529,128.352036798488,128.507158413627,128.391263749166,128.416973786198,128.489322438801,128.497316977122
163.296087347828,157.632536022682,153.459265188258,153.396720721678,151.428499188979,153.386017399214,152.668450992543,153.993243734724,155.923623171983,158.049198682161,158.457666718846,160.441942458214,163.480821436813,165.575481919393,167.389148301301,167.362307810391,167.715257866227,167.770456611976,167.749489972197,167.725866993885,167.856763091644,167.984853272071,168.087933659401
152.718910924257,113.043598332546,109.33547755315,115.086934263817,122.597291606201,136.195613815465,144.553480851065,157.137799762424,161.196816168158,163.130460672947,169.845378394772,172.278598898549,183.550387522485,186.581940176294,188.338046739564,188.912552125617,188.516820086038,188.760822716486,188.703018256,188.686344475155,189.086521531033,188.96288051411,188.969008373026
381.771059631952,381.718149886517,379.916470355154,379.505021636032,381.043501076518,383.217726552829,381.971491765211,383.74831155013,385.379675697337,384.244654804513,383.953253117768,384.973150710221,384.316482414737,383.05248523733,383.338436805252,382.922343303734,382.795790576749,382.987081583461,382.974635699397,382.713890259525,382.870404742459,383.017816400394,382.947878570399
145.652004336774,105.067603899784,101.919452141908,108.775246279002,116.477231505293,122.952161247845,127.812865374641,132.50591349145,133.992827186905,135.559567098745,136.300369175924,137.706996596377,142.006853540024,144.207306498188,145.273761203917,144.861899351924,145.76446826166,145.627272515294,145.567332309639,145.740465002225,145.658989635122,145.752820736733,145.692428615778
144.909794889754,131.536854545018,132.452059622486,132.104042031518,135.704236488339,139.481686906086,142.090785666879,142.857446559715,143.642265573434,144.044607723041,143.260426314398,144.035153306019,145.204477824563,145.172842243635,145.448585273645,146.240644633856,146.084061692033,146.051531317364,146.366120050118,146.367436535682,146.182296203003,146.390847230483,146.419348722927
195.212711361784,165.545897895069,166.002153665089,165.241548808963,168.717259988244,170.07715356975,172.333600014439,172.736166732723,174.507557155685,176.090136302766,178.921632122389,179.335489286625,183.544813760446,186.06048171353,186.547307077673,187.851294512482,187.613138664879,188.009454383884,188.363234902227,188.118816745224,188.034821542051,188.128005308993,187.961508177255
205.835245944692,178.404118928403,182.06582908754,186.305096260758,190.817204902121,194.435498030645,201.084523247047,202.409374251738,204.150060358186,207.34240967551,210.57671804329,210.542434774708,215.267925304406,219.153444430501,220.40637978927,221.115906706862,221.981232434243,222.104900148481,222.389277954614,222.616451238209,223.064800439535,223.380285395512,223.43023289409
164.645544049411,128.369091087318,130.218147078736,130.648995255151,136.691319560311,139.714347697159,142.183401820778,145.684862472231,149.553394368343,150.916314972481,152.781787250078,153.943923701009,158.412588853716,159.010246301719,159.867773315289,159.696987304907,159.651364235148,159.155303425086,159.262768336347,159.571377101928,159.357402716966,159.085454982062,158.951972694682
120.569794276171,81.6825703020317,76.9387539344953,76.4851063310414,80.2471348549987,85.0300934914805,88.6688014296247,94.1300704662911,97.0198464520457,101.592472812687,105.777505604815,107.421133316421,114.104834018743,119.518603567075,122.110302464998,124.507525561598,124.941117369934,125.248966434325,125.512430078286,125.457354519866,125.902054184021,126.178286969108,126.266684634258
242.594081384727,253.167810375907,253.761772392117,251.751465400004,250.288862498578,248.169018928073,247.104747268179,243.616039056968,244.042862697892,245.670610855867,242.403478045085,242.272675315884,240.498218692168,242.050564294747,241.679819745016,242.554982918436,242.386877906192,242.498582601008,242.333718609244,242.122522220896,241.807681155215,241.449769172194,241.524767268308
143.331434570874,106.648172305791,101.415186682661,105.081096036386,111.494366835996,117.159618275097,123.427191372755,126.189858272196,130.147925490357,133.574206606407,135.8177117921,135.639989033369,141.898738444837,143.428314742715,144.186030067269,144.679459879581,144.730747918175,144.401871191196,144.847340942924,144.367517201872,144.516186863887,144.636449676536,144.354412951104
147.278294061135,107.530263545971,94.1063425336064,88.8251022181708,88.9596071889782,92.5772683523372,97.6130221724723,103.815601875019,108.064614657294,112.836684401015,116.285070070379,118.977134256188,129.86200438838,134.298909709344,136.734039410926,138.109623107357,138.404617280349,138.524883630085,138.962463842806,138.904278542369,139.20961559909,139.125558406796,139.36275960547
168.413698838911,111.917982985332,105.68833008548,114.297030052308,125.194145767639,138.292028431708,146.557536899117,151.260137510666,155.723113506225,159.737696409121,162.547380062897,165.101275485263,169.277869079904,170.535456129227,171.513208534514,171.525207958797,171.656606731116,171.758928831469,172.307690398138,171.986615638669,172.192212816638,172.411456704109,172.74506248969
220.483793146599,222.068501950938,220.590170883315,220.762233312264,218.848916851472,217.11504689461,216.588234201689,214.786908706997,215.26020748329,216.120535204415,215.759401893673,215.579173158038,216.960911796558,218.617385603419,218.600160934368,219.021515576309,219.331077129387,219.612901328458,219.822584984585,219.82946980082,219.847989508635,220.094987927368,220.13048253693
263.007917503559,268.230551664764,270.536039126004,267.608826314923,267.337587227381,267.135015773642,267.246846139091,266.255272702973,266.080557747781,267.599711717034,268.316879203084,267.280547727542,268.529628842995,269.359221714881,269.851223508371,270.418727114249,270.899807152224,271.161579971098,270.895145431293,271.024244556818,271.281343149318,271.30752332418,271.548178245379
135.487272428342,93.3111957607531,95.2226217003537,98.8158472007706,112.190085874378,120.550665837676,123.924599932851,127.453674802174,129.845468532244,132.564347335079,136.688880935256,138.601415363592,144.373391795277,144.864571224907,147.248526289929,147.671182847744,148.100536075996,148.44783789528,147.886774587661,148.114087116823,148.431464765515,148.428741076311,148.162472453767
187.253925645031,150.974007169737,150.860977314452,153.441868897554,162.502750791625,171.615362266724,176.579201894714,181.711772573036,186.056377733414,188.489801303505,192.140490735692,189.816949824391,197.353631296376,199.212682692813,199.375876085845,201.393943954725,201.500133834477,201.405897194839,201.763256047814,201.499075702233,202.080952794281,202.269638483282,202.395094877869
317.061949546901,313.20520428475,308.4327652809,309.122367627476,306.606843748772,306.13587690257,306.246937759524,306.43839915343,305.648089297084,304.986696706591,305.890247136836,305.906328033379,304.200560074207,303.525873435187,301.920238705899,300.960218621852,301.416750538313,300.269270043665,300.172741330394,300.400880244385,299.6834269827,299.549902577146,299.353748989332
225.345508401412,227.024365768243,226.021643819628,226.665480069253,222.845149661258,220.832234984037,221.68850132116,222.100433139822,221.613887036433,224.5125357757,227.386935650888,225.495851421369,229.385944993635,231.602451068754,231.506813153821,232.981602847314,232.641492103065,234.101411581653,233.35798310788,234.346666873637,234.839007411943,235.256179384859,235.004180248461
236.172098901642,214.315582843705,211.946443785322,210.99948589882,213.260204986732,213.608386887219,213.920106569273,212.065898459936,214.872006229785,215.770632865916,216.914659919496,218.723682736392,225.353105706522,228.516941895487,230.746662812625,231.555979385152,231.534591587302,232.266330840083,232.161654864954,232.300295546589,232.89838173537,232.900768508662,233.262844089971
133.667577714091,119.961953744248,116.669005906176,115.778860426768,113.964211154889,114.234199013752,115.457348564785,115.742160136773,116.384255920217,116.650924601495,117.706457551504,118.011833325088,120.936890604548,122.567389995859,123.080657794632,123.202471289812,123.615193269007,123.838599737603,123.881412454735,123.715855031417,123.955011652611,123.735461249152,123.670367422631
229.071200564465,213.257789786891,210.828158866204,213.564579036443,218.658244154441,220.077889785927,221.308976791764,218.880403947319,219.62464066644,220.061787544436,219.645124730643,219.480679429108,222.125806485055,223.112758193139,223.615956030011,223.619397343982,223.60702471402,224.034283052177,224.110157875558,223.955165829805,224.150071164059,224.132730764304,223.982860919086
170.266565185893,167.414151717491,168.468305318614,167.547644625449,166.837700940882,166.778869449707,168.619898422288,169.854768549986,170.476925091306,171.249197728201,172.585827244396,171.962490822634,172.620735226083,172.533395789379,173.03170123011,172.817476872494,173.107032509417,172.810859477411,172.844984784503,173.121158847577,172.455580368121,172.319451690137,172.311603033414
495.131596854642,496.873984938399,494.719416934263,494.223881972224,492.975471589626,492.596283944267,489.215955350048,489.58793290622,489.380927694741,489.529018567956,489.649121055128,490.076716161211,491.45722377131,492.192680896402,492.4532058995,491.638248674,491.751299988407,491.610904755331,491.665235276632,491.719309220764,491.647085077363,491.557164131124,491.89407477711
72.8358846151102,70.3219925280638,70.5292434516689,70.8464487882229,71.2569672598758,72.6915530943318,71.6041762141127,72.9385761704026,73.6779158881938,73.8380268704369,74.8422382456771,75.4659974460403,76.8704580661387,78.1612636210131,78.1115322335822,78.5712020309881,78.5510324154715,78.7583944488821,78.6931315522629,78.7959065146497,79.0832304512475,79.0242208816152,79.1996181218304
148.328406746424,104.255371828329,100.263944496081,103.085895778638,109.619387889692,117.771136900235,120.67476727313,125.309169260128,127.824383962429,130.497073039947,133.682849792781,133.179959529182,137.723282863367,139.710885314724,140.496127225999,140.400253009631,140.733137699058,140.875875143213,140.985837794522,140.863976880149,141.13915221588,140.995851876978,141.19100904441
206.346173241658,177.818719742925,176.130777816392,174.08415895109,178.355714274539,180.134820793263,185.630370850727,188.034123217084,187.470998853194,189.488079569756,189.804338092152,192.075075499924,192.205442230375,194.466759372387,192.713066985947,193.957988033585,194.414007505463,194.516794765305,194.191607377909,193.640435773915,193.514738976063,193.635441366672,193.529807734054
143.977366402377,131.983962920265,136.092719068817,132.417241712749,132.498562794505,136.728942549487,142.927621600312,145.36245137369,149.510986117384,155.319972497419,159.261301382026,160.242517863992,170.847078590258,173.718264608941,173.640786061845,173.892415120471,174.200321081505,173.418490104031,174.209372428086,173.707154171585,174.047826510215,174.262525953394,174.059544025113
301.13435930317,315.557212774518,317.171400506931,313.11724650804,308.707346576395,302.685604271387,298.5410788964,295.5860791612,297.654386578762,299.224057936868,296.47006394264,296.840138412785,298.491869639942,299.553337204653,299.209289819927,299.201397515939,299.178235117966,299.023172516699,299.392670219417,299.591354467371,298.900354556282,298.71255273398,298.759441792529
323.448793648172,326.67511359515,328.153764813637,327.94709333155,325.600757772909,327.624718849381,326.039384322843,324.875227678662,324.679193639825,324.512693730057,322.346070621991,323.146040750503,321.346432808879,321.788136707524,320.704318054745,321.706598278604,321.958066289916,321.510406735912,321.544413476309,321.768373075451,322.005099750832,321.867058950029,321.720787678425
166.620750711612,152.832515978166,148.915656765564,150.158721771196,147.048731147911,147.603250023674,146.58882422751,147.673671500158,146.498725098372,147.315095754731,148.346796589864,147.651419414243,152.513473138278,155.063036978348,156.796644722528,158.360831516243,157.822681053093,158.649361643401,158.448511682908,158.374041999226,158.444942300105,158.453077607838,158.251938096536
113.494313128603,100.38084867574,101.045055244176,101.93858596857,104.58548340364,103.938548635413,104.885507959668,104.985524026494,106.919270456598,106.743466049057,106.637894405629,108.383039342349,108.607158463114,110.003705504642,109.596805339888,109.416919129674,110.104497380341,109.739695955681,109.969318201916,109.863081229589,109.738108562234,109.564106314362,109.610462212704
212.062499382472,150.577662696909,138.049039008691,142.941380302122,144.099014601935,156.223082452985,161.965831246981,171.439586845569,180.419927971804,182.215102495025,190.794165989548,192.200698523321,205.025601459435,213.530555727732,217.735152858338,219.600184556463,219.961962872619,221.480895401456,221.695651966949,221.660004496076,222.965365988755,223.225149748738,223.296549428771
276.808786611607,269.996739901366,268.572865630068,268.364599946184,261.923899735172,261.493063154124,263.312023076612,267.295821941871,270.713065757379,271.147262934468,270.028889111312,273.086378698449,277.465180912881,278.259767777254,278.936653326408,279.108569860341,279.37481307804,279.663206625076,279.254686186068,279.600162891179,279.645130307302,279.642049685525,279.723782810247
151.334146137803,142.43072688247,138.052380160938,135.3845199272,136.002041874721,137.076103232237,140.517418672762,143.082015374312,143.195268323027,144.376967856844,144.358746876233,147.62150704465,147.506994336695,147.339791711209,147.495626744846,147.463998927358,147.258225173425,146.874583685015,146.984320857011,146.753891963115,146.785092137176,146.54433284919,146.538149761235
178.218915495362,171.957564265284,165.622937786373,164.689564900588,164.934914581529,168.566838734635,167.978641242204,172.472048790419,173.83813639154,175.769334950761,180.770992849304,182.700505991854,189.1902203271,191.068613574745,192.153367799453,193.169769827856,194.049801554481,194.103301675018,194.069312710855,194.146120055679,194.643288194765,194.556889953669,194.797022334349
307.675203909016,315.398977136314,315.941769210715,313.862714267756,311.171649957465,309.646507739981,309.633824360168,306.222738963367,305.173131710545,304.235880806634,302.331644396697,302.26513542905,297.572303440633,296.634999014437,295.785098851989,295.238761421963,294.911917277421,294.840539706967,294.82194508217,294.719309438462,294.219207119683,294.221874045023,294.110903899502
194.421612015532,168.955885214746,166.118972300498,165.953740845285,172.849881293581,173.687229539323,175.761645874949,179.186299191981,179.076173498558,179.998730226559,180.643162649586,180.011600344379,182.107974665172,182.814764346266,184.817509686052,184.663943319427,184.842697462483,184.761152432246,185.170166270742,184.93912168092,185.056950014163,184.999776532751,184.958294467604
128.39801287197,115.754737870888,110.931545906061,110.259811930922,109.200860102145,110.565485469896,111.448686786636,113.047573060322,113.182441879543,114.438767661001,116.338166197446,116.859854086282,121.42230225897,124.346510314862,125.698349447125,126.998701773646,127.360576400101,127.527369569621,128.02940694213,128.354487987409,128.801079642634,129.085107871044,128.981538985476
298.752377099965,299.037261083819,301.32045668635,302.147723609974,299.853515351823,298.75566922478,298.165826120468,296.879478558283,297.63816330424,298.488596051571,298.906504549709,299.956072242386,302.074733328735,304.685513049498,305.250687933921,306.017313713779,306.123592660562,306.049535079126,306.176449162145,306.470254567633,306.990815631888,306.921459743766,307.308053080096
210.100201412286,205.576730923113,202.022655344816,200.931896561072,203.582073078104,204.776512970824,208.076498375842,210.966092843076,214.15434401472,213.977221307414,213.808803206268,216.306025356765,217.963833244012,218.285863083347,218.779940543097,218.92382268145,218.61673400306,218.709334686697,218.83315329556,218.705170210672,219.004854455648,219.015529834399,219.179248440413
195.667595032724,193.720559837566,193.612227700583,191.632437076244,190.349595688751,190.114480868684,187.470029141258,186.709161300069,187.520386037816,186.700367997503,185.841671994548,186.634251580651,185.987176044563,187.548501887356,187.255643551501,188.179457678807,188.444337294625,188.712059472642,188.729869232409,188.774211605089,189.201459002403,189.441983756151,189.406121140006
124.332333146558,105.219225441186,102.613005272588,106.904692892726,109.699126668686,115.051527362057,116.387216333641,120.202447824156,122.587135393259,125.201025092161,127.63675096165,130.250705709899,139.637677388234,145.581117725585,148.936875948204,150.698282274347,151.728745060336,151.898842790241,152.773359830093,152.991992187984,153.343614395365,153.623113345435,153.759154370548
344.293176759169,347.859362533266,341.085284971038,338.671790573713,338.660642311268,339.195627835447,338.362728316971,338.906716111785,339.235800283574,335.572344551613,336.725730687697,337.050831987801,340.725883294301,342.559196189997,342.679059942729,343.348851670216,343.50389980151,343.936725167275,344.073611875527,343.798144092171,343.98695333963,344.022983237499,343.998859973748
179.43393959765,164.793219503704,166.431614759575,168.287668384283,170.703455397238,172.979759308131,175.218679346004,178.016081078385,177.867130310085,178.74756146751,179.742100177815,179.495201370469,182.712897025144,182.299509017422,182.262769805918,182.696472517282,183.120635437154,182.944707394205,182.494008911943,182.840746120924,182.650822650872,182.379964999084,182.276142473261
217.485149497679,202.584968828084,200.572739495918,197.931444402678,199.815998456573,205.306929831147,204.206378782342,210.063079564084,210.770162525498,212.174402839502,211.600879499905,213.50197238957,219.26342406484,219.026122824154,220.718541429654,221.295205412793,221.493714769418,221.500306230768,221.754116523528,222.340755140966,222.649435696084,222.428985579806,222.77851610899
253.460053614201,258.964234903233,263.353142615357,263.117986663007,261.891354607252,260.928803083391,258.022608337326,255.885684759318,256.388401711038,255.680981439789,255.904980991954,258.0860722599,258.652313262898,263.866078667143,266.776306707432,267.933876406586,269.120842217928,269.490146901805,269.931106910805,269.980191653646,270.782419105128,271.114237514551,271.309772000691
90.7013196921891,83.1350022801262,84.9713418945237,81.9668670391259,80.9974980040197,81.0397663008089,80.0795422124606,80.0734421543844,80.9914824584251,80.6059382284219,79.9809325757415,80.8011692223876,80.5784090188544,80.5038240591216,81.1488632289174,81.1466300276068,81.4343524347807,81.1789892750518,81.5000004636189,81.2380456183038,81.1797662131224,81.2193716436133,81.1655949240141
81.7810048478194,58.0004776897019,52.2422318031716,51.5405440730451,56.5021124623987,61.3573230972075,63.5525712101479,66.3364622840793,67.6160018976895,69.2585743701865,69.3062722824556,70.4627384866087,73.1600631776967,74.739930914639,75.4990703776252,76.1995716865247,75.8855775820761,76.2188805224221,75.7679272860517,75.9737089945219,75.8628678679575,75.7336306923774,75.8223545431313
322.080911079502,315.603443913807,314.723091734896,314.146773696196,320.755349063581,317.147462239949,318.634723811218,317.460346314214,319.34352559034,319.507547434009,323.62465030076,324.238010094284,331.968350102941,336.474137210895,338.013364762599,339.394619388242,339.998917185119,340.763123197889,341.244134731049,341.019120066576,341.41404424186,341.619017937209,341.491317251428
76.476311449899,62.7413249734107,58.5717708413368,58.3772652707753,60.045715587911,60.6527206248823,61.893597159386,64.29006497487,64.4401550195305,67.2640211799122,67.9707709217694,68.0857081149948,73.6316332751644,75.8346707156693,76.3293895208134,76.637339417575,77.0080725363549,77.0753337891637,76.898114908801,77.0040382066029,76.9787226418737,77.1552414691425,77.0747298871588
160.160245332495,147.864552813666,142.600302952005,147.235703194419,145.559909329535,147.733440373857,147.620057412858,147.935156278258,149.864953327725,149.9663822026,151.375390131896,152.234076936735,155.936177713991,158.527980070822,160.449493256791,161.021513782184,161.411704987291,161.900047262375,161.924851107555,162.433265682475,162.594521713273,163.034410538167,162.972895819757
129.894810852752,130.476351514794,128.07857367744,129.6766949888,127.402937398603,128.088635569542,126.601611946403,128.382119782545,127.953472496337,128.892460400773,128.595627821643,129.021077724468,131.198599955851,133.12930902868,133.720394987417,133.890412879432,134.260519766408,134.10801471313,134.264255360588,134.158634218022,134.361161017719,134.116468365563,134.232301822459
148.229452880045,125.562076044181,122.490873195131,121.374229863429,122.974313304015,125.600969390393,133.012689496601,135.811964581532,140.942860692876,147.953092413438,147.112758331338,152.841927071017,161.104217223679,164.548427040804,166.161052112053,167.485387151091,168.383326460956,168.322684838359,168.886687905703,168.3835240921,169.482777236217,169.599687339168,169.785809034558
311.587854952655,305.342666509712,304.689685552778,306.234716572054,307.759510820899,308.924726504756,311.212581998428,311.750876111923,312.155776969811,314.856486582501,315.753605496085,314.757244887168,315.917192652586,314.621044362665,313.787746941438,313.137563118228,312.685701276847,312.804957994631,312.442134065019,312.149707581296,311.904808197447,311.424223266332,311.538894148655
227.449598323698,211.01644383055,205.500492977286,212.071509204774,203.196582340806,202.470057735541,207.111192735792,204.968881372908,208.524589192536,213.15853121498,215.38371512211,216.429164207258,228.484383172086,233.048711410465,235.698576186662,237.099280772036,237.482557038316,237.891479434941,238.142193502337,238.124284210753,238.657809483557,238.832376497253,238.966470077903
248.569610704034,209.473182813833,210.866316646692,205.36597175703,205.101584372604,210.799525717435,213.792184550196,218.652507140608,225.087734347074,230.32961487801,233.395693458647,235.513926722857,246.4393966798,252.098695338204,252.825386267643,254.718423023275,255.116196302595,255.347857964388,254.802785740991,255.428963318303,255.563114917957,255.390506592673,255.325713928382
134.830173139121,91.979468506557,88.9535845595735,88.4320019382233,92.0102507120882,98.5747289746556,105.838919217427,111.638354167941,113.395118477081,119.508234821814,122.515000466943,128.96750220446,134.92087877491,140.815056655309,141.221121001865,141.732416380917,142.041470673962,142.216798290527,142.226483835253,141.718964716852,141.618310687499,141.38058443725,141.333458747014
172.09166497427,154.759409201705,154.579347436387,154.901662520228,155.427809611551,157.049009186421,159.460438218588,160.558771852773,160.674745633168,161.717076516934,162.05607301923,162.223124746286,164.554003795278,164.301265235703,164.683061824086,164.889075480045,164.898403773078,165.282436486015,165.085869461942,164.970725316436,164.899441534469,164.92750203611,164.796211369308
103.355061202902,90.9216513840107,87.639825230408,88.0828851596056,88.7914117065664,89.9470492071441,90.7423374184077,92.2186698429672,93.1317329189026,94.1352667218301,94.9779415017394,94.8865994614564,97.8951757656392,99.9864982271153,100.908345818762,101.020217295546,101.158340096938,101.396677470031,101.484912691266,101.274261067252,101.546418636864,101.486970963377,101.59614698668
235.513582973465,238.669605089084,235.088594331713,236.168004122145,235.937276935055,233.375852424625,235.784893465207,234.155198540461,236.647551059992,239.079702179579,241.526327668662,242.967619448551,246.489785909753,249.076740902158,249.730562275238,249.972322330224,250.356205320523,250.413796889757,250.211728482066,250.436444260285,250.454298687853,250.106808742676,249.945040358241
300.744010426818,302.905171884215,292.594929186979,291.835193139381,292.540865794872,288.530568557703,287.822805346378,290.543953158094,291.792683618843,293.799035299757,294.17012944556,296.280136760726,297.347407484697,299.208192574685,300.008087703699,300.17754300259,299.881093749166,300.375940521594,300.118458860535,300.179387822944,300.377657067528,300.198611775338,300.33949546298
99.1954438253825,74.7882411573753,75.4058004904035,73.9866452666573,77.0146872443354,80.5583258732014,83.6237407843418,86.7028258556906,87.9905435903714,89.4555879617995,91.2040147940759,92.235729411176,95.5046012449041,96.9588870986174,97.7815314709536,98.0729559763145,98.4180022444566,98.6807620947682,98.6523443445959,98.7253922248528,98.8709597470428,98.8561274419481,98.8270774580461
235.314250818943,233.923583259308,229.254882763612,227.901571048378,228.674642529171,228.439269331135,230.093872168972,231.740453285095,231.353530761702,231.302860519496,231.077640006307,233.021858498941,233.329701357282,233.439079063532,233.797819254024,233.711610326468,233.357285506302,233.753399511676,233.683511028642,233.677630717465,233.674226427569,233.599080280633,233.702433206299
157.782521497364,150.927183151426,148.437329457551,147.845446118709,147.134748294112,147.409247403979,148.5404323634,148.692288592132,150.224222163838,149.95823076467,150.202651843601,151.15038737805,152.890693750005,154.994766093232,155.886965492713,156.979884911462,157.541472289954,157.80840336453,157.612732480109,157.550843292011,158.174045208236,158.090401168659,158.088769033235
168.840275889659,144.357119484774,143.525444160577,141.736534761511,140.568971594262,143.732628018989,144.687857998798,146.831118281617,150.29549968182,151.828472101623,152.246796575426,155.385067938637,163.643202391542,165.112804146953,166.954220952682,167.315388801489,167.675955176773,167.615441684297,167.658265734631,167.645664511401,167.708691258935,167.833820681284,167.598531949777
218.932870048672,199.578299730417,200.57028776568,199.893600129204,201.840101574437,203.099721591603,203.16312324376,203.642301005596,205.148702211749,205.073590275685,205.296843632259,206.552571429871,207.167445887315,208.090781336492,208.152395873642,208.863568524477,208.536548804966,208.718182565963,208.764777128303,208.937503405688,208.866615465442,208.911412592097,208.815083219018
161.682440602357,131.272524758818,132.236383072224,131.568710598249,133.14821496404,133.64340896131,134.615386336013,136.507524110763,137.131016883926,137.249967639017,138.633182939921,136.900198910255,140.797889042984,141.717855589574,143.428928108769,143.760264902175,143.886307727447,144.305346643409,144.735054549006,144.647455107118,144.676118666402,144.879424731286,144.84602735215
166.367383075046,131.431187704456,126.528305826534,126.943810230505,127.060300362487,130.557301263873,132.69640379372,133.841083781271,137.315601875553,137.267470256736,139.888531268059,140.07150857242,144.382999617299,146.789710051414,146.856917575628,147.410195835651,146.980723956543,147.439862161808,147.907908725041,147.68833587854,147.813418247979,147.721576099386,147.749956117009
498.094656804365,497.528695427015,506.161244969159,508.485173783408,502.170710569824,505.821967927514,501.592732785794,498.475953660823,494.613740046608,494.198802443524,495.490807160957,493.465483435134,490.236076509519,488.038606667768,486.502842477517,486.077271325802,485.160588299416,485.0320600786,484.614765518713,484.704460727843,483.591268585805,483.511661225189,483.709377999378
461.536511891896,466.28920031376,460.361625336841,462.89274634394,463.518928287582,462.904342834378,460.23371310556,464.604858949541,465.48723814089,463.80716586881,463.52180947741,464.551785708618,463.399259350981,460.632856217956,461.668017408806,460.741021052584,460.39154687462,460.424239001665,459.957526098394,460.664801197588,460.452955584091,460.293088186578,460.327919993946
148.836442602555,113.733054962742,110.000968119339,109.627515245378,114.784189248207,115.953888519557,121.85263837276,123.426302346195,126.063843313439,128.165418344025,130.107254098719,131.731213163422,134.238408531819,137.201520678506,138.247355845495,139.00575202337,139.712030891704,139.69738707663,139.675738013307,140.098780132017,140.127308534109,140.194123217963,140.23829142784
197.719593016934,171.926649418323,170.537251330216,169.305259628221,168.571712428958,172.952162018468,175.524837842537,179.010983176339,182.844384863024,184.290782596357,185.2782367189,186.27211703137,191.489572028509,190.89667224036,190.95474768939,190.655828166899,190.051014001223,189.976912597475,190.064939465526,190.158998876427,189.352827700102,189.235705303536,189.200166231078
292.031176698401,279.028863518399,280.747117362942,280.31348648727,283.55151396533,286.749860158182,287.794297642576,287.669563639476,288.472904817253,287.952637277396,290.269782685118,288.85623620766,290.6712677344,291.819036441377,293.073609888523,293.180087517474,293.339947474078,292.961437748453,293.700496009559,294.148981950712,293.963520152718,294.016174740199,293.864409242236
206.075734976652,165.608498079346,162.501738104456,166.386645910753,175.244719692845,177.228109415472,182.39598990819,185.890457328416,191.454291433635,193.609624769532,196.484890080952,200.997559792835,208.568664106319,212.078525979836,214.043069404925,215.608247121473,216.482828290224,216.23825482268,216.837585149273,216.842954345639,218.13335795536,218.346157425898,218.51722222916
155.767968423663,132.316754386362,129.566621508794,128.42253573859,133.855496254257,136.816836946284,137.249738696756,139.160694909769,141.752842179731,143.370881230589,143.886147644071,146.087546913597,147.469632090542,148.434196787903,149.510822108074,150.252917682464,149.946648381988,150.653209281884,150.676679941937,150.506565710448,150.549049593156,150.588432327545,150.446793681855
280.02763796197,244.674720173953,238.93255607444,242.703348142146,241.837306031394,245.392712226466,246.062890194932,249.958815317145,250.91271453041,252.970445763893,255.331393011359,256.917597203851,265.084994090046,268.64801410698,270.387080264872,271.858344813091,272.698928187965,272.32177246001,273.122291103807,273.300299568244,273.981825633539,273.873090661673,273.761227161947
166.688487346779,145.151430235247,137.643498019757,133.294977280099,131.372971258498,129.92599768366,132.989635469599,132.858685806144,131.365176553644,134.193482957694,133.184035290549,134.954817815753,135.950899418621,136.878569794068,137.095970897282,136.844868349365,137.322416839406,137.273790423249,137.269189319639,137.091764468591,137.235319513549,137.097636644373,137.330809215593
207.460586727203,200.461460597248,198.947300236186,191.882166038635,193.432041839645,194.914398792547,195.956469979247,203.630042345856,204.769535860381,206.773187244133,210.573689193913,211.351847269678,218.792036255449,220.402920402524,222.226188709917,222.316764084853,222.425965123268,222.920869547439,222.766001305008,222.77682929878,222.912545975955,222.97680707364,223.000785491922
200.931157948755,197.706726468607,195.590700984732,199.810683888605,198.496506838171,197.248331930017,200.696702220395,197.76675180148,199.060385067252,200.455058678463,201.473310411051,198.719985798957,199.972645978658,201.162630924622,201.253343209891,201.37540482595,201.684400394567,202.622525520183,202.367442755334,202.385644986479,203.050016359743,203.171201097889,203.334900649301
174.594914679471,142.786473380674,135.06453724432,133.396931110706,130.693911912432,130.216228448257,131.91824489594,132.79080645261,135.376856962467,135.905566456324,137.129374788459,138.457998960596,147.071096399119,151.030775021326,153.987839615699,156.527453685133,157.708783235127,157.615514960021,158.261789602424,157.820116701723,158.223307914076,157.966395784179,158.295505477491
174.628168921114,171.16807807629,172.354861691693,174.151009404284,173.865588298232,175.475264103087,177.247919124136,177.136362273729,177.386481260651,178.910234319252,178.358716922625,179.543526842198,180.318658067447,181.87939346361,182.189781118028,182.094446401256,182.227215695734,182.200595982888,182.377340540051,182.343711052324,182.543695173108,182.664118202022,182.715267973399
270.526136547699,279.306108396149,280.459292367894,276.961439657541,275.764760520017,275.398182483653,275.307700986471,277.692361749539,276.61530493892,276.433069191928,277.208246636012,277.359739742667,280.462351618484,280.967528099385,280.816415800909,280.836894263185,280.346987567072,280.423876253086,280.327749389081,280.507989894443,280.002625046166,280.201795453686,280.209051171552
155.347199704543,119.584963873519,112.616340345399,110.363034375716,129.710329286907,140.877227551259,159.343124154592,164.684574418822,173.810067456347,180.692863073131,188.128048930608,189.861477356966,199.309808254503,205.526397023483,207.382926931708,208.854897498833,210.046507464257,210.268036279348,210.385314158891,211.540095414112,212.281157651625,212.832383840176,213.192710754507
178.88880110528,176.041475738375,176.786147991335,179.050523963722,179.012246393654,179.673520006353,179.771331519067,180.124800808436,179.917926090069,180.732481961007,180.990075488187,181.378017749494,184.333118435975,185.862417503955,187.003953484965,187.814100720551,188.241725068824,188.435004708613,188.264707625468,188.567014916412,188.836333788547,188.915582569357,188.782861563702
316.634571562506,280.742584555052,273.882773678164,278.365420281829,287.309701075125,294.781502344857,298.351838698168,302.732690932944,305.326740429892,306.694469122569,311.341553665605,312.621076463584,318.653463862638,322.265886771103,323.870690653561,324.507406611512,325.111516450036,324.919524209882,324.792177856853,325.326552164327,325.71285835804,325.598773100628,325.75086080894
221.406595634817,200.675620812261,198.389252749676,200.799899726134,202.70377601834,204.971674756283,208.240282142417,208.969610991165,210.313636440703,211.850795899718,211.051697137235,213.174524767697,214.874265958041,214.687510274794,215.595420520724,215.064232559789,215.084190954461,215.044558708436,215.139120368547,215.087114995262,215.019829839229,214.944144547147,215.043426762636
154.964301022299,123.52994438771,118.2596440449,122.017656917307,125.458607348119,133.149932446032,136.475386704735,139.826495559876,141.976842072032,145.608905546009,145.621271946673,147.672414554544,150.179477933141,151.395113232698,151.411324472645,151.955695010623,151.805684335599,151.750209321627,151.900246705749,151.829637615148,151.795805998096,151.641182961959,151.65322339511
147.613484344919,118.256828607958,116.930494985135,120.100489273097,121.672116563999,124.659455308928,125.216747687815,126.947382163287,129.189143977051,129.325974115108,131.322617269522,132.467754069984,136.504353941806,137.838962126549,138.000848601755,138.363014523299,138.848549168249,139.077973408454,138.987898789489,139.081383160816,139.120375257318,139.081921230249,139.133172683761
