"V1","V2","V3","V4","V5","V6","V7","V8","V9","V10","V11","V12","V13","V14","V15","V16","V17","V18","V19","V20","V21","V22","V23"
160.625375243731,161.469963939269,161.540717623965,161.698752270573,161.334792051474,161.307561777329,160.710164808205,160.488012062847,160.418436317699,160.333230091007,160.504601569544,160.430776564713,160.100517663987,160.292648510959,160.233071577733,160.324412958255,160.223226412705,160.374847604039,160.266152397165,160.265551715933,160.259656349539,160.214032384763,160.259862870522
159.863465060406,157.071473143115,156.567859873754,156.392221882463,156.313264127329,156.458732031471,156.732442938642,157.042712252685,157.140419289329,157.656484168416,157.911275901229,157.968503162976,158.606053023695,159.030754036588,159.04476987718,159.338370002982,159.390704168064,159.471853203392,159.537792803065,159.62498197827,159.577686806504,159.560887588728,159.632081152438
87.5682511564426,84.8455294810266,84.7755238755807,84.8267224683042,84.6577558075927,84.9616894616436,85.1269829753126,85.3589737026355,85.5626426613667,85.5600360921453,85.6451425973402,85.7000048392337,86.1255174837909,86.4550098352274,86.5412025660256,86.4897217183986,86.6298787764264,86.5967127840756,86.6788795108309,86.707405820753,86.7842494007067,86.828503110034,86.8433362890162
111.271626835008,105.390751929988,106.953666256429,106.526039392626,107.529692450591,106.954464783328,108.692826270174,108.194429177358,109.350308663721,109.564212781383,109.963097262356,110.208632920812,111.189166361745,111.746017101074,111.855079704417,111.932584195057,111.859567948093,111.923195125078,111.937323046781,111.911338660709,111.987548180263,111.979456988786,111.963568565715
94.3193934121999,84.853621161987,81.4906652626339,81.1319928908596,83.5347676376989,84.2014188867401,86.3432567352715,87.8232257041982,88.9900940220071,89.2364006963196,90.6335725682547,91.2383084943385,92.7231063033591,93.3921792124822,93.6589548891587,93.8802249379087,93.8926275937256,94.0557178485227,94.1221132577249,94.1783757508134,94.2111395108234,94.2293722954142,94.307144852804
75.1146461990719,67.7185806585845,67.6626603055426,67.9937983380604,70.1697816754046,71.6236285329981,72.7729511497569,73.5796988207724,74.2505248590991,74.8525430591547,75.1708509640211,75.579096590462,76.6104571694861,76.9691242369695,77.1870517142207,77.1255700681106,77.2690120802803,77.1932191938437,77.1833949413828,77.1538906070144,77.2665550472323,77.2856042241505,77.2552695252685
143.115759377719,139.862800878381,138.550224264983,138.886354591586,138.334522266027,138.697328051873,138.218474526536,139.219443080963,139.094434257514,139.361349586487,139.4420217461,139.663469338917,140.029647290633,140.248123174381,140.26542773738,140.571076353309,140.492860788491,140.561601266743,140.743660307332,140.716417352913,140.780995580207,140.730894766117,140.787065353886
169.845477370985,167.048621470394,166.962198309394,166.702752360847,166.452661133065,166.820759079807,166.848216676833,167.275550609013,166.789944911248,166.875922763756,166.858721595554,166.790917911072,167.046668668906,167.038081217564,167.13992092538,167.369835416542,167.204098776005,167.262446266785,167.159252933581,167.217368328771,167.196804461505,167.333231716736,167.240657663679
67.4747860538546,66.1105822507078,65.920633530024,65.812195284795,65.7798563130718,65.6830437122515,65.8010081037638,65.7220249073814,65.6847313863108,65.9117721029926,65.9630992892708,66.1406915914213,66.5486383462261,66.7980726899681,66.976468790089,67.0970429811472,67.1142206143067,67.1497677191784,67.2098933502863,67.1657198588041,67.2012730151547,67.2279848824294,67.2477315105221
90.5014621496154,87.4547610318978,86.9690030881121,86.564079213218,87.1897611584722,87.3292163948597,87.8496325182453,88.6074448883269,88.8305140727591,89.0020741429946,89.7100078805335,90.2836818801595,90.5935239535893,91.1802014757424,91.2850867898955,91.4167241258395,91.4367217887331,91.4432799830998,91.4231898623724,91.5509327325744,91.6465215822679,91.5785854789098,91.6094435373396
71.0675104476825,68.2176875942131,67.8537371334027,67.8268751421373,67.7757077654648,68.1305093753759,68.5912895269745,68.7984551787723,69.1015565234418,69.360910371705,69.6331861334264,69.9063062752528,70.7621150456527,71.2721704523063,71.5428462475023,71.7154832256709,71.7055066852816,71.7861377942797,71.8111585490368,71.8266942159254,71.9454236249655,71.9820279377839,71.9888213448974
83.0495563174847,78.7881498578645,78.5247176709869,78.2613965102061,78.693320940266,79.3924480697294,79.6975762422329,79.9814408194263,80.3073894289024,80.7570882981627,80.8074418706492,81.2688763339393,82.0293637649627,82.4661241199161,82.7983215595279,82.8659154226395,82.9603061829712,83.0202909263753,83.0115906757725,83.0492386460007,83.1743161924489,83.2264115677107,83.2774843208632
87.5946073869771,69.0102619544668,70.4814611992351,71.2265515770398,75.9649572375809,79.5327056063594,82.8480537921453,86.0675521145292,86.9380757133871,87.7060043471204,88.5927572376693,89.571802925132,91.6532535080967,92.5973285841768,93.0693853923409,93.4651515710264,93.2779367942994,93.4134198530887,93.4407418795097,93.4627725953751,93.4876145927489,93.4756121883774,93.4951955462984
195.178406381391,196.402673083152,196.034467178589,196.134437491354,195.855990916706,196.212801133576,195.976752274739,196.046244277532,196.24571682871,196.07897471117,195.730799943415,196.013647660798,195.653563059974,195.419316899354,195.468108391562,195.429841920146,195.366407902393,195.418728053456,195.406770592266,195.376003012419,195.357904429332,195.366294757402,195.365483611617
71.9325321567237,58.2548135632379,58.2468441017604,62.3771673217389,66.3884408971466,69.4640582681975,71.3190435005807,73.0667031641333,73.6945767764345,74.4333440851131,74.7170023433388,75.1733074105325,76.2918632270549,76.7888026337868,76.9843291603751,77.0728093162738,77.2393246805404,77.1663123420349,77.2174521331125,77.2850097536931,77.2368409046128,77.2706857272709,77.2912900784977
73.8295867570204,71.1961194984289,71.7579741198227,71.8077462206628,72.3904790971424,72.827650360314,73.201486984924,73.4837324291518,73.4129083889239,73.4698267854171,73.2845005222429,73.4359045522951,73.4828240046265,73.2787886794767,73.2495803120926,73.3328123028914,73.2349434462596,73.1954620091647,73.2164007915705,73.2200002131346,73.1431111788036,73.1533322671383,73.1356505393745
103.39838861974,97.5020125896389,97.2350401594533,96.8406958936098,97.3070407975959,97.5911839280133,98.0250040579571,98.1328975015105,98.6643246314247,98.9090668531936,99.3828396897681,99.5140178839724,100.319094322032,100.674697203136,100.689188592971,100.940471041428,100.929780184293,101.011808106,101.079603843806,101.012129708381,101.088424717766,101.089147379178,101.068971317706
113.663807172717,108.078173330617,108.712697220579,109.152665143491,110.682765942567,111.482147238849,112.463268372368,113.142470595682,113.393843066833,114.129101310241,114.675251042359,114.666825363579,115.616999674364,116.152738627355,116.372768955456,116.397886071101,116.461919325891,116.513040449006,116.528683207947,116.587601428665,116.691775425562,116.789091203656,116.793491822957
88.170332160148,82.475180324622,82.9427914062327,82.7383502612788,83.9370040739013,84.2358105777549,84.6597721086541,85.2316703698638,85.8860363594922,86.1923684862631,86.3895559444804,86.5260717005758,87.4312625306278,87.7733225809277,88.0408016927687,88.0490790392781,88.1587301707046,88.0899668572517,88.1349398013445,88.1987864648423,88.264884839862,88.2792791959057,88.2253527649737
66.2997683451113,59.3506597481441,56.5867845412649,55.5542154972778,55.0749133903517,55.8897582354065,56.6710734203041,57.8458932653178,58.482734689311,59.4626242737449,60.4480619257225,61.090500050998,62.9858781857065,64.1493988778413,64.5739852807921,64.860332615975,65.0544750472029,65.0639867668411,65.1716392761817,65.1880543460274,65.1530750457355,65.180806254499,65.2147999829883
134.030701323706,132.403460702626,130.939122910176,130.61236567867,130.653134168771,130.456640172538,130.95012127102,131.279038482464,131.025863260432,131.521783604881,131.209432237598,131.722317665874,132.292517546635,132.866025320243,132.894023441135,133.156411976111,133.182351336353,133.347593692813,133.291581640176,133.303935213347,133.443051065753,133.522193016413,133.604806404646
78.1485015617654,73.1615225921603,71.8034296131103,71.9375190099383,72.3418544986711,72.8629363395513,73.969219005033,74.2899448215768,75.0236142171514,75.5743059236501,75.9691447709828,75.9917019467973,77.1458690405989,77.4450868329169,77.5347126760477,77.4500791891253,77.5546640392183,77.4931253499272,77.6618018577514,77.5822317723733,77.5919796342045,77.6115434286456,77.5897381697545
82.8495844227526,77.2370573327801,75.7857439039597,75.5072339944146,75.4134204368129,75.6106820516321,75.9135692879384,76.438521559077,76.7365896367399,77.2179667905904,77.4873031351696,77.6674709124063,78.7767955742827,79.1625837221947,79.4970463236864,79.6555694000765,79.6962388393105,79.6970231507689,79.7814748847921,79.7539433936199,79.8597811122785,79.8684910461066,79.9484251553676
87.1393027212478,75.2139455421751,74.271231463263,76.6463716204616,79.2862220226267,82.0894489015159,84.1298590266532,85.1834792094413,86.2368090716383,87.1855543063609,87.720068628198,88.3090233732784,89.000520268417,89.4174016029074,89.7278135597637,89.7617246256833,89.7447002679969,89.8670425379344,89.9477910635069,89.8964371698674,89.8926096320455,89.911801810438,89.9172864497747
108.21049878,108.60250354799,108.179497013041,108.567596719902,107.816022671095,107.396817151641,107.344067470786,106.824194710021,107.064473959938,107.179551696932,107.060518918586,107.031832194359,107.708536118826,108.008394562755,108.217190381304,108.281315588311,108.435340215101,108.457600502336,108.481830296875,108.491907777219,108.444144824703,108.544022012411,108.521764889336
131.099314519662,133.288851543759,134.044060595858,133.292274233288,132.600232003229,132.41269913511,132.333883134544,132.291096229584,132.067356590967,132.290679537365,132.370184824721,132.024410169216,132.207509186047,132.325765860666,132.272728924039,132.277518998918,132.346163641076,132.33310194078,132.329579777525,132.369826399147,132.337847807159,132.322809909229,132.332739795195
74.9172114804731,68.3597215348828,67.8854397789867,68.881949138638,70.9590841915102,72.5069607706952,73.3681162671507,73.9821844568992,74.3587124362464,75.1757452707635,75.9015643370404,76.2688915653825,77.1434205069111,77.1352872770053,77.5814241848197,77.5350145064915,77.6975816694242,77.838808250814,77.7154128906294,77.7452201351125,77.7734053785446,77.7404029467343,77.7481974729373
95.0656983466556,84.3301702992754,85.6431195762519,86.2950282266131,89.6397133726875,92.8525070757059,94.8466349803761,97.2586846963577,98.7159293180881,99.7754488253073,100.816224150831,100.732642818257,103.070428532371,103.787053614144,104.013997520047,104.42242475222,104.478753220734,104.527983878152,104.69036609958,104.580516074716,104.73125593108,104.752793290543,104.735268421296
165.037605215265,164.326733921105,162.978038931202,163.338632628514,162.891963899472,162.616483850978,162.784271663554,163.052894361728,162.768677335318,162.654120037588,162.849465116664,162.982935438697,162.766814188274,162.762760297023,162.628098303502,162.543932985072,162.635018080588,162.520829330663,162.529452510016,162.577477886096,162.502841113248,162.491986808765,162.488955354536
114.801551183392,112.282264679293,112.403717317215,112.476231904752,112.679061066053,112.75090226091,112.849478750336,112.860294506457,112.814025177068,112.908582441489,113.167550966204,113.145818521713,113.079190211156,112.939684781865,112.844000720543,112.825878832009,112.820908769469,112.798332727646,112.792395151302,112.737713561535,112.614253230364,112.625421495744,112.624045839884
119.894912671276,117.871932984823,116.649265573639,116.268619445997,116.115461707338,115.891343282284,116.228877010483,116.280388280919,116.712382126292,116.827139256257,116.771945050937,117.082694297445,117.414265246548,117.634938291417,117.873983495414,117.938213785758,117.76668002339,117.865270529049,117.834910515063,117.887708909819,117.920743475487,117.828181919139,117.898799321496
71.8569159485409,69.0318461344532,68.2574025778832,68.0032355635667,67.6333811675257,67.6405173214695,67.9935141548541,68.063827565053,68.2187633302391,68.2517041514443,68.4398108366127,68.5301172738094,69.0543425470923,69.2856766871569,69.3141518628784,69.3095268163161,69.3883993681726,69.4630237049389,69.4402894965582,69.4068132481042,69.4486305409541,69.417242934273,69.3759803256129
121.297473690763,117.818724677619,117.979712567077,118.993178380882,119.735823907044,119.690272714068,119.953759117823,119.376147271287,119.740086661279,119.839767283515,119.736655672671,119.641909530296,120.209680725662,120.453717489879,120.438012554176,120.516892205008,120.496024793153,120.601668930287,120.613171280124,120.736924930279,120.811875026336,120.788246605921,120.806754994794
88.7232765434151,85.2517202253714,85.4280635420295,85.0874788561156,85.4871722728885,85.853994382851,86.7009566619452,87.6270755130907,87.9586006823136,88.3193359962132,88.7935824877837,88.9125548393097,89.5888926621365,89.9020222590059,89.9702214006568,90.0380231818845,90.2387064025035,90.2027121130561,90.2573877903383,90.2252137713814,90.1915594095197,90.1807618870754,90.1725641448784
249.195848013302,251.943629417918,250.43161864627,249.416760536348,248.946164934243,248.475151628708,247.605609589795,247.65631504366,247.394873007613,247.668958520037,247.829766617297,247.796776135376,248.396006505048,248.904871680451,249.1298210422,249.07736259968,249.193655438995,249.097950128685,249.183582035325,249.183209757817,249.239328789106,249.188675066958,249.20748309037
42.9458372884366,42.6182634844466,42.683262814452,42.8525480033488,43.10492761875,43.4762670720478,43.2890180045385,43.6816195753738,43.7088803837492,43.7787116283436,44.0163895535968,44.2399287556574,44.295605835951,44.4066685309962,44.2999284671268,44.3496907422593,44.3505243335712,44.3445226905138,44.3430883847501,44.3125704637422,44.3362421573414,44.2991485305023,44.3569702210743
83.37176241664,76.2750264801035,75.9034791926771,76.3794576931486,76.5951871387895,77.461049823237,77.7359844847654,78.4893736614588,78.788624193565,79.085284905727,79.5724529845304,79.5519738095075,80.0208134650241,80.3011925675018,80.4444922441946,80.4756251786629,80.5060589480047,80.5153510435426,80.5189283587526,80.5791280221847,80.5822112063192,80.6012490225,80.6123760391321
100.861977695553,92.1730882465343,91.8431402966706,91.9609707164653,93.060031704822,93.7794758748645,95.0506388260437,95.7123347810346,95.779592912277,96.41521194327,96.0684804096335,96.812933533374,97.0616488844474,97.8843978481934,97.5707222840195,97.8383437836848,97.9371486627517,97.9925588615097,97.9337322222115,97.8245442639901,97.8447259648028,97.8842888671299,97.8381495775232
89.6790393838959,86.4950405433141,85.5333745663809,84.2328849489471,85.8319732995807,86.3229700025855,86.9844613747227,87.811420385778,87.9362542144455,88.6098578727682,89.4894165313474,89.187367190751,90.2353778854875,91.0107013936643,91.2803092736212,91.6607872170513,91.8902484212655,91.9516264438438,91.8883220013118,92.0131408705567,92.0903094862001,92.1746667186304,92.1416792537563
158.347385563339,158.784128323967,158.196419877031,157.722663576414,157.187687753735,156.844269158925,156.394427575151,156.365463811859,156.60396077179,157.071766186126,156.457435760268,156.655843260336,157.05092340607,157.362970522978,157.281095433014,157.45269073623,157.386576685674,157.44218775622,157.543999817318,157.617572292237,157.530548673296,157.522507926096,157.538759612074
158.910015042183,158.787124059442,159.049525253875,159.437171147282,158.780255436955,159.493703209998,159.075164721308,158.923960345635,159.048637704998,158.983723639213,158.629778036934,158.852246413358,158.709884120241,158.806501696655,158.676646140373,158.750786378371,158.87033397687,158.766256369871,158.729742256414,158.830778629335,158.865272427579,158.823173686342,158.824070977832
87.1410410936974,82.9438046129198,81.9369340600043,82.0704530993559,81.5132731064074,82.2475086213618,82.4451911179278,83.0832665882307,83.1891490193417,83.5114283256718,84.1361639116098,84.4671634688976,85.3423407209936,85.9196367651417,86.140644613566,86.3875540724261,86.3256974408447,86.4231925901004,86.3836161374239,86.4141154552609,86.4668912793545,86.4725311849787,86.4382199154858
56.6787885557763,55.3881725538977,55.1172461931342,55.1984302213651,55.0804272203907,55.0326997732923,54.8365136718371,54.8730562799166,55.0394813724451,55.0345368178466,54.9533941702457,55.1654742628314,55.238996056846,55.5722680849184,55.6747503337651,55.6826075404828,55.8691470677795,55.854371482253,55.8570679281707,55.907022479556,55.9445015912983,55.9166971372193,55.9432206636332
116.328513182521,105.589626308073,103.351295514569,104.187409966477,104.266841124832,106.435705103745,107.294482839595,109.320783837274,111.050335991857,111.472848205258,112.826650326893,113.010943916957,115.636877112347,117.25803645641,117.93750532252,118.322002752347,118.581822130645,118.802404856664,118.801747993489,118.855743076547,119.19049462786,119.219970164503,119.244269654451
145.767751860764,139.218611712667,138.120081600728,139.274409997685,140.374656370012,141.041152163621,141.748809302065,142.913586227345,143.308779578971,143.599439336854,143.422704954046,143.899433199974,144.829043855303,144.916358951296,145.181452166479,145.248087063413,145.330727435162,145.436341573506,145.328676882847,145.423533707237,145.436872043304,145.494518793003,145.475915305264
75.7191162234447,73.679723385745,73.0605607036651,72.3712771305461,72.8396376493396,73.0784996517957,73.7697798269256,74.1013728313773,74.1426257889168,74.4197644390468,74.4056189030611,74.7580335921368,74.9387321538295,75.0945331236476,75.2271638277086,75.2643686328132,75.243461285924,75.2303505318975,75.2454241915842,75.235673732967,75.2839863199716,75.2258856708256,75.2880527005959
92.4092396609847,88.8051683955243,87.0848791357244,87.3120179190629,87.9953944810783,88.8439506754584,88.8759920252279,90.1591804183403,90.341269242006,90.9941676868259,91.6880266333382,92.2465875801401,93.1405709551751,93.4948397712003,93.7562203082465,93.7548281310485,93.8830168008413,93.8545352171396,93.826372640037,93.8300566096606,93.9269259941733,93.8492559159078,93.9048499016862
155.748559977442,157.249366972926,157.400522320983,156.870264055949,156.594292064433,156.512332647866,156.516204622235,155.846980999658,155.639372619157,155.361486206856,155.290549415393,155.223516877166,154.382585133453,154.276188957923,154.172410645108,154.119550163006,154.093510178654,154.156857689197,154.106281667772,154.139628485686,154.031346287136,154.073071612082,154.059983639744
103.266657223491,100.797785308931,99.8533391495486,99.5078267635126,99.9663123431383,99.8671742015814,99.8833298728042,100.268371573713,100.121931771226,100.196805301497,100.347277332392,100.193025172316,100.589584519226,100.611561474476,100.84533167064,100.763024085289,100.816285615692,100.822475224018,100.879691461728,100.747213366236,100.784181726803,100.712551767122,100.694727039859
68.7085986995378,65.797822413699,65.0099573968658,64.5340195577917,63.8988522378293,64.2292196138511,64.462299846268,64.6041879625193,64.615824404008,65.0576741879019,65.3785013501695,65.5454933250215,66.4783361064859,67.0637834982474,67.2740699916719,67.5382334584374,67.6286141709987,67.6759410404467,67.6277397876104,67.7789309359103,67.9615164515905,67.9530875387948,67.9588894516385
150.102378855893,149.108828048241,149.858473836396,150.111978032371,149.645862551412,149.512114037527,149.844342265083,149.484658205352,149.991625246335,150.258153365899,150.37574862349,150.615817126254,151.062604182335,151.4514971045,151.469759669364,151.651335613524,151.599570868279,151.625853910565,151.651544715783,151.679966823175,151.758454748907,151.717623681868,151.832204814111
110.21472472754,109.185675783332,108.968355844904,109.020461176461,109.825700926467,109.969412166318,110.588491831388,110.883761466968,111.404140925328,111.136773063946,111.149947676055,111.348875166497,111.522768437274,111.606462158658,111.665158151756,111.613094201532,111.571858296386,111.55454301633,111.503214642659,111.51858830494,111.531057713024,111.529055221445,111.555716980921
98.854168149051,97.0019371964055,96.8263902570103,96.8281705165088,96.3233780400551,96.7303318837308,95.8467063691314,95.9694124713596,96.2014817615327,95.9924148993815,96.0766452117473,96.3457103582076,96.5001540312638,96.8493955521175,96.7668909949182,96.9588619788503,97.0090517906309,97.0600755639304,97.1120286824354,97.0780794739663,97.1572134051393,97.2126743988355,97.2042950455461
64.9376858816323,63.062104524907,62.2030327801899,62.5705680925717,62.533438698158,63.4576294456827,63.7931693889571,64.4158458489507,64.6090192113417,65.3217287333031,65.8187782566672,66.2654288466804,67.8510902789253,68.8953572662513,69.4205327858266,69.7384105749986,69.8514135830678,69.936219982926,70.1057325010618,70.1232869449857,70.3115074673957,70.3499393169516,70.4660371490687
170.779788234378,169.29876758438,167.556437291159,167.359789660241,167.178655055382,167.595434274421,167.729080899361,168.575463660184,168.402799373732,168.131241260404,168.572881572463,168.795233905278,169.8403317788,170.205432026476,170.38374831488,170.486678358015,170.509255649942,170.627028072933,170.703096530149,170.631724351077,170.695974990176,170.669602886385,170.692191209826
96.4829488651417,93.3741380372366,93.7993714246626,94.1876612091777,95.4173504177476,96.0278717067797,96.6868695232754,97.1321342642111,97.1720056280229,97.2540890826408,97.4383004737983,97.4476322420462,97.7762912962915,97.7301972510175,97.718317616842,97.7904973531625,97.8784271409032,97.8938461514577,97.8365226898369,97.8199041737221,97.8898994955275,97.8763764876608,97.8344475960663
118.667647542228,113.946585337018,113.711809074776,113.757805142623,113.951977391168,115.606669013653,115.621536300602,116.953392339339,117.480712895004,117.768174722992,117.770789104996,118.289297883756,119.251689878347,119.190010272559,119.478150324635,119.494198927927,119.570706953189,119.586778316693,119.686461284736,119.716470578494,119.817603599095,119.836142075225,119.86825169588
131.385463603288,127.873304315023,128.3957708399,129.174778559206,129.9521182974,130.040232353801,130.615330814639,131.196723269759,131.397344091957,131.652314035955,132.034566714866,132.250613341033,133.105880501332,133.845674947309,134.028117505678,134.171713687322,134.307994470605,134.417010709471,134.484301385863,134.454154824074,134.539240754199,134.605434179899,134.579345871079
49.5177423380614,47.0700080057826,47.0307046638034,46.3646783128962,46.2623509923294,46.4438683379858,46.3526863536389,46.5392627181561,46.8830448366672,46.9847220716413,46.859558106526,47.100883133056,47.2337453619847,47.2691497299433,47.3753744629516,47.3737292276665,47.3840644194332,47.3562712093751,47.4533878952629,47.3813312186711,47.3801519326253,47.3749429026848,47.4137493006857
46.1986724026332,42.9323743794541,42.0576276047446,41.7974664870849,41.4949635555493,41.9959151286376,42.2976227381113,42.4344231487036,42.787462379598,42.9503374196752,42.8168458999453,43.1052955455583,43.3142275749552,43.55983505308,43.6842940046013,43.7479681481237,43.7314358261274,43.7664044183823,43.6998485578375,43.7361500739538,43.7318639045546,43.7599949797706,43.7567755718536
152.611903685499,148.711140967066,148.455376678378,148.525998913896,149.735756005022,149.759871176819,150.251587440396,150.291328974868,150.908840895899,151.250308271533,152.18693789755,152.411432881711,153.788766594879,154.514250003222,154.900701573591,155.098992801584,155.163355067363,155.240627105539,155.422848839412,155.358538742509,155.528505689005,155.56084957809,155.478513693046
38.7940000593546,36.6707358842074,35.7734123049954,35.8949860702253,36.5967406061183,36.8100268820306,37.3857675226281,37.8019261638003,37.8797878082337,38.4039721122347,38.5667454027394,38.581781999824,39.444206738697,39.68799022952,39.7334899826159,39.7588882371476,39.8069088192953,39.7568281225305,39.7986523495393,39.7893375885953,39.8187835346434,39.835256467305,39.8412238607638
82.5436329839727,81.2327853099328,79.923618361619,80.6807036082308,79.6723242132728,79.5542668567045,79.549316194226,79.4522272739146,79.6281997548764,79.7266907503067,80.0528448503396,80.2364276763843,80.8498418665554,81.2088502910479,81.412490154016,81.4672724394822,81.532926293564,81.5489292763453,81.5436606349711,81.6215573485277,81.6468793532865,81.6586654475785,81.6179249061503
72.0698456337722,71.9866338453656,71.1807367725677,71.6414132316088,71.0584244659418,71.0918403904519,70.783330672551,71.2192817555605,71.1443152381133,71.3928426680179,71.3119730425964,71.4055045661132,71.9114305106192,72.4474321505557,72.6829828946469,72.7424710623226,72.8595773167736,72.8027594014605,72.8655726997534,72.8923790792923,73.0511236443187,73.00708547622,73.0354937294294
94.8796967920154,90.7603863167212,89.8543126448291,90.960236382521,90.8981533287316,91.182216095987,91.6378519075522,91.6263760821718,91.9995384881859,92.43770540926,92.2028388924694,93.0561548003172,93.3946170879037,93.7606937346993,93.831164562854,93.9013529916112,94.0635692137427,94.0455606946701,94.1029494115199,93.9957320126694,94.0643257750617,94.0511110545624,94.1007630909579
151.663544772822,149.57598501284,149.354276999742,149.77306122275,150.538076718976,150.660124836135,151.17740038557,151.390883162774,151.500361589491,152.030637579292,152.244328442567,152.106918189624,152.373418278206,152.233653659925,152.218268773473,152.13594773837,152.117126245659,152.232499603668,152.083052094432,152.050673546277,152.098351859843,152.141016849556,152.210359797793
118.322919699729,112.958194968381,111.67931811042,112.941098902458,112.621072592216,113.09891896742,114.471153823619,114.123445613408,114.876004137633,115.354257872849,115.551695153052,115.503000518703,117.145125695476,117.69320003709,118.026702262846,118.232779662171,118.32579186809,118.370661520642,118.380216745487,118.536399901904,118.635036842143,118.604391067441,118.64011051196
133.883521781269,122.798701807132,122.9664924573,121.657247686543,122.697775869469,125.109636055674,126.377798204915,128.044907741603,129.500826327725,130.519129638404,131.089734136645,131.755815071067,133.758587990898,134.954261650637,135.10334443587,135.452890721516,135.64046635197,135.709555254512,135.614985255058,135.714334612512,135.758599993481,135.850344785712,135.779580694155
76.2757697837255,66.3619827379969,64.8295969909473,64.8814735449784,66.9873279026054,68.9466233784213,70.2239060651213,71.514337203575,71.9769121969918,72.9400392140816,74.0715359860373,74.7099355943556,75.8193735662045,76.9360982312351,77.0156728415903,77.1694066804474,77.3248463093382,77.3392669117969,77.3593156707194,77.3365605638503,77.3514321994594,77.3849675592104,77.3933347869491
89.9384425286167,87.8322967614724,87.2304060817262,86.737680907776,86.2618450603864,86.3629026651052,86.6984992392238,86.8431715518048,86.7990626704472,87.1705284088249,87.0379521550275,87.012867959349,87.555318671595,87.4004315048796,87.460885690691,87.5100603180327,87.5446660689758,87.6101845237886,87.5543379888396,87.5194379064023,87.524862785316,87.546403818259,87.4946381880235
54.8012865024968,50.1719087038303,49.7690577219286,50.0959473721455,51.1186672223325,51.7093579868886,52.4681328895879,53.0493163690781,53.4461777788128,53.7522594683174,53.9894191963828,54.14246448311,55.0519365754914,55.43006354317,55.7003426406978,55.7832023359328,55.8238722799726,55.9107518132574,55.955238903304,55.8540975787047,55.9339571131401,55.9156707226146,55.9653228711638
115.655083384118,114.797768422792,113.824164452875,114.350326244325,114.876567595432,115.427534888519,116.568416070173,116.570090562983,117.173564047846,117.518461454902,118.049470196106,118.198981759391,118.766050453227,119.176720077003,119.2670018897,119.317948660058,119.459667350659,119.505090708304,119.486018451853,119.488147467846,119.566722932732,119.567077795519,119.532256185149
149.891806697208,147.242491016835,145.221005099806,145.365622421325,145.823355365789,145.866132270083,146.068248471133,146.586203873807,147.151867735325,147.82326088106,148.103380822822,148.572811021313,149.151771601831,149.494817531925,149.7231002964,149.684060908544,149.694979600761,149.795386935562,149.763470986914,149.770522769885,149.785552376178,149.759620904095,149.777468654555
55.7755581177219,53.1498950443601,53.2309054474065,52.3540350652705,52.8132337178649,52.9025584468996,53.208477904391,53.3868831873005,53.6051890075525,53.5571607395057,53.7760778268491,53.8854995672417,54.0858063869915,54.1608875328735,54.1977094667583,54.2355583499437,54.2811933898946,54.2709257012561,54.2915691489875,54.2745308525519,54.2858671776133,54.2822139987444,54.2589724967736
120.781677476029,119.368398786393,118.542067084039,118.29866851793,118.669160282187,118.756334575183,119.286482850078,119.449939728261,119.488845271067,119.570476570995,119.553932121622,119.918715289987,120.036036194459,120.268327344628,120.381895642885,120.49038953172,120.385096567296,120.540696823423,120.521779463894,120.505470288407,120.570807975728,120.557658915974,120.55878120115
83.2181386932519,80.98952509216,80.7037000076457,80.5973410216488,80.334260481392,80.4771256790212,80.7150639160425,80.6113242063993,80.7756950142661,80.7363742057464,80.7152641103342,80.9300097371455,81.0212463422178,81.3738169034884,81.5466061087273,81.7190296960712,81.8238815752885,81.8655235003399,81.8142378870413,81.8283020662094,81.9322882931583,81.9494697234169,81.9484116748218
91.6665213006202,87.2787193216488,86.9689544354291,86.0449721206453,85.3515111505268,86.1401720453881,86.3104283215102,86.8512021075216,87.2123892992491,87.4460915811565,87.5484385585861,88.091500449176,89.6863303471417,90.2114303199511,90.5525597605972,90.86580682118,91.0018329169191,91.0144208205799,90.9961169247042,91.1046556433861,91.0669922872609,91.1790684489453,91.1565094325919
109.204194326844,104.770613519012,104.726108373778,104.658212882947,105.068532730995,105.401971598443,105.54492709066,105.572855633263,105.868388094509,105.965625317546,106.153087280097,106.385423842975,106.717131552252,106.907593098254,107.027804743458,107.114429052931,107.138090465356,107.168424464009,107.200658858327,107.240558278677,107.255232516022,107.253294457173,107.26948278233
84.0298057368837,77.4597956858236,76.8390535694337,76.4861982325822,76.5894845480275,76.6116318169315,76.8730650029411,77.3706140183365,77.5178823660076,77.6548605722858,77.7483987281855,77.6626277331344,78.3812577306937,78.5260804016027,78.7879987269539,78.9352152943683,78.9356695270802,78.9949424657469,79.0235436182733,79.087638583123,79.1035320071448,79.145431932986,79.1322192973969
88.4385276387055,80.558717432157,79.0332945574517,78.7723365784633,79.1732408617625,80.2485309258432,80.7883416190684,81.0390888352359,81.9849307489317,82.0328118779402,82.7227918180627,82.7328327438317,83.7632193972905,84.1965745790581,84.3204285107822,84.4115589978564,84.3156594434473,84.407082937381,84.5124544738972,84.4400554302164,84.5575822243671,84.6019846453633,84.5443409096717
243.648979873371,242.759434541498,245.547294929459,246.073369471158,243.552168453957,244.137148480478,242.577158867283,242.269864590771,241.800005728246,241.811569580175,242.132452627414,241.917557957435,241.994935171547,241.907694188955,242.01575921762,242.013394828264,242.020455717362,242.009110684008,242.01189052932,241.956554649704,241.85600095902,241.90365916447,241.848734200335
242.777576793935,242.430787274415,241.58432791126,241.703149699337,241.833401384439,241.83350795168,241.478438397723,242.323971805886,242.320745579069,242.208865480831,242.327933768409,242.781132942099,242.708409342274,242.716796144296,242.954449603662,242.9880471228,242.948873336242,242.969060058015,242.887769368558,242.998821158793,243.012968254342,242.989913886739,242.984484413853
78.9893186194377,73.8826856350885,73.1557228189067,72.8616105388132,72.8725466785904,72.5772832749516,73.616872311317,73.4699179340877,73.8602252723326,74.0778306403828,74.2164637210962,74.4904107462382,74.7502834565157,75.0056416872557,75.036055603318,75.1612702355347,75.2262320305003,75.2446831645886,75.2787357537771,75.2994684470024,75.3156860244785,75.3329586052388,75.3198271042963
110.891528184516,106.845046526126,106.693105013585,106.772102242869,106.31199235073,107.174288026094,107.367023022824,107.991603920333,108.64422392014,108.754900369772,108.894317793463,109.12195540062,109.842515945221,109.824423382264,109.890026138733,109.960568789938,109.823809433119,109.88058656966,109.884483633304,109.893393177969,109.770822661937,109.722544250407,109.681767082355
148.977259508698,143.868030427414,144.834486320285,145.178924875711,146.286570792802,146.720945838049,147.205301932255,147.182552368228,147.808806139377,147.486784647165,148.382831010382,148.185895868581,148.55100575252,148.711885207058,148.872784191533,148.884299102921,148.93697232844,148.834631473664,149.003573724674,148.944517702803,148.957418972334,148.979977169308,148.946195097971
104.466356103376,92.9796322716026,93.2709303526133,94.1881643167876,97.6857326636424,98.5553923056252,100.474598686564,101.629547348929,103.668538652286,104.241592552004,105.006801393951,106.00098918339,107.604883076333,108.149682033125,108.433650463562,108.52299084343,108.637869450258,108.602755077761,108.593769156786,108.57509432672,108.752254377379,108.769205296157,108.765694334777
82.3103718616645,77.4734812972363,76.4544423692667,76.2948728746602,77.2852530929051,77.9355213822555,78.228295021271,78.7207569994337,79.4018205264129,79.8560430625864,80.014143549568,80.5005069715483,81.1196202788019,81.5456792235911,81.7857896306964,81.9340067204037,81.9000446370862,82.096462830574,82.0526887553557,82.0894797122286,82.1568088195345,82.1306376154043,82.1433213773477
144.166319991256,135.702462918691,132.915346886622,134.094006835488,133.891083052759,135.240100649455,135.468816451593,136.562260777962,137.009307530356,137.262133405516,137.900111924639,138.263250066676,139.910476007973,140.959897137834,141.33769966028,141.662755738799,141.837655464283,141.891578099603,141.972090811358,142.057032630574,142.214218142811,142.234147692616,142.228616198103
88.7830789910034,85.1294427334496,83.4070307098789,82.7008562719052,81.3751446770659,81.05222522772,80.6783749953526,80.0855076872274,79.9380922485329,80.1189806989951,79.9091382295151,79.9687297219495,80.4698492094301,80.7435900287095,80.9555948477254,80.9346508256045,81.0500538936414,81.1244597081954,81.0360002349208,81.006788448992,80.9860700074836,81.0519390541671,81.0791400694748
105.177223202801,101.363121221458,100.08362922337,99.6161839800647,101.252680698598,102.541408698671,103.442345034724,104.911082190671,104.791085736499,105.464352765993,105.960011059284,106.181695388591,107.14342862004,107.368646242188,107.740670484639,107.775688111825,107.653633793468,107.768810657422,107.788923580377,107.710848678001,107.829431998099,107.816027633233,107.847004833302
105.691639307169,104.49907576418,103.681141091807,104.01542895053,103.883669323264,104.235144339542,104.922162924583,104.884929140511,105.252216327548,105.656272685077,105.912135478588,105.427878876321,106.129049773717,106.35207288125,106.372774118142,106.372342755429,106.328216169672,106.38012378627,106.362061114592,106.373095890771,106.39239063178,106.296068513914,106.271000738265
88.3000414837333,79.9878885941484,78.788135897453,78.8252530692732,78.5815802868214,78.899534863438,79.1957950154132,79.4949699145599,80.0451447302366,80.2763450886,80.4997951901066,80.9126021560629,82.6809707187656,83.1098938065285,83.6843658502953,84.034374934699,84.2351413492045,84.28967684736,84.3570444349572,84.3169987152594,84.454438476631,84.4486351047028,84.4157813199671
86.0262002354617,85.6616705267817,85.7943122523377,86.5176190823373,86.7147400834237,86.7605389041291,87.163524349009,86.9908138527978,87.0973310299438,87.3344917130183,87.109730816321,87.373234933881,87.2236188449496,87.6577916989524,87.6454402000353,87.5659845563365,87.6145250908336,87.5939948815151,87.6413659188212,87.6005202915321,87.6056571030847,87.5803466130166,87.6035502182448
139.485462228208,141.609888971637,141.680170186401,140.7867798139,140.40505245343,140.32842964583,140.073474893255,140.663647568581,140.476488539948,140.489625108215,140.546351623572,140.614317211673,140.845723747673,140.935469260476,140.860285917268,140.877034264051,140.766882856914,140.817296513904,140.755755186771,140.867172525629,140.735495289421,140.793168793968,140.780672272575
101.193845324682,86.8857280381152,86.9981021816302,86.3287802229332,91.5709690635589,93.8376163476017,97.5411388390153,98.2509418076582,99.9460791166234,101.599560439947,102.593618496106,103.29758026851,105.114797626302,106.461594967849,106.747019160135,107.07192120721,107.379642614782,107.486819813212,107.485653860672,107.638276797697,107.904904633566,108.050503874692,108.061997903387
95.0139316311061,94.8481322671161,94.7739836115527,95.2462638141985,95.2049818497532,95.2893834426622,95.3445834785612,95.3087588639022,95.3345895495167,95.4363573418073,95.4626409049464,95.575901561651,95.9501487742946,96.1647330462871,96.3261043315531,96.4489616982832,96.4902572200898,96.5147628804709,96.4690788821915,96.5475254493885,96.5951291490661,96.6169686569266,96.5740317628541
162.997283673014,152.405003966572,151.214086305033,153.53214409994,156.374663523994,158.636079629929,159.544893482503,160.570394728459,161.440742334664,161.681256044302,162.415235617254,162.779737596043,163.235348318926,163.948315499349,164.203747392812,164.218482442532,164.384930523627,164.329147881726,164.268526105768,164.398101994227,164.522846414844,164.41509690298,164.435855785998
112.789095847226,108.667805257859,108.424823270006,108.749291473895,108.959205874294,109.140179173594,109.649937099679,109.776245867584,110.180498379239,110.390602668442,110.157447817919,110.810636919835,111.235799408011,111.274571980554,111.378085922914,111.388806054432,111.373437456176,111.419007796366,111.456886661073,111.435486434994,111.43964410406,111.406547154239,111.447556394355
82.031149606148,76.1942021258579,74.8816448676305,75.3457704670379,75.014099850088,76.4412276858158,76.7736846359574,77.5165804086467,77.7521093043273,78.4514884554268,78.5085107930592,78.9092710281799,79.7085000008421,80.0066244102582,80.1426206656425,80.2682143931354,80.2911423473917,80.2750921010443,80.3543817968768,80.4111427107058,80.4761997670898,80.3825636234089,80.4142970379825
73.5091484580898,67.7383914082095,67.7725832689381,67.9981838251315,67.8982910851156,69.0004520450525,69.2148681247649,69.5548668942548,70.1915556127544,70.1850166923619,70.3875340440888,70.5422614097009,71.2095399081512,71.3517797425021,71.3642162938917,71.4121082693008,71.5085949934593,71.5989643479333,71.570851620485,71.5678458110809,71.5965072250652,71.5907943358608,71.6096923682603
