"V1","V2","V3","V4","V5","V6","V7","V8","V9","V10","V11","V12","V13","V14","V15","V16","V17","V18","V19","V20","V21","V22","V23"
648.432884210348,677.596723153091,689.02702489878,687.5311014637,682.640696886912,688.673139698449,678.43841863353,674.657498517601,670.3243868894,670.484750188571,674.228022956469,673.216309953805,661.255079879452,665.844744810325,661.4629730266,662.401989964794,660.641377814475,661.338414112571,661.625284723874,660.597066496987,660.129007753285,659.251048808819,659.557838101517
630.358614508384,588.754416734855,605.389591149388,606.726606573789,607.474108056351,609.220733882806,614.907542393554,616.240663781325,615.55637458703,612.507347787786,614.734234710983,618.462070289895,618.022088465494,618.872546261257,619.1133738831,622.39718678298,621.976172828947,624.559966827352,623.410333445216,626.837941475726,626.352106180425,626.778050164461,627.904329008542
340.096661859978,323.674907477909,336.016269831071,334.344561243411,323.466313442939,323.915112326138,327.802157539254,323.271482984656,328.430089530332,328.087043675597,327.265509967795,330.475357720937,341.217879464256,347.635569315044,351.614193007029,354.398357841916,355.717654271307,357.549295527686,359.026109042792,358.824983542742,359.563240527265,360.072356708787,360.907074021205
391.332805867665,395.536815609506,385.95054600656,383.64031498395,386.300067404401,361.777583753917,375.038537320917,366.70267565994,376.216142858189,378.940914975322,387.614455043865,392.827804413525,413.15585142532,420.867896852214,423.946571853755,425.068315328984,424.09606797687,425.118522876507,425.398219496113,425.388048405051,426.285678163234,427.14338198933,427.282677965767
298.197688811466,211.990791110667,145.450459124801,151.17634921995,141.813036077828,156.039959015314,188.630612102351,199.298575067204,210.737188792072,214.140364823614,237.979540406913,252.271941590715,288.500116428087,295.927068136777,304.787015937347,307.91607180863,307.981227040451,309.409391971689,310.518186456631,310.486798503577,311.295287972418,311.439038915245,312.314226983922
217.149914817278,138.273846709246,110.225190243985,103.739028657291,123.997550561262,140.901997391277,170.80188806103,187.637913280098,199.727508822403,220.434424571685,230.290259646543,240.59429949734,263.478064670769,272.069055810227,274.8291150932,275.717810607733,276.713101324393,276.727690501979,276.410525888002,276.923037394277,277.707178085343,277.613525687882,277.598287093627
511.604059123195,524.186176008809,524.47446195333,531.074644389143,535.385225335168,539.992972842866,527.956768078935,532.188547886998,531.759633525158,519.952449379635,526.144963144402,517.041189617398,516.483933642865,512.93462946642,519.014279403567,520.672519280941,518.991394879191,519.951175775527,522.025224409528,521.142883942136,520.377771562391,519.252326615193,519.003000378068
658.375240686841,645.605202059396,635.706100715664,631.11355945426,625.812433424667,637.522805626818,638.808268239634,641.050924112723,635.753313077369,635.319954794374,638.283045593639,635.24579227356,645.377597319996,653.950708163444,658.76705914322,662.468514525126,663.051041012639,664.703456450307,663.289202141885,664.92823099169,668.364434996288,669.745814660177,669.434149396727
238.808628943668,212.717251320253,211.376888024454,208.555216215239,204.558268104284,203.733279136086,202.250291262082,203.528078510639,207.248360265217,207.643242844172,209.004257816123,210.133523947204,211.02257710069,216.527786492559,219.435753660591,221.852645161513,223.599717158537,223.249893499281,224.053405685073,223.711296108776,224.276985826723,224.507303518756,224.741240921928
346.111102190675,304.945982613958,315.685058012014,304.897584024967,306.10405485936,302.162442915937,306.41465547079,315.016547640489,319.157310765773,317.300594263126,326.407047924003,330.184473989654,339.665924372183,346.865183543871,350.939754862751,354.113568329443,354.308262159392,354.979462088183,355.088283289938,355.274319542702,356.04986663079,356.050793072096,356.130022115727
242.142578050035,147.209444448365,119.924278787605,117.656664856088,123.157800761201,143.219118759049,159.543507602999,166.040123911101,180.496915090263,187.074263266058,195.360211601984,202.009290242214,214.824431224927,221.830159504038,226.015778637211,227.782306335918,227.754399642474,228.57282710224,229.744120593016,229.428131090413,230.139033816503,230.756892260887,230.766492585884
323.231448458901,316.10561249875,302.285386083774,298.576017588795,291.286773210556,298.000927602203,295.923424350019,303.080502749203,307.770989432582,312.028366309847,313.284579451311,320.139760416505,330.855743754475,338.441075200906,342.983283813557,342.247708586519,343.611477916996,343.935977052665,344.045711360589,343.872661780547,343.970960757588,344.641747857226,344.427665373782
222.823951274576,222.2718744703,203.606308407946,228.192141811622,237.480902018611,265.474271264072,280.36643087336,315.061370143002,324.320958002427,320.152061671436,334.169061748409,336.401308464003,366.213714889484,373.368550295887,381.100041761552,382.151407479982,381.018511308511,383.464521807148,382.353048878859,383.258687393623,383.777260774726,383.229865919334,382.915264616359
738.486491079361,737.65198971139,746.04160180759,759.307188984977,766.820616157574,764.368744707086,749.243920746521,751.144583075578,751.390685101465,753.354531067708,752.2473194611,752.002261189909,753.766647461993,750.259579947692,752.342667671912,751.20630933827,753.077726608709,753.716557355759,753.549855929134,751.880074668972,753.108954937009,753.579331875763,753.699814545377
271.920488121688,165.029979024403,142.786513575289,157.636405491852,173.620450968257,200.253524311776,222.954879611157,234.465941755608,245.467814285837,250.230599149064,253.857197545238,260.159770228277,274.628202461178,283.239714779163,287.958611352077,289.795690443737,291.163358224983,291.19710582119,291.095012348408,292.917927591087,292.594194203103,292.522042584439,292.778891124628
257.859350835288,255.864285171139,251.198696073327,241.203472593423,250.327829205041,264.985730950755,273.984633485596,278.115009747527,279.321842566363,284.219363652791,283.546511757952,286.476949558811,286.95459270385,286.518505938693,286.682876749749,287.209347568607,286.359888410019,285.823027407347,286.423332182227,286.974356558132,286.174929492357,285.619704843808,285.511308704321
368.24207808365,288.331568920877,282.337791557535,284.445524563633,278.38372189515,281.327319284313,289.873523254957,291.370747205851,299.370743084944,302.338202831551,313.739319555917,313.523907049882,342.05391124848,354.222474017394,357.383849525158,362.013125604608,361.529422479498,361.657949000945,363.191832239396,363.388903707057,362.382072176399,362.601415887149,362.801872284635
395.434599930466,339.659445093277,335.564637941041,339.599856439786,344.474661251922,366.913379545378,374.740734517882,384.576921403425,396.422360343746,404.084187129224,411.463658472994,414.027342652151,423.506720179741,432.697425556442,434.902433581096,436.740120491904,441.193804591291,442.423805093661,443.336079023339,443.951606064047,445.934475640339,447.699813395952,447.837771948266
312.928621058051,233.575326722698,216.406869261443,202.993806485261,227.549873839528,231.724902482867,239.098925936965,253.030934957312,259.52301984685,258.614356451587,260.343227747623,266.020197772218,286.528506497248,291.585253421674,300.61375274809,301.82500265996,303.452115019177,303.506015619354,303.88771217172,304.971542265213,305.752790231095,306.047784457349,306.156605155864
161.478614877084,127.592041187897,111.617191331896,97.8049440839083,111.786175439636,128.709324077036,133.165116008074,141.948121579295,149.183779930802,167.329101403598,177.387158518605,179.433231693395,197.066213690055,212.361023991136,221.245334582403,229.616044576155,231.543740720041,234.804943373291,235.076348235918,237.433441544039,239.973365868463,243.608810021688,245.336308131956
501.508683716758,525.511759447974,524.739381265375,512.149132774193,513.843073048739,507.200009446438,506.258290556149,501.047461553196,501.401263002106,505.948052543864,500.810729420869,498.343484084361,491.767789731394,493.185296053557,492.172600646182,493.277959991687,493.176841151141,492.597887402399,492.314767373892,492.026075466586,490.327042444297,489.621377210399,489.497541755814
246.536927923545,176.804503163452,161.63809322139,161.529430868224,183.44851424957,194.213007933643,212.580069710829,221.964556559543,231.638595254818,248.302853202915,253.759195844906,255.153286542512,270.562184138791,274.915876938038,276.721570491794,276.718179001091,275.597033309339,275.549846699756,275.400189114112,275.75185600103,275.456553007421,276.200503608092,276.484678250628
277.647128387492,178.456661159331,149.360623620959,138.927091174859,142.707548531901,153.588732396297,160.421697387014,187.678413181438,188.503132009956,192.102827946218,199.330595466872,201.077607594193,209.921381287024,219.704863929399,228.583886830267,232.992885917868,234.886184206892,234.844506468139,237.039689548669,236.866877787502,237.698130529736,237.600146163799,237.894137691634
334.665041333833,175.859497667257,135.400872872831,149.914812772962,150.356049174618,197.030266491578,216.265734285602,236.118886898887,253.86196160458,271.65725113696,284.780384789117,293.55105040673,320.367099061805,324.851120630243,328.270867662551,330.857644260282,331.86727580903,331.640420202652,332.436351811892,332.323111502046,333.342515041102,333.183387841108,333.786280395158
455.597428902187,488.938671608966,478.46216992235,476.597415199234,468.53514902934,461.972039126002,466.782573221668,454.715503486583,455.654155824703,459.050997367732,451.589309886972,453.718756388736,453.291209695637,454.968300993899,453.864592460272,455.493512007391,454.896498400198,455.825112094608,454.747151425964,454.679326179766,454.854860861882,455.030235121579,454.858065056381
535.643031173452,532.229645617427,538.060540059574,524.534692803295,533.269395258889,536.063877874515,538.384515383958,534.961897853562,538.232350022431,541.586039040543,544.242027693069,541.082858452598,543.686585370212,548.695461589286,549.866238251892,552.041486162957,553.025478788652,554.462105523879,553.861867462819,553.976098690234,554.713973109372,554.775875459217,554.967458831407
238.786547766887,141.072533962882,120.641405326477,132.471599520467,141.878320927367,164.283812319404,179.793457402755,188.297252702634,201.235873207689,212.025724218258,229.385795862132,223.381132947002,249.349752280602,254.935792142396,263.463689855562,263.782013222036,264.64875751602,265.820974942706,265.150478403285,265.141605577217,266.337907768905,266.555188782067,266.321880292895
308.645294967733,274.070294308568,249.26945726707,259.174928106122,285.580221669407,315.571669162546,327.360967379144,332.62748104252,353.840016546788,350.015943381307,362.695158088647,355.544143385394,377.642661247445,388.144167273444,389.98697952973,395.994574734012,394.758861553169,395.918765885126,395.955492803755,395.645468598391,395.668535005156,396.326617124392,396.943252426194
638.350129182964,626.507143937511,625.000995848513,621.794681664822,619.194261659757,614.931230587706,612.827921494477,612.211354138774,607.162323576245,607.068891868782,607.651437514854,606.893343584601,596.233201455206,592.167549536542,587.915849141446,584.926393339924,588.15189424426,584.946536089685,585.136801598325,586.402513125646,586.908728984724,587.565833675829,587.63236791936
460.640969397932,453.214755361407,450.8565926654,455.982839664611,444.556512194159,438.374613408278,440.974588755815,439.294254600321,435.73310376221,440.354093411331,445.838454235836,439.751422178419,446.624018063574,451.780568291908,451.434767220978,453.012556593457,451.455593482484,454.421450374988,453.282144930241,454.715456336043,454.062852909504,454.398139092096,453.593601257513
446.082232090079,431.366273611475,427.692509797138,427.086214476545,434.532211126955,440.758899330331,436.396318798228,431.782226776738,436.731997351865,437.226830415458,430.43245432448,431.17147747634,422.933462714678,428.714235348683,434.339742483034,439.23776757279,440.233505612003,443.346016650025,442.284164488252,444.163136623109,446.972849492789,447.458536854439,448.398923650246
188.158801360028,173.569232432624,166.949096800253,171.013279544145,176.931161235432,174.032388082155,175.168202605368,170.797680875385,174.053745176585,181.863528991276,179.286476349659,181.541110058766,190.237422908678,196.763210055849,201.757397919104,204.506246126171,204.741019566326,205.913123199467,205.990446579354,207.521882776007,208.418003107473,208.719090557599,208.916239754441
452.21601996188,414.000696098738,392.136589648783,393.153266966177,397.249767183154,400.712830853823,408.932676474929,410.913093527291,416.541436266741,423.247211144755,425.843931180098,430.026768219341,444.491543395424,450.695813965203,452.227457153844,454.313539574084,454.606131562682,455.530153429547,455.215254071281,456.486104622601,457.88276136755,457.546874256888,458.001328572591
332.293519982421,342.159709860282,355.309544719249,345.367993232705,339.84871824472,334.855279414538,335.565579910173,339.418956520592,340.651809743524,340.754054723249,344.370104231526,346.782889051442,349.055808262338,349.898398220781,351.485733283428,353.128533277062,353.207943677465,353.79243413767,353.246461010316,353.979830480792,355.831268249475,357.173519442735,357.049644709166
945.774945682706,957.340702774457,980.07641549854,995.917234662418,1014.56403414776,1002.44090034557,1005.23025950073,1009.86296234499,995.21308682988,1006.14296025751,999.218223592214,998.685669452673,1007.14748553468,1003.34329479457,1006.29556447482,1000.49075089381,1002.59295384545,1002.83832479601,1004.04764407885,1005.27442209983,1003.00910203743,1004.86329131932,1005.88332858399
139.507648437318,112.278872714504,108.888940108446,113.377078637634,111.549323952759,119.785469330194,115.690454900417,117.743262494429,123.165412241967,126.818559674896,129.126859323097,132.239166661403,141.33538777186,147.889230887678,148.815094610127,149.987296703214,150.810311811291,151.487370698456,151.102643879987,151.564126071349,152.885858922523,153.025778131458,153.342793695522
280.406039600353,148.220809657699,118.823679189555,123.024012923304,147.479595611977,171.730421317374,189.149492042364,197.269453620469,208.615207659312,218.489604281037,225.932928188429,223.456436982008,243.565985022229,250.87271870567,253.997399469655,254.405371790691,255.954040528221,257.075749442865,257.142663752133,256.367738651146,257.05521720831,257.660447917234,257.089910939121
405.246308394162,356.097740838531,352.991137173179,349.353423297854,370.326571581332,368.473640835397,382.364792060975,375.645780584353,375.84770100509,374.511911293731,383.77381530074,381.211397070333,376.66422152134,376.285371375318,370.026955160874,372.436151851429,371.271917195271,371.055286513872,370.225512399894,370.312887337836,369.674955046148,370.596573119072,370.665672759861
295.587256379215,276.723978563074,285.954083497625,278.728376002791,282.240289790244,286.238489084054,299.962350254447,305.264284163227,310.401539712978,323.811044316402,329.587632026918,333.617844799195,355.678031618646,358.893741801047,356.983553547383,357.702533966929,357.609793656632,355.847408080495,356.155576603867,354.231234952677,353.808346650977,351.958845789783,350.83460017271
579.60187813275,598.661462259933,594.032018456247,579.202353661672,588.772940453671,582.858366723123,574.073940864643,571.228496615552,578.990148698487,585.261543043217,576.822420161711,580.950333393941,580.50210356945,582.50683890865,581.650262189468,582.038059365577,579.593601766296,578.964066103321,580.027827460923,579.621586929201,577.540470017957,576.619297311115,576.11300583128
642.671211545758,643.984454991724,656.757087424922,655.406678667863,653.793592430402,663.094251235318,660.389493531747,651.930209865713,650.628463806889,648.249499793329,640.872105768734,640.114724010344,627.282683983261,618.634910207992,610.757358596157,610.99434775839,610.791609213503,608.530195007119,607.543197755648,608.388038231749,607.927265147755,606.751887128262,606.510685936488
317.987711007594,283.046551171843,265.446250791709,271.620832366423,275.725115742552,277.686339248934,283.154588949852,282.800531744942,275.922046262042,274.813136089175,279.846472732214,270.353368040923,279.500220688393,280.407314213074,288.320898870363,295.865690074827,295.482342953666,299.018309510648,298.929662232919,299.013967943699,301.347570486725,302.548337249317,303.036519151703
207.364770123224,178.210740356337,175.82361930933,179.243856592448,192.823859179763,187.486554772128,191.171434179482,193.443500868115,196.245172998454,196.60523812346,194.069177277652,199.837391276786,207.545529174092,217.125245477456,218.248523398962,216.975085115271,218.908034982517,218.067430546992,218.263202004149,217.679989811485,217.954684313846,218.379472985535,217.85974165253
301.365232642916,217.440061113885,160.063887111132,132.908489418824,139.395574247356,165.740188189998,188.363840531726,216.711678473667,261.309888434863,261.675399980449,294.042153367087,300.105375413112,357.431548778447,390.873250418523,406.781215751279,410.653334317894,412.206740920291,415.28517860514,416.388493562249,417.061575334921,420.654033859951,421.218873952507,421.431331287105
540.361026144584,543.672942969739,529.830939536046,542.198206692255,519.46791398838,509.070346857397,511.085767096253,511.207297048284,516.026679701171,516.182004993683,508.654075597287,519.576327920792,530.291311363186,531.626866885559,534.279762711277,534.330917334851,534.866578267016,535.324981305249,533.550724498032,534.370935979843,534.536243299812,533.252208988773,533.013747554239
271.514777215894,270.855002564207,270.762669850986,278.384453821266,284.288324636606,289.455529671524,288.032746300254,294.259873947356,294.552152939331,296.321619710654,297.819387970303,305.431241633206,305.488369177625,305.630409795134,306.918322485959,306.441841650427,306.143148711272,305.787685430833,305.852642207533,304.796665490229,304.115406867284,304.008342642756,304.040800254567
330.943702204535,328.937268611429,321.262591874867,313.258919607088,311.479358489647,320.544052949556,318.974527394527,323.314310450794,325.788681776068,334.777416509122,344.577724607354,355.180174309575,377.965709626217,385.907683580555,389.404866793294,392.14434387767,395.836451799555,397.081944228982,396.391087652038,396.431956612321,398.708690038007,399.256296759002,399.85437773513
584.135435472604,588.739058546754,598.953238026181,597.28227104091,598.450639738338,590.434076799461,595.021007567393,584.739867529697,590.180239979728,585.581940752734,579.602640125827,580.511086801983,575.967082650494,579.508870332209,577.267659638586,578.423109826857,578.473153624411,578.732727180953,577.556105232436,576.788445561939,576.723310769959,574.387466177843,573.588757896953
367.250075462876,342.924181136346,344.410884783663,336.852860801106,341.811630857446,339.969319051557,339.260768237551,349.41998963835,345.141689694009,347.781661243732,343.2976757896,337.175358652305,346.447360794408,348.762663712395,358.300992582859,359.987700161377,361.855654229335,362.145610382286,364.65786703126,363.988012182881,365.937788312964,366.433558391068,366.733321716685
235.883581216596,192.204765709887,189.797755285486,193.610614922522,189.41079934207,186.907817008528,181.353438204311,184.281331354368,185.346773759267,187.871267527341,194.674978764719,195.202714166733,223.100598082995,236.965995751978,241.594333938438,244.541712187428,247.866051079956,247.436699172222,247.535587087729,250.243223860687,251.193740061736,252.832081568933,253.022642680089
593.825003586938,604.247380485027,603.297644793645,593.364611629308,598.344369492593,598.105854669597,596.046683269757,595.701413809169,596.8407516151,594.86374741053,600.729647372182,604.409181640898,612.966782209257,616.930672417422,616.882099852485,621.731293952822,620.832214618853,620.025767106615,620.648786556946,621.018657838352,621.7564129468,621.619839734223,621.635335801681
406.056793284556,378.143436852342,381.800366438433,387.504295750575,386.221716398135,391.10948778387,390.77627487132,404.879674610411,410.648451173319,411.242927029643,408.10760532441,419.597338899929,422.763405865815,423.952178187565,426.918834409246,429.482548324521,428.847408146792,430.044490072196,430.996862771441,429.809788293055,431.356261931901,432.526344977969,432.772867511874
398.925875132588,400.925491066769,389.818295990803,373.631819269691,391.841965743287,383.399350658026,391.813192362912,389.776600616347,390.334574862622,388.606750647071,385.332086983082,381.517600777992,375.348735272496,376.432518472803,370.482109881694,370.972553607078,369.267307956855,366.625241195665,367.184014371938,365.883237428826,367.113218859581,367.069585603106,366.760037335179
104.524263061946,129.731485661718,103.49638142274,104.905512184075,109.370890438944,132.341208679172,148.764845169064,171.98946253802,183.795841367032,190.640788436117,204.35778163929,209.976937012495,236.509972731931,251.282707454531,259.431459487715,266.322349804175,268.977087280602,271.276529530953,273.078839868798,274.3552097024,279.612171056712,281.919463068128,282.312215320786
668.199126233504,698.82055427933,686.844774810602,686.212879100236,690.260704525096,684.819808897872,681.245157335767,684.26891497162,680.664198885474,665.883755699564,670.520225440934,665.186237241364,675.030812939867,677.495222519935,678.948875833016,678.977024092442,680.292977543343,680.775889057849,681.153041646657,680.949775400817,680.892694702114,681.091928742192,680.844713445797
368.887626173504,328.381689862514,336.064956540753,341.832248186454,345.00769012824,348.936923368355,350.650992079439,358.889037876052,356.289072969895,359.797089456524,360.436921105321,357.898033006799,368.341900984093,365.748109371913,365.311695346958,366.060832077862,366.850807126303,365.862989303307,364.682986311902,365.472390074879,364.829344236951,364.437914360596,364.114106323933
414.921754047651,369.156255221193,367.813779011587,356.109551456484,363.366479915273,388.692349532119,394.468195915262,409.559662543094,418.430408984311,427.150761828106,432.411996472678,432.320760567714,445.330313744342,439.346296913543,440.524846770147,439.254344187225,438.937445389395,437.351061060564,439.289113923885,439.93859897004,441.753074637291,441.427312424521,442.868364613005
506.104683761884,511.568336877256,528.415551455369,536.104273448474,536.993000041452,527.21398782896,531.505049324515,517.643617175849,519.736874133644,517.405197949041,518.856833913174,519.771022910256,514.401908655968,519.283358555752,524.10702118,525.85071030305,527.157922672053,528.350173011038,528.939735454952,528.295431058252,529.600017685201,529.619141224754,530.113018186079
176.702415267048,134.403399938161,136.98831579644,124.086253964313,124.4625342868,134.187627009575,133.298089983421,137.150298962716,139.733715188585,142.826307558962,144.606227507403,144.786500010585,147.556543985222,152.931779509961,153.407097963199,154.778155325095,154.082211696401,154.345259640552,154.696308799094,154.880657414096,155.61839501985,155.039171110972,155.257986815648
166.887864199511,91.7670932563151,71.9293865661824,65.3360200049179,84.4243737907725,93.4421541428226,102.994277007453,112.946582613399,117.912250238888,124.604954188666,125.291026162337,127.681706107439,138.481453233281,144.590570788505,145.035473406159,147.057755807406,146.477511221521,146.992048075738,145.951043630311,147.279536393629,146.845136984705,146.766298628256,146.725578494716
639.101449145365,647.51604119628,651.416997623839,651.909955733985,673.298658287608,673.678640580936,669.757054497221,667.357703328838,662.414960046484,651.023734315294,658.053653351148,657.486121683714,663.202065003523,670.182810223168,670.790177054115,673.968130010144,673.213794157808,672.573364152114,673.871829300305,674.157941063492,673.770769307087,674.774913680956,673.282778059004
124.966904027317,95.3426639918671,95.3982656529563,88.1586021688009,89.9963124811268,91.1823797235361,94.999035788744,96.1719625867986,86.3002829009784,100.362599199417,104.346603214522,105.6647610341,128.010751041259,135.462223263281,141.054770793774,144.111671187706,145.221226102815,146.479885655755,147.277411175978,147.153365045441,149.31608305917,149.648814809604,149.669735671251
308.224606606598,240.90750427494,226.95104996223,238.614673253972,228.504617032648,255.605739129589,246.324839802082,256.459234356648,265.193333433471,265.725220893876,270.0352183353,272.067362145739,292.517479029487,301.196872104383,312.67982080136,315.923660461677,317.950330675407,320.533162261301,321.266563598738,323.496021627561,325.384838393595,327.309500325414,328.004611790981
247.027391700186,239.288735635254,231.149412061613,230.950531759322,226.809206910442,230.090610199098,235.804516739608,234.767708994633,237.315023407234,239.613079802555,238.00433645155,239.596848537291,238.452102007047,240.069794984136,239.195862798929,237.725499923273,238.237456787312,237.63546508557,237.03277582381,237.288116879369,236.561528204532,236.473893878485,236.419541067843
305.878534420463,238.586488920401,242.518668052763,238.972277123145,242.212888361884,239.308738620239,245.147070487441,250.326728004903,254.358189267913,276.878934753886,273.02796310246,285.719103602572,311.704471084283,322.458466439006,328.677826045026,332.346053200169,334.881301797877,334.96348356367,335.852173051933,334.809019219097,336.768845539213,336.822263457858,336.533228103708
611.46051692908,597.338051910044,594.800514837794,601.369339494169,597.423834034806,598.117828667003,606.679830426025,605.889475625807,609.483965989164,616.557709410185,621.324482026184,616.211598322666,621.39064460938,617.964408684181,613.749815091643,609.437475676332,608.195216901444,608.419174583959,607.41737488165,606.794880280268,605.601011916794,604.666860723632,604.057192483032
428.102475110046,427.922305696695,416.01367988596,420.944483322127,404.449403612369,401.153465653145,398.144502891564,402.199111566579,407.496297273355,413.310631720539,411.161561906464,413.326744913776,433.766895653831,445.404315596262,452.496723001293,457.882028669129,459.997986092232,460.943203039484,461.649831070617,461.607444763132,462.088494169349,462.041103013409,462.604202728854
427.133615329756,430.093383953641,437.663305832487,410.781914517721,409.068568782726,411.586577128154,408.824013481609,408.85375876272,409.936183122019,412.947523794103,410.131821827721,426.208017851636,469.737334262397,491.253745526284,494.889723665972,499.322115298077,501.046460285283,503.329215754747,501.276232900843,504.091067878163,505.27871313293,506.467375910246,506.810426481884
212.165537039207,139.351247733406,119.399026899015,110.220561756644,129.177215895202,144.857917701744,160.411344669453,174.683151622883,176.103604507421,193.13131858982,199.839091582297,219.942393858479,240.71390751011,257.548710133158,259.859653100371,262.25226783552,263.855852776346,263.626475504558,264.259606939567,262.34308013622,263.162720207373,263.046497549639,262.954206012937
342.266724453137,311.220864843233,317.613058019797,319.756297315687,318.161306115864,325.418391832684,331.821932729932,336.14449306432,334.861184541845,334.345811496136,334.486937642917,333.395040959359,339.466972216369,337.676647359454,338.47228012198,340.388832196789,340.10268854993,340.38765994435,341.075398887708,339.636752503459,340.336751955842,340.146072579238,339.717954886661
186.849252473933,115.403904048328,104.975160990049,106.765809053983,112.573044659128,116.574858609065,122.045930591341,133.023004790156,133.71796080087,139.947678732081,147.984443038961,144.948092233346,159.709204467544,174.726290051095,178.445326508812,182.208474875165,183.218356751113,184.998065894739,186.06406719661,185.075203834749,186.782484314868,186.994613548623,187.095258426562
467.592385018032,477.993433370366,474.639785264645,478.068950701204,476.874784235653,463.860907351424,468.390938129596,467.493129497639,464.36346400938,464.711923472811,468.8718379331,467.409113164636,472.242367393687,477.868921273964,480.314254448966,480.592498667252,480.511702841359,480.732334232471,480.603645417374,481.058015152106,481.170369304364,481.087734027885,480.845968153217
598.378995038187,608.590995317184,593.440086851847,603.156885938903,607.279127157521,586.828949100519,587.050009259826,604.876958013837,603.737979446572,610.099919980345,603.004914882973,612.463353500066,618.335051384927,630.011101658693,632.984580831901,635.15179503216,636.687757409973,641.637402576406,641.715980397376,642.870879773763,646.160703076166,647.554311564457,647.856975977702
192.037308225783,111.745400122548,91.8601852842431,83.721760521912,82.1640460066214,93.785105370876,102.438074602462,118.214881270222,125.672597227379,134.364702124274,144.034865861096,149.429029183663,167.42083394026,173.900544203961,178.35129354818,180.04924784565,180.712971005362,181.428553325416,181.586692450581,181.861769596582,181.952655456399,181.776573431813,182.058885653682
456.230228213725,453.566676468455,459.179638452151,450.124808223846,452.042281000872,453.525104476184,453.23612481167,454.316226747858,451.696501335583,448.191142750551,444.363267683055,448.115548545265,446.242330139666,446.301347409951,446.819963692377,445.980718452142,446.569247621674,445.90064491735,445.409080769484,445.839659862887,445.239766775924,445.062096296884,445.103551798861
283.912832586673,257.605170631982,254.241271027836,249.747207325193,253.021399390628,254.725674414076,261.578480359525,264.255873518139,276.923994712131,280.476888938231,278.988089949868,288.124161749599,293.406328900281,297.637950073578,299.579743177973,305.741108245074,307.014387130293,307.522508377805,308.338106773475,308.330888138415,309.909888402729,310.25046232157,310.427610453826
310.171587136187,187.474260299884,159.123227383006,161.552315578615,170.282656744236,180.129562213406,191.995051650979,208.073726799361,223.891458076107,232.083719922821,236.178223995528,249.728142100044,288.933078492127,300.057604726699,307.511038950299,309.821641135408,313.429633211175,313.471383313772,314.102306463371,313.948639385981,317.066599279992,319.220840332669,319.63721420965
425.329125466097,362.544702152281,352.937050640409,350.837560170073,364.772427743134,371.930741293523,374.031276818107,378.506433300601,389.733552849219,388.447174885992,391.044074866216,397.831852578242,403.188671377995,408.85915093811,412.985238339859,415.33268208117,415.728774393941,418.229946245046,417.81371123319,419.267989280199,420.676405997607,422.351472933145,423.157173217338
301.283631062498,223.880842622317,214.822500862532,209.64455809225,225.133197329577,238.293075905295,240.311517640088,245.377098775718,246.095538024769,247.879875266335,245.244070601447,242.009539605537,259.676508884406,268.901739862047,276.701660527316,281.073502768407,280.144500470118,284.364081480663,284.123696985234,283.916843666581,283.924445863807,283.952864871744,283.971309257797
313.702165550285,192.668138734314,161.626639593223,160.044393368218,160.501305101335,173.997342371618,189.247239902689,190.883790375697,209.120917733114,212.169597874083,222.766956089325,220.643026034613,238.74921355749,245.672163842745,248.170006040765,250.252585260204,247.468143977263,249.537166836131,250.274729900572,248.908814910131,247.713096997162,247.755243795562,247.725372580619
991.825496045037,1004.12158210896,1012.17369821269,1023.46951685747,1006.30940246728,1014.64045335429,1003.86889559769,992.185301611479,986.401492556707,986.87938529283,992.925625897204,987.405456983714,991.983930278558,996.291824666376,998.432737783406,1001.14175193668,998.837974389578,1000.70834275981,998.968690100337,1000.30145944187,998.570773645283,998.686615471073,999.874000243266
920.267585162195,922.802833576857,902.965774705611,903.226216728914,901.794624266732,894.589291658628,890.503460252947,908.450818626069,923.488323008494,916.322929877987,919.387035529535,924.366943782871,925.232625709749,917.184587268709,916.872722797091,911.16546700451,909.83275837422,909.097969022941,906.699886978352,910.228460566811,908.619541675276,907.339085694841,907.70927152678
226.381727724174,142.807167077131,115.124688113388,89.8764745326367,103.967363414177,119.941180160846,147.185334166148,166.091647661784,181.619374769508,197.776484489787,208.693655989629,217.675349190371,239.026740487805,251.166670201913,254.038367596898,256.966786266546,258.515229762689,258.172477854513,258.719093708881,259.710290511003,260.253644687179,261.006566355269,261.025612214647
365.035922719372,314.379138750395,279.710089933541,283.88475727695,279.585604349139,285.959197832106,289.843093186713,307.491976404056,327.930027637884,335.577813883801,341.901998643971,347.799534362809,376.350875635168,379.849744174208,382.829083590368,384.072780752549,383.28244510178,384.097846175463,384.486002305296,384.488444118817,383.658549434475,384.035018175295,384.639247747495
564.122313458649,550.55304844376,550.413795215457,544.698168137502,548.766382286955,565.738333199641,561.662173222595,567.339431725054,567.645726998642,568.061087136409,571.429565815206,567.206581751764,565.738759777566,564.97169329764,567.862458804447,567.782702692886,567.920411762261,566.704199046368,567.884222747392,568.768752232585,568.544540125482,568.15531522565,568.273376641545
276.033731783082,283.219895549811,247.288105951668,250.524725049289,258.964142804697,266.605388679412,289.229505303049,309.304946187743,325.767556721128,343.705877617484,351.155140680559,357.964868887579,391.225604020182,392.613589478753,398.087746167592,402.411820077476,402.837870849475,404.345645627956,403.749472222341,404.748073830613,405.760954434182,403.92499503857,403.261662575564
289.393202075929,181.273259851631,148.407482150521,138.537245191259,154.17449623666,173.026403679857,180.156594969713,191.58902662178,210.919224484825,219.171369221215,230.431781073636,237.079046697681,244.477610033631,251.139137576555,252.41655486457,255.603348088114,255.151845094271,257.309527093362,256.020626472476,257.508167874728,257.389702855643,256.656128090596,256.479031101519
518.030064689808,446.089254704446,434.209421748719,444.154447016957,439.264036860257,443.058987249657,443.664692541645,445.359101808703,451.396705614452,464.769722387944,475.580711696916,479.166433835658,519.920217821713,529.5324788982,537.407024408549,539.920973578478,544.523461036219,541.264094406563,544.829709627225,545.073527377205,545.538733297499,545.38046097878,545.850785474637
252.058682248102,221.8970875831,172.224955081009,151.253972358265,158.498184556116,174.273168107015,191.4013237562,197.644428056408,201.662675614996,218.787599377762,219.407790282971,232.638247983328,242.204395553282,253.31230945889,253.972662998681,251.266945809141,253.131636671501,251.799347919919,251.968429663067,251.306805163427,250.159385900021,248.901209688733,248.52915898583
378.693949775992,394.653825581464,374.957998971924,356.885385410581,358.515830056725,357.364671011534,364.526109074606,366.59723357486,362.867463613039,368.904211595875,378.300258179572,381.482858854855,410.498981485526,418.448904547988,425.11402357531,426.408962629019,428.001653505197,429.663199418454,429.430808852177,429.733602424535,430.394121155642,431.193302393564,431.403435628562
386.363689185918,382.996235568473,381.21339621734,386.629509222932,383.978137463138,385.880539410796,390.800456534391,386.79887770946,389.708292119963,393.902598958828,398.024087235647,391.025731584652,393.880085956752,397.79348975744,398.961372050865,399.681350753643,400.811228145235,403.413347407823,402.980787462523,403.460386477777,405.971320590894,407.109538232315,407.616662245607
313.786545265465,186.248398804114,172.755857321203,169.268064925133,171.056557450828,170.469474245548,185.88894074137,196.39073736416,201.82275135017,202.400366237709,216.514774445092,217.85096126983,228.502628834284,232.322049029938,236.379290362531,240.521279334122,241.887286668052,242.020240030317,242.754021520577,242.446659426714,243.213764072332,242.209097439467,242.381422587577
361.380055718672,348.470050458862,354.217261897816,355.322831465769,352.000818569458,358.522773962988,353.309556140747,354.559941155133,355.425811522794,360.279665206209,363.58776178336,363.903793653908,367.105329088695,367.522161016658,366.578217201644,364.370000571323,364.092447639,362.501619427969,363.154274568212,362.724609712784,361.568009399277,361.175668071393,360.809944692793
529.386694192492,526.250751900587,552.178932156863,547.122884545661,550.326320902005,547.369798964946,550.786892508458,561.659021123553,558.895730377319,554.612834637654,559.507922346497,561.940330832359,573.944562816684,575.474884125527,578.432863854418,578.098757535768,578.292011405093,578.14310602273,579.349213559496,580.445597686104,579.843162447641,580.815956227014,582.16099167674
202.990561646481,221.443056183492,191.838748039024,183.356033916719,220.159864917301,253.962559327204,286.943177668905,310.522693282052,315.701925081474,340.74631185967,355.230709218723,365.213946386303,385.322397488569,400.451624928262,405.639015275633,406.65591888751,409.018766673084,409.503561676728,409.320973563889,411.540442017838,412.461134244586,412.027998314295,412.206135842025
363.866098048806,368.822992507932,367.180193390238,372.990907024478,367.328226306264,368.797481589661,370.991781760852,370.59617451383,368.975385174794,371.832626226011,374.981308817914,373.867908742823,378.118130751609,383.208706762214,383.396219275632,383.488497250462,384.055476580289,384.336689294118,383.812077205874,383.653383302866,384.496587028976,384.510347662628,383.858731056127
622.775371650643,580.59827803176,566.884715217104,566.445695642764,575.93130830545,593.58488927012,586.62839138155,585.45377126814,591.405686208692,592.802920787009,609.329411612783,615.983410885345,635.527105427954,650.954586455951,656.893337468747,659.237403925554,661.343108288129,661.218279854096,660.136205705447,662.276461873717,662.557746885283,662.293324342117,662.330676639863
422.157540396507,351.173474618022,340.047618426813,347.314531862228,348.208006237727,355.210972630545,365.309127930298,369.615930974289,378.58466067492,385.808100867035,386.656640166174,394.087712236441,400.112574825861,397.596718649214,396.153416905698,394.285674785634,393.452601195931,392.56159734358,391.941297503092,391.780365767824,391.283169530312,390.813352261935,390.582702500037
310.88673677589,234.821555212701,219.611250280871,221.091281619387,222.277187852351,237.328531983725,241.861888254276,257.955670656712,265.923122221473,278.551977574624,274.279342109955,279.019081094782,286.767808977918,290.941858001337,292.146588411808,295.069880311276,295.04764165245,295.505799020072,295.367216590362,296.479012895717,296.39042371296,296.143163798022,296.451506503357
262.422448310278,211.681132523501,207.278947545144,208.761842140001,218.084563335055,218.683000114036,220.210513529112,224.718459157997,229.878118096995,229.470760162067,230.305614414035,237.168661319203,249.640683315659,261.531131426505,264.604831278737,268.908899640935,271.37445190129,271.937275160282,272.909836686055,274.006765538267,275.039782321704,275.960270205294,277.121039040764
