"V1","V2","V3","V4","V5","V6","V7","V8","V9","V10","V11","V12","V13","V14","V15","V16","V17","V18","V19","V20","V21","V22","V23"
18.7330040939989,18.0198112279289,18.0295526395863,17.9158611146605,17.9528719687421,17.8820212538347,17.8717149041778,17.8971080070012,17.9131464997258,17.8947173618645,17.9313198631415,17.9365623096808,17.8887775703042,17.9244981755012,17.8724440500629,17.8722827839715,17.8844896527612,17.8706948762551,17.8702277392197,17.896546290347,17.8840893748723,17.8863727374755,17.8987395023211
29.9667613259146,29.9026393692912,30.017934366482,30.119942491472,30.1589559831862,30.1890154898735,30.1422517201213,30.1600941682904,30.193306010152,30.1676308221124,30.2315424302354,30.187606092474,30.1873701059419,30.2585096233955,30.2323242486279,30.2309709835685,30.2333989777924,30.2394900777275,30.213431054663,30.2397461933322,30.2490727521894,30.2340948532981,30.224651959333
24.0284368755182,23.9795766764933,23.9656463898855,23.978450820037,23.9895581944391,23.9725695902736,24.0030172631796,23.9871036206755,23.9866913194033,23.9904956615133,23.995626716818,23.9953698935772,24.011654354838,23.9856572170862,23.997430214327,24.0002195480847,24.0048516306101,24.0036225954185,24.0024120814127,23.9943517191944,24.0091093847947,23.9964795257002,24.0086600770973
17.9164611507896,17.9045416776685,17.8868856404362,17.8950464212712,17.8903684207282,17.9037587642237,17.9104603916779,17.9138093981687,17.912601876408,17.9145007265439,17.9126345846141,17.9174576156021,17.9148943092079,17.9148387940253,17.9131713961414,17.9108327863857,17.9178683989299,17.9217210618959,17.9155139900139,17.9138250649186,17.9166826224565,17.9184058627379,17.9176622575252
28.9492259292547,28.9219187574085,28.8912155011892,28.9517844200894,28.9258447248974,28.8590054635887,28.8226645211786,28.8596864326899,28.8484803203314,28.8384344590384,28.852597391804,28.8166648993617,28.8315231804058,28.8547950837258,28.8320577119549,28.8215918960562,28.8424716643781,28.8184978527292,28.8026352578003,28.8183817625462,28.8307679868072,28.8404184614713,28.8238933034677
25.211254535906,25.3082876473012,25.2937738238553,25.3342232027466,25.3770443361219,25.406272056992,25.4281473030522,25.3771326101274,25.3895846096755,25.4065241122182,25.3814631048991,25.3917964324141,25.3952837529378,25.4022771160049,25.4182430863084,25.4017248797756,25.4019569755243,25.3980141714483,25.3979978025851,25.389978605836,25.4161177089467,25.4068095596475,25.40103657632
27.583630145256,27.5728459340313,27.5756182975664,27.5687862830083,27.5746008068565,27.5852727980371,27.5787525982211,27.5874856361366,27.5869165293146,27.5800062939982,27.5821462219976,27.5851515161075,27.5914938228596,27.599015402449,27.5820017410758,27.5858653266249,27.5958853651643,27.5833497940111,27.5901330392803,27.5951290561036,27.5909205412336,27.6032290562703,27.6031212976194
26.3005198057747,26.4519648494361,26.5165994884491,26.5412922101879,26.5118672550586,26.5169644714374,26.5167126348425,26.5281768559767,26.5639096186896,26.577160959859,26.537473005155,26.5361316258555,26.5903755216476,26.5531477166118,26.5755246526373,26.5376095687796,26.5611149253171,26.5513320136658,26.5357148162343,26.5487400516993,26.556838151976,26.5541809051768,26.5479495819405
26.6828786275659,26.7680367399355,26.7726272773301,26.8371801828544,26.7872303244662,26.8106490117267,26.8249498930244,26.8049697564533,26.8114242850795,26.8332120661966,26.8369268070495,26.8368848037332,26.8269574629986,26.8238339150412,26.8364556990486,26.8396255336152,26.836447509481,26.8289581412107,26.8264414739342,26.8225759804168,26.8356151690188,26.8275274929678,26.8413313977037
29.8737087476426,29.9822606719604,30.067769478793,30.0774798986476,30.0280886685389,30.0435522852376,30.1064609403611,30.0982880126208,30.0945807422433,30.0955253694842,30.0813100119495,30.098065753319,30.087902664746,30.0754424613218,30.0947405565942,30.0779587699792,30.0869073111068,30.0804958926481,30.0864798143601,30.0983433593252,30.1091925061823,30.0764687166565,30.0892602210669
26.6044005390111,26.5101278630797,26.537302800519,26.5428299507278,26.5181982772129,26.5307577776689,26.5242828679442,26.5335363190072,26.5291376990848,26.5341381474241,26.5248668806503,26.5237640430711,26.5199383110138,26.5251722047745,26.5382429583525,26.5301128986927,26.5336408005353,26.5212226944934,26.5294104179441,26.5370243707092,26.5304173557942,26.5291670166455,26.526041877769
19.1411556998964,19.1812359843874,19.1563987951101,19.1364722919783,19.1436082304712,19.1385143800354,19.1348041789426,19.1207742605556,19.1349271450936,19.1265184831927,19.127111535049,19.1316942245948,19.1282409804071,19.1231420679154,19.1238325850685,19.1395816560422,19.1291551921976,19.1250719385584,19.1295240283335,19.1287539601581,19.1336936103778,19.1288376983969,19.1301486623973
11.3359975380877,11.3582062804955,11.3031838778107,11.3041940292574,11.3174812025065,11.3054000266,11.3350629029943,11.3054553976504,11.3008309025234,11.3462136956706,11.3333268891981,11.3011394823466,11.3030192211939,11.3327241768533,11.3324787546769,11.3300468660721,11.3308243228892,11.3203580635452,11.3285100854817,11.3099329694132,11.31388532727,11.3089901821168,11.3273603646912
31.2449057121216,31.227376909773,31.2327349657279,31.254489635101,31.2469307211811,31.2703043170248,31.2641826903027,31.2517964866425,31.2645045332278,31.2811107749712,31.2672091255409,31.2608799894593,31.2620665262254,31.256277465833,31.2731938274917,31.2664676542006,31.2654229572553,31.2657950915645,31.2671367870205,31.2718608544186,31.2695545525228,31.2664173229807,31.2722173380394
26.8874926459614,27.0932240949022,27.1504341650153,27.0932189340054,27.1571341613949,27.1540767273682,27.2195128928321,27.1346035624367,27.2058684776862,27.1957618716401,27.1815039586761,27.1846748099168,27.1816959998117,27.1829744903776,27.1481900155661,27.1757219801374,27.1869571410654,27.1841154307403,27.2029901589135,27.1784161015087,27.1846544613873,27.1661380520566,27.1881957194952
14.493879784478,14.7599516811477,14.8292947408079,14.9001898789875,14.9164932478254,14.9616309940464,14.9475868860499,14.946739459139,14.9841142439036,14.9672204653792,14.9590476140363,14.9248644947567,14.9788736655357,14.9718759411691,14.9972543389788,14.9700268571237,14.9615038137187,14.9659313926349,14.9723745746355,14.967952492772,14.9798198064802,14.9764991558229,14.9773383644774
21.7277347718961,21.7501404239267,21.726141035564,21.7301142734746,21.7296341239025,21.7145518668969,21.7150843198219,21.7248720417026,21.7196283011632,21.7167717429947,21.7153456632632,21.7193392148461,21.719331266888,21.7146314054234,21.7237702180081,21.7219603985072,21.7229364971212,21.7163014521464,21.7191255666765,21.7166174646336,21.7118958163961,21.7173491804423,21.7334358168165
27.5592687136566,27.4871712072501,27.4888614507642,27.4848321677947,27.4564819292963,27.4631936599649,27.466855496827,27.4590985429598,27.4690144665889,27.4773651190805,27.4702556320435,27.4735109789963,27.4677773878005,27.4746952569349,27.4672286556627,27.4732997779129,27.4698094447174,27.4619804422981,27.4646969169044,27.4592952851159,27.4621994292281,27.4642523548384,27.456874992196
22.6111163455993,22.5194369118613,22.5082030327107,22.5025899144486,22.5035335968244,22.4727549474586,22.4898735742494,22.4845356329789,22.5124944620093,22.5107858588883,22.5126640535283,22.5014703762918,22.5122788236154,22.5058366834159,22.5056147003792,22.5183489125067,22.5209617138255,22.5122282598558,22.5152085763318,22.5183224273146,22.511378059911,22.5123891844169,22.503180845697
20.0863848641151,19.9872378622698,19.9794515916341,20.0024206564287,19.9835068112329,19.9661573490316,19.9959730973893,19.988677692738,19.9786815439966,19.9732534678413,19.9740305841517,19.9702449806502,19.9775120199677,19.9784091048433,19.9767716956946,19.9778340125847,19.973466600439,19.9788510358907,19.9731675585343,19.9781141686628,19.9653740641618,19.9753470988035,19.9711695580785
32.1530970157835,31.9658762044118,31.9615133777176,31.9887646990166,31.9861773273978,31.9878534227191,31.9829354949285,31.9876177397631,31.9659930409695,31.974608101844,31.9728184643629,31.990162155442,31.9685845651081,31.9747171614181,31.9916051488075,31.9736180832255,31.9791859458607,31.9811322482759,31.9949202295249,31.9915798850792,31.9773807208829,31.9971611029681,31.9846194161053
29.9948066915908,30.1092519998663,30.0581940758557,30.1714215767881,30.1669568158204,30.1437177640635,30.1415001114412,30.190992909774,30.1547029712395,30.1857367440867,30.1584546430317,30.1729718161694,30.1749303005859,30.1821776556035,30.1528164756709,30.1490736653674,30.1704368172086,30.1696513048244,30.1647391934778,30.1565851028359,30.1492586689511,30.177020977879,30.1715442275323
21.5697812167965,21.5970764769513,21.4491570213992,21.4273562391038,21.4322491259662,21.4821909382246,21.4547006956754,21.3832629088057,21.4185481586881,21.4046466042062,21.4283065047413,21.4203223744019,21.4187862453305,21.4281093578521,21.4054758817589,21.4143380592409,21.4040427973642,21.432425836879,21.4236910778294,21.4090667009897,21.4088788368133,21.412038254977,21.4141492588951
23.8646895427421,23.8134424292569,23.8311934321081,23.8118778931596,23.7892195817571,23.6462439226739,23.7275984074894,23.712855400402,23.7338901847055,23.720677879862,23.6914301175974,23.7222784156608,23.6924342572416,23.6986887889426,23.6905221240943,23.6912367496832,23.6968862938891,23.702024109866,23.6886059177998,23.7132273182663,23.6915098207327,23.6940716650376,23.7002282762337
29.8657063905648,29.7042533119944,29.7419653533816,29.8713145254023,29.7574650532546,29.7626581832729,29.7985941068416,29.8246397225448,29.8658361426207,29.8219186817366,29.8136802907768,29.8411591298847,29.8057883347408,29.8063649840396,29.7664658951533,29.779032711434,29.7695066289263,29.7748070713718,29.7837267686871,29.7909206911978,29.7617919703163,29.7857098424335,29.7840764494874
19.4026241348411,19.5789027648464,19.5598823459261,19.5741658839561,19.5984986354065,19.5794543436152,19.6541562949164,19.590373315166,19.6157825174642,19.6062022186235,19.5964557186523,19.640643668904,19.6127668116243,19.5900886057128,19.6130729126216,19.5979607277605,19.6187792691966,19.6212215084019,19.6052337435392,19.5961636745825,19.611184618561,19.5954575183292,19.6024580314036
24.9268844580957,25.0145596145248,25.0239107385941,25.0427843133331,25.0048132845363,25.0155722097239,25.0310191091682,25.0245389502167,25.0335470439717,25.0214684842617,25.0304383500281,25.0242298552131,25.0318449457183,25.0303468841715,25.0271116210152,25.030539778906,25.0284485111493,25.0270489726852,25.0355736392738,25.0305942914217,25.0291702754431,25.0389760343501,25.0252005416033
26.893731597389,26.8392771358154,26.9616231121,26.9163930319579,26.8786776832502,26.9291113697573,26.850244037916,26.9630161775574,26.8941691107299,26.8791519386056,26.895188404787,26.8829057041091,26.8371837439759,26.8867172166382,26.8726844368722,26.8875297692878,26.8952325123349,26.8696724654444,26.8928859566551,26.8663297267025,26.8816813160378,26.878381840006,26.8711877071939
25.2925522854754,25.2729783923699,25.3069811650176,25.3577480217155,25.3646826405876,25.3707366914825,25.3779481431412,25.3681616264401,25.3851396575124,25.3728834510619,25.3670240500936,25.387173632097,25.3875016807721,25.4001094621077,25.3738206503429,25.3811978689004,25.3811484155671,25.385583402998,25.3836352058906,25.3944130662478,25.3980812573778,25.3838907569168,25.3924118220079
28.4578128296566,28.3487461696633,28.3218022588009,28.3207046115861,28.3077268352266,28.2881304176117,28.2962870390428,28.2949531061639,28.2995472895921,28.2980680670454,28.3119563537856,28.2973472344316,28.2956971931325,28.294698623389,28.2945333483864,28.2933816761994,28.2928245949486,28.2883023052704,28.2814450914846,28.2991138723824,28.2845861886556,28.2856710684442,28.2703965795314
27.4825481878173,27.6047776282119,27.6135294778849,27.6450991706749,27.6832008847942,27.6729964176985,27.6447783160281,27.6860727990536,27.6756616231186,27.6690510243654,27.6818935378819,27.6645923358351,27.69088429071,27.6916659183298,27.6817959691465,27.6752516834974,27.7036117962157,27.6749063365644,27.6770539130475,27.6827094352971,27.6391561800638,27.6746036837175,27.681645504996
24.5186790036381,24.5615507776919,24.5696256450383,24.5670580456479,24.575887695022,24.5721263229398,24.5708268034117,24.5715030062665,24.5709248269213,24.5713124873403,24.5730369203574,24.5721343361572,24.5692774816059,24.5740141834584,24.5771531437808,24.5775536846831,24.5694845781819,24.5803978332785,24.5786321762956,24.5765487326369,24.574290870161,24.5804594230153,24.5823559033266
25.5767698851761,25.7349749580659,25.6913033323282,25.7294653947723,25.7253973935176,25.7081013702562,25.7197626646797,25.7536943015691,25.7213376101894,25.7344107131346,25.7302209939681,25.7173371222926,25.7190744118773,25.7319958782367,25.7179095168766,25.7276886618945,25.7218531805948,25.7104818620593,25.7249565354401,25.7135162453818,25.7234716362722,25.7168069260445,25.7248328437848
20.0094897301084,20.0022502174882,19.9813056959681,19.9921994152191,19.9784055820767,19.9353229477839,19.9260653844025,19.9370826081209,19.9494983204504,19.9411155750583,19.9233375825695,19.9860076749388,19.9619802796964,19.9273744009139,19.9236493976712,19.9521302896587,19.941737692408,19.934839595885,19.9523846462495,19.9510836825619,19.933395581864,19.9416808722809,19.9271262011248
22.5727885218898,22.5368049800921,22.5601097249485,22.5504198276174,22.5834948748701,22.5835315937407,22.5913312771999,22.5989079154304,22.5848630427616,22.5905664354116,22.5854388949821,22.5777796893188,22.5801404239794,22.6074320845577,22.5820815566949,22.5927562764297,22.5898623558203,22.5971604336324,22.6043012434917,22.5989037021733,22.6094226635418,22.619018653002,22.5944139628768
35.8387752733089,35.8700631470862,35.9007416085092,35.9059465981573,35.9339044945998,35.9306215078182,35.934539283274,35.9389223096869,35.9208331840474,35.9043108258759,35.923154663042,35.919824527727,35.9297479363342,35.9337834034258,35.9136517961003,35.9284538922207,35.9210155945657,35.9188945022728,35.9190984942369,35.9237805491224,35.9234149927793,35.9215790222286,35.9159782548388
23.2536322844968,23.3644104614874,23.3780213315507,23.3848706867481,23.3831061625444,23.3772526760974,23.4035759862348,23.3831073234049,23.3908297443844,23.4062250277555,23.4090981858449,23.375964731645,23.4025481233319,23.4103425104186,23.4096632300963,23.4052064888744,23.4215947061669,23.4187126192304,23.4028414869199,23.4012334131113,23.4058846997426,23.4109722748506,23.414510683434
19.8746803357532,19.9279457473005,19.9476844195731,19.9880044741561,19.9966454170408,20.0191483472078,20.0215706265801,20.0269504898458,20.0394269844874,20.0292605843408,20.0312256512336,20.0233168037567,20.0496317817548,20.0384969617378,20.0460564244986,20.0511062993342,20.042227978551,20.0537597347904,20.0466817614778,20.0545667246835,20.053791576082,20.0514417283994,20.0513346681355
33.7821648706018,32.3627625412848,32.0444258510802,31.9682904247774,31.9806839006519,31.8431433039248,32.0071902653897,31.9104361622181,31.8675792941124,31.8467840335811,31.7700173130091,31.8367737541051,31.7821801772311,31.7413049889358,31.7455607006899,31.8298690041438,31.7782728820147,31.7049313532884,31.7732885915046,31.7522589515723,31.7424877995252,31.7634380110219,31.758537073524
23.638410374426,23.6056770115004,23.5366182428083,23.5353464716246,23.5261879541782,23.5456690088655,23.5161210960737,23.5306734741983,23.5105131895445,23.4943490752759,23.5136401891984,23.5259152983197,23.5104427624909,23.5026519244034,23.5118821040096,23.5054498712123,23.5098757000413,23.5059677707923,23.5039009216393,23.5072996463401,23.5086761924307,23.507982594495,23.5085003560073
21.0383937982999,21.1148450315541,21.2337260240597,21.2062689909503,21.2101117964724,21.2355678091112,21.2484119977549,21.2840553807002,21.2457958496262,21.3050029257099,21.2849553606367,21.2572357531993,21.266726176043,21.2838392296782,21.278362604574,21.2847301799559,21.2828963981794,21.2816378849953,21.2918245142607,21.2858207354731,21.2827230572071,21.277911783763,21.293600588374
36.1722541775446,35.5096959655281,35.1889207528524,35.039546870657,34.9643676525097,35.008625640485,34.9612564550142,34.8774445988585,34.9541623542843,34.9128113859985,34.903382492002,34.9448232066527,34.9270136225565,34.8762982912334,34.8388665203486,34.8394005435023,34.8911042061575,34.8482917320436,34.8591111371939,34.8566408610646,34.8507190690868,34.8504966272116,34.8309105789919
17.4725695161885,17.4276502518098,17.436415382403,17.4360562611799,17.4192146857427,17.4335807572223,17.42024227589,17.4460990897743,17.4292523657639,17.4372965242687,17.41552584728,17.4496096851043,17.4581158469017,17.4378889023202,17.4309984198468,17.4551340036514,17.4549913811934,17.4529404889905,17.4478628999513,17.4391398448277,17.4593133357418,17.4438512370009,17.445575857814
24.4909660210266,24.2807903026256,24.3149048879606,24.3594898820215,24.3498645199489,24.3993863323443,24.3678400551081,24.3966306374677,24.455771239059,24.3989352345992,24.4002153570782,24.3924513379567,24.38854505162,24.3903695511893,24.408919084795,24.4260859645499,24.3965871146048,24.3797814232301,24.3847205041606,24.4051660605512,24.3918687476671,24.3883438022121,24.3993254526149
18.2391714557844,18.0277413975905,18.0209321385801,18.061902669656,18.0323421379646,18.0895494897257,18.0413963139043,18.0221508751093,18.0516135820152,18.0550934352587,18.0939609637782,18.0524768538965,18.0389564400914,18.0603175798564,18.0415125542999,18.0477316024788,18.05195560212,18.0476146558287,18.0463843874632,18.0633839812644,18.0501497948836,18.0476362282408,18.057955670247
22.1058515184375,22.6898806332563,22.8319464465508,22.7121309660223,22.9018449730116,22.6918186911482,22.793466136726,22.8747770369686,22.7721970631845,22.8165976152713,22.8167527375712,22.8111014791902,22.8357646048803,22.8435198887576,22.8373010502496,22.8378054949774,22.8428239830625,22.8038055657026,22.7881705651123,22.8191588435897,22.8212924858397,22.8020625552136,22.8327667222429
18.7293126332478,18.6882406313659,18.6383485528395,18.6066472425303,18.5339561969234,18.5562339890657,18.5454196729223,18.5180813763035,18.5557904728252,18.5478283625916,18.5701829930105,18.5489544616707,18.540468650095,18.5390903417072,18.5602491541701,18.5519448741899,18.5517320287767,18.550662536393,18.5433228655406,18.5515670091687,18.5432629738757,18.5483519301589,18.5541827538212
18.9435025806182,18.9714670383959,18.9706936314224,18.9506211279221,18.9611838391358,18.9681539951781,18.9915096185428,18.9947661035482,18.9650210049943,19.002680615923,18.9526214481366,18.9810272105689,18.9675527445657,18.9938408313135,18.9893207304053,18.9716319779703,18.9876049383969,18.9981329061768,18.9782802137217,18.9665741539686,19.0017019042644,18.9935762445679,18.9962077827171
24.5676579174366,24.3432667062183,24.2729864545334,24.2496704998131,24.2494403698316,24.2143074075848,24.219708025326,24.2226532035982,24.201489451621,24.221038315889,24.1938565824893,24.195043367008,24.2275624606924,24.1938123621828,24.2170402008365,24.1952836255521,24.2123227218696,24.2032157949767,24.1985561189484,24.1972414851449,24.2009350992141,24.1891975169723,24.2001409481468
30.7049352898938,30.4948829000105,30.5221982199043,30.524783442651,30.5093267374394,30.4560195998566,30.5029322278344,30.500278665439,30.4759188705338,30.4561802267981,30.468021114467,30.4572787140676,30.4414075135653,30.4609302120889,30.4685259227597,30.451372961123,30.4592467159064,30.459886993517,30.4367509998229,30.4641380214635,30.4318204970091,30.4451171759636,30.4634516452446
13.4083533603961,13.4736903324903,13.5194147989193,13.5509344705066,13.5571675547139,13.5761460609248,13.5583613175572,13.5720802445198,13.5913638752045,13.5914498966984,13.5817846568769,13.5888411450949,13.5958615325975,13.5895138555723,13.6060476692311,13.5863828411509,13.5905920606071,13.5797215121801,13.5960596135964,13.5872988032602,13.5910759468587,13.5980790017876,13.5959914250983
33.9032871743881,33.9851652385383,34.0086347097162,33.9706362237646,33.9828187972427,33.9676020789658,33.9595218838441,33.9789240899427,34.0036452403285,33.9897692200362,33.9798511689537,33.9828574466414,33.9767629424589,33.9762584832019,33.9787759862811,33.9677306467989,33.9739339873155,33.987038408201,33.9666379711117,33.9931821257434,33.9898767210373,33.9923809921188,33.986313950043
27.3821640446973,27.1197388289996,27.0511986692817,26.9956541057059,26.9462273720803,26.9358648040722,26.8994622503042,26.894972535099,26.9420512266227,26.8998093900138,26.9153221394423,26.9048048069556,26.9180695026274,26.9102326723513,26.909569013129,26.9250773903764,26.9068582789519,26.9082789001297,26.9303893699032,26.9037463060036,26.9121061466582,26.9180025939217,26.910460766408
21.652240310988,21.7922704086705,21.7377938750996,21.8004980768591,21.7816284415905,21.6865599712273,21.7615195487457,21.7624537023675,21.748186562422,21.7278595795834,21.752097076473,21.7552198381791,21.7716051052213,21.7348742590711,21.7779075939876,21.7516732469155,21.7356865803918,21.7557331838028,21.7936901854724,21.7577985788462,21.7781213403022,21.7653440632962,21.7487188125581
24.6059304965186,24.5858950220226,24.5831969399049,24.6090514371495,24.5817825795916,24.5779861763964,24.5861939212707,24.5987102081886,24.5966800790774,24.5723122513092,24.6004871757128,24.5966942889151,24.5878894911982,24.5966442304906,24.5954479876844,24.5909304426211,24.6021668122545,24.5928841461744,24.5974295334011,24.5846165102207,24.5841122185743,24.5981908460392,24.5975363964629
19.4484373486889,19.3305590873911,19.3227999120508,19.3249627190918,19.3140031880085,19.3125978236732,19.3087246372304,19.3438444459123,19.3419066941806,19.3071015814062,19.3325111256808,19.3025461251271,19.3190104327574,19.3276530183209,19.3232724809539,19.3197305854235,19.3336159989368,19.3273720639333,19.3114063611345,19.3239596931093,19.326060642149,19.3108503450008,19.302387248503
23.7960304000389,23.7297782282135,23.757393396006,23.7248590434983,23.7743367560149,23.7021429698716,23.718243293138,23.6943861153502,23.7080034856432,23.7229340886507,23.7149227889507,23.7165956091407,23.7065288314073,23.7287792506401,23.71799119483,23.7064034348074,23.7034178375698,23.7041856218298,23.716182466086,23.7075354920174,23.7099120565263,23.7137262959318,23.7127389912322
27.7579477093576,27.5489571678198,27.6416688741179,27.6032591546195,27.6263573542337,27.6015477054207,27.5963029238587,27.5864228336204,27.5917389162707,27.6101577942575,27.581492946176,27.606759426054,27.5936264903281,27.5850763176443,27.5877136720016,27.5832713174802,27.585697009434,27.6070689184072,27.5935382095562,27.6019256108595,27.5974082867941,27.5971451664479,27.5944336956886
25.2738945353866,25.1872520590967,25.1454341355663,25.1291295193626,25.1186072168273,25.1222337570337,25.1142546577944,25.1171251743695,25.1029474696918,25.1078925245236,25.1051506348146,25.103718412492,25.0984168078055,25.1039263236964,25.0969284464882,25.1007487447859,25.1014930454826,25.0954796487978,25.0982993078047,25.0992864483542,25.1036775830641,25.1004315248236,25.1040478340656
20.7151971439742,20.746135496509,20.7710296794962,20.780186562637,20.7638406608914,20.7854512877883,20.7777809413875,20.7801215333045,20.7900298869742,20.7957416815928,20.7901744302958,20.7861808778761,20.7790128306806,20.7889342812376,20.7841591381989,20.7919906189729,20.7833685750081,20.8020066866436,20.7901863720087,20.7806709727999,20.8006923233057,20.7899222232423,20.7919444025218
35.0841476428744,35.2489195669626,35.3687433093388,35.4085603490319,35.3278574923019,35.3222344344867,35.4655191020619,35.4279989810357,35.4023963628998,35.4289147147566,35.4006591829113,35.4113916343651,35.4073908677301,35.4171539128659,35.4472502597281,35.4180742479851,35.4052534852035,35.4261773171807,35.4120147402897,35.4241902122674,35.4085014029442,35.4208154006491,35.4141007166127
20.331098983675,20.1920887487213,20.2032272320743,20.1600430704341,20.1743665316972,20.1872767747054,20.1669784728005,20.1924031839362,20.1943668642606,20.1912692665853,20.1875311050199,20.1973708711926,20.1881094693269,20.1737316669748,20.1786972406553,20.2056597848954,20.186800003371,20.1967337775485,20.1774586158048,20.175008128257,20.2078109957059,20.1875398549291,20.1907987333451
21.267920134746,21.185131190937,21.2536639014691,21.2707333970448,21.2692586778792,21.2657331709635,21.2668610441258,21.2708082787668,21.2779831497549,21.2813158441082,21.2817404687174,21.2677601934105,21.2918716377076,21.2802409010023,21.2965066478663,21.2725964344238,21.2745069557592,21.2939342072301,21.2940666686607,21.2907796102077,21.2814939404295,21.2775019077937,21.2722058047312
21.6105016192323,21.651246019392,21.653243847784,21.6626669409506,21.6613229493252,21.666752383547,21.6690093161012,21.6656410202257,21.6689652635333,21.6640787076028,21.6663338277855,21.6678798412913,21.670147730029,21.6650297836809,21.6740499303733,21.6724741180069,21.6731013684918,21.6726477238585,21.6691287300008,21.6647109867874,21.6726531572954,21.6723341796607,21.6744696808121
29.0362432213122,29.0084638205645,28.9936832897907,28.9805551462799,28.9771481013756,28.9666807322292,28.9683232527444,28.9656904903302,28.9747070548537,28.9663808479156,28.9665515693093,28.9768549507043,28.9637589569922,28.9652356089404,28.9699081624557,28.9611680331657,28.9629437692758,28.9613080559403,28.9713687803894,28.9677353807499,28.9700728805731,28.967659295288,28.9658943722942
30.7794460399357,30.4144362243937,30.4201830526969,30.3458005018782,30.3380399082333,30.3326951437551,30.3046190012108,30.3016215796425,30.3330939237613,30.2836210768824,30.2804696004296,30.2811612836558,30.2629828177237,30.2938330251615,30.2872886371898,30.2782787141536,30.2760228606377,30.2729605829,30.2842498565218,30.270605002778,30.2867138927212,30.2770638777332,30.2759963584175
18.3571369751617,18.4978326388441,18.4999268522726,18.5590014280668,18.6156687679705,18.5599312409889,18.6064248618388,18.6341018096958,18.6157871736892,18.5938560388509,18.6313642204768,18.6386733963219,18.646735928878,18.645133038832,18.617606662031,18.6441463586719,18.6275137075926,18.626732563925,18.6311251541912,18.6294209688327,18.6347333582369,18.639214097016,18.6354557993492
23.6965907393948,23.8203684586039,23.7571549054405,23.7574650468657,23.7530462835142,23.7492738433001,23.7625426094025,23.7380261995409,23.7568636035063,23.7612256945496,23.7737992021461,23.7642398989933,23.7643147687572,23.7533745580185,23.7538407917225,23.7688537914941,23.7648878210566,23.7453687406463,23.7542477623851,23.7558870405819,23.7632733018742,23.7574114940215,23.7563871593858
21.3082613533989,21.0124858662157,20.983220677812,21.0617559532459,21.0505668412315,21.1704104885338,21.1469832967454,21.0780380547747,21.1383608368366,21.1152982000646,21.1109590716931,21.1449296735705,21.1379565949869,21.126338430357,21.0907870832009,21.0991338635088,21.128805781534,21.1353360345388,21.1170215202341,21.1165922361089,21.1168839995481,21.1230476657526,21.1090537915337
19.5678908150649,19.2685974838558,19.2889127123619,19.3894290052494,19.1815182347269,19.2485592381385,19.2149826294816,19.2340083758796,19.2182391220081,19.1864199312317,19.2116872893774,19.2548560775591,19.1934410178777,19.2257598398758,19.1825254913344,19.2129873281776,19.1949899953552,19.1937706099987,19.192299511741,19.204453740704,19.1800826021645,19.2124458301023,19.213269977581
20.1619643265775,20.2060174244728,20.2301950743346,20.2398559159217,20.2639831557583,20.252319188959,20.3117623587627,20.2878465657324,20.2844323847669,20.2837173858834,20.2892795396194,20.3114435396063,20.3102105395227,20.3058626301233,20.3199589124909,20.2829427518704,20.2968832680885,20.3207050396236,20.3037618546797,20.3315749213726,20.3043282423453,20.3005861101177,20.3132060084787
24.8078593603448,24.6416989246299,24.5365229625843,24.5803761267346,24.5809300020442,24.571100417,24.5906452638342,24.5988265730682,24.6107942973738,24.5610662450402,24.6236391331096,24.5918802229287,24.6034344657068,24.5886716758689,24.5949436673215,24.5931722196071,24.595108825217,24.5889628083148,24.5875574080907,24.5931132965719,24.5960954257051,24.5858334417289,24.5911572495769
20.0324145916753,20.2995339053886,20.3634559209013,20.3846785681327,20.4323905701167,20.4550584046676,20.4167459849212,20.4110018726118,20.4358853981709,20.4536910124286,20.4149771823001,20.4781453205319,20.4882529879539,20.5179918548669,20.4664847557115,20.5107044416209,20.4699507629284,20.4916446401997,20.4917956365588,20.4761960604216,20.4955209216397,20.4839024811913,20.4896656480287
17.8084515526829,17.8014930000941,17.8287193584666,17.8452699477918,17.8476064007877,17.8567494900593,17.8604616516834,17.8411034986941,17.8512662005839,17.8487483413773,17.8522774667082,17.8537489784576,17.8670062039402,17.8601767342637,17.8665488649759,17.8630954067775,17.8619903417272,17.8642301806903,17.8622361513904,17.858136386172,17.862083595715,17.863608478686,17.8626541742628
25.7984738751394,26.0924034927068,26.076421175641,26.1382923073769,26.1916763938412,26.1738229820004,26.1827949122585,26.2042105230421,26.2105861859951,26.2261914233856,26.2161893393784,26.210223868914,26.2279599634006,26.2071013550663,26.2375584015091,26.2259344128527,26.2436675422594,26.2319830539787,26.235412584944,26.240163359126,26.2477494347738,26.2486580666419,26.2326740003656
16.5873084590501,16.5711163070614,16.5436689774103,16.5627153584045,16.5708002129517,16.5880588535049,16.5784976915062,16.5600218952276,16.5705962847283,16.5751217744573,16.5825164517068,16.5567949671088,16.5615532654257,16.5650319424302,16.5774415790594,16.571214400488,16.5652563301048,16.5626905296932,16.5911228607337,16.5686901700118,16.5692747140509,16.5731183512312,16.5685562185889
32.6200105439574,31.8366453821577,31.712445895791,31.6833353802082,31.7980030226829,31.9224499049024,31.7245355908152,31.6725014020146,31.7144558699354,31.6373823721626,31.6345392814036,31.7258414061436,31.6512650440576,31.6205756029451,31.7427932565323,31.7085690135225,31.7935358477444,31.7747120636601,31.7304642435083,31.7825125871019,31.7696745073539,31.745721414378,31.7307850087726
24.7725388843859,24.7961133624332,24.856555409174,24.8732134021886,24.8539480795785,24.8859638991772,24.8813430194639,24.8990111527353,24.8979202755395,24.8940943455314,24.9144146767397,24.8943105674151,24.9033921482698,24.9092179786778,24.922826778594,24.9128056619224,24.9152402090227,24.9076192105444,24.9122752788806,24.9239950789583,24.9106385534512,24.900560961249,24.9171508888403
24.0917786961768,24.1005432270714,23.9918885234633,23.9630401322592,24.1753582747306,24.1588496046211,24.14466969605,24.0991009025333,24.146388465769,24.1880181296884,24.1537951272837,24.0905894117094,24.151551428531,24.1699404103317,24.1752028766412,24.1708176989548,24.1614050679891,24.146292948698,24.1627864511378,24.1454083174828,24.1774811482389,24.1726769743827,24.1568891233516
25.5714204434508,25.4863634606808,25.4884799095913,25.4871347822963,25.4760762492054,25.4832001663485,25.4912393318887,25.4837143226359,25.496030271042,25.4969329010394,25.5060463385911,25.4912658738395,25.4930999649814,25.4888754264054,25.5031640707648,25.4885885436634,25.4985692360637,25.4924526332251,25.4823871131843,25.491253189979,25.4949424160444,25.505892256427,25.4992971422618
27.6855939200204,27.42262449603,27.4182386057602,27.372877455298,27.3879463149209,27.3649540058785,27.3562506994634,27.3889076654515,27.3771998610961,27.3608708649233,27.3618432347688,27.3634515029968,27.3976043463887,27.3787741428017,27.3651082504955,27.3557131731732,27.3679085744264,27.3835825815585,27.3830526614969,27.3905930750315,27.3671098209989,27.3769806505913,27.3784834971777
21.7307849272017,21.7575155496355,21.7680402959186,21.7655624533585,21.7875850824193,21.7907826101873,21.7855327646709,21.7840772672151,21.7972219789329,21.7725768315295,21.7810812899471,21.8036604914473,21.7774078935243,21.8006013977202,21.7878407954466,21.7985985119852,21.7791772593854,21.8029654522287,21.7804619530122,21.7884930607656,21.7888523469097,21.793222861548,21.792205228795
23.3961583447577,23.6406156982627,23.6326783576495,23.6451745941161,23.7280931180953,23.7815779860266,23.7350357144,23.6824304114819,23.7180888563741,23.7060676716078,23.7538625553547,23.8028902719843,23.7534318925082,23.7019164951603,23.7153597151936,23.7335226922506,23.7379244003388,23.7589492704142,23.7298624204957,23.7201692489701,23.7651313807891,23.7327081062286,23.7241282258937
18.3345135228752,18.3136935554604,18.3832952111517,18.3666969683853,18.428385612667,18.4206671084982,18.4211588332685,18.4367073681038,18.4354448788678,18.4165370698228,18.4353317589579,18.4304812212345,18.4405435671694,18.4311299003981,18.4278623556571,18.4434135651578,18.4382124092362,18.4356989678564,18.4377483974271,18.4369428504459,18.4387728152985,18.4374197938105,18.4358489807562
22.2438939350658,22.0040326219677,22.0087899910573,22.0003932611004,22.0061753443348,21.9954084919631,21.9924221345106,22.0173514538892,22.0103524941543,22.0165346213182,22.0058762153981,22.0181469494404,22.0068411951699,22.0191211082127,22.011073053703,21.9977849891113,22.0055176959002,21.9903467772017,22.0099351583626,22.0097771869303,22.0064177713318,22.002329079586,22.0028517514365
21.4657689867825,21.4589469707695,21.4508465507352,21.4550326632434,21.4600918982532,21.4555476610272,21.4549137728079,21.4523324136351,21.4578757397773,21.4548848875288,21.4569400861778,21.4590132004357,21.4508640412139,21.4606414181961,21.4590439536532,21.4557204219904,21.4583887399485,21.4587375189546,21.4578831371241,21.4538419963713,21.4542754457621,21.4567184916516,21.4571068246211
31.4214790134116,31.8942326204818,31.8366561577995,32.0489817336509,32.0429619806065,32.0476137144003,32.0139518332507,32.054968640059,31.997180094154,32.0324262855564,32.036349716489,32.0459606089404,31.9627451347349,32.0681910660855,31.9877588265953,31.9858795748055,32.0047481996889,32.01734277491,32.0180771701459,32.0177502870362,32.0388707641516,32.0326183817201,32.0103883116921
20.3856192779456,20.4495367027425,20.4946814833491,20.4510018712221,20.5821308681073,20.5781093008562,20.6214139981539,20.647392051059,20.635007775433,20.6524013908542,20.6584848652631,20.6983764018369,20.6997408864662,20.6856021238541,20.7064773355865,20.7235126969432,20.6828159059345,20.6965641388628,20.7111453020652,20.7208335815802,20.7198511932332,20.7025075702502,20.71199726004
23.9690902821779,23.9686550092371,23.9918782146569,23.9780474537503,24.0012589972768,23.997803768581,23.9984924301575,23.9962668355075,23.999891409185,23.995518198807,23.9966686274758,24.0015031052226,23.998548036806,23.996938570756,23.9979744942291,23.9935069229841,24.0070175542983,23.998004311418,24.0031290797781,23.9888105980083,24.001733013589,24.0007604611407,24.0005094608237
31.4695540813031,31.6242895672597,31.7074078628195,31.7404007519921,31.7308921884677,31.7443638844806,31.761677152516,31.761554215927,31.7672719308351,31.796924878767,31.7767107306939,31.7817255542709,31.7829383740166,31.7866028661517,31.7993849128434,31.7875416115231,31.7872921315847,31.7886226556485,31.7937579085438,31.7962027373062,31.7948373861289,31.7987571007313,31.7990193692419
29.5640035128815,29.6433906538646,29.6733027230137,29.6544928264229,29.6829182484142,29.6996086360846,29.699971097799,29.6891701569931,29.7004433964963,29.6983438566861,29.7017746610494,29.7003568087062,29.7047978766175,29.6923835644002,29.7064871786726,29.7034442084187,29.7147156564078,29.7024394329475,29.7163850060145,29.7118669979219,29.7158789950223,29.7106809789084,29.7183957095825
22.8588732103799,22.815298487637,22.8185464694022,22.8247817275008,22.8128878965476,22.8070143627782,22.8112350130077,22.806877080122,22.8044932235105,22.7992878628953,22.8044676771675,22.8042496806831,22.8024293769433,22.8140231415138,22.8065687944563,22.7904931169983,22.7970278506598,22.7988024542477,22.8071858244655,22.8141303897745,22.8017583446709,22.8126836544646,22.7994823213386
17.9836786699561,18.069978350482,18.0981488537517,18.1816885821414,18.2343923483685,18.2544055874568,18.2157823241113,18.2510794902387,18.2473582605703,18.2024870053016,18.2223297823093,18.261351645851,18.2398990351097,18.2492173308534,18.2362864407983,18.2666909453416,18.2545553126069,18.2577670150637,18.2635192413046,18.232974393022,18.2600773736509,18.2535599450395,18.2422279853793
33.1382677487635,33.2420066643928,33.2410780008129,33.33346431018,33.2998138733626,33.3488482630805,33.3823352483513,33.3600470012791,33.3480921954528,33.3455027333983,33.3341281660521,33.3432430945971,33.3625218378579,33.360737191422,33.352600952275,33.3506079200038,33.3576754834219,33.3531250592681,33.3662678663137,33.3623804898717,33.3637699196909,33.3614516662066,33.3741272834872
22.0789680383596,22.0133170447676,21.9261489436356,21.8394491391013,21.9166247334629,21.863269124525,21.9256496510888,21.8614259561698,21.9119870569718,21.8934258532772,21.8658036778164,21.858696029479,21.8690405933889,21.8693250067524,21.8792616714066,21.8673652665159,21.8629832418906,21.8659512533133,21.8817108270436,21.8548945466938,21.8682146738522,21.8763724200135,21.8700245035268
28.0844171281322,28.168068569685,28.1848170065718,28.1844020495792,28.2010325199186,28.1735010657453,28.1884341967834,28.1975483170967,28.2009705082016,28.194709155849,28.1853263160803,28.2015847018966,28.192798351494,28.1899371256026,28.1888161122681,28.1888872098462,28.1865719489361,28.1902608583192,28.1937619256,28.1919540816978,28.1866421309693,28.1927699906629,28.1915705864862
30.4525965328662,30.5453592344677,30.5816791204534,30.5725809359064,30.5987891168519,30.6186655610608,30.609431028044,30.6033075202424,30.608846953883,30.6167501223502,30.617483268879,30.6284069915671,30.6215782328874,30.6177257550373,30.6295282427042,30.6292416271306,30.6329276887127,30.6262346308678,30.6213706353121,30.6284256479556,30.625499414787,30.6322403467504,30.6366989317422
22.0139081086541,21.9328543829481,21.9167768025381,21.9271889298891,21.9189212590213,21.9182456660463,21.9148659959351,21.8995762260964,21.8985983901499,21.9216663452101,21.9081846084241,21.9092410278517,21.9177094406773,21.9182384201527,21.9122871269917,21.9099936176923,21.9164812812066,21.9277048070199,21.9198294512393,21.9006408600971,21.8893888617216,21.9039793429536,21.9212144430137
24.5745635042405,24.711800569893,24.7768174464255,24.8220397643639,24.7596385342484,24.7588550805361,24.8031551370257,24.8109267752664,24.8059511651172,24.8139657403558,24.8033285231419,24.8175829849225,24.8430364345989,24.8403238196592,24.8534786273285,24.8377706127715,24.8516551105941,24.8290832446155,24.8448785561643,24.85132937177,24.8548222248393,24.861863821187,24.8510105236561
26.7779130053545,26.9816300049885,27.0705914240946,27.0903405497239,27.130239763551,27.066969082949,27.1009803751293,27.1277478406014,27.1175218617058,27.1147743085569,27.1142329947571,27.1203332266631,27.1311077548822,27.1378972501823,27.1276882844687,27.1520006028342,27.1328483864801,27.1221019048525,27.1407415302607,27.1392778028008,27.1299556496726,27.1399577472928,27.1305305325407
