"V1","V2","V3","V4","V5","V6","V7","V8","V9","V10","V11","V12","V13","V14","V15","V16","V17","V18","V19","V20","V21","V22","V23"
480.905558325056,494.668542390766,506.097882935615,506.843291472706,508.890082654785,507.692207629169,501.233547407653,497.559907866755,494.664186384884,493.842414479474,497.210189907606,496.60938482254,489.148007839392,492.130407881072,490.108163261689,490.744874096,489.705569561486,490.507909325244,490.316971230633,490.1423518695,490.679148231362,490.475241948467,490.946350426188
468.840187614192,441.991573587337,446.577649776266,448.969959163403,449.7776492316,452.893456899843,457.19562928669,456.44797932755,454.982857021237,453.563531477968,456.451867856096,456.672779428291,456.367251859191,458.564502879003,459.696000582895,462.009708495063,461.882030629324,463.109950799758,462.537074203156,463.540551456797,463.487387266254,463.720021189145,464.105222995658
243.253397617807,229.959212748692,233.138754399893,233.407338059132,227.947065307259,228.917828395091,231.110942600282,231.43789705501,233.453568584217,234.402894828229,234.617105930524,236.07340572981,241.13434298695,244.702902532289,245.137855194901,246.330821461116,247.116190476492,247.286112068415,247.997031854871,247.612152210733,248.076857985093,248.413574069897,248.699634154517
302.508633752345,306.906606177945,302.657498832173,298.084889373559,298.90778120427,277.981414991612,287.198683008476,280.709403857301,290.202335045564,292.199293352771,296.112982086267,300.661211918055,312.111467083951,317.771036933943,320.173861146847,320.282859074139,319.893504708845,320.480048817944,320.740954997056,320.810973832185,321.525313408008,321.954375867037,321.906446539046
222.312470561968,149.828005063845,110.028900931819,109.722968464287,113.25916580429,124.454791100494,146.892328577035,156.571347284547,165.206723964723,166.353847894243,184.675950253387,193.981145045441,217.760233442721,223.894942253388,230.990274602857,233.318265803341,234.418730344537,235.042779421768,236.456828882694,236.383108921629,237.729180841514,238.187288744124,238.802132286455
158.703245262549,91.6318612854741,77.8114657594263,79.663515365073,93.9504779058548,110.564447510475,134.699355345884,148.963845403384,159.906710225196,174.709027327433,181.227275377066,188.540875249545,203.52832868556,208.350554287653,210.191082701325,211.051020322921,211.350404594538,211.203234115361,210.956779245038,211.4044978946,211.690068054096,211.721689044997,211.686120214124
376.245608031195,398.715135260205,399.607413556379,403.599252798517,403.756981599748,407.94518990536,399.864192332462,399.284669311009,398.946866036404,391.680829863355,394.455459490712,389.543094646458,392.338954635148,390.548137335111,394.824018717478,395.44524609712,394.802672034053,395.274407708565,396.355881369291,395.915083635033,395.707917614618,395.393467774346,395.474482689442
494.83792009125,477.560906258555,477.285987753553,471.593909993314,472.791547187258,478.750319028241,480.974297422787,482.963064255283,478.019845473778,480.421311609549,481.759343996503,480.243049957495,487.475145284189,490.566407525277,492.987820187981,495.462650027067,495.753664034303,496.835251710951,495.548545977836,496.19587674546,496.455219719741,497.008614405219,496.306495548274
188.194906508934,162.951294814824,168.492281737778,169.481161067594,169.637480731248,172.901036004005,172.118124855291,172.623138047641,171.617061781634,173.254142912474,171.816818194084,172.460906354993,170.638013974068,171.171782373266,171.115870006154,171.869141057325,172.300605079353,171.615373487249,171.88993932129,171.60015367017,171.491290202931,171.668461883093,171.519132482415
253.016007328459,223.273325149472,223.39600110804,216.053183637377,216.106447862641,214.294163156019,221.183825280701,225.835952390283,230.596946345116,229.634115689102,236.416726663529,237.305262605595,245.063974500998,249.008747024497,250.318403004455,251.949162605858,251.470132907465,252.399354679671,252.002921733101,252.564014838211,253.241359235824,253.587598110948,253.49752532051
182.229772013739,118.100990215243,106.25099769948,109.324616869061,116.505086429772,128.360583232117,137.82663294335,142.95760420466,150.525983042469,154.742247319011,160.093985014332,164.284620850156,174.55219850292,179.150627697046,180.504863015766,181.774231988055,181.793015689877,182.120289206003,182.371776134125,182.441854356235,182.508036763317,182.520709415505,182.437324297265
237.369325721476,233.072916619701,223.338533229046,220.244457153624,213.454597435976,216.275397065029,213.461141761192,219.204790043254,220.969669253843,223.755434897263,227.630916707175,231.276689648602,241.369911779389,248.579303863302,253.117872382431,253.687745733016,255.415909794518,255.406205299628,255.562666567386,255.730652638352,256.340473377358,256.935378425537,256.75437216643
153.09587441476,155.819770661072,148.594954092423,162.320502306869,169.071471818416,193.874378381485,204.361829184128,228.579014751682,236.267852138391,234.421121887011,246.658784268107,247.996543187502,268.16918968153,273.248161005129,278.571865251174,280.107176850499,279.332739442146,280.915386655022,280.343302793298,280.568486240529,281.092602840399,281.222149466069,281.089135306765
561.163075913069,559.192309369985,557.015407685973,558.959098677853,560.951117565803,563.341766843445,559.359867098042,562.763094931206,566.655117848815,565.022421335847,563.494388250028,566.886535346274,566.906352737737,563.561868483201,564.348505644796,563.264624101493,563.583771734762,563.800288894107,563.734161949854,563.378305329313,563.695024546804,563.545365406033,563.52014971879
200.330607567581,119.16417937034,110.049851429147,125.010290585075,139.503759062306,157.217180945178,172.063730901547,181.179875001578,187.782054801121,190.889831595777,193.967274937278,196.623359157009,203.501633298547,206.779536599653,207.378361639767,208.103556122489,208.899212668849,208.438180086279,208.73033870347,209.053461611142,209.010771829528,208.762803475628,208.982158465442
187.309847170148,178.149213782118,176.687978186282,174.193469491764,183.876824683576,195.591126549556,201.879947882939,203.824904233565,206.494362347258,208.651622954512,206.955431754074,208.772522947994,209.667123676718,209.029348167323,209.388373441892,209.596207006544,208.771018619469,208.755904289276,209.173037208695,209.136846897909,208.71846237154,208.629681724521,208.482706431836
276.115514720401,217.34890798853,216.812709988098,221.088988460577,223.339737517067,226.44422414283,233.300692463284,236.795907878806,242.688290467777,244.394120001384,252.040660449278,253.002364484211,268.208126113716,276.093423956472,278.7090877074,281.679932642758,281.167313099178,281.947241828935,282.34430391683,282.541584966776,282.036471499648,282.481573924393,282.551127729006
301.360760126824,254.040535532819,255.947618055185,260.069735488434,267.36651933735,278.31545092655,288.71899515773,295.827289878945,301.154307097681,307.044775365205,313.138167328287,313.7571726,317.915333866748,323.610132707094,323.742520366042,324.414127221273,325.919440673693,326.435676965341,326.555256832639,326.743832377238,327.265501518712,327.878647286291,327.626954908155
238.657709429592,177.827470928127,174.227540958814,167.568736943188,177.758669834191,182.628132964141,186.317107495441,193.692576177297,201.46562009093,203.845519362811,205.270345924684,211.205557772557,225.129619519716,227.188986364245,231.433074928889,231.478079284099,231.892030029315,231.614163640042,231.630432929772,232.107004916335,231.886338733189,231.876682608364,231.84841284608
130.208907248366,92.1659546356589,82.9083664631452,77.344690510709,84.6516196521539,96.8265542215584,100.806832863611,106.405156603173,113.252561333919,125.126660914094,132.655918298708,135.108868892203,147.519912931782,159.883202321742,166.697329910839,171.088373413003,173.121750888982,174.30229536843,174.372969275987,175.584264656249,176.34494435863,177.272883887037,177.796444903349
399.555993161098,417.18742771299,414.346447619053,411.015830185193,408.170606618123,405.269824226737,402.615023583696,397.719903924268,397.551921609338,398.906231220169,394.105603442716,393.674294714478,389.45023264566,392.188871645945,391.385755923936,393.687000226414,394.105854048053,393.995229041477,393.990546289755,394.076382532396,395.237523143589,395.198700345891,395.438470459476
194.796287240246,131.489877648966,120.220983524347,124.408459019143,140.373778237909,150.143814157893,162.024926559593,167.429012639905,175.850267353409,185.931977385188,188.734063780549,187.57035134073,201.240724669255,205.16006071186,207.048446015652,207.645390113973,207.556152516229,207.809294838776,207.721597602692,207.782104705173,207.778906586826,207.3416172843,207.374765505007
208.439612114196,139.34080364677,118.422081187275,110.35397169513,111.962055268905,124.544731622707,127.145877739682,145.814802756765,146.523869422978,150.861094192065,155.008494353426,158.422549870643,168.258402122033,178.213097644936,184.48167551873,186.963548110552,187.779902546851,187.737392823457,189.0719657517,188.685771181027,189.100027705265,189.054271787639,189.195785356532
236.094049502202,114.840905888094,91.3826014929406,109.60786619819,122.672488756478,158.863466255682,174.694128668097,189.228186462517,201.808254630233,212.562969552767,221.965592074347,229.624060797292,244.59052384699,248.074776159783,249.526259038452,250.934833471605,250.704942232677,250.934826556731,251.037762530854,250.955290147856,250.702830586698,249.929979894355,250.190197756546
333.019065699457,354.629592030203,350.681855116284,352.782115825964,347.309164566684,342.376381015365,342.884690865771,336.000650478737,336.066495186171,336.681141545927,332.827159621146,333.875989339032,334.489841355629,335.488100534789,336.389209055075,337.757604069109,337.890897642251,338.579288744523,338.309180828384,338.45459904349,338.743539143829,339.142060769899,339.018375252508
398.142894227674,398.30511337951,402.100261147803,394.878296430972,397.028064487354,397.685623738069,398.730352239122,395.62032291494,396.661541083809,399.766488362212,402.025250504715,399.529132903641,397.76768919719,400.620849868752,400.812660809809,401.287624403835,401.733389992029,402.054536076805,401.719306004658,401.716306708669,401.972589911356,401.843688955212,401.853060049549
183.62930983422,99.8094149746701,93.7827600671758,97.8019871723662,113.547234620174,133.516334763338,142.212135422868,147.939883073116,155.69182195367,161.293993935349,170.743109886385,170.945169560546,184.091479908685,186.251196942709,190.231275163125,190.233699967516,190.407289031804,191.246769224586,190.100444497172,190.343313791494,190.566065961793,190.476906320271,189.906560567639
252.79427825556,194.562350730938,185.841301494122,195.305885901489,213.426129796682,233.673086705503,241.898138277054,247.942637798528,260.913515990436,263.094605182403,272.925937003701,266.859490164111,283.445288371857,286.948084018346,287.642588785673,292.592416867296,291.936972480745,292.487668119824,292.931059332079,292.639877730946,293.874847862166,294.074910750661,294.509816749687
498.793894575259,493.648609656268,486.05966509278,484.703169450358,483.414585876748,481.287788290393,480.182463262268,480.378691065895,478.781628223517,477.929313222827,479.087633211118,479.452253449688,473.879082928458,471.930681939718,468.398797933869,466.263777884868,467.659972504771,465.681792328704,465.543831724845,466.114816341816,465.817662891047,465.699590033212,465.632537365084
331.724572447258,331.356322991726,333.151304957047,333.962896536094,330.6124922925,327.711936090208,329.67902332059,329.145074177184,330.006110337896,330.867186941426,334.04896641988,333.11899073921,334.971425020187,336.753826443767,337.193532160089,337.497532436802,336.591638503007,337.538628173449,336.858061730886,337.879984147344,338.105303115832,338.554089501739,338.220595167754
335.006064490794,311.785315353407,314.068793011001,313.537375147536,320.898260233228,324.958670430041,323.566667216159,319.062041652497,321.636505579539,322.928456043756,318.549881043865,319.286998754278,319.067051514115,324.446751821792,330.260303007325,333.636179173377,333.406126435444,336.060343543684,335.680790354953,336.222041926277,338.392578457238,339.026085518357,339.725918109667
197.062980484834,159.289265535234,153.352071471549,152.901165856966,151.138303042485,153.920569355896,155.98251077562,155.273878962759,159.428891302902,159.390346410092,161.174798984344,162.836706778106,169.540638405395,172.99340435828,174.283034543954,175.786556756982,175.472034839264,176.535185405382,176.40500106499,175.93119443266,176.570211964714,176.337330554056,176.267319273794
350.910505581378,321.347139646414,314.548405903776,319.948556712317,330.952055754251,335.233542482584,335.917795402558,333.830167982373,335.750261534615,339.184021103443,337.360930431787,339.370643789735,344.767644611061,349.675019585691,349.667328412462,351.818080999932,352.539799310713,352.911850544613,353.042644613066,353.140109248779,353.955797780312,353.64830566747,354.201657360605
264.341735113529,260.427426266619,263.567075093474,262.964194912527,260.543427535208,259.40043335654,260.064463638839,262.041899655904,261.998353122305,264.373371428171,265.009711429,264.47992578357,265.570471098083,265.508418319439,264.664923392882,264.702167530102,264.530496004237,264.551640185775,263.844442259262,264.282418251991,263.676674480099,263.632708214281,263.436610585448
739.725789504211,718.858918879151,731.845695459004,743.280442962983,750.327526941311,745.498027077399,744.805522317209,748.61032291227,741.60573706256,749.550703680905,744.767378125857,742.997801829529,749.076125225128,747.814231831246,749.778084788664,745.973358404919,747.281254027973,746.773593173442,747.489629343034,748.278432029406,746.135105133645,746.559419131415,746.669812485673
110.564208033056,92.3563434714655,93.0985613993724,94.8381937220946,93.4094806880736,97.5407439406959,96.097473581918,96.9139367123494,99.56850947353,102.011592099008,102.98423848439,104.700864210575,108.980541217975,111.024427383298,111.688969246111,111.369480437795,111.967079596372,112.400992816253,111.744382143119,111.799059433347,112.315563495749,112.306423360911,112.453083944839
216.292294749807,125.037103317171,111.310273852379,116.125884266145,132.194238328011,149.086060177693,157.343567373347,164.725411682191,169.302102322471,175.617373341859,182.650236605732,179.599555485108,192.694735421743,199.016970342027,201.74738859281,202.3736860975,203.542183559193,204.491843121477,205.057418512455,204.718861466245,205.271092133921,205.01116005121,205.119921328545
293.115089304556,253.384663646293,249.632783241427,247.930903003518,258.982185366398,259.5013537263,270.390447733251,266.667360171124,265.906956743258,266.242355289675,270.985816991392,269.397578774307,264.969018197531,265.85003818023,260.671302557522,261.067621663822,260.303208648659,259.264563049422,258.985187947379,259.109066298252,257.764066836531,258.049304141875,257.983170850418
202.238961233902,177.724702487114,182.019434261687,176.147962641544,179.148837958129,185.983371535811,202.815628297185,209.465945592745,217.468698182626,225.775995716645,230.555029512899,233.562427890382,247.753533631337,249.34034898434,249.122152732981,250.256657910473,250.021472006163,250.236107066568,250.36669899148,249.667841526894,250.896187510416,251.461850893136,251.284854344251
448.6824415271,475.645789717174,476.710644688008,465.697282700434,464.678210906432,456.017297679381,450.226216953998,444.837141923417,448.012323727215,451.383998629055,446.332832685876,448.14025952481,450.025175527597,451.901627704054,452.260670515132,452.67038674692,451.778450951078,451.216157639384,452.068836975822,451.64408968476,450.323461314087,450.093281160845,449.978667046598
468.26410147216,470.104355287911,478.38923626749,479.568268686185,477.350935639598,482.486712559636,480.725678672442,476.220509549033,477.122799650636,475.852188058473,470.799492422436,469.675271419587,463.232631728561,456.815824521502,451.612650163316,451.301749161364,450.455534993085,449.50361202718,448.779366492246,448.746550876621,448.011881891379,447.623443307816,447.378862921755
228.567131545241,199.721826618605,191.671898864712,195.402648356848,194.597883075426,196.757683365707,198.961377602545,198.758382717621,194.159630108502,193.648685425492,194.854597194412,190.062757929687,196.700199804878,197.506386467826,201.666822845767,204.641515139323,204.007447847574,205.711762191555,205.129008634453,205.185034347299,205.985867743936,206.475112138916,206.586689007759
138.645258682222,114.539938367288,115.391476926747,117.630158599277,128.505959478787,125.977475414769,127.582835918317,130.733726026476,133.593123856114,135.37928813828,135.66978284949,139.46077561072,145.075943359991,151.325729940177,152.467214625114,151.998584932271,153.342149278553,152.870559729783,153.176196873115,153.13737500296,153.339964068902,153.157638646942,152.789808298203
237.09232155217,157.358534166866,121.331794070393,112.232303054891,119.343644861223,139.813931739183,157.409693118098,178.334813550836,207.483724260343,207.403836379379,230.033456049283,233.479619658213,276.859568655626,299.98419746138,311.772649424319,314.666375278684,316.174524019438,318.578465143361,319.345340871508,319.891655373254,321.839400616682,322.401607361642,322.347008870496
394.932415815024,401.999671440225,394.449154007272,399.689632238776,382.325850124426,376.377362469517,375.78622847051,380.120824812249,385.426477482954,386.807265486236,382.22886500499,390.496851960131,400.731592393754,402.74896115712,404.706575736493,405.533203138458,406.394250606617,407.0063244329,405.67157444649,406.575184457217,406.988124061891,406.948004677774,406.857638256389
215.332884870478,208.492189995107,200.620403446809,200.66202868578,200.073820299568,200.807396943723,205.235060139471,211.134811421103,212.292489159567,213.003955476035,214.696952573062,220.255597169788,218.349210582384,217.351189274556,217.819027071415,217.457498016181,217.474367703252,217.338847680637,217.294309848261,217.287628971527,217.352656727714,217.330431457937,217.4507589414
248.653019964651,243.646530347807,237.75172196457,236.203701387433,236.339869526388,241.250828602289,238.273711331461,243.59543128249,247.929370674526,252.715763616109,260.853787426412,266.417489005004,278.97633620254,282.010488055995,283.877548046624,285.780430975609,287.553431256705,287.76899899113,287.821817539786,288.105538010126,290.182064977487,290.472040108947,291.114532140133
449.311019692427,461.824000011822,458.369516369513,455.65797054049,449.67398389656,447.086165994087,447.110839620337,443.241520904134,443.324709084934,443.490339039943,439.558274839059,441.490986739011,437.693026077648,437.571404353929,435.681752728731,435.461961118215,434.64986786219,434.587749178916,434.289514408127,434.181861847273,434.149890904291,434.083675611366,433.949117763809
266.284832615872,243.198614553096,247.006584757304,241.040442550158,252.372009541772,250.315618407958,249.840379498345,258.4962592847,255.573425847568,258.216970642007,257.806628034556,255.748486992096,263.153993296665,265.717643061794,270.161153314438,270.428396857434,271.436447457849,271.216748908011,272.348126190995,271.817354433776,272.558781348823,272.60073487515,272.53585579293
182.583790116783,156.049257842602,151.84621321588,151.267220763717,146.503153649178,147.484691834835,144.919807749894,147.582620075764,149.749784166223,152.410550292788,156.219448498508,158.587312328834,170.30671602318,176.902639663184,178.495106133801,179.624636338002,181.036643789096,180.738453078228,181.303481273255,182.08442026608,182.863070119438,183.736044782964,183.772842236359
442.561675363041,452.864754212633,457.990768583689,451.297828924454,451.815976615147,450.298525908929,448.587774356104,447.056132992624,447.203932037649,446.883675522765,449.207810313704,451.654936956543,454.992467249986,457.922947482748,457.777960883965,460.240960644921,460.09458390077,459.49154897809,459.866678905495,459.625727545439,460.36343470769,460.112497779631,460.486691739417
311.249156502686,294.854507704692,288.347734451139,288.420090238947,287.898986979415,290.346559646111,296.414856999171,301.74480139225,307.905211812896,307.660187143274,306.271523323003,312.662521038801,316.294341630484,318.263418776435,320.463752410323,321.958603271375,321.076991424156,321.19831340652,321.78756040511,321.290387980974,321.910012307825,322.096097415503,322.3641971942
292.033119891418,299.880317680656,300.196872886141,292.854710086498,292.944644337553,290.003217146386,287.481123586275,286.92930920714,286.889304076581,284.388807912992,282.955829091379,282.29719714205,278.889558819231,282.17467400792,281.836683606264,283.129652544215,283.347677795849,282.754614546631,282.58662986347,282.544860265844,282.445605023316,282.092699360246,281.935312836497
166.908673226848,103.983019410572,89.9970678183388,96.0880536031381,106.545108339951,124.666069671984,130.410584422498,142.574673006942,150.64002686683,153.565629647362,160.01920837404,166.191294872372,181.958747484861,193.44720593376,198.452949461075,201.880960143521,203.518848050686,204.222034112338,204.998098718996,205.407005272666,206.414034278192,207.26531997453,207.34050989909
482.014903471716,509.876767216418,504.53247932544,501.291156683244,505.925892118016,501.4882458501,497.806404308091,497.687843899073,494.006809876519,483.794619424642,486.420369120002,482.456990082527,486.548320093012,491.254883044611,492.303422003284,493.700636189819,493.464176069958,494.9750025749,495.156614990966,494.361677190397,495.539522001259,495.596228562358,495.695296167762
282.693394937855,256.948962953092,261.693630720584,264.938898450746,267.899587570815,270.000078715609,271.830847472111,276.673764210636,275.498521091343,278.193885428382,278.235282231984,277.262260841109,283.892961039433,284.020440856924,284.222537314601,284.985229959708,285.728736449993,285.476574068827,284.996524196843,285.047660866309,285.420163849388,285.240226981661,285.123875152526
325.340922636392,295.71930202198,289.400686744435,283.890143670172,289.697945719533,305.562683059202,308.638142938272,318.750083695662,324.87282791845,328.340659979733,330.542784465915,330.784568670518,338.506218752142,333.396198818783,335.274032064201,335.623638669346,335.531480117838,334.533519888422,335.151824921408,336.065282642783,336.017081725672,334.992123650299,335.530186557858
371.26942498823,376.96689422531,386.25693850917,387.237887285502,384.480787848098,378.321390931601,376.790878779547,371.062117712017,371.531658982085,371.629255505917,372.384554809304,373.215280992216,373.909231149686,381.047032484339,384.968692965116,387.805815065563,387.865862414998,389.061807345459,389.216749868056,389.334569898937,390.292778012196,390.515663104229,390.694649897693
132.381828461207,106.91218792879,110.660247179756,106.421509418283,104.494989286422,110.727868867115,106.734999681109,111.103386339717,111.666883408406,112.14535627022,114.427116814256,114.402714593507,117.852928403325,122.031112050484,121.873098680777,123.388768737152,123.645253850855,123.397753699747,123.814387357541,124.133421553264,124.359340700349,124.055858655042,124.071675880757
132.184127974295,83.5138259907201,75.2746661577832,72.5194565327197,82.5965824859228,88.3037669983189,92.9684408129355,99.274195291296,100.827177717121,104.841011265624,105.10685351686,107.43720283286,113.199077827169,117.536390506532,118.306899438928,119.543627668596,118.951210588155,119.059016895936,119.081633476458,119.574021360764,119.203941123402,119.04413624039,119.056216609235
446.410196706891,437.707328371143,440.414128688637,442.124345789992,458.735833583681,451.803179399969,450.062494763382,447.476966577228,448.942394701374,444.704816609394,449.453599541102,448.440217137141,457.217330554787,462.130314348258,462.549240848625,464.416451145638,464.147167545178,464.168718787217,464.492038445505,465.016808856373,464.748861802598,465.010286641012,464.68037539942
88.5302073019756,66.0416222154293,65.7459807557688,61.5815329071402,63.6129530998598,65.1366478609344,64.7622093449039,66.9975471068295,63.0734016942976,71.9405027004971,75.0422424787889,76.5505108463754,90.5000572917689,98.3466194231999,101.410696502635,103.120071301707,103.764007310445,104.366324601059,104.802847150839,104.880548233551,106.16344268612,106.35548971169,106.560252726312
224.254178421367,180.658784934813,162.731833300848,172.731580060879,170.254570408602,183.98816739112,181.644378068795,186.706141040868,192.110195314574,191.644088763372,194.557733366159,195.915268002746,207.851124395382,214.919858608143,220.044871239394,221.187164769661,222.477630609114,223.718508725781,224.043811886127,225.216086105138,225.726116284041,226.100863236516,226.175023017634
189.347727973275,182.368913822566,179.662110397473,181.150361496816,178.397713608849,182.404820526015,183.031600195143,185.240302609769,185.15127762319,188.037612017864,186.334759093205,187.393405011923,186.182698334519,186.814898601334,186.336677162332,185.453119740351,185.395026240748,184.590889257515,184.455334245124,184.257074728855,184.11666700354,183.755833853637,183.785443070208
247.482752598363,202.306097708023,198.13649379224,194.120617591972,195.256043695245,196.500418868009,206.495567762758,209.586810639347,217.010417604251,228.845577638815,225.839941574151,234.296305587714,250.095763137471,256.840216958018,260.421200058345,262.834576042227,264.332108581967,264.415487852972,265.093035636199,264.773192008245,265.954705950782,266.046610369963,265.953504817408
440.618150059467,426.816185426064,423.807174875158,428.941256306966,428.382383393554,427.545959256841,434.419907474877,433.408947324002,436.65746847449,440.943006000043,445.063372482652,441.818977142842,446.581390572278,446.365124356776,445.526509578536,443.514764609424,442.800679635417,443.302587332969,443.033051754735,442.44315769868,442.130787703682,441.13249991499,440.934230709121
314.307231775477,306.304555853054,302.257144813446,309.254474838024,295.762308446221,295.565581928781,295.754120165981,292.805647391992,296.813568881496,300.832898944254,303.368935535168,306.172489218034,322.778732418174,330.464803909384,334.598253067488,337.462250345335,338.658318781293,338.987698029178,339.366806537826,339.729591687415,340.032157646747,339.854687708422,339.984398530336
340.715797646245,329.938761808154,334.919159734055,318.791261172915,315.706625456989,320.477954305979,319.708623852862,316.247347354634,320.001215791819,326.531974470415,329.029037015283,337.810947630215,366.933337374964,381.238911582425,382.706808676839,385.591803695134,386.33655849933,387.247401345139,386.243715230336,387.70567096966,387.788878768111,388.685782755026,388.494092020166
170.909234580913,106.942808793523,98.3843249318735,94.7880729141406,106.050278369739,116.994817707975,128.965207689167,137.690882369252,139.247384888746,149.322627319246,155.398853441715,167.473646973333,185.070529297813,199.451629281,202.926228563623,207.359210118614,208.977701023297,209.464337637249,209.55023332129,208.866356759024,210.636327290526,210.675579932828,210.489271863527
261.363628313465,229.994822399141,236.985567987439,237.70368063821,240.068459646497,244.954155799124,251.042877030175,253.938789675582,253.333038317214,252.967629899863,253.440482523735,252.685499764015,255.099286557451,254.453444775371,254.892380165506,256.500819162945,256.184295604188,256.66319990872,256.917098155451,256.505860777822,256.678976289737,256.614797698231,256.436519258224
141.287574766012,86.5254469744666,82.5798533277945,85.7578104495757,91.8166320015716,94.8430074259633,98.4911654004455,103.424652493627,103.433912186295,106.930444969716,110.106023983685,110.317204084306,121.826407119978,129.843293485427,132.195828839255,134.003972263314,134.665986894428,135.581271521691,136.389515354166,135.814908236868,137.010926748318,137.24532352394,137.413360336489
331.495978952376,340.582165754381,336.463040910984,338.110341882194,337.919937155607,331.837762901225,333.475504493515,332.074008383531,330.541909720781,332.732335390886,336.976188613653,336.920036278108,338.217968639153,339.924223187913,340.440907310297,340.012622604319,339.710916328466,339.576706496406,339.463691244424,339.569911407879,339.089823322167,338.721806203846,338.646760782935
450.333651253388,456.433659748051,438.302264371357,438.776804658949,439.66195573101,431.868170401206,432.341476897429,435.572153947299,436.399367962304,439.720805736554,441.424828503898,445.016210584197,450.649247630276,454.800588776434,457.921140373474,457.750243036765,457.923558976607,459.798458916416,459.458285680975,459.602457000176,460.46867832582,460.513059475925,460.749671982238
146.045213415001,89.2502064299127,85.2942379280615,82.6364732548604,87.1915523881489,95.3794047586505,102.293066128632,111.537222063349,115.472609419166,119.133080928337,124.457758761119,127.111471770236,135.118674822718,138.623085425255,140.430459560609,141.244472042575,141.622620615809,142.002866250271,142.143437003561,142.240506723473,142.423476157664,142.233495933785,142.374125583528
342.673714226037,337.04959154321,332.25378191803,327.462134024917,328.670476695168,330.2103567808,330.999123908935,334.2094426805,334.284303302004,334.035453452536,332.971845915325,335.989105015184,336.550486984007,336.44307097689,336.369495559253,336.11430420737,336.162545569291,336.156853672927,336.168124579012,336.137707399389,335.863839208376,335.581396225555,335.689540905401
208.093095011914,193.498161825262,190.377019342765,188.937219973508,189.566029503879,193.793655966449,198.896265734641,201.359826855465,206.71009513402,209.253285643803,209.191204784283,213.332529282757,216.614384508954,218.27067029698,218.918360034929,221.266301754178,222.108593398333,222.224579355655,222.389955290121,222.684168568541,223.233189644276,223.218287458185,223.537287747182
233.76088067091,151.784116924307,137.981476110593,138.327692753751,145.537822424317,153.569832112821,158.695089905005,167.155346570687,177.366394000911,184.189741457991,187.532235307913,196.076911852826,220.428876658225,227.157458667306,230.915792306048,231.969953685835,233.696148584892,233.7882669361,233.362536288287,233.2022089099,234.155234838096,234.539509726168,234.566880628187
300.80153311229,256.529401564794,251.796902191746,253.554135389003,264.983217838839,267.755511395817,271.021690659967,275.192713384767,278.339265201556,278.974702166643,280.37151732222,285.111605067908,289.462972216045,293.348938406054,294.990829705967,296.093228856066,296.075269422778,296.090470476821,296.300504717859,296.770912108771,296.714420289882,297.000620332762,296.835681388166
218.926232468853,153.788727523063,152.733619066768,151.813484104197,165.237848460742,174.026801007506,178.573170465999,179.890103441334,182.776135832857,181.246430508438,182.270268779437,181.020995611675,192.00888693127,194.503565309786,196.989152883658,198.880918959945,198.193819165261,199.411914549323,199.447352984633,199.599021311798,199.330391679702,199.381231924083,199.540836451234
236.150056737757,156.386763546594,139.209922453102,140.423115257388,142.158524708512,154.905586385055,159.851718492624,163.222670187343,172.20917224882,175.730833029152,179.83910247734,180.884185180891,190.718767786427,195.917866252817,198.281876909686,199.375478059486,198.06231791269,199.531185019809,199.953421204901,199.276202553981,198.391304669288,198.009881157934,197.807543444746
724.819101134926,730.791502993993,740.924100638674,748.273243924609,739.512740449326,745.553901153372,739.153604848648,732.759248552716,727.54158622461,726.08422498766,730.65704318751,726.458686260795,729.962353981489,731.944119898349,732.909450038729,733.774537894547,733.652147198116,734.990817834112,734.873110965955,734.548829833508,733.914115516274,734.268643894077,734.502374883804
717.873508440443,724.423529239367,711.12230685896,713.628160537844,712.859263593298,709.683513198525,705.751086210719,715.866280849932,724.66813992366,719.634791365349,720.764070810491,723.241282846282,722.233606461566,715.586001413566,716.174355201031,712.411424776185,711.418910488412,710.369993763307,708.921499010269,710.970955150837,709.516817158189,708.49485325618,708.317843274149
182.264040904057,103.757586477751,85.8092859295887,75.2680517277515,87.950175120249,102.838308842548,119.969908642356,137.20229487026,150.071656355146,161.043560189884,168.948657772503,173.983176818902,190.593595011819,198.403705984376,200.266394932703,201.979946904917,202.638111386089,202.584701598239,203.078914894909,203.453005759733,203.512421373861,203.958023797644,203.852632204503
298.941425440566,263.579101119999,248.728981817407,254.413000445898,248.527711020485,254.228026336358,254.256183657866,266.430293955446,279.01781575685,286.253732101981,289.955993121793,294.139531729655,314.497732983969,317.714403506179,321.847444966539,323.442942048668,324.059025431984,324.256369895165,324.780843488544,325.183152026243,325.160518571575,325.372654648126,325.552531332351
415.35167103851,405.746359986667,403.834589899218,401.051143998273,407.901157794322,418.207027781685,418.581790374651,420.497003304557,421.308405407136,420.89171733591,424.534520877192,420.455572840135,423.308051460587,425.381840222163,428.449663056845,428.693886771252,429.013027963573,428.420821455048,429.727878770711,430.298135605878,430.344839445053,430.285431908803,429.940799327653
285.430307207121,219.775593427396,207.981305928772,214.991279871319,222.559332646455,227.908028824596,242.669977608939,254.400165064677,265.844170391598,271.025705836183,278.159843592856,286.023933592137,298.850816346106,299.758590037301,301.385176930972,302.721643978565,303.34037752939,302.778987178405,302.146856167817,302.659889234164,303.150370626136,302.98339992036,302.816617925953
212.963336545066,139.906236805057,125.477371752125,125.042743258384,136.766801691274,152.303288126875,156.028401684512,162.542399519681,171.563747902396,176.979792917583,181.707795840239,186.385087045639,189.438962020735,192.803640060739,193.316252039478,195.217373256314,194.303837846187,195.711086342496,194.559639091669,195.354833268592,195.185880061521,194.5255059811,194.144457508561
388.179379137086,324.819527919125,316.331549572162,328.363283499245,324.973795249125,330.865404835,330.439050874692,336.523212210453,346.183799548979,354.465435413514,361.231539412392,365.356933405696,391.781430015108,400.764305884782,405.692935557734,409.184938160602,410.946906919589,410.321355394724,411.175431930921,412.324641759208,412.018070460619,412.275703449242,412.225619234338
244.741660439186,197.874304855462,178.63670311827,168.911785414039,172.138727191822,173.188018638311,182.839605641539,185.003457169454,185.918845883513,193.020037277215,191.783030920452,197.076924121728,197.653237974309,198.929234544674,198.340523687025,196.704002062987,196.925700854025,196.922842006891,196.558476376601,196.256168846485,196.29090292654,196.272959575032,196.154443408953
275.02160827025,277.30754024666,267.325676657885,254.957837272679,258.05435419266,258.019312418206,261.193758864027,266.164480716579,266.29367852052,270.387484102401,276.879648107836,278.061210946845,295.642940210043,299.054096001254,302.92311644326,303.264069062727,303.778173533015,304.487580989326,304.396894046775,304.307546449465,304.541710353947,304.81073863519,304.804116638652
303.121900062132,300.650795272708,297.70436042975,304.223093496867,300.99100093946,299.730393338922,302.389623812579,297.70659043721,300.469941487812,300.700366682718,304.040919176478,299.333042682457,300.553909274353,302.767875699007,303.366516706496,304.643593236168,305.551921458822,306.485557405574,306.641885575015,306.522994937517,308.125246519089,308.648508103967,308.881568851181
223.721608022364,128.248588379979,117.387193724554,117.239355019467,121.928135716744,124.064387032365,136.495226259377,147.095380649271,150.87820671565,152.935099420853,164.263941276923,165.129028590548,185.646077179958,194.166826753563,199.564385502601,204.036256761497,204.951454341529,205.870663017243,206.552570143962,206.581517848616,207.862889863171,207.910576575987,208.137322916311
260.806396890602,253.716384850364,259.145677818186,259.533755847751,258.642670273089,261.190477380612,260.421878885327,260.782207317932,261.461778413874,265.144342765451,265.732225698151,267.46306046434,269.440861508898,271.276913419606,271.310283829511,269.839757708931,270.350421445638,269.867599162119,269.818068569705,270.069477755841,269.992145653486,270.215840162148,270.262096818317
398.232437270537,410.771751169309,420.370915780058,413.204769732982,413.245794442527,410.973268374869,409.460125352458,415.873209797066,413.96829831475,412.142688102003,414.539898322676,415.206537289516,419.946055392358,419.731518572939,420.394741357768,420.32701965362,420.21523519537,419.788520828764,420.018265747768,420.437464537603,419.549439909209,420.352520098471,420.703082804339
256.989799865477,172.765143189529,155.869071808249,156.624223609627,188.185953599822,206.710316843519,232.695111078191,243.024901303655,254.534498701777,266.534730691801,278.212833659894,282.891815890995,295.440505692758,304.623803978394,309.07356155193,311.022062258531,312.539953532418,313.030468979366,313.650779041885,314.699614840599,316.175232684834,316.699555240554,317.14075622138
285.056830876794,287.987937578837,286.015080064086,289.395080981595,286.567537796624,287.585467661829,288.62769993683,288.607472447716,287.179726697547,288.71276545109,290.333032184962,289.182290481281,291.109334256524,293.905902051856,294.096072127301,293.764247906996,294.120619807444,294.24615534149,293.951592301877,293.850787456985,294.312700734666,294.323986399869,293.942846727258
471.094909679769,436.711782949364,424.98291896338,424.921380558401,435.467208883985,448.82278707558,445.080214526077,447.655941086322,454.933744999776,454.828550492566,466.625033902843,472.461446302345,486.467895458621,494.830068188346,499.183411689074,500.067977420597,501.272430661497,501.472576945258,501.104445115863,502.000052040165,502.341893788815,502.193300933329,502.246561782885
312.991642609041,254.31685156265,249.403195274044,254.125385275716,257.624568674313,265.267665616242,274.851778560828,280.440849937883,288.150630392419,293.333950150113,294.831608510783,300.117710738504,306.373610074848,305.829519542459,306.401601421181,305.538596129954,305.415930872806,305.014738580016,304.734075468459,304.43797031743,304.267206765504,303.646828258237,303.456903145189
230.599592678147,179.521312109049,169.598883225231,177.015266973223,170.431496873786,183.340903335759,187.679436796738,198.24043888262,203.726054453444,212.115018508445,211.632564543448,214.935599119754,221.426455217629,224.379602182024,224.949841445065,225.510536248041,225.712511958314,225.183272147128,225.800512466007,226.336718795652,226.222256253725,226.313938189271,226.513506847808
214.398465256104,159.614774360666,150.114158084799,153.30268311193,156.849850190342,165.308212430608,167.253078349621,173.117973846334,177.666410760213,176.402382817452,182.256923963794,185.720703573832,196.549055213649,202.171170819308,202.875187820033,204.409906260805,205.988525657817,206.540982435128,206.603547971302,206.763863419251,206.992426354278,206.824885327934,206.867657871318
