"V1","V2","V3","V4","V5","V6","V7","V8","V9","V10","V11","V12","V13","V14","V15","V16","V17","V18","V19","V20","V21","V22","V23"
67.5413744025968,67.5105593623776,67.4291069011905,66.1325025921215,66.5508368494129,66.6741080303086,66.8784705083687,66.9686461967224,67.1053062417391,67.0805784540789,67.1304561784016,67.2012201042482,67.2302101167059,67.2324585446366,67.2285284924974,67.2335754852995,67.2304998424266,67.2232743435106,67.2273385057583,67.2240248145284,67.2195784094305,67.2193468128073,67.2196884222784
136.866025612003,136.870460001824,137.27768318318,137.058956614973,137.542236986672,137.256116899526,137.039519645174,136.834740357538,136.758044311089,136.765084245983,136.659854349658,136.670014032382,136.568739171975,136.557085073087,136.564696947383,136.568537280675,136.561096130852,136.555206802134,136.558183811074,136.56736654267,136.559304439259,136.561572901815,136.552675658415
59.2733210296336,59.2889471254916,59.5305150642946,59.9037218104216,59.7315206575576,59.3194870869044,59.1441864983504,59.0385231849931,58.9818581619493,58.9720339465552,58.8949113247523,58.8642607777793,58.8184814768838,58.8105073923946,58.8127638235594,58.8174596270498,58.8086199035773,58.8116275484313,58.8150819280025,58.8093944378907,58.8094374303659,58.8048383387932,58.8099890199669
44.0541080090423,44.0379532862311,43.6095602798305,43.4836494726153,43.1002261576597,43.3177346236403,43.595270287827,43.7910764566769,43.7775366966967,43.8432984202093,43.7721673889212,43.8506765769056,43.8984398997843,43.8866764406663,43.8938096687741,43.8975576744542,43.8908127609153,43.8889554899904,43.894297045339,43.8912569573093,43.8941822875031,43.8958495149573,43.892414865235
90.3561049909189,90.3596926343465,90.4501254569223,90.6926680092978,90.2590725235129,90.2080469778065,90.1303418193656,90.0650690231271,90.0352035038144,90.0343558098522,90.0005707234315,90.0176057840756,89.9831836955676,89.9867704903312,89.9771413285528,89.9762286878446,89.9651958226039,89.9828319755021,89.9755216000324,89.9671129068207,89.9694631789026,89.9803113543637,89.9672279189173
79.9641024731756,79.9645305186487,79.9599392065034,80.0250072067129,79.6632104427789,79.4588167881616,79.3658530514849,79.3410196575009,79.3579184843481,79.3405914395035,79.3285573221046,79.3186538922527,79.3166070455277,79.3072392417603,79.3105891792098,79.3062889543237,79.3090505674343,79.3193750171822,79.3115350003684,79.3102083127404,79.2952348295552,79.2996223641822,79.2939647964573
155.965489968201,155.948774734037,155.363079723227,153.558337413871,153.676552092245,154.2866096876,154.752161260259,154.99366104745,155.211159506921,155.328643820127,155.410297804378,155.571413450447,155.593873150293,155.603942232479,155.625516071502,155.625544906447,155.608342143848,155.625785759685,155.613231428389,155.613935153843,155.619957898408,155.618869506611,155.613822649164
84.7724735670913,84.7580808072275,82.172313980789,81.1915712404651,81.7779939252017,82.4263173603212,83.0404779431912,83.3418763787415,83.5903236934529,83.8356182077603,83.911865608474,84.0656192129606,84.1966297612833,84.1752887499044,84.189825796352,84.1878364603088,84.1750124946166,84.193022977311,84.1801766301687,84.1928471405232,84.1953646352072,84.1889601613849,84.1825634129135
111.225606076149,111.216762078086,109.95060100081,111.233763231077,109.676773332117,110.132619334422,110.201116379958,110.751937435513,110.623370815073,110.754899804394,110.750505900575,110.830230912411,110.917872335458,110.901539575826,110.919062574163,110.929517661615,110.916829415917,110.924293768221,110.934606727788,110.928541709658,110.929067638237,110.927568921821,110.938980794456
76.9959166872502,76.9879827390196,76.4832963074745,77.1009861566887,76.9209440419603,76.8526560772432,76.8595497174236,76.8474816790799,76.8489813558371,76.8841887187194,76.8830604183162,76.8694180836636,76.8772973039765,76.8855493652635,76.8864633412058,76.8796388706811,76.8989687123211,76.8770299463428,76.8824174046905,76.8847784914676,76.882595745567,76.8872203768452,76.8846050705652
50.0027680815855,50.2664811863667,50.2149783936078,51.1710244751327,50.8019903986984,50.5753704241867,50.2546038959053,50.118610012625,50.0238365093619,49.9709101503196,49.9373769442403,49.9249973857553,49.856408355975,49.8481743431698,49.8418106991938,49.8407422477894,49.8390308924335,49.8379402147804,49.8348985716145,49.8378258230764,49.8282995770671,49.836859591985,49.8273108506132
73.2424586481002,73.1997239969288,72.3382897263991,71.2175499459264,71.1017840450808,71.5879024014782,72.1770600021821,72.5051887858364,72.6588039304581,72.811927140399,72.9332376586617,72.9459251883822,73.0962507068269,73.0908718695182,73.1010003111557,73.0999764336333,73.0894546299552,73.0968748799153,73.094675265046,73.0961376605652,73.0962090211461,73.0917975618691,73.086678438038
97.6289372469233,97.6237797498438,96.9577316065539,96.0449311459042,95.7009016606539,96.3370306102289,96.6053077756203,96.8936794736444,97.0335955946852,97.0546071210426,97.2509367022534,97.3061293212796,97.3590873759643,97.3661524256825,97.342276652754,97.3605682311574,97.3414134790299,97.3510452773601,97.3579759532733,97.350792996848,97.3587800683393,97.3494186589485,97.3581695645473
134.323566669789,134.186014671095,132.654773688817,131.497119536123,130.075142039855,131.15683577643,131.50752066524,132.292164674834,132.941940455649,133.027457170586,133.470167255187,133.43268150775,133.644954852153,133.640682779065,133.669190828976,133.660096767718,133.657640943094,133.654780105554,133.655276484415,133.639563355846,133.64273207559,133.642277801561,133.654057243519
68.6280298319922,68.5999533978885,68.6903995205726,68.3237784130718,68.5439115739752,68.5397130812152,68.4952564212038,68.5525834259909,68.5641719137985,68.59530613443,68.581995526208,68.5868972601784,68.5721461662034,68.5724638353377,68.5675157309887,68.578123266143,68.5677262801634,68.5763962448644,68.5745567843608,68.5749145478895,68.575960759997,68.5745739739488,68.5733523399334
84.250305445147,84.2537775815839,83.3819326239532,81.211845671181,81.2891107538106,82.3261684539524,82.7819953170468,83.1580971319573,83.4521716872049,83.5646581408633,83.7552343756838,83.8157113142439,83.9096134955885,83.939067015453,83.9363765064847,83.9369991396404,83.9394323178374,83.9373013125791,83.9393983522802,83.9368632303752,83.9481059966665,83.9413830098636,83.9456017603468
81.6194888119325,81.6518646367136,81.9333593469029,82.1922670747803,82.2644888433074,82.08612780316,81.9103886563557,81.8372030377308,81.7757382577642,81.6869702046061,81.6293420411678,81.6453472754276,81.610734079373,81.6044727019006,81.5947374041103,81.6012144257814,81.5980476842875,81.59807680472,81.5944036372312,81.6079793571652,81.6042534330717,81.5892604351686,81.5981463752865
122.703957968436,122.719200705032,122.350677893003,122.095426529975,122.39773417455,122.289081502067,122.306848279748,122.361844968424,122.364801832197,122.371342044102,122.34683830529,122.371023335752,122.382545662732,122.376015601844,122.381482335552,122.369424065461,122.378632365693,122.374767178422,122.384138725107,122.380437784106,122.380407485415,122.380667989596,122.386537167005
28.7005192118516,28.7004642862318,28.8018457409055,28.9284151214032,28.9977568080172,28.8587690586856,28.801667856967,28.7639013245944,28.7233788862062,28.6943671745322,28.6927831484446,28.696731620506,28.6712346939878,28.671765789728,28.671234895961,28.6684601812284,28.666568214411,28.6704287045784,28.66844957862,28.6670288344514,28.6697788708423,28.6663094008326,28.6643795141282
94.0485853374704,94.0142918821687,95.0093367598988,90.0883774926153,89.2682830150725,90.8295377720329,90.9286847163134,92.5048851395688,93.6521966959898,93.5728593520404,93.4818465597073,93.686816398894,93.948615495022,93.9681445475673,94.0150538522384,94.0272435568578,94.026731539066,94.0301304251657,94.0348040540198,94.0357114664826,94.0488785932405,94.0401453377986,94.0473521661677
105.463972175324,105.463189442275,105.046213852634,104.328213387875,104.373064524624,104.541942855251,104.812813263909,104.93845604863,105.080499089837,105.141588111813,105.129807857009,105.205739289002,105.241753861755,105.253380603568,105.242841060744,105.251409704444,105.24646434665,105.242596911493,105.250132021299,105.244479088824,105.244709033052,105.24916474626,105.243242645651
104.52650838315,104.515540975117,104.413539809274,104.687140040651,104.732891396644,104.593035746415,104.536866361126,104.458294327272,104.517619782557,104.4266709515,104.395865239981,104.428145942323,104.41051811615,104.417148627704,104.41495774212,104.427462618563,104.425372376848,104.414119821836,104.427299689689,104.420291156669,104.423165201875,104.425676385955,104.424791276059
61.5993905175981,61.5595874630664,59.4971559770652,58.9260188953209,58.9530344750423,59.6920692974327,60.0220569245748,60.5771340138108,60.7803863758843,60.8689654177104,61.0404520588502,61.0737405220015,61.2271208521392,61.2352613344401,61.2425381017069,61.2358138144581,61.2414282113346,61.2470640493602,61.2499825381457,61.2405166243036,61.2491910728942,61.2554318220954,61.2535989951635
86.5431294386714,86.5587625862394,85.4848734988722,85.5186989267956,85.2094333470466,85.4034987833216,85.6511239388901,85.8071486620601,85.9098455422183,85.9369006618443,86.0002839636003,86.0316789659483,86.074939360364,86.0846513593281,86.0792567375794,86.0720594959567,86.0756028659202,86.0694013341411,86.0659994591416,86.0760533816566,86.0736545033699,86.0726765497136,86.05898150345
87.157566171047,87.146699412995,87.1509320448041,86.4287586283255,86.5291740052823,86.5147396191408,86.6756066198454,86.6515177775084,86.6746359742217,86.68806111495,86.6610547422531,86.6590937590602,86.6851468144269,86.681336444279,86.670895333749,86.6671351688323,86.6768881306069,86.6705288288103,86.6770168965662,86.6656491801098,86.668350085699,86.6474591264739,86.6513425549555
80.449712382347,80.4576399581386,80.9608352484521,79.92025424258,79.6143959087264,79.6203917240164,79.7044435673814,79.5886910858353,79.7054681024695,79.7221761936663,79.7762340735172,79.8111143410031,79.7853537060746,79.7691096931858,79.7626043227734,79.7603825552651,79.7593813888538,79.7585193775197,79.764921905616,79.7545515713769,79.7560810615238,79.7482138101331,79.7490604115442
187.450690175185,187.463049150961,189.549298124451,191.010380225329,190.11954484987,189.260837663226,188.734137921961,187.961816547433,187.322856673926,187.457590961619,187.208547294155,187.152066592251,186.955458554418,186.939882178177,186.927499326093,186.939936552732,186.936092636724,186.928552808941,186.94025401283,186.933930515415,186.938926153814,186.924167521426,186.934231231092
80.9304107419435,80.9107768725854,80.3119057411338,77.9261561320829,78.1666940146684,78.6246919471414,79.3767720297516,79.8528938547239,80.1491615632076,80.1890940638798,80.2820923533024,80.3493454028149,80.4879856410142,80.5063683936056,80.5134135210688,80.5303909522909,80.5256545448483,80.5275725977756,80.5278663863346,80.524255321617,80.5228976705724,80.5141421229715,80.5167176412656
89.4252808933119,89.4343209747478,89.3591730913582,89.1445358665899,89.197422157929,89.2218427213055,89.296297883733,89.3203720118066,89.3200264108792,89.3294417428434,89.344952886702,89.3635907592547,89.3516087917077,89.3626312699522,89.3560457706257,89.3565582848308,89.3575418396689,89.3609964942707,89.3578396661338,89.3644408175793,89.3612129821479,89.3600995066009,89.363759358525
52.5118663453172,52.5330966512415,52.7581252094436,53.253836740371,53.0785309015384,52.8528515156679,52.6892474122195,52.636566200288,52.5927614726284,52.553630040052,52.5299660419602,52.5009048537745,52.4783826777377,52.4808617283952,52.4749953838883,52.4768056375133,52.4796460111194,52.4802106939736,52.4737071225947,52.4806814356087,52.4734106470672,52.4711418426502,52.4738476544815
126.509798105572,126.488274131293,123.843258563523,120.992824218078,120.540166782899,122.174137840422,123.194710265093,124.299549952421,124.925306207312,125.042673449518,125.37593100731,125.558470414321,125.734405748231,125.772671403354,125.778458204292,125.771704694677,125.797279641513,125.79639014558,125.786191830814,125.78240922093,125.788837142266,125.779326668289,125.784584502797
71.8469650302237,71.8354791263051,71.3627790462699,71.276662557104,71.2029115825311,71.34860146223,71.4648690865031,71.5086012827769,71.5336154083173,71.5885447519127,71.6181746401596,71.6253287855442,71.6315511936772,71.63086195303,71.632531030396,71.6337427391904,71.6330012287059,71.6262447764905,71.6241031491857,71.6190269300675,71.6278156797452,71.6286347774916,71.6211323668561
72.4889937380852,72.488633439521,72.3137251055337,71.4510965789346,71.6347470469345,71.7237703234,71.9886188833981,71.9038747157893,72.0330030661794,71.9455141694628,72.0589893672822,72.0439531897926,72.0945547335214,72.1017927863493,72.089513011769,72.0957046219157,72.0989353466836,72.1082789795514,72.10393776502,72.1071512299269,72.0951082254648,72.0992905193196,72.1016680487019
112.617347247137,112.605829892103,110.781849193377,110.716066521684,110.949598900294,111.493340571909,111.509080631046,111.82189082598,112.035767317026,112.029159329231,112.180650499373,112.209452976159,112.199285307527,112.221924873376,112.232456998803,112.232827592946,112.247556131888,112.23205087806,112.239543812076,112.238979607858,112.225568774396,112.230012223001,112.227597244626
58.5432453014103,58.528482750098,58.4049892877394,58.5681637815059,58.3601217136727,58.3004236808449,58.1843039563841,58.161014086887,58.1130957676439,58.144221625268,58.1042109830189,58.1049973344615,58.0960951208144,58.0901713152351,58.0856536831282,58.0829901180107,58.0853592088676,58.081934636936,58.0754588139041,58.0770914829608,58.0803882916593,58.0734301013718,58.0731061869037
102.21757504013,102.205153495243,101.934469048535,102.24953589572,100.646178497093,101.241665332186,101.620432352371,101.532804168887,101.724533116828,101.777549819012,101.814942900837,101.800996949883,101.832009541986,101.819889185404,101.832677631832,101.821241957037,101.820910313827,101.818635841625,101.812636716758,101.82831346058,101.823075437556,101.818742413112,101.826078608042
135.904927259217,135.887422308342,131.985790606917,128.315445767998,128.676608394978,130.786898816441,131.958641347564,133.090217802556,133.354456274476,134.021245924395,134.270651488463,134.505963798167,134.772087706667,134.791957106522,134.799133445233,134.799335717065,134.778903692658,134.79233004746,134.780431663982,134.789015688916,134.78931544516,134.785072690031,134.78546721326
118.113655916002,118.101222248248,117.827874871266,117.488862354766,117.116184219839,117.279420520592,117.398964307417,117.557877647741,117.716037231155,117.723142448925,117.793333900899,117.825163850217,117.845731688039,117.853294022911,117.858892103925,117.848231474076,117.855703342921,117.854255452096,117.861485962002,117.857273391003,117.854280120717,117.846659377479,117.859962707838
115.173714641999,115.141252332466,114.417237787112,113.728986910947,113.384505283062,113.769886833476,114.136798787572,114.539853980024,114.556487066741,114.734740352097,114.789710797848,114.808856149816,114.922946858724,114.933424527704,114.93020297896,114.935448846842,114.936664727059,114.933556064439,114.937970701363,114.937023122996,114.934817655198,114.948703769818,114.940809050753
56.5064931733572,56.5039521468647,56.4094560120657,56.017250307688,55.9385853212674,55.9340707787433,55.9615753745685,56.0482445219108,56.0309794527012,56.0739207257816,56.0849466493697,56.0920632420088,56.0919363546098,56.1015150157197,56.0944908414957,56.0903943331436,56.0891750118774,56.0987620663895,56.0947473840008,56.0898047223336,56.0884978816638,56.0804774612965,56.0819757352858
84.1142995233725,84.1070901170753,83.8298226636195,83.4088751876204,83.1281518174792,83.2172325105669,83.4004091729341,83.476132160256,83.5467763596212,83.5863168773105,83.618690696228,83.6551239786102,83.6466094228633,83.6517353263301,83.6563410452412,83.6483717255125,83.6623838278805,83.6497401617702,83.6558126685064,83.6537072012026,83.6441073939566,83.6455377890454,83.6543206063517
211.87124296105,211.857104394834,212.062010907106,211.135071522327,211.138330113635,211.69825747418,212.063312104847,211.558424995946,211.449077729825,211.520992216806,211.488586640656,211.59853848873,211.537376242515,211.533395307977,211.533986449007,211.535175372628,211.534021114898,211.533619672247,211.527698667471,211.529196996863,211.533166475591,211.530771793808,211.528485097821
82.1671002114788,82.1380552540153,80.8206386862347,80.8605486708913,80.5802391587987,81.0866212991751,81.2089977372765,81.4882477003571,81.6170984843293,81.7435616044901,81.7748494017287,81.7409379978037,81.8163626154217,81.8410049574669,81.842237315231,81.8332446743461,81.8452199601484,81.8473754636966,81.8403269343603,81.8365919484465,81.8451402559119,81.8490025935004,81.8455338692035
50.8629355851474,50.8814166554896,51.4258355438625,51.2053157291085,51.376849895558,51.1543834075982,50.8702400565228,50.78210496882,50.6551453594704,50.6167111323153,50.6016272291442,50.546247393401,50.553963433255,50.5338733613696,50.5356183716101,50.5295259650672,50.5244195752227,50.5282893291225,50.5333577949329,50.5258150653736,50.5340485417872,50.5287048911213,50.5264244129779
105.166120271837,105.140524273297,104.885112462636,104.059263652772,103.320347995327,103.843715810891,104.054332459241,104.126750669182,104.356760282846,104.525625749861,104.571005748715,104.573749123983,104.62523635293,104.639425961334,104.638661432952,104.625840494037,104.629286101364,104.635454171479,104.633484500546,104.635953224036,104.625937413073,104.629024587121,104.639129393354
48.1484984539548,48.1464514505775,47.6892511137271,46.2093854212676,47.0547020145417,47.2173295232467,47.6036448948758,47.7252873695687,47.8300778992526,47.9290487930456,48.0061736598022,47.9900553797442,48.033230959751,48.0318350089748,48.0369824892894,48.0424083156416,48.0354375254452,48.0371379558473,48.0417468461296,48.0358469127915,48.0336507377895,48.03813060068,48.0351658034852
116.141754634489,115.62274400089,115.632767838223,114.439699316691,115.452448817929,115.692350267319,115.739167634386,115.864210114245,115.840239188544,115.895410462094,115.888947000833,115.955641609504,115.957647147684,115.947223316255,115.951753579362,115.944081300017,115.943617053346,115.948947104798,115.952869220281,115.959075523074,115.947475051087,115.939778884382,115.942454390021
186.674684999071,186.666421129727,184.817422292584,185.433575098928,185.68906676518,185.756017666688,185.843971257406,186.166870104621,186.125113965448,186.281215704701,186.222028394039,186.443306434069,186.403352098798,186.42121266759,186.417339763999,186.441849286786,186.42626869833,186.428055374673,186.424763930876,186.445220481777,186.446252020613,186.448076227237,186.441347223089
49.943273210818,49.9123711611347,49.7829058953711,49.5530631504801,49.6064618762127,49.6949244246043,49.7634046389796,49.8295729627022,49.8148949118215,49.852193667687,49.8593654322718,49.858805710159,49.8757806450918,49.8733906499441,49.877723323372,49.8773154665594,49.8737776747765,49.8762126019884,49.8823731889537,49.87757318542,49.8782372028736,49.8723399439583,49.8753799117509
54.9765586140047,54.9319053576745,53.6399633703609,51.8518090868036,52.3971282567943,53.3648721966625,53.7697801394925,53.9731432980576,54.3815290042581,54.4786928451328,54.6394025351578,54.6745070579242,54.7455269488409,54.7807653117599,54.7765589609867,54.7857853410897,54.7873640687761,54.779248632114,54.786439641936,54.7819725077002,54.7822717141025,54.7802564084136,54.7896629213685
22.594153837724,22.5937021130884,22.4784159997621,22.4229421280258,22.4333995002496,22.4746618624064,22.4771747612816,22.505700588279,22.5098756732409,22.5263278797668,22.5235233076197,22.5385474385199,22.5419096675872,22.5448666563036,22.5444152983789,22.5425819292244,22.5449078897821,22.5451934772187,22.5430348828252,22.5424847099644,22.5443217789602,22.5459047192438,22.5446798043357
86.072574304696,86.0917574209565,86.1677945541643,85.9895442899068,85.9670320096764,85.8049605893795,85.7693263472093,85.6894043498917,85.7608833899473,85.7521548369957,85.7232080288563,85.728896966474,85.7282106941549,85.7357975460532,85.7299386173558,85.7470816013235,85.7358641416936,85.7343957547635,85.7385206058247,85.7344646610968,85.7431854728337,85.7424730167397,85.737706540939
69.1176212813257,69.0940830589261,68.3007779897671,68.3258769323991,68.3080017258173,68.385727346801,68.4283008664392,68.4978880786616,68.5126087056818,68.5454642929243,68.5161517224752,68.5331017226752,68.5617038370262,68.5626809454088,68.5510586512957,68.5609704029322,68.5517482984384,68.5515914270914,68.5508845601159,68.5413804118775,68.5519484266655,68.5411683050371,68.5423809842386
36.8215876668869,36.7955356992429,36.2018889070204,36.2527092142904,36.3028889551566,36.4075487507364,36.5128714807394,36.5760546180543,36.631623217743,36.6500341661008,36.6561887753372,36.6733088342826,36.6939040747183,36.698887685887,36.7064150520416,36.7007619346983,36.7048616665255,36.7047152699702,36.7113920751468,36.7046507204422,36.7067382011795,36.709109259607,36.7051526272399
53.2405887420465,53.2530635407978,52.7481553803295,53.5397689323474,53.0276722769639,53.1134084361984,52.988489614226,53.1299245361171,53.072394875529,53.0971353768487,53.049328852815,53.0738603482722,53.0781414263784,53.080297788423,53.0786938686099,53.0801139451966,53.081506706256,53.0849736577051,53.0838628182614,53.0822153642773,53.0775517541248,53.0797931076581,53.0734537985948
79.3109779417948,79.2995358066341,77.8913881046983,76.2149777989738,76.9177751683546,77.4228747822561,77.6723769048523,78.2602749594578,78.3473680100647,78.4884284286111,78.5992908608898,78.695799626796,78.7464551612145,78.7554303743812,78.7514498600854,78.7640924148282,78.7523642584378,78.7524160035944,78.7346168441411,78.7408029964651,78.7518506016267,78.7476314164176,78.7444181402863
40.4725190929778,40.4381520618218,38.9517985333175,39.0564967740026,39.4792861846959,39.8514926320509,39.8574704456443,40.0851678471168,40.2445297334512,40.3250433984125,40.3201096736919,40.3585806855785,40.4072168754108,40.3988702417186,40.4065877127598,40.4079752462677,40.4078727006774,40.4055499861794,40.4023100433209,40.4100477576782,40.4078104028901,40.4138253355381,40.4011460089721
23.6440105472073,23.5931938936396,22.9517397304243,22.4201706893021,22.7037696156397,22.9405608815824,23.1021785672492,23.3090432226807,23.4378955864693,23.5090255858545,23.4345834543895,23.5264032231394,23.5768335529633,23.5870124913127,23.5880195639225,23.5913004407038,23.5935113561889,23.5904456918942,23.5905689539214,23.5938659482169,23.5868581500503,23.5901978838892,23.5917663754981
72.5297243680671,72.5254400451685,72.9159002144898,74.1510582625247,73.2939129045856,72.9208193701727,72.4412174815652,72.3907704804931,72.0717468860959,72.0792987471476,72.0075460885262,72.020007901573,71.9334412129875,71.9367063441571,71.9188349681879,71.9329375843985,71.9106800634744,71.9160865803347,71.9353923065588,71.9331966266056,71.9238698283525,71.9321020497875,71.9208545568719
62.9398812016491,62.944329862421,63.2375760136939,63.316585217407,63.2482475077375,63.0926389558598,62.9252954868477,62.897665560564,62.8272186276781,62.78871759733,62.7657183715709,62.7643883821408,62.7265445472606,62.7298572442819,62.7213398235125,62.7307095132462,62.719326218287,62.72538362203,62.7186375512206,62.7193082455926,62.7246174715747,62.7190964708406,62.7208952716509
54.6518801828533,54.6470569011514,54.1300854061588,53.6565450049164,53.8022330766964,54.0393322583718,54.0800022689031,54.2187678850919,54.2287490586884,54.2483077069092,54.2569098287306,54.2651834666378,54.287326087186,54.2862670040893,54.286652132192,54.2849637207915,54.2880726811401,54.2821189012813,54.2787607775821,54.2835985634338,54.2828384084863,54.2789166441276,54.2752406887992
172.890793634083,172.89076534886,173.902549041021,170.941667850802,170.50602457669,170.270808047871,171.406317771369,171.475600809538,171.785376351147,171.833252244917,172.301309159308,172.148958841425,172.227009581163,172.299242073363,172.293655106398,172.28465891804,172.291103927668,172.281578658703,172.302239954457,172.279821810445,172.290551865703,172.299737179682,172.297694743211
47.7898093660437,47.8324386658854,47.6928432754581,47.4876217590491,47.4738321169413,47.5557636493889,47.7046835353444,47.6999252501543,47.6247531515734,47.7168195806911,47.7363061978604,47.7338818463142,47.7435503486933,47.7496339156354,47.7448922384015,47.7491163120625,47.7424288367364,47.7536249588061,47.7438001262762,47.7412051983206,47.7487581641288,47.7437637632586,47.7499270711642
55.5760396347093,55.5805925256566,55.768003187971,55.9396524014876,55.7942412512603,55.7289802016192,55.6812711666692,55.6720087895288,55.6486248898957,55.6328732518982,55.6218963664182,55.6215443864385,55.6222774160764,55.6157448196689,55.6184359053329,55.6195343482061,55.6185725106741,55.6202214560535,55.6166807802296,55.6232812360341,55.6222020578535,55.6200792788383,55.624931509241
90.7113114386995,90.7022381816344,90.0748796207328,90.182174338136,89.8760149765764,90.3022958826824,90.2351083910892,90.3928316177022,90.4679106443836,90.4983892064994,90.4885989075249,90.5174529645284,90.5389698958863,90.5492166605508,90.5472051571863,90.5490308770211,90.5556523267861,90.5457148005061,90.5501079305939,90.550402672183,90.5470050595527,90.5490577113962,90.5492822542886
66.97195992612,66.9502705911906,66.6029250212605,67.8287638234751,66.8790650458972,67.1507798533258,67.1347847397778,67.0908477835155,67.2444462773791,67.0615381843499,67.0166670370598,67.0111734744277,67.028713111574,67.0106650864582,67.0131899379798,67.0165391132362,67.0161535446706,67.0085789403695,67.0191369958428,67.0149731488419,67.011472024682,67.0067547231823,67.0126526742714
64.7548220312223,64.7208039457821,64.3487590203275,62.1499082308573,62.5052798226338,63.2577469396366,63.5231926747771,63.7872066389286,63.9402511156524,63.9964228595279,64.1349642625434,64.2112696991912,64.2681876348847,64.284063446277,64.2831977320389,64.2847735671365,64.2912947135334,64.2905745432879,64.2883818330451,64.2856636476854,64.2846409743286,64.2914898313232,64.2832549010536
49.0061431353566,48.9994330374968,48.6861689825772,48.9200227761621,48.719311288396,48.7775089756871,48.8434988589275,48.8684922304131,48.8941540380082,48.8849602695662,48.9116394666208,48.9310435738712,48.9293515226072,48.9366131953387,48.9408468157221,48.936761914251,48.9400621107586,48.9449718078916,48.9390781780006,48.9386232039451,48.9389595858847,48.9398739035861,48.9391170059916
131.633983925289,131.630014161735,130.904994309115,129.166803473551,129.836474102057,130.521604430328,130.71106100084,130.952932885427,131.128290472681,131.294076907847,131.341018463364,131.382787615612,131.420798796002,131.450094472173,131.448829215591,131.449246723244,131.453525519045,131.441283026311,131.457704101625,131.447175857497,131.463496269083,131.457625838454,131.464289261413
59.5083135375589,59.5152281042294,59.4093395525131,59.2326674027109,59.1654847474407,59.1431232482026,59.1474112533553,59.1212436410298,59.2251814968852,59.2313526287524,59.2434565572238,59.2382176953597,59.2479145387061,59.2313916591085,59.2298816995681,59.222942252891,59.2310682408399,59.2230182011809,59.2254526780092,59.2228431314853,59.2164498629434,59.2134559627289,59.2130498701847
145.814055860272,145.766400292732,146.587305320591,144.07938043004,143.607676853764,143.333448613935,144.544557884375,144.722401863071,145.647874208135,145.781532315667,145.970314601093,146.090953380782,146.222421990917,146.199028534976,146.232238635832,146.218582933841,146.239674807202,146.199061528999,146.241493503617,146.223576815329,146.22406044387,146.238028138096,146.237950765898
200.557598763738,200.461152187261,196.297182145171,192.159859007694,195.216901158106,196.91319972645,198.024759596251,198.69947622254,198.74467888881,199.359479399868,199.407547797016,199.561281694518,199.62197274821,199.684829872387,199.709440964676,199.663247228727,199.678386106959,199.692133444297,199.712528490445,199.699640965863,199.699858820472,199.683252558521,199.706648982929
96.2377138675604,96.2340099690258,96.6336936826086,96.9092609957884,96.6306099009764,96.3503097079291,96.2182376323155,96.1550780227898,96.0645028594555,96.0550579637842,95.9770332138213,95.9395847418488,95.9324325891858,95.9228899356453,95.9261368931486,95.9245250583925,95.9178519193767,95.9173614830033,95.9228250695555,95.9225053776591,95.9204198318279,95.9122013005162,95.921560824528
63.8249083645427,63.8309556932734,63.4588744011931,62.7720230048615,62.9998572661465,63.01071078884,63.1840525288375,63.2484839991119,63.3378546764602,63.3617572731623,63.4019596804218,63.4253104825565,63.4282630444393,63.4382490751397,63.4408011451041,63.4429780037363,63.4367590123082,63.4364157396952,63.4342030036598,63.4312594609498,63.4360132359126,63.4327388221865,63.4381816680921
43.1746749755494,43.1855761291542,43.1491147245109,43.2299137541458,43.1080598208097,43.0845627240016,43.0255451550565,43.0221024896276,43.0104764392777,42.9835096339573,42.981555281752,42.9776173630084,42.9649554260839,42.9672592065726,42.9651479878427,42.9685211878553,42.9680313242327,42.9654291662709,42.9656643503251,42.965036409567,42.9695927335006,42.9648451171754,42.966848207609
68.5363829611636,68.5095198981163,68.1016212563557,68.3529078000919,68.0814079633006,68.3048675782839,68.4070563082549,68.3470230609369,68.3620382635152,68.4560260083501,68.4935816671373,68.5494791401137,68.5248293587423,68.5103822777065,68.512326301853,68.510605764311,68.5122235352324,68.5147125015535,68.5098964396743,68.5087515265537,68.5081032441442,68.5093833420537,68.5103707931723
89.7608564407151,89.7719976840099,89.9297897348507,89.9067312877742,89.7769936348854,89.6734280921318,89.753696398468,89.9784591162466,89.7987192157165,89.7450743079043,89.8552255722541,89.7608563391575,89.7711627106542,89.7704946842119,89.7677400144135,89.7570968378596,89.7621885417401,89.7697905468093,89.7600014978641,89.7646836033644,89.760261852143,89.764940672961,89.7611362953375
70.1243673393861,70.1101483965185,70.0073166455091,69.8745135006951,69.9376620480277,69.9175460490255,69.9482500029578,69.928815148496,69.9560855488391,69.939074690265,69.9504508306093,69.947723281768,69.948578928229,69.9407215167043,69.9484725507338,69.9410914131513,69.9413796059944,69.9482604745585,69.9408537620284,69.946818238692,69.9357876809298,69.9453528648638,69.9381572403732
73.4386033426065,73.3910907468102,71.2997823007414,72.0445830992456,71.525368803563,71.8154130994663,72.2347386443134,72.4412467718608,72.7948953609585,72.8687720842325,73.0677617179811,73.0514405915818,73.1386797059438,73.1633483876224,73.1504556820103,73.1507304181814,73.1547259909391,73.1622687946581,73.1525665514401,73.1473170771524,73.1485870886291,73.1410623212329,73.1384562199993
62.6392693119357,62.6369006344214,62.2755624367917,61.7999138281877,62.1744343184744,62.1697576918358,62.2544441013849,62.265774465111,62.2689220809062,62.2604717705201,62.2658123661385,62.2685171254514,62.2717782107485,62.2704470304071,62.2728544402359,62.2667938392924,62.2665888271106,62.2698410549375,62.2562279616763,62.2633624610045,62.2630257517788,62.2605404387346,62.2699964742204
61.9019218911048,61.8720416413213,60.4801429076133,60.6536666579733,61.0131612310359,61.1907778374852,61.3032786749543,61.5086587288884,61.5811271930164,61.5647793529754,61.5860737579761,61.5845229232713,61.6356239785816,61.647415647413,61.6442214806335,61.6435959451751,61.6369917677543,61.6301450840937,61.6335171249605,61.632834284275,61.6343617218352,61.6318035920967,61.6357402844683
126.424918387836,126.381265817925,121.425167226792,117.357448828596,120.239918496743,121.841589918241,123.142217740075,124.282525783054,124.426539478141,124.703908187976,125.232206858178,125.266862343382,125.558926345585,125.587026265113,125.629610415452,125.649489698072,125.633946193964,125.649000578993,125.630744011345,125.632420387081,125.65212320772,125.647193567425,125.656614520577
81.324847385187,81.3267272892243,81.4368299771055,81.2550445007483,81.3050616040877,81.1649505799896,81.3015283642638,81.2103032075224,81.1478275473118,81.1816261874359,81.2017390440691,81.1892304771147,81.1783167690935,81.1691572200712,81.1744676887864,81.1755955798894,81.1645958719012,81.1749152834388,81.1741334362307,81.1773085595718,81.1776785265288,81.1728324258915,81.1685249804372
91.5311426980483,91.5280495127009,91.2857870568854,90.8644769075589,90.8855367177688,90.7702002145306,91.1036927401607,91.2481204315309,91.2850283491836,91.3210564617434,91.3334667808467,91.3076025640064,91.3699206591243,91.3652635297365,91.3520120418361,91.3615571374816,91.3581945005972,91.3572411483414,91.3540724560938,91.3613778731694,91.3558911016304,91.3551155421251,91.3513468479322
44.8378224279425,44.8262167465439,44.7237941254989,44.2056495899099,44.2853598209533,44.322464068802,44.4285563531329,44.4819980700539,44.5365709904748,44.5353965781306,44.5605551517307,44.5571461824043,44.5850738236359,44.5917032261412,44.59104747664,44.5959891643572,44.5981170764554,44.5952793201281,44.5912428877494,44.5936789818561,44.5976839431297,44.5976468047636,44.5926958186978
70.9418044392257,70.9640960226052,71.3144524902642,71.0139663014439,71.1400942282338,70.8518902324374,70.7691453070303,70.6983257289803,70.6617441343343,70.6798075045466,70.6649779369626,70.6305515308952,70.6237260467489,70.6262764239294,70.6221422471985,70.6162362895482,70.6122280587845,70.6125918599081,70.604736828563,70.6140734155663,70.6006640112644,70.5972614876583,70.6010424688965
150.368678835336,150.320096635632,149.588749667145,149.271775898043,149.38961275532,149.516174756178,149.743642442661,149.932169456677,150.103767904028,150.120418480004,150.193735497664,150.162189044227,150.242087807861,150.245190146519,150.241028563149,150.238698985851,150.248446213336,150.242149880239,150.24329084667,150.250359923046,150.241563338345,150.255335346324,150.237400669333
101.925382010979,101.930181624344,101.475960616251,102.353023331539,100.822452380598,100.876885817163,101.29312118563,101.436392513446,101.341853682612,101.508478242584,101.509953194679,101.554922314504,101.649973848324,101.651608978211,101.652125991836,101.654344886025,101.649618636488,101.637243152758,101.657406549044,101.658500077742,101.654571953856,101.658866227427,101.654499898484
39.9153906309692,39.9139327372835,39.0704917984535,39.5712794046839,39.2020682492507,39.490960306991,39.5869350284937,39.7042160911688,39.76120266056,39.7559123922332,39.8301187590832,39.8593624435187,39.8885559794488,39.8907963439008,39.8966139196965,39.8900835696923,39.8924377869002,39.8904760391063,39.8919384813824,39.8895852295531,39.8937471379947,39.8945736066075,39.8930999059509
90.7304531224862,90.7379685549688,90.1587772558758,89.8027229097063,90.2550814510673,90.5122041135018,90.2682628549297,90.4412637576932,90.3098117123064,90.4373323855266,90.3925553663416,90.3813018172143,90.3981284953013,90.4081973402277,90.417883891433,90.4048755918585,90.4050060090454,90.4102967064763,90.4023070626826,90.4040655068764,90.404918996761,90.4000180663604,90.4053824373878
61.8335733770001,61.8472507240954,61.9058797988119,62.3758034269032,62.3428083894636,62.1165265684126,61.7937613124437,61.7899222290539,61.6883847666697,61.7094667796183,61.6059594968998,61.5871324117831,61.5458884737924,61.538654594916,61.5444587442164,61.5456439254026,61.5449658040336,61.5413560960952,61.5427775385563,61.5481784694935,61.5465372806085,61.5420525436249,61.544477614947
70.2386830016425,70.2435491738969,70.3873643815346,69.9060213272979,70.4795798906823,70.222964780375,70.1526372546701,70.3014788890004,70.1071959827592,70.0625099532552,70.1327925217696,70.0618685381876,70.1134163539648,70.0843407287263,70.0905091994541,70.0890295778634,70.0875387726543,70.0845390199337,70.0889787004917,70.0881914091907,70.077033506392,70.0876719975358,70.0848124963675
164.016325000438,164.010434922665,163.512219265454,162.003697056959,161.709623388927,162.313838078398,162.807601911306,163.086777401244,163.228785795888,163.276654882349,163.508396367684,163.59442476317,163.681462556922,163.724737973276,163.718809577921,163.72350549343,163.722921367917,163.737952887623,163.718598770717,163.713789037019,163.710900624299,163.716774412844,163.731274906037
49.1903887283049,49.2001527667613,49.3528970956341,49.3845794587751,49.1631115521608,49.0349311652838,48.9973625163364,48.9509347251568,48.9719957428756,48.9471568564592,48.9446233222161,48.9170842937833,48.9349718301462,48.9310169495639,48.9319679832708,48.9410389402613,48.9308687256332,48.942402958444,48.9489868676027,48.9353213901757,48.9410339327074,48.9397657549225,48.9446899596453
88.2876077799688,88.271482450625,87.4798810407236,87.4523637773313,87.8978651285384,88.0860320544699,88.1067196284561,87.9655292904718,88.1709718906067,88.1226940454168,88.1549733721586,88.1242016020127,88.1379446472303,88.1524723081768,88.1526213467494,88.1393532055634,88.1429797159127,88.1424466705408,88.1488555720862,88.1426900151942,88.1457561155633,88.1436050972223,88.1383052555193
36.9255835136024,36.9364441826672,36.9646552429429,37.1345470498349,36.9949753845635,36.8651664719216,36.9076639628628,36.8150145871714,36.8266698256075,36.8446095338364,36.8253821745499,36.8117889385539,36.8165431689764,36.8155176054692,36.8173514514459,36.8183140294639,36.8119503237122,36.8131862073006,36.8088070754838,36.8152195204744,36.8131746000227,36.8066774140426,36.8095267281244
145.849761214186,145.854309535132,146.068095833872,150.821413767458,145.985408549011,145.31391958476,145.451127233728,145.151428093958,145.504135715379,145.49547335489,145.344278749864,145.226927423513,145.3985469099,145.421825467479,145.424103371729,145.427530859106,145.428501793183,145.431213583231,145.42570079266,145.42470240193,145.421997957733,145.433700049135,145.414655993161
105.838906131059,105.846162204472,105.776977795749,105.238505834147,105.327179418121,104.983172635899,105.245192491268,105.395398218934,105.48218727006,105.42192647989,105.517055454584,105.454727529632,105.559854716086,105.540703824409,105.555989915424,105.546153281974,105.557767961059,105.546373045081,105.538972271206,105.545778878353,105.530720754562,105.531832116336,105.541741662694
117.07752419391,116.328884276011,114.932340637834,110.284207475019,110.692151525535,112.084193215825,113.682666618865,114.492376448587,114.83765886036,115.588607918603,115.856954091191,116.089172715764,116.50466837287,116.483897014383,116.520922837668,116.512172590534,116.519758797731,116.529037060938,116.525737331383,116.532357291242,116.508371203199,116.535446433713,116.515927303071
83.1827507493285,83.1663488721845,82.4170425333355,82.6308648482506,82.8240848637104,82.8581645530125,83.048481547499,83.0555191022618,83.0672964332534,83.0651868497898,83.0425422668207,83.0684283416215,83.0680813255601,83.0745934669818,83.0868146468753,83.0800680170534,83.084697388312,83.0748655829083,83.08153515766,83.0752699894528,83.0791706592059,83.0885766173563,83.0931465143667
