"V1","V2","V3","V4","V5","V6","V7","V8","V9","V10","V11","V12","V13","V14","V15","V16","V17","V18","V19","V20","V21","V22","V23"
229.660537663729,210.86936635122,213.681169685186,211.614649491769,212.407309832435,210.966785084551,218.016923962216,222.688569182295,227.41868949971,228.250265600536,230.127595012926,231.565267844496,233.103239079722,233.389417380136,233.380047378556,233.386391734166,233.377795661187,233.355228502142,233.353735414089,233.388590434793,233.382303970228,233.32065262385,233.378416424841
535.575449828721,574.147679655181,597.041001364262,593.026441520081,589.167232233398,569.673347260881,557.118444153908,546.767718747384,542.708511966444,538.96400165517,534.555830511917,534.417042561996,531.679845103638,531.553982776932,531.577246868922,531.574725982321,531.616763923919,531.581531921491,531.587838883281,531.620574273587,531.625041166157,531.670509109124,531.639491658584
201.689687956084,154.483288953553,151.992301859863,154.661033609841,160.715077120826,169.472961490268,175.344968552441,179.984326794843,183.329086415777,185.618502630474,187.174221927493,187.649869233387,189.650699432334,189.67805305571,189.682324086737,189.678499851372,189.702500365623,189.701026157306,189.686390638492,189.681870820946,189.678145831991,189.694828624064,189.715645876684
147.500238423179,117.142025058381,109.573287472155,116.155740132382,128.882044804855,136.366313023342,142.973196864336,144.627203345266,149.632098515709,153.364889175826,153.633803769469,154.649008530319,156.148808545415,156.267131051633,156.282910282933,156.271126572965,156.275666865865,156.261958790682,156.266230289438,156.240174762582,156.228164038201,156.212189381951,156.208512126116
333.741019096974,334.412312513216,325.650431466479,320.377296238114,325.83421402932,328.277279093098,330.308209540474,330.281006035212,332.899426788368,334.481380816645,335.124715269126,335.469243292096,337.18697308573,337.203462190185,337.246572575665,337.265738388419,337.201190280672,337.276406688526,337.232902502817,337.241922027162,337.242202779712,337.282075045599,337.286709358814
268.749503608059,268.389884812469,286.90065937658,290.110844675699,280.510955894512,278.646419126106,270.139121959792,266.11631136815,264.853223271823,260.922631613178,262.445063759309,263.28933089476,262.352762497763,262.325810863301,262.336606213091,262.36185572893,262.388216710294,262.363537623586,262.366656827487,262.343365391809,262.357374822118,262.359036368226,262.334669852884
576.556166558933,615.931992434713,632.282162435937,628.536835201469,635.738031582504,612.12713050918,609.515726795466,609.584336035121,604.355863561248,604.452123112848,604.236593209111,602.000011642821,601.665910472103,601.867993432961,601.90371320489,601.941497623031,601.913152282529,601.956922399626,601.924753972826,601.961456219123,601.962231687342,601.915644574911,601.906483167664
263.394341049648,251.352482994102,268.749038837749,272.672411062511,258.219806705458,261.92300310426,272.000395579473,274.365994268657,281.7088066484,286.570214350707,288.349062725405,290.823954458647,293.969468419402,293.77497307131,293.805064799831,293.788155965048,293.783900459173,293.811173505341,293.795078205922,293.803728899682,293.842263861029,293.843799267292,293.802997135575
452.661321145658,396.279941030167,372.949836338193,371.745089385835,395.647863861263,411.385934300332,420.527153958097,435.363498424614,438.029080223391,441.00341453431,442.475179896159,444.040152125729,449.493689242386,448.856420898965,449.444738359431,449.471732090824,449.440651121693,449.422259467994,449.514140794744,449.501068248118,449.475864648242,449.490205878288,449.480860086746
261.877175717459,286.696159112206,285.578303942817,288.602999993694,281.934903604608,273.513079080297,268.928674285332,266.548193796732,265.736796963977,264.9901706231,264.182022777595,263.857077494547,263.24304436147,263.17260329436,263.197999782203,263.152525842372,263.171662292537,263.112658282771,263.042505250402,263.100012868585,263.012655180592,263.001483868525,262.979156545682
202.823270366515,179.5736758559,178.074567638816,181.838150665654,191.868479450631,195.024988043311,202.163295194691,204.44061528382,206.394295086194,207.676202805674,208.441070596681,208.920382678053,209.934837385459,210.037601660419,210.082778247669,210.120074606705,210.113671925065,210.112795692823,210.08482074112,210.152201598885,210.088959883729,210.146117836098,210.139341952479
236.480909407501,206.923217791901,201.884733590995,207.757984601757,221.402725906804,227.599179781659,233.900635144327,236.562274067476,238.663534231318,239.683511890126,240.79728483395,241.076448113516,242.42992480463,242.448428933683,242.458155509622,242.467591944177,242.447760955085,242.449154292682,242.500441416772,242.507712262934,242.493826897155,242.509838028357,242.502685880183
343.598191581864,344.863262138628,340.64230756056,333.607671335092,335.063277151078,351.577068943767,350.348198789218,356.638714321748,356.147501515935,356.418050746344,358.665807313055,360.52464139025,362.417955872683,362.470770154267,362.429304180243,362.498443269469,362.467557420429,362.4715079638,362.518549925636,362.518420102033,362.545824851697,362.467786777024,362.521825063245
387.043619171296,368.206996762802,375.96930036762,410.858194119894,445.787806442812,460.42885029683,467.066483864856,478.934342176547,489.801515356274,489.477239985802,496.997293599479,496.21416033116,500.033249838266,500.028191133852,500.070271508317,500.110097796959,500.053532033835,500.111946746337,500.12493323658,500.07345718887,500.10893996211,500.101721727489,500.177018704326
254.747025584095,240.33956771264,241.135163587272,244.8104453609,250.810190175148,254.370165197065,256.261803256351,257.703651406129,258.838576507349,258.840362580641,259.208140544552,259.558589103797,259.908762274141,259.985814092893,259.971071023751,259.97579764498,259.948609501666,259.983753306649,259.956969752962,259.959503161722,259.974506311983,259.984106053529,259.965612594027
147.499828108069,194.229322826566,197.555983777568,194.435316518325,210.808882431155,242.450379947993,263.254547523097,278.721724501479,290.52032696948,298.665776808898,302.918335930198,304.939681607939,308.896851873353,309.345542534456,309.404915004659,309.484337186741,309.499976873475,309.494246660773,309.523898556314,309.550294124814,309.640680640217,309.695157082099,309.690785011181
324.463007932054,316.805804265422,310.613156503171,309.36065589977,306.980216188477,306.53216598328,305.992245874833,306.160579838677,305.56013186333,305.162809976507,305.157249399841,305.348838513123,305.243972331268,305.227765866856,305.24869398618,305.277894077088,305.280216659266,305.265793192392,305.259784397777,305.282048235854,305.29533974727,305.318393117539,305.319362152508
461.904447597372,464.122033693664,483.882036490623,492.339665182918,498.886816233731,476.86213875477,468.977467381086,463.368964003698,462.583863578942,458.663273162969,456.184851151073,454.940977073243,456.77011329929,456.900584816014,456.92028648365,456.88007779553,456.861904427097,456.889533778465,456.876522922295,456.897740265432,456.888196115436,456.830690788425,456.89294357945
71.3028836058212,62.1143089813177,61.4794991766314,62.9108624303795,63.5471028021306,64.0868988838294,64.4399975550586,64.8079701659005,65.061206838727,65.1251911483136,65.2478488643617,65.3568425816971,65.3621696909894,65.3906252021237,65.403343019328,65.3928083316912,65.3967602812528,65.4014720459022,65.394559552691,65.4036210919335,65.4021955029247,65.3992616286636,65.3932294342688
362.960742620309,357.219334651814,371.889516765376,390.412028730777,392.921913520435,389.806369496002,378.154403231259,380.245144794692,386.258293414852,380.369824540074,375.838390700015,377.103524411273,376.722222925075,376.530720591292,377.012548713745,376.989177169525,377.011487491697,376.990794454209,377.069676032001,377.026102357952,377.085590379585,377.072542447223,377.135236363285
380.06687985514,355.023514136247,329.964470150611,325.596687801355,339.323531814853,351.536587873789,359.258916068933,370.541975767455,375.958968607498,381.771184665004,382.389637556938,383.665715044558,387.698784193219,388.244201119157,388.185823038009,388.225288310529,388.214248992881,388.221791728682,388.211890420515,388.199956661122,388.231671310046,388.219415620589,388.208523523292
411.625230634552,410.071814306273,410.552477448134,414.594524273728,414.715146182519,411.510774452368,407.645266077221,409.775201425039,407.832900289422,408.334447873409,408.844988353103,408.826246846759,408.925243343045,408.991101619763,409.024919277773,408.998379088144,409.033044527719,408.989352159374,409.068012535174,408.997290555516,409.02674481604,409.014508713971,409.043815491005
181.115857197507,149.680689424187,146.253811672374,152.962345724243,169.568476413775,188.42608382079,193.977248504223,203.668514269705,208.997280444802,210.738668139921,214.203265465133,215.061127994633,218.293542593187,218.42305606832,218.461322552808,218.408630693874,218.450472184882,218.527450965264,218.524211804123,218.485895391087,218.537691771621,218.595513036495,218.586989002577
295.003009966208,209.087208003413,223.056525011812,241.855624356878,272.97775828574,282.974539794943,294.430811323651,304.124727419278,307.209444412345,309.358085763931,311.151820319732,313.12994596936,315.378275264768,315.576839173647,315.589908684113,315.574984960692,315.573583881912,315.584742599301,315.600217515573,315.610644399048,315.629915286275,315.622879944445,315.603178835777
292.223915224469,301.224210035544,310.334956147749,323.376974370747,329.120777172163,329.901759294009,334.304315861601,332.646717823372,332.754143925074,333.101476698689,331.869090369719,331.9765354953,332.254726403353,332.577554308711,332.410849629342,332.430768949906,332.477030709413,332.466784592729,332.483022463028,332.489356253398,332.550920791821,332.479965247484,332.528721298903
276.339220214981,223.560405112462,219.371296852696,222.35640512047,249.636145486839,260.563221420744,271.214954006843,273.915598673379,281.94178561862,285.697638384552,290.81587255162,292.072697016744,293.504196467256,293.4338976634,293.436060548011,293.464076693329,293.455883527739,293.492779902575,293.552868397071,293.494712995292,293.540293906053,293.55042854286,293.528245392831
733.304982287868,754.850617340056,768.996378933832,791.0371289698,797.221692450975,779.350814757276,776.277298986805,753.40655597194,740.508797255414,744.457288534951,740.916479893365,738.956621377153,735.663216269148,736.675611154518,736.684706694868,736.687905298752,736.679014117397,736.691142825827,736.822939388881,736.757964790735,736.796855494272,736.752192774851,736.83083128265
270.024539160438,177.310565213162,170.338554920652,180.85179661747,216.306106201365,238.094884969627,257.476169920729,271.970414838357,279.089615539985,281.3748997205,283.825308830568,285.697955097974,289.790200865594,290.464645089571,290.552050444553,290.622346093244,290.625132094875,290.63312915633,290.648299854055,290.615347716313,290.63677496395,290.596324788768,290.608938048338
384.204621763237,388.566641264838,381.000636988597,378.939788394413,374.725995755599,371.11915993283,371.831267632678,370.621832504138,371.282017298841,370.920883856175,370.788326089124,371.417091614349,371.512461711486,371.690479014515,371.740349662686,371.706318230438,371.720487915126,371.719045621778,371.707636578508,371.741754017692,371.744485913327,371.757401887034,371.784604198911
208.898738855792,205.065530778924,207.893323886618,208.784648265526,206.183649416995,203.96413989329,203.04711246936,202.618154243616,202.481222228408,202.071025034273,201.716509896479,201.606126299598,201.369290725901,201.298385225498,201.293865702561,201.307223428926,201.292291179477,201.237212778287,201.220180086285,201.244509862022,201.23922231153,201.189137176387,201.136597622156
247.310081276988,227.84966701155,257.17648107741,292.536132149523,337.87530485008,383.349086738138,403.566872827381,423.814368794623,436.19685932422,440.783373004732,446.848640980004,449.416348321832,453.08338252891,453.662048497499,453.778367008442,453.897618602475,453.945073777066,453.936794119383,453.939673970817,453.992918580226,454.053840002392,454.095048662845,454.053555144394
209.189747838314,185.498865059472,185.888446751913,195.562580238574,199.418011182695,210.616328044487,214.915661366982,217.064396100177,219.494723170764,221.957564435213,223.757724391108,224.762462362454,225.149765230293,225.316532686641,225.368021979338,225.351854556715,225.360864951918,225.319076384031,225.338694863422,225.355284778657,225.354668056096,225.348041981261,225.375374017495
257.543022884121,213.829139376824,210.629145971009,223.301403968594,230.734129583264,248.215586840242,261.214840947056,266.894227515288,270.684911233768,270.498079590034,275.41600191227,276.452730178468,278.6062024728,278.914001010688,278.892563053294,278.894493851975,278.880532424547,278.87991570304,278.907825199473,278.927481015742,278.906060370298,278.91796491557,278.932911080921
329.001710621874,329.609151364356,349.35026202888,376.064013856275,395.014168776132,408.102677955836,404.844908161079,413.38070154397,414.424748243167,415.54492422631,417.662101486899,418.354910193261,418.971750567783,419.307431925033,419.423746141776,419.427718204136,419.442440585296,419.453295402733,419.528629692817,419.585136092186,419.602394687468,419.657129153833,419.66200506708
197.546844893226,149.944220399685,165.235811812814,178.18818373761,168.318523684316,168.072696847931,166.670429787041,176.041292242158,172.205549002822,179.549984861747,179.825980342959,181.783973953058,184.913608469952,185.488956938229,185.440890486315,185.456092683087,185.51121596256,185.451219076306,185.435514753474,185.440413941553,185.47936298074,185.449171683342,185.483453497009
396.650924226071,379.94066404411,386.185969822181,384.198670915678,389.52433840152,403.985560874931,411.016267924443,407.08309629372,414.104736111101,414.409773447979,415.872503667885,415.218966490865,416.21671147301,416.37526153261,416.522344096359,416.479816941262,416.490476053227,416.523361957666,416.501043860473,416.487249700452,416.581082862702,416.569037078796,416.627785475579
495.809481080137,344.843482552131,326.707804164506,350.894845743549,402.028295083236,441.026469981472,465.37895454347,482.267079299383,487.20331965651,496.587863169683,501.127709423989,503.825264787338,507.500495025288,507.622865548936,507.648452667714,507.685694508522,507.645708377242,507.727548940979,507.680607984629,507.745707645572,507.793696947361,507.888749250839,507.786651106316
447.457325864106,440.068561683367,443.908485301879,449.840700326276,448.715740366503,452.411774033145,444.278657322404,446.402620953768,445.630212577126,445.166473643542,444.602062145882,445.08582889029,444.617682333103,444.899459126767,444.90958650211,444.930142301773,444.962052020219,444.921621771269,444.962395744135,444.972873479006,444.94560237285,444.982323733586,444.9804540786
326.0736841886,339.599367033889,363.877501663621,384.230462785162,410.038244731944,415.823669381698,418.108965677819,422.482004536608,421.46540449191,422.868020680914,423.44160618918,423.554615232677,424.641650147536,424.745150852455,424.784538817029,424.863669359384,424.84146152327,424.926504514406,424.956396411978,424.901513864882,425.027303840352,425.06168681526,425.076198803999
187.164667383637,150.861577266349,147.136844056254,152.550788513261,167.437289052811,174.94924520146,181.650485773615,188.050743915925,190.157682312983,192.863929481745,193.620629620522,194.241262438232,195.494873437832,195.581815246379,195.548519097386,195.536175780183,195.538694626687,195.630588243581,195.595354461843,195.605401917654,195.637690162323,195.619832895,195.643220322623
304.316797701226,296.957685926954,286.293228394928,281.512084198208,285.002798187724,285.550649007326,287.874619017284,291.396832451602,296.127771503064,296.554381642151,297.97864963022,299.498870502352,299.257527694519,299.292132961497,299.475716306194,299.524964906369,299.544431714488,299.535024393147,299.548821510115,299.528705644477,299.527376878396,299.516080876406,299.569268001981
831.112055060555,862.339801903896,869.413232055548,857.491244230519,841.774265597707,852.629323111565,856.803259922962,851.68092765945,853.08108168252,852.600070568518,854.468633823198,856.975412096153,857.220753900115,857.102188782533,857.38097255815,857.379619689285,857.461054189162,857.410357618502,857.403093386774,857.440524744487,857.467040340213,857.595342474311,857.541088854061
235.177602158731,253.76354054479,260.567253309589,275.880143647764,285.745530008395,293.587405809139,296.346018269484,300.213842215809,300.845111922666,302.666275184772,303.470478191384,303.144765192231,303.96574715165,304.403509197814,304.374825185232,304.379477363931,304.41206695431,304.389836562383,304.416418172162,304.427997012579,304.41238909968,304.418354311989,304.472468434885
183.733513951414,128.268712382317,117.939356258483,118.039246727828,141.555467042468,154.908904416308,171.834753544752,178.506519223898,182.935308094728,185.469228810687,187.849279878857,190.094465325226,190.860334952505,191.326805816675,191.336524359451,191.291246809518,191.317731225226,191.329671860486,191.324377265957,191.335342177305,191.319606772546,191.32087200933,191.345812214683
301.36947894567,297.335069345573,305.771830189408,288.838088912991,313.562402682321,336.852546372132,349.200235609476,355.346399931508,367.562206891307,377.89810669875,380.337346527614,381.228635170289,383.958435061716,384.445311842114,384.397101824084,384.481746645584,384.458868765188,384.511046359096,384.454882548653,384.481740245606,384.477610482304,384.525531753446,384.648504804751
142.079825642829,142.48693110705,141.926568688181,144.463312869373,149.685088945208,145.99096568932,149.422173524505,150.316291154325,151.497613368336,152.394546770012,153.306346583732,152.911481243663,153.613772152814,153.665983076969,153.656438029837,153.696963365146,153.697368143349,153.686237972554,153.676544094457,153.694867888062,153.704178991257,153.70199643944,153.719408408108
463.415336168095,461.046179274972,453.031031625024,447.153211754925,456.035276522674,455.789479647591,457.069861176377,459.182999033,459.103062738823,460.980208336393,461.52201448206,462.452322245978,463.399353744197,463.266561107751,463.423996217464,463.412859149245,463.437981784267,463.427752520517,463.426832159596,463.459509342271,463.444827990539,463.424992335914,463.443973424357
726.059047132045,764.680276347264,776.28664788592,781.36646300061,769.757084512014,766.686257922531,751.491810852437,743.805511629393,739.720071939635,740.180130907822,738.15909494358,738.760945066841,737.619821383041,737.379645467983,737.380661163491,737.434765475099,737.39406759936,737.359998213827,737.42365124364,737.457939009767,737.427885016593,737.431269684412,737.377184015134
131.438421978982,140.440894736422,137.406103178086,134.730351586912,130.296739386754,129.044966945501,129.046983365128,128.531080015053,127.927357457714,127.670227605048,127.685840535635,127.500132493919,127.381354877202,127.331360374519,127.338334543159,127.340279399024,127.32241513028,127.324788853004,127.350505847222,127.322172039425,127.320168704456,127.30889462796,127.326772276935
174.74953938769,165.334614907756,163.403180597879,155.595678712514,148.899619420548,153.962735709574,157.898526031449,160.252004503333,167.655893561853,170.186188457108,171.64938530359,172.524162508084,174.101543384352,174.336429777989,174.316249728555,174.333016973729,174.309365998981,174.296053174307,174.325441660092,174.283990326632,174.315238725109,174.34393790572,174.311830894372
38.3991029559187,36.1362386914127,34.8668116536952,34.7215823504134,34.3922483916631,34.436435369273,33.9341893682299,33.7382103029717,33.7463561156971,33.9595073189121,33.8831743500462,34.0451358561899,34.1404344429288,34.1449067234103,34.1331661940696,34.1319739423675,34.1432378240346,34.1514516003273,34.1377567791714,34.1357682885597,34.1378386044658,34.1393019442558,34.1404208210159
296.687390518757,288.294906820065,300.64796391791,305.972850105164,308.259666877029,303.338367700597,305.451258862541,303.284124373492,299.973658226543,299.572291559675,300.207883280153,300.812274278254,300.006199357463,299.972414223545,299.864598423759,299.91007413976,299.875587933681,299.867715733689,299.904007058758,299.880453603988,299.945722733867,299.908737307372,299.926816806005
181.934759106394,146.853698823575,141.115281333097,150.604372889773,172.885767488457,199.672489246985,214.89237639827,227.097180889811,229.967321220515,236.452296101315,238.601866356382,241.510820007998,244.707259625011,244.77428888163,244.800770431636,244.831855525913,244.808852769128,244.840525646691,244.849214703525,244.795437351676,244.866898308829,244.807977030466,244.867452986819
84.6290309781353,79.1380446269154,79.8570514161416,79.8445013708864,79.2966172371887,80.4303987876865,80.8131438921983,81.3134338631857,81.9053590541316,81.9709580533197,82.0187723326856,82.0876856998124,82.3102898888754,82.3500966144635,82.3639779869148,82.3478943968055,82.347712690786,82.345693433039,82.358082696306,82.344349111814,82.3457260663831,82.3461602712252,82.3429275392078
165.47462225546,191.411422157753,196.437931194339,189.792438045206,176.747427922507,169.714637135209,164.579109556854,161.425841961234,159.535576384078,159.10398307358,158.450990825906,158.221580484842,158.246766819497,158.163623709256,158.172234786984,158.186763152634,158.172462558924,158.174565923516,158.151981254582,158.147084314149,158.148790785189,158.161999512827,158.181111070955
199.469403584114,134.573342061787,139.352867696628,154.994995388359,200.086393825723,225.439857114989,238.941848492501,260.311532564593,264.452465674516,271.127929718413,274.567356289906,277.64412973609,280.164547541096,280.435818078747,280.515493836946,280.561952922937,280.571893481993,280.538948715478,280.524671038585,280.563842624796,280.641588445548,280.636531356683,280.654346242377
103.215753443343,93.9559114281293,94.8657038838086,97.3131244499759,101.591113990298,104.94009393436,106.009173983376,108.300001889832,109.562476174399,110.386366638523,110.70887854535,111.058922101314,111.532716776771,111.515989216803,111.519975996644,111.530623118313,111.524134407081,111.531791641454,111.524388337772,111.538386111568,111.524005963832,111.530668949876,111.525771420974
31.5476266294882,29.1553160346332,28.3385997198385,27.1907168668326,25.7334857684337,25.3223070828045,25.1246812568624,25.0383840092292,25.0297465305224,25.0462599295412,24.9906915222403,24.978653782675,25.0260617757352,25.0200493755132,25.0256798481765,25.0242906990273,25.0273680189046,25.0254600062197,25.0245339683807,25.0279418943953,25.023511777736,25.0252133995073,25.0264314403584
292.450813770464,285.437326874735,303.846806499844,305.036557163037,298.608124485269,288.603043449751,273.901177321509,276.091353728343,266.777332070026,267.661644913579,265.862849338926,266.464696720427,264.323504582307,264.262619861337,263.918241985243,264.006341256897,263.938170138787,263.966730841641,264.044743493206,264.041508199289,264.02855914797,264.065084447486,264.035968192658
246.808214024045,173.675498374397,180.687529129632,185.394229775634,207.389317327031,222.008731234821,235.009656418053,236.568248326547,241.274402944756,245.642887010327,246.398421383597,246.593542246753,248.957622872965,248.979371288512,248.998502786156,249.037404448156,249.03881655264,249.044296150637,249.023914771975,249.064753399294,249.066594987954,249.078279028091,249.058866009875
138.948256235558,104.92149308109,113.489682096939,126.96482341756,151.564987620769,170.576698545966,176.782780426574,183.976240030712,190.816691710324,192.455578852308,195.227492353194,195.947873267839,198.573600632827,198.506056873989,198.434121454215,198.637940103692,198.670461607083,198.569070376922,198.620249414941,198.614418766051,198.61991075099,198.600756359892,198.545782879772
712.910385310863,707.044150444813,707.332030369745,712.82751161096,702.276925605085,703.630952740958,703.895255885522,702.771785468214,703.483950171659,703.564552753585,705.613969435849,704.084688228654,705.155871003099,705.632553251628,705.736717681409,705.643262168182,705.623506420725,705.762711173111,705.731141757836,705.702883375212,705.799736559502,705.823308678931,705.71481288852
195.032181177238,168.846096459766,164.993456045156,168.051354924695,173.404756819872,180.514127535709,187.179120578268,190.390419923121,191.213750737176,192.883470483502,194.983541794273,195.157213890053,195.884449320331,195.947337207058,195.912707127665,195.919918663414,195.927508611004,195.95036808021,195.906973956881,195.923892574088,195.926960978303,195.963028167505,195.947206445943
180.828794164234,170.671050568462,170.304046049596,168.972080535738,172.54789037337,174.708977952486,177.014867531983,178.161937576868,178.784419730083,179.666416221492,179.58134198432,180.314131828743,180.571051003853,180.668157778442,180.664816927267,180.669292893158,180.65763776395,180.68173731373,180.701429980332,180.685653034698,180.684200314883,180.658058754701,180.670878422001
355.20617750034,333.963447048473,338.138546145672,348.802277249669,348.429396146284,351.105830291993,350.42341605327,349.991655303961,350.336079213445,349.773670209823,349.955000406531,349.732051608764,349.72329118976,349.704368932234,349.768933812786,349.763043237327,349.758640668824,349.822566033922,349.800373657833,349.779862469467,349.790148619929,349.789877743204,349.811729968747
216.352969238318,239.488215713689,239.648543936351,244.245797992447,227.519746003356,223.401426989228,214.666840883178,211.715393441348,211.646217304721,205.995242523218,204.849665710548,203.941910006968,203.272835201195,202.835071178125,202.950771389337,202.973557322736,203.003788972229,202.959157159539,202.975599718491,202.971435162631,202.943332308298,202.97735295313,202.989652892501
202.219404266453,150.902181721891,153.823437357382,176.485193364289,199.398641520538,211.549399881595,209.780220651001,207.809175965887,213.223123008152,214.536950331681,220.385509020127,222.56353785198,225.797203962726,226.398250780141,226.40781958471,226.404156721158,226.4597776277,226.445494193167,226.464746137799,226.462797625,226.506751127766,226.495576436528,226.481492986156
162.548499570676,139.616123434219,131.190997302831,136.620217611038,145.072787527253,152.654287265947,159.991271643943,163.825891420099,166.021155644003,167.088375130417,169.086613102927,170.146453092306,170.870640454832,171.004711371284,170.993446402775,171.023916183479,171.020071001269,171.015834083672,171.018973480607,170.998225571034,171.021849882363,171.029937003379,171.02617806883
469.327299296053,476.223641982435,462.167958791154,450.652843855984,449.730458306286,458.726117164977,450.78298810631,458.950171004045,461.255490482832,465.909072383281,468.583146196247,467.505249860217,470.117887049968,470.168497585353,470.225346723551,470.181556143497,470.223546687804,470.20755308756,470.235127815551,470.183250948799,470.250602209736,470.24206122482,470.24034167349
222.776502717885,212.577295961703,204.180283641437,212.526488902035,215.165088587671,216.516209825977,217.497205694038,221.396870077885,224.704031663279,224.666630606882,225.962213796276,225.998932595856,226.435312818196,226.374367115791,226.397957540868,226.403334302087,226.41969877789,226.402244200099,226.419841029233,226.400633428648,226.421243445413,226.441353703136,226.463214962181
517.522906235204,522.055744238316,548.974015306633,575.843794440936,588.739914205855,560.970519150484,566.771692218471,554.336400922606,549.852505027992,549.198359637395,544.262034057677,543.880266275875,542.545854890224,542.142169262357,542.285153414984,542.241089014826,542.342701890357,542.242237752508,542.360653573915,542.25475432998,542.341711706984,542.405980166145,542.447881848737
605.963337227632,641.927189943283,621.415805848765,650.797856513612,696.165565010007,723.312963652215,737.208280026936,747.144256639407,747.05803184133,756.042920858983,755.365615543624,758.034725097176,758.822847638571,759.48705830165,759.49649073991,759.387281737271,759.384411242208,759.423311458756,759.573488634715,759.495216120318,759.476001771365,759.464340430623,759.565444100187
338.481619344696,295.333499977391,287.91719436998,305.786445811378,320.106817503794,326.523199839117,327.298591525514,329.285395022757,329.50840335585,330.228876023906,331.443887327298,331.965739401694,332.49140267086,332.51242448425,332.505522324861,332.509589486528,332.483622423752,332.4877292118,332.520051001023,332.541076616555,332.489992566997,332.481852650267,332.482174953656
196.562867437889,148.098406991145,133.329793292179,142.813253147671,145.99459172872,163.953893198789,178.519408041238,190.420557328415,201.466901416662,206.354048760246,211.681753729828,211.780088541642,216.543335558982,216.718003300162,216.990518768188,217.042933624152,216.998097723141,216.987376733013,216.996678641712,217.037217299458,217.054948312008,217.081157989621,217.133710067432
148.17878201161,165.542343419007,160.434822847456,156.267049679657,146.739685852566,147.765399324067,147.660807068861,145.261976622495,145.740993226972,146.253973471214,146.557210009815,146.977731650449,146.789544725499,146.935303604497,146.982785388032,146.953598090478,146.95193923308,146.940121681566,146.962703905762,146.961965876558,146.978455885987,146.976617727463,146.979059601616
211.590957378486,215.144556889215,224.269757479516,233.710909311117,233.673999037033,231.898860387675,228.950592617535,225.859136552518,225.67531597055,225.556473662694,225.314147335335,225.746150528788,225.041072649241,224.789886797744,224.780328817362,224.804381526473,224.832537896636,224.758923199437,224.762745528551,224.780332583545,224.746787287617,224.74885712932,224.723581573951
357.594053570921,327.879853343795,336.40993494014,339.2435310531,351.282322657485,351.224208091939,352.439845108413,351.273749244865,351.789718085644,351.708504681498,351.059804770558,351.02297427037,350.296848462337,350.395560780661,350.41102444599,350.387730545163,350.429681217245,350.424185421488,350.418319653724,350.439117683227,350.425657300144,350.405375179471,350.4229084126
253.711433665629,244.434641761818,253.270476565962,266.96819635692,270.496612548346,270.560925206452,271.393724365635,270.91357025533,271.132665405994,270.758415229409,271.235637904645,271.250103195202,271.029770003886,271.042017602242,271.029952837264,271.018532835345,271.038874260242,271.072656614016,271.021191255267,271.024965136148,271.01789456117,271.061019211316,271.086282390071
226.06169045491,175.133878053379,182.658903115755,194.397139259945,211.913051468945,225.356070716606,236.794793510543,243.183218781354,247.448170077998,250.906262813841,254.002556950597,253.12854713334,255.896835541565,256.077068757992,256.026945778082,256.055067971919,256.061937151147,256.054312516395,256.052721407537,256.024223760768,256.042866660739,256.054671540572,256.003516889927
172.283286105554,158.282406093157,165.993884894073,182.922136692027,197.407679650602,203.414118496836,212.247043395079,216.095038141844,218.151092698985,218.07109591277,220.477591051782,220.611174718489,222.153068142723,222.139239239452,222.155450714146,222.182294866127,222.135613016453,222.142912327875,222.112450849901,222.148476660272,222.176059294544,222.156308590272,222.192699522133
206.71620426025,164.958708295697,162.140683793646,167.030502350936,182.339475415361,191.015969128759,196.845002772568,202.473671559191,204.164930434519,205.961871883777,206.943947139848,207.62062167716,208.663688485141,208.827803333419,208.834964395643,208.783278720307,208.801290190564,208.779882202412,208.805229601454,208.783130194827,208.741625646809,208.710996381749,208.694136874114
278.16159590314,264.093091098005,316.519866766723,344.479735441975,398.948871117374,429.34024857063,437.324969569943,446.491853582685,442.234988501557,445.787974396872,453.926219207103,454.575606797153,455.884662465713,455.994547420278,456.62355824442,456.674233906681,456.657856525188,456.676745885383,456.588586356106,456.638327715611,456.68436362229,456.706869784462,456.77776622947
312.975154147202,273.576738462407,280.934505241375,286.857148962287,296.612550724625,303.517715532324,306.340744095676,308.796660797094,311.087005676863,311.154427142679,312.154732000907,312.582623807846,313.026902707851,313.193295611953,313.215247270672,313.234510413273,313.21032284835,313.246565346729,313.23924842473,313.228470695075,313.253112861223,313.231066377026,313.234530417887
354.515185064235,333.698783771736,329.112111650124,329.006394703125,328.744713310341,329.326197749901,329.197891645675,330.894120772796,331.648006659029,331.774664548542,331.978808193693,332.23906002837,332.895284990821,333.026452323952,332.948525554929,333.029464651147,332.976097246607,332.977317890245,332.989596669391,333.006734704786,333.008592541867,332.998574393397,332.98490386576
127.43298848205,141.761903462795,138.346900594132,139.281087702419,134.680137262291,132.426565131517,128.553803264096,127.26168707411,127.76365591461,126.893489301094,126.657665676828,126.755515716963,126.87370031859,126.906703837177,126.915163503944,126.927643659774,126.956436578154,126.917382730812,126.914959570563,126.897445690756,126.948612557606,126.945691337518,126.969151499573
234.915357385784,293.833636468303,283.408434572488,283.992163562136,267.725566783477,249.098634594153,238.70758349736,237.035543325122,234.872794981208,234.252277778744,232.59631109938,232.109086528987,232.108495306586,231.793593506811,231.885848410271,231.797448719938,231.84544598304,231.767636962296,231.768849270799,231.772239329233,231.683032247813,231.60779640603,231.595887717779
554.53364070918,565.967704580496,556.089594342002,560.324125869704,554.061462619202,552.133172437856,554.924195102096,556.262733501744,555.754349438096,553.002118069034,556.189648149514,558.553704638451,558.343135989508,558.543969446113,558.529724911705,558.581612784353,558.615866802191,558.61652320798,558.585604995304,558.643259852198,558.724948247439,558.715120193779,558.708125117125
360.541023650881,287.660935507601,291.97474977421,302.838373356338,326.02075405636,329.867806992937,340.174760543747,342.331503641631,344.140913351767,346.4339129063,346.621674898838,346.788000266796,347.986404149578,348.119372582105,348.155081350936,348.169549719825,348.210952456718,348.160839890759,348.202582496704,348.25980010127,348.236033522975,348.261806889296,348.205386497641
88.0211196624889,90.4509176525519,92.2473230672492,90.5404665180901,92.8327672034838,94.51125294921,94.7063944037445,94.8144192050947,95.2870380338627,94.9070747550835,95.2739796221452,95.45371334904,95.551618383391,95.5899752143142,95.5824465924695,95.5488008317052,95.54568515922,95.5640567574714,95.563364959418,95.5550976577338,95.5666965366195,95.5591158172662,95.5776221641028
337.937264782575,318.916925686834,328.460633900934,331.490761213454,337.162225978498,349.63780897402,345.677121358284,348.916454024838,348.273417759138,350.785254000535,350.116579052889,348.933576119355,350.771733651205,350.948739567661,350.972055177004,350.897708900552,350.959585040307,350.965412590578,350.943701898715,350.965519331561,351.014313763817,351.044870143399,351.093552986959
211.637413558781,187.431942538224,189.881401778887,195.251461999061,200.835280537311,198.204432296256,197.948473908072,196.669778137758,195.44770417319,193.673595224127,194.136377569554,194.285818995568,194.129175917852,194.191327085796,194.190096244156,194.161262006359,194.163307890524,194.193151450547,194.155152805172,194.136634466974,194.173549610168,194.166602092601,194.153534767351
297.491467104229,287.770727786746,286.624385612132,294.362821586471,293.444399004747,292.792353880712,290.654649722839,289.841094107542,285.617905845129,284.503764098279,284.63200773351,284.531331473595,284.980471822523,284.887501101991,284.869934118581,284.901934486489,284.893160725959,284.934534733634,284.97603625485,284.906304633856,284.922705856183,285.041413077114,285.087841407308
648.643329990096,632.580795362033,636.34102535883,635.706451080886,623.960310952334,639.184203986093,641.514840517967,633.181524304253,639.258639706834,632.6784995172,635.99220874973,636.700074608966,637.722670396998,638.182269313677,638.189817845252,638.269612215655,638.312491125738,638.337112351969,638.279815268347,638.294974898958,638.308377087771,638.322244499049,638.409547436427
172.389237222783,141.185893842697,137.817114883601,135.084115504052,149.627874206791,152.426821651609,159.807018392181,163.628652486299,163.46890056429,167.420032017974,168.90307888578,170.550572908501,170.915828838192,170.948444183836,171.049589312074,171.079521799854,171.003929297491,171.034986156483,171.044016408517,170.958300072021,170.948485933795,171.012676066536,171.021114717663
336.454264826395,326.309179321242,329.177164901744,319.304637637838,325.251834203335,330.894658447479,334.487305520806,332.762751204058,337.40895041243,339.678024573564,341.204736015695,341.771897564323,342.820306310253,343.028094523463,343.016447641136,342.965026733855,342.935471033178,342.965485741099,342.982966075628,342.949449611493,342.985144014315,342.93786187994,342.914791308171
118.553166307359,118.987770495549,113.395292157333,108.455579885142,105.495917152985,106.764577833201,107.19256728019,108.276966228403,108.74042486527,108.448129677129,109.027190115441,109.151856112423,109.240295299044,109.28162366075,109.309227297011,109.305389610275,109.305537983517,109.304497195184,109.287159186019,109.311194313436,109.310810624025,109.295635670449,109.3092988496
529.673483035948,549.673349567237,558.616923596795,555.395758921217,561.257607686943,544.374651068522,542.530091129907,538.374612648662,541.028428595226,540.57340362537,540.070189474152,538.436624994299,540.726929349301,541.160385591681,541.183341527172,541.244107389869,541.215739521431,541.22644147389,541.219647123584,541.233704705618,541.241393507248,541.288360182709,541.236579654615
371.118096502147,345.129672576059,350.213250052853,359.506152320848,371.569303364763,379.915801176409,384.154510021914,387.057590148991,391.244690873286,390.12480660325,392.846947977515,391.823360231103,394.223264950636,394.201326762352,394.263315172768,394.276365165555,394.31162427683,394.249350156879,394.217818731063,394.264037994212,394.230069800655,394.243193262475,394.329562458127
381.21040697954,275.358036695589,307.506833484103,326.237410221846,386.136268395306,396.775321899527,413.199458156467,415.313887996153,414.685829078562,423.138996406385,426.378924393092,423.997336437711,428.591261514283,428.637999013982,428.768898014737,428.6777742785,428.757196648656,428.79193532114,428.806703511089,428.827413161085,428.726570815034,428.914262471253,428.826715723739
270.890815504845,289.927818072335,293.378760737765,291.707804677993,292.175005867429,285.558978154603,284.219339257993,284.278078510196,282.296351774547,281.454655734595,281.770389499678,280.780706811341,281.158451181173,281.295351030704,281.337426287843,281.333508656541,281.28076132609,281.324123288352,281.298338735674,281.293012476815,281.300898524478,281.291069262922,281.298060738332
