"V1","V2","V3","V4","V5","V6","V7","V8","V9","V10","V11","V12","V13","V14","V15","V16","V17","V18","V19","V20","V21","V22","V23"
49.3948094640351,49.4137832857229,49.0265368523971,49.2012709993433,49.3427289486593,49.3468109930347,49.3419026319882,49.4162086751001,49.3713715822637,49.4463740917618,49.3870000771578,49.4374041120177,49.4511441155441,49.3665074698789,49.4601477193823,49.4221380829054,49.4764550404594,49.4119419696185,49.412790661783,49.4094703376052,49.3677345080251,49.2430850765131,49.2826206390448
86.6927290799409,89.8032505802078,88.858977184361,88.8572898247278,88.8769735076496,89.0334303196588,89.2546140837442,89.2141308724296,89.1960759191116,88.9875278777228,88.8505522340921,88.6540450570327,88.8755282609784,88.8278566703954,88.6806287742004,88.6746908218801,88.6915146516317,88.6227118918,88.6230401778477,88.7173667126124,88.7194162401158,88.5903815004229,88.5278067445539
89.2677291463835,89.4524826863325,89.2824534729074,89.316811048556,89.3228143944412,89.4692506595823,89.6237105771678,89.543701928384,89.5993346525006,89.5935212469315,89.6318683246525,89.6200311114183,89.6379742562923,89.6395460536958,89.6422936493264,89.6238958160643,89.577848902695,89.6147916939957,89.6808743534106,89.6201159849151,89.6382511558146,89.6350196933553,89.6366771049883
120.523971773311,120.610716592289,120.682282797259,120.55065011894,120.545292797473,120.552262682341,120.570982244435,120.519490079971,120.533391181936,120.477150736556,120.431096923323,120.408425246884,120.418301540929,120.413465291625,120.461847201688,120.231363275734,120.3056582459,120.317583553867,120.293223784163,120.243425254951,120.255824317948,120.36849439954,120.376104901466
119.476104745029,119.332346132233,119.336471637358,119.211419880798,119.291284019126,119.229123794216,119.215539960348,119.141217054916,119.020736195951,118.947193702808,119.033418291341,119.250813521703,118.974456864211,119.031474060521,119.209198463832,119.050102622957,119.074834747562,119.113198630382,119.140210745973,119.24524903167,119.012987425857,119.140265908599,119.04550290757
99.0942117375819,98.4450775633491,98.8567579220144,98.9123858738891,98.8274746470852,98.9742997747945,98.9395390402223,98.8270258552899,98.6748340892504,98.7752869646363,98.788344578314,98.7506815068909,98.5841924104018,98.5531204987331,98.7690302311733,98.4529544694018,98.5705125407386,98.5173521246439,98.4455357205241,98.5760291460675,98.4224316682964,98.5199926187039,98.4547020813924
54.6823607650563,53.6490412121246,53.5386103506928,53.549713854425,53.4983378165242,53.5272753495732,53.541404620526,53.5011737400942,53.4772043950909,53.5121764608019,53.5039737059547,53.4903494731232,53.5298219275717,53.5209212628672,53.4665516308888,53.3941320811753,53.3865546756805,53.4281308519481,53.4838174920651,53.3633263148267,53.3559316270225,53.3448773220506,53.3817271960583
128.204502588489,126.923271722311,127.032379371621,126.036532428577,126.461085756877,126.576811073066,126.92234776371,127.12789732165,127.155083178664,127.169482641617,126.826084708516,127.02331145412,126.834842768648,126.795020290666,126.851715713106,126.932321977498,126.894523835045,126.902942221816,126.761177177265,126.927427205668,126.857852905834,126.856314755679,126.841859066241
63.4154668180304,62.6504412423554,61.4782400567025,61.8975970923471,62.374378360683,62.7912308950063,62.8228059276887,62.8263687237843,62.8047403509948,62.8132639064655,62.7820118110414,62.8018700799322,62.7469862912182,62.7676380449822,62.7466181046506,62.6836228889285,62.7496584301535,62.7231182329103,62.6980708243146,62.5958074560373,62.6400947899216,62.6258945459712,62.483741568175
144.761567903231,144.864706682203,144.1570668196,144.267229596349,144.620899919865,144.619469367973,144.750408600003,144.521697437242,144.680513395821,144.678073563235,144.59259718185,144.638225465283,144.70055627862,144.631216671372,144.390858280323,144.60850977214,144.533078447635,144.394729337407,144.705412760159,144.436307313502,144.446475164975,144.502236872148,144.686510752846
60.9429393776324,60.7199063461601,60.7829898288639,60.7719959434724,60.7356103690809,60.8145289115757,60.8515598474475,60.8720912550829,60.9254564798013,60.9373387428345,60.9410170634518,60.961853668723,60.9627253931571,60.9451195197837,60.9703881874933,60.9777833617155,60.8859622596071,60.897977378516,60.8832576840595,60.8092302018333,60.8381645420113,60.6599318982204,60.7182592732641
65.6036692128184,66.8303470529118,66.8562969236057,66.8118270708026,66.7865045850322,66.7460558132063,66.7662530976918,66.7769771493753,66.7061807384467,66.7024501684825,66.5750926908348,66.6190494818221,66.7296192011433,66.7513073327881,66.6344988046014,66.7239112643876,66.657783555039,66.7739206500656,66.7368963655104,66.7523431353516,66.6969956301221,66.6696727858132,66.7126256533766
27.8418894122934,27.8907855541038,28.1065200038177,28.0975911973018,27.9308562419268,27.8209429937989,27.802423405023,27.8246889788763,27.8303496367083,27.8232827642293,27.8277045377013,27.829392337861,27.8368684965534,27.8282166112639,27.8210259762588,27.8394921837982,27.8257155086148,27.8267553538879,27.8398042933472,27.8329719443529,27.8099248286002,27.8104825508698,27.8282418066599
94.2298688914816,93.137722967176,92.9484789027339,93.4637405918513,93.0186984386262,92.9255886255441,92.9241748307058,92.9865447613815,92.9808354424038,92.9291733901625,92.8536351819013,92.771018707527,92.8696490054967,92.8324989910933,92.7555952556541,92.8396552725684,92.6898662960383,92.6916803343184,92.8357383607703,92.7750280904403,92.6254993363878,92.7810240648551,92.8109376057958
142.147598440698,142.252281225579,141.425809601956,141.226158330318,141.08343597021,140.987872608691,140.953807346496,140.712154499207,140.780447768832,141.027103991837,140.968752800551,140.951039078464,140.866809400025,140.853166734464,140.851204185708,140.899531563258,140.94062465673,140.684709974663,140.691128601743,141.009501791839,140.743996002268,140.893726091988,140.569691847641
50.6184869674075,51.0232654547981,51.2980176519454,51.1278344586196,50.9354304798805,50.5524449853489,50.6255965980998,50.7444840097099,50.6548664373748,50.6935990289416,50.6770582301927,50.5794195518398,50.608331687754,50.6185873347612,50.5975092141791,50.6942476712828,50.6544011978485,50.5967794794067,50.6538589706315,50.5752894425999,50.5290745458498,50.5807915027364,50.5601381566862
78.2239449552925,78.1476176712896,78.0864636124265,78.1227830535046,78.183109645175,78.2210749758569,78.1080205245128,78.21555381623,78.0179652553824,78.099390649954,78.2051433732792,78.1341264422253,78.0294049835361,78.1471296711336,78.0177879808494,78.1325632537596,78.1080905028408,78.0783120127637,78.0529891743084,78.003798273873,78.1015180423638,78.1303183883472,78.0931711874654
183.872286226396,184.320807276278,184.205532285664,184.241206143158,184.009436998757,184.081061246241,183.889718081782,183.684663521075,183.811189192782,183.820846748548,183.698063118007,183.625565543711,183.724835840974,183.665937935937,183.515838414776,183.611246456031,183.758930445756,183.617455830391,183.536575015012,183.665311777043,183.54750393694,183.567432247099,183.473150370876
96.7647230896326,96.9520443693747,96.8019092752672,96.8452339443779,96.8515191875466,96.8445324238233,96.9193307735708,96.8620348383085,96.8909010687187,96.9406468847856,96.8927927861535,96.9242485357099,96.9332866739604,96.8229079302258,96.7637239455202,96.8562453673338,96.902681901443,96.8724261409932,96.8493182673739,96.8441871570745,96.8162585709127,96.7192368056376,96.8699986651462
47.8057522057841,47.7763611901427,47.7434113873519,47.6211573998317,47.7053911554785,47.6900541202238,47.7003222275426,47.6874965850585,47.7077907731063,47.7207805500701,47.6993897999932,47.7092385953152,47.689225517193,47.7029873518564,47.7019956124689,47.682583120633,47.6520509055035,47.6736726143414,47.6765579623303,47.6602463406955,47.6398053852997,47.6015708967606,47.5907014074334
122.289926684628,122.195095090062,122.387305729094,122.547598872779,122.434808209688,122.576609587809,122.515648229884,122.104876573607,122.347858050778,122.407087855686,122.276257895344,122.379068513077,122.19186997721,122.417502135333,122.331116605455,122.179477190925,122.313935985391,122.457305903394,122.203755148014,122.345268708898,122.301638150452,122.247807097657,122.299074994863
70.3239654306466,71.1160183813248,70.878895563671,71.2522345663689,71.0588427291338,71.0905038024304,71.0598852242762,71.101390804813,71.0409091742993,70.9589636733249,71.056664735771,70.9647730676931,70.9579648668598,70.9928937726193,70.936379203184,70.9291210658318,70.8781622697775,70.8605207821388,70.9663681009756,70.9204709967955,70.9064060384208,70.9152846930033,70.8888208945449
76.5756399811913,76.8700846034677,77.533158525991,77.498202162595,77.6265379421771,78.1501195079129,78.0380625198918,78.1396447667972,78.1830385234537,78.1649240023991,78.3700541439404,78.2571091904658,78.0875070611377,78.2133823399239,78.0585164376587,78.1903204336417,78.082010896359,78.0389311600164,78.1126910999484,78.1009340012521,78.061234443163,78.062976025688,78.062613140557
78.2848559350039,78.0556397786483,77.6378919819021,77.5458956292047,77.6209357526698,78.1284519798512,77.8533237348389,78.0839419001239,78.0950194175574,78.1486056831238,78.0725073130766,78.0842291226932,78.0698810313943,78.1304687868562,78.0369402507472,78.144397750758,77.999429527847,78.0106651075911,78.0954196017728,78.0699596305027,78.1065861212506,78.0822789487339,78.0087102517101
112.612930175937,111.852661284334,111.532593171449,111.287380164323,111.553088869657,111.361034387802,111.428301668148,111.32543430282,111.474214393796,111.287048258278,111.483205999484,111.432958004908,111.316947640214,111.385722973742,111.308922896948,111.572954310861,111.473072986316,111.15548578818,111.284516398362,111.375137799773,111.362939096942,111.341910786179,111.475658318942
56.8908569980322,57.1913902170779,57.0776919717587,56.9112074843925,56.9199531854848,56.7423918752441,56.6646289217762,56.7372591189622,56.6985590095746,56.6880497351294,56.6804878311666,56.6974114019624,56.7016760060004,56.7189624312484,56.7081862727055,56.6518633056535,56.7126442769112,56.7133473944542,56.6521767491476,56.7054738021492,56.6974915525857,56.6753476134373,56.6406489898807
110.568518968573,110.820574460225,111.359391134359,111.153724708789,110.987166273932,111.322801503693,111.109885477819,110.848971765561,110.874699620728,110.742258361245,110.74637549673,110.864799599575,110.79205378395,110.77680627036,110.841143963527,110.88931714689,110.911027658822,110.908244443546,110.62645045944,110.725291378655,110.743049485687,110.770386241437,110.864311467961
68.6611681059009,68.2881240705606,68.2686785494898,68.3592809590849,68.1880167362837,68.1697911667975,68.128870945616,68.1353515246568,68.0897247694379,68.1482791150203,68.1016078409835,68.0408665673255,68.1385454495949,68.2302600309521,68.0569111717302,68.1216569341808,68.2134386984611,68.0292489640222,68.0466152637876,68.1581415330211,68.1673958670167,68.1253944420965,68.0971393010985
156.268117364785,155.930619254692,155.901299344796,155.779678302394,155.85108194886,155.821234689538,156.022649767449,155.655753897393,155.679464137141,155.55627303114,155.491414053055,155.588247976323,155.695025784616,155.527370616009,155.695055804246,155.414967639734,155.541917865758,155.539278116817,155.523473118552,155.458491672134,155.310763226044,155.405727499857,155.43082670539
125.349130572224,125.202729005134,125.396160344348,125.097940260596,124.971462887604,124.855347593107,124.886755894176,124.853127078682,124.879636359792,124.981693303696,124.895281703958,124.788818313248,124.727090844522,124.74234341422,124.745357045457,124.749731846885,124.801047749811,124.821390080437,124.735905359013,124.756585195224,124.706942855372,124.73364498472,124.666413506065
98.8036951628875,98.8029066695854,98.7457707633954,98.6590253326031,98.4918464508918,98.5906941681941,98.6278686691909,98.5895945754514,98.5461441698106,98.5383906244559,98.3884632622536,98.4086998340644,98.4402714493958,98.3817732533495,98.326340303351,98.41724969538,98.2727501004241,98.1487979809705,98.2405738774117,98.3522962933463,98.3153427302161,98.3168523246659,98.1917683536857
100.645108504564,99.9660555909772,99.2508058337381,99.305851799416,100.162528135909,100.711287129008,101.27045387641,101.324011004205,101.583855363263,101.400257817049,101.526845697103,101.39963116846,101.326597636878,101.338204246551,101.473364272612,101.381018776434,101.46458844361,101.574055649216,101.417044314485,101.395433031198,101.416722524364,101.463436466762,101.555859670575
76.9040483903331,76.9810641252265,76.5544846866547,76.7080899635432,76.7255707659419,76.6856892932549,76.6675100324026,76.5626557395705,76.6143599841641,76.6832922569768,76.5094041496534,76.5438608589661,76.4732591052742,76.177920096366,76.2696332115266,76.2605071244656,76.1866397183652,76.2488787494171,76.1713527956544,76.080563245874,76.0163925846066,76.0710088822591,76.0485330487959
60.3512037491045,60.012332312594,59.6736506176259,59.5777320289894,59.8743231773954,60.618072429691,60.6157780824353,60.8053732945356,60.8479811907773,60.8037101134403,60.92876754799,60.8062881162147,60.9464609385688,60.8560093706573,60.9375539261055,60.8723256558932,60.8029315529137,60.9156180837225,60.7933173375521,60.7714348222092,60.824715356322,60.8275789570962,60.8099925178159
86.4634732077914,86.4719325743624,85.2469690665245,83.3049176663086,84.1474068255781,84.9258515033102,86.1829914433881,86.7185938627911,87.0078631164798,86.9693027512605,87.086122431963,86.9944528419472,87.0651797554251,87.0025813050856,86.9580632258083,86.8781079934969,86.9553571070607,86.8282716277109,86.9152608317435,86.9380410207364,86.9677972537049,86.8439330332287,86.9264633434283
95.1224509776749,94.7693522463277,94.4830356971843,94.4940773905006,93.4914670932816,93.1033740040039,93.2039937307402,93.2228297816157,93.2472924885944,93.2923396277445,93.2494628482953,93.2985689438663,93.2890590969646,93.270571998381,93.2257587225184,93.1994700729342,93.1753084306753,93.2061791351296,93.1728826515217,93.2692567777787,93.1875977387273,93.1035999183497,93.0923291103646
77.8669499421748,78.0002619256688,77.9304354534282,77.6802158817416,77.8036725718422,77.7757017554541,78.0838421611582,78.2094800726697,78.17686841558,78.2774179148802,78.3779716339398,78.2111026700879,78.2345041654756,78.3213401140271,78.2960944093246,78.1499302025263,78.3341466485028,78.1302871233458,78.1131452420009,78.2187629213058,78.1724580808716,78.1665284482384,78.2198704402639
77.5661416175093,78.1661163199562,78.213278130726,78.1519124205337,78.0861077620436,78.088393438773,78.0974587813004,78.0010737822359,77.9312238422271,77.9635597471464,77.9143362657889,77.9674872302514,77.9614529505045,78.0644378178614,77.8252505686058,77.967189633664,78.0519819429098,78.0041042008477,77.9245504441468,77.8989887164366,77.8815381394001,77.9693123982189,77.9619237389011
123.792372021914,123.192004548368,123.102316217837,123.030064422076,123.207919571465,123.157599430434,123.194981458034,123.229768315448,123.098180822668,123.154586025561,122.893171454023,123.12763186877,123.140982034264,123.17624920278,122.989360304468,123.070937042467,122.994081519361,123.044334028571,123.060059022818,123.078340023351,123.06985152435,123.167132460063,123.104331386309
95.6535564472872,95.8602934834069,95.639141998121,94.3423382259251,95.0043038323439,95.6378203862402,95.8577897902546,95.9601368534814,95.8605474849434,95.816859081221,95.7389354540055,95.9142044372698,95.6454280048007,95.7809159945767,95.6693550336662,95.5749818863825,95.5860249773294,95.5500180134349,95.6752982814211,95.5302554864291,95.6643074214709,95.5119312369077,95.5702327345619
69.7052645917895,69.6510352394631,69.6095521756949,69.5704445535286,69.4403186763431,69.5345055805546,69.3663949750289,69.4550621208947,69.4984515568845,69.5681989446322,69.4581686884147,69.6412241475909,69.583899102822,69.5305473222007,69.5531469692425,69.4976742749062,69.4937286343303,69.5050517994308,69.4826687718457,69.5459963071453,69.5073638913834,69.4197929492456,69.4421570958346
187.855623616141,186.578400454214,186.959200217606,186.704427668465,186.651954156387,186.651173354273,186.548955884967,186.631457388676,186.408241671835,186.51833434011,186.614839015963,186.357125477474,186.603369155815,186.348989576632,186.731552731476,186.543314822745,186.772254201902,186.484517660261,186.751602482649,186.479834047008,186.554969145927,186.590985592868,186.534056635943
173.477331739682,175.057087111201,175.278243144415,175.856893927527,175.186240348868,175.365381848845,175.314753260527,174.859759452606,175.564966327062,175.411351913488,175.428865245266,175.302681415618,175.492595055684,175.381667851817,175.565833257852,175.708905311668,175.595780872382,175.545075892007,175.446272791264,175.598550787908,175.429279026737,175.447221908009,175.537747972731
89.0893345468117,88.4306450928461,88.6598979855772,88.6946470669833,88.3248182552315,88.6301203937395,88.8217566672128,88.4080522622703,88.6088404786409,88.6416884053752,88.7542860748831,88.5791520217558,88.3603160942737,88.2562660230692,88.3407173831145,88.4689198784955,88.281465684475,88.2205122572254,88.0808005569211,87.9558690613455,88.2392341658955,88.1540580913632,88.1128073503015
84.3524039286554,85.0340325115879,84.667467070533,84.6632747427201,84.8183495670797,84.7632144694501,84.6948985968244,84.8653591376709,84.7545836006362,84.7339759174234,84.8037423996696,84.781057613141,84.801114211187,84.8375119673342,84.8622324946593,84.8038507241137,84.7777047098504,84.8734353714152,84.7969013681956,84.837993556045,84.7627725812362,84.8435677381198,84.8312631714377
61.3915651897239,60.865896935163,60.9412247934789,62.3422790912506,62.9812450363316,63.3682681549147,63.5377576973861,63.6582728741853,63.585546587556,63.6754218647187,63.4606424847328,63.5109737682059,63.6275952569175,63.5580215260074,63.546892990602,63.4741751262991,63.7043122865976,63.4658476727081,63.5231960160365,63.5891880254006,63.5430117196463,63.4173768278302,63.3879450703103
131.49874674476,131.684166049656,131.540201971619,131.712448232609,131.570103528557,131.670383722079,131.728314383618,131.788486688496,131.7596104988,131.722816012022,131.765508923245,131.691146480576,131.698208887169,131.726359032983,131.635362493933,131.768184875967,131.782421923465,131.694923979056,131.811085453614,131.784202286748,131.789064286887,131.782740413665,131.797338228572
59.5326569945897,60.1988637484568,59.6170661445749,59.8152642898166,59.8180668592173,59.7912438885711,59.7529731280979,59.7923439927839,59.8729096094149,59.7823677622122,59.7012769676206,59.7883421758016,59.7422535651937,59.741416606453,59.5819875343921,59.6008546558996,59.6631741894593,59.6312314477879,59.7010673121239,59.724935790668,59.6798362535465,59.6137697978661,59.6702057824473
68.9376359163882,68.3859025975627,68.2605790578306,68.4486504636285,68.4193005112591,68.3969680114631,68.4709067954663,68.4351298730597,68.354673857033,68.4455400956847,68.4268117121868,68.3833551274,68.4175324348121,68.4022719853699,68.3413531178692,68.332755468644,68.2871837887144,68.3810313219285,68.2775679434043,68.2779787039836,68.2808794402809,68.2276433496225,68.1887422497589
108.542831608665,108.42184422854,108.811469075636,109.62990780172,109.017802724966,109.625198205192,109.859642987408,109.935544300204,110.118378540715,110.119940077351,109.970663359065,110.199490454512,109.962662785796,109.974881520208,109.866802844841,110.132805229715,109.851601797169,110.052094434134,109.988772977687,110.044339002655,109.962010296173,109.929514604731,109.899434177528
69.6808862903857,68.8996863472506,69.0679133275846,68.9138926812963,68.2815674802683,68.7329061226018,68.9804306298591,69.0140935949533,69.0402499647334,69.0533307390977,69.0631528968111,69.093209005593,69.100737945308,68.883186542729,69.0684299344851,68.9079078413773,69.0625864928004,69.07621151248,68.9575781560461,68.9697486547114,68.9252863396631,68.7914506894097,68.6734110995555
104.23603584812,104.230376291542,104.158121399172,103.906274563348,103.970978155114,104.000247601021,103.962673910997,103.804411778737,103.850610121727,103.749360480885,103.642229514276,103.812990229464,103.750157128212,103.515859728815,103.647190193785,103.77339819844,103.569221506394,103.642271593084,103.618249548232,103.680981697628,103.54891703224,103.677778163018,103.547677952443
100.73241702887,100.992538041108,100.898416213595,100.997409205349,100.777117177991,101.094021540644,101.104628616827,100.909192486828,100.826770593897,100.789603350953,100.845798106237,100.853582795319,100.840318770698,100.748305604035,100.698716877123,100.899546860251,100.685839632199,100.748529493107,100.705090452402,100.766923862328,100.780096911874,100.631916911743,100.872832064764
60.86614123326,60.8230772245002,60.6611511355726,60.9367392907666,60.9721002856574,61.0794103880257,61.0979454835546,61.181474878466,61.2145615608748,61.2074241896998,61.1659730529099,61.1867551889223,61.2106717915977,61.1976901850817,61.1969515896908,61.1414070128715,61.1875593267434,61.187218102984,61.2470011048304,61.1508283566089,61.1301818926902,61.0759941135267,61.1905407609168
113.451647149018,112.912738108832,113.394884624325,113.698010546516,113.032882346171,113.001563699768,113.043549746475,113.026637093677,112.95545850199,112.929890862039,112.95007128191,113.05820868603,112.789808226177,112.550237783535,112.669712677496,112.556014202993,112.500572853739,112.30154630069,112.382992640233,112.656074919602,112.507071278056,112.592083546801,112.492114605782
106.441941828007,106.588561001943,106.597017024849,106.51603555461,106.457546204757,106.472342290894,106.292489232285,106.335567995017,106.279347279657,106.315290463663,106.358761867978,106.447627063986,106.357336611678,106.355312415189,106.365508607178,106.376918555837,106.401552637357,106.350035620024,106.272699338304,106.346963837792,106.372172710977,106.337010723922,106.364174974319
84.7858264286346,83.8910250701059,84.4241792322537,82.7434741221387,84.0473092087494,84.2547881611089,84.3857938449165,84.5273116746506,84.4772263302213,84.3878630361687,84.4910945219682,84.4616553312388,84.4514645932097,84.553288601837,84.5398532253437,84.4309833837543,84.3989842613667,84.5648772657341,84.5262793034451,84.5081137143713,84.3999656395317,84.4307260612263,84.3325277542636
71.9832226914045,72.3470111607387,72.4901786704902,72.5477307887216,72.5130461235237,72.5184658343721,72.4463054249455,72.423539690459,72.381799453195,72.3880410266235,72.2811075182489,72.2807878722931,72.4120703980276,72.4137677731937,72.36334341779,72.2663156942387,72.2752179357682,72.3299116526992,72.3193739883632,72.3107082877815,72.2349171197006,72.184853415225,72.2499590800551
149.519426522113,141.114529830397,141.00235817873,141.051951926033,141.122062404089,141.094011764347,141.022699137425,141.042609200093,140.854000239253,141.000407281603,141.064677488981,140.789190920015,140.88091965009,140.675470936182,140.943656052878,140.727108818335,140.653847696083,140.801098582677,140.624652232938,140.694399396388,140.782193591092,140.822668764135,140.803120637865
41.4325687348318,41.4560293458922,41.6316690585904,41.9305829031285,41.7862964771199,41.9387937861782,42.0260387687836,42.0299874132373,42.0186336293918,42.035818398365,42.0616121008002,42.0625111893054,42.0538622743357,42.0638962037766,42.0629829680405,42.0733978944991,42.0822183070028,42.0951452171894,42.0575905637948,42.0667676333707,42.043682481839,42.0710947592278,42.0773774313603
119.498582291181,124.134749701001,125.405676025216,125.293020067417,124.986453392016,125.305953543059,125.097595739333,125.073857537989,125.109182307376,124.932745519833,124.868272458999,124.881194392178,124.920059678117,124.862217138781,124.733541092299,124.875211104445,124.897520456854,124.787118136954,124.859867142619,124.746802317568,124.721579913991,124.732262252731,124.742090276912
79.4343633486102,79.8717108263525,79.7364720249512,79.3376426740114,79.5052941927915,79.4994854733603,79.4651828646609,79.477981562728,79.462466757117,79.4723600693551,79.4331531197594,79.4156236272091,79.371310468754,79.3768042214938,79.3404782093767,79.3850442332405,79.4000546976286,79.3514580171828,79.4504349173822,79.3476656187232,79.3938569337339,79.3566441327677,79.3243065412451
107.226782841547,107.185835910298,106.991728983004,106.81006777047,106.875026203655,106.726251600841,106.670106776712,106.64162382466,106.60099140048,106.726543343441,106.683062922914,106.576030329479,106.601994733716,106.713727504504,106.526857773107,106.753666463827,106.581544082296,106.643910661137,106.581788608101,106.698020316089,106.603686478345,106.554921006319,106.484049575078
83.2772054296451,83.7405971966105,84.3726252935524,84.2517082465504,84.3105126711615,84.3934166178316,84.3438182330278,84.2421286825374,84.2677619886945,84.2133961560449,84.1978304821272,84.2354785772062,84.117457706867,84.0272984491943,84.0202389647462,84.084874831518,83.9454762782386,84.0445525327863,83.8736447856819,83.9946680328779,83.8937025337169,84.1172081095356,83.9934652326487
85.2444624143795,85.0634874234494,84.9588094441196,85.0851033792685,85.1036147709727,85.1496520751483,85.1114557078463,85.1600184994497,85.2276347960054,85.2013681226015,85.1864358157597,85.129030969261,85.0543797517827,85.112306157199,85.10385073314,85.0244185287194,85.0794506144222,85.0945218959532,85.0431436230378,85.0248483019491,85.0359275441755,84.9819287169174,84.9315286061294
144.801852961745,143.790852653377,143.603647856437,143.769744625691,143.78315978062,143.974708927309,143.727546657916,143.733821655481,143.8324008082,143.758766453408,143.778683656019,143.790646235139,143.951156759951,144.014267797746,143.793929252855,143.767199759736,143.812225870292,143.712653624863,143.857930968962,143.806148988369,143.70295160387,143.692794577014,143.830954708481
55.1587088437686,55.4502000971539,55.4538161713325,56.0027078814961,56.1986991202999,55.8365197517339,55.7500601472824,55.7341528403872,55.737257322085,55.6846154739815,55.6649566435955,55.6615580683101,55.6470525578809,55.6433808679754,55.6431236081436,55.6002930421532,55.5467938799289,55.6024930375528,55.6311449139907,55.6158529347789,55.4844630686638,55.3996025539443,55.4710718847924
65.8161688879905,65.5021185620763,65.5835625716898,65.3469246578069,65.5130451947564,65.5696023746067,65.5484814327177,65.4400528726022,65.5024597391787,65.4269412971009,65.4339299775321,65.4061180011881,65.31314547414,65.2900768170413,65.3583228981855,65.338357582276,65.3368187720351,65.3122056512372,65.3644408510142,65.3682671129327,65.4131163988878,65.3623516018418,65.3025950442243
82.10563412139,82.4917050204657,81.9942338085598,82.0263464901324,81.8628477178246,81.8466295765816,81.9107832710793,81.9952714758488,81.9066906444741,81.9339890668016,81.884610176901,81.9007722113281,81.8596473282643,81.8223175897182,81.8355173671471,81.7283687527826,81.931518892117,81.7885628736351,81.8301752102291,81.8401627227003,81.8072349795021,81.7274949315127,81.7630257877436
66.0458684102149,66.2971321417566,66.0351823977944,66.3399366661999,65.6794463091501,66.4029732931489,66.5905220956622,66.6806475141411,66.7456251343683,66.7513219622923,66.7224708033301,66.8212437333131,66.7919429841338,66.6764275505293,66.7413097419381,66.7968174583102,66.6388334266113,66.8222866139263,66.7087465863969,66.7454980503985,66.7343589689004,66.7835016960199,66.8069666977192
60.4005244937346,60.8968307899623,60.2583217401384,60.4986621491151,60.8355302393051,60.8950177743642,61.0882659529675,61.0255222679946,61.1400760675071,61.1478137021403,61.0410105819388,61.1153424038987,61.1486901366544,61.0585510063542,61.181612661437,61.1117085339191,61.0854536490817,61.075579557961,61.0359598281305,61.1309210502875,60.968928300022,61.0848343938781,61.1178708802967
34.6214922522471,34.7009395945868,34.7380979107775,34.7744958153592,34.884577276479,34.8826040055862,34.8827526283069,34.857708135464,34.8776176344914,34.8703729060981,34.8615013398999,34.8699734351786,34.860019565987,34.8737658025276,34.8560941958644,34.8653463353179,34.8582033786272,34.8682678479535,34.8467632578221,34.86363739908,34.8592655261273,34.849752160444,34.8628121891238
84.4389378909439,83.6196759880625,83.9174545965032,83.9624216537842,83.9918182359448,83.9702647151089,83.8712055637613,83.7647644075771,83.9215657299565,83.8950833430595,83.8278158716531,83.7888586293391,83.7121446711829,83.688522669792,83.6997749615512,83.8572234241471,83.5697798350372,83.6706773966158,83.5445488070778,83.6552893229139,83.7494011186237,83.6563758339744,83.6607619867127
82.7094541191045,83.0307384126669,82.4308678173068,81.9283169946503,81.8137321514835,81.9270266980191,82.104234112159,82.0281322345572,81.9719600790328,82.0510664520626,81.9834368585537,81.9518997115274,81.981578718985,81.96511955461,81.9006623726414,81.8471215557606,81.8356877907914,81.9435783321394,81.8383979948731,81.8821883683808,81.9345160355073,81.9770265209025,81.8802376548
79.9968573874844,79.7556050866223,79.0580810679316,79.7442242244953,79.622390544461,79.4895598633739,79.5230307190829,79.6220503342168,79.5944004475177,79.5544416851151,79.5223934375611,79.4760984458926,79.561126941101,79.5031033104399,79.6080364692591,79.5885031923304,79.5140934102139,79.4676616494867,79.5076938821848,79.5507243109424,79.6173289182754,79.5432744985708,79.558122633302
45.6988688306868,45.7235837336051,45.5306028096599,45.5917703269346,45.620939813462,45.6170125773757,45.6325596192468,45.6219757907177,45.6148805387035,45.5606632102409,45.5915488964212,45.5919304953708,45.567140725773,45.6032156695141,45.5879787500815,45.5962039205425,45.5979033729272,45.5613386085832,45.5708217030317,45.62798051011,45.5690080681453,45.5662121183787,45.5466126892501
87.2983244566017,85.6408274350272,84.9898765471195,84.6693499173193,84.4540624429259,84.5600371735487,84.527659442587,84.4607909690111,84.4087894868229,84.309885717077,84.4357099495851,84.3098554244808,84.3864719138104,84.2189086615464,84.3192618638065,84.2581604545064,84.2848498530096,84.3091581664097,84.2739156560522,84.2766605326956,84.1572214113053,84.2385141258429,84.1780431112065
66.7193281630331,66.9826806407131,66.7123445673173,67.0106912542163,66.8157274771947,67.3533302187815,67.609547771133,67.8046328939621,67.8082395249521,67.7564497467051,67.7806262538376,67.7578244833766,67.6167697241484,67.7095912601848,67.6294263285545,67.6348779487465,67.6557244955547,67.6932295985544,67.6386074752723,67.7289876696036,67.6592485942241,67.6632837408838,67.6657932421217
108.105019419668,107.456995011291,107.709550029315,107.875301377871,107.716224895389,107.829644470902,107.770408236246,107.727964102807,107.607672083213,107.781082627686,107.657562707473,107.595964479452,107.70180039758,107.581277064959,107.586580402178,107.556293573936,107.81935028506,107.866852845002,107.490741517352,107.774178180286,107.833874685094,107.630079555415,107.749153316185
64.1341773940007,64.6361074257209,64.8309157573071,64.7996023272465,64.9323515484947,64.8729721963827,64.9318428196457,64.9471861827059,64.9497449997698,64.9650051781573,64.9230812183165,64.8933749159653,65.0133845449062,64.9967043684311,65.0488225634744,65.0149158729531,64.9228635308281,65.0060947613637,64.959574284778,64.9304566503055,64.805287431476,64.7942717873577,64.9355715257927
73.0966963117608,73.0884392168975,72.9386063459889,73.0476803367517,73.0654866002714,72.9950133186767,73.012880541329,72.9986256474852,73.0515082022838,72.8724537374714,72.9464019907355,72.9335248676072,72.8324364800333,72.8447110718346,72.800489189234,72.803726502586,72.9154335999186,72.9567487784973,72.8897415042886,72.925895447858,72.8645920817532,72.7683165799058,72.8247752039901
72.5785692689374,72.3228487800172,72.3584161003945,72.6591841164729,72.2875441935791,72.2500116385078,72.3684661971104,72.33367431146,72.3171990845607,72.3885883693391,72.3446400036762,72.3550398394338,72.3545291623969,72.3835677972326,72.3141741363588,72.3349889558978,72.3732906045178,72.3974782939086,72.2923090279182,72.370039003004,72.2366114966002,72.2905448083277,72.2918601123235
63.2828735089441,63.4610163734014,63.4273104812478,63.4330631001169,63.43034384941,63.406471452315,63.3611108524042,63.3300087915247,63.3817644882493,63.3449792957037,63.3338119470012,63.3403545314924,63.2723762813454,63.2524344082817,63.2731966703455,63.3695832788053,63.2793965836235,63.268514506701,63.3424201789813,63.329463994041,63.2204605442205,63.2821251718568,63.2002353200072
25.2327525369735,25.46784560765,25.5393067190664,25.5401029882006,25.4886901517085,25.5272445239671,25.5151859821009,25.5309941032752,25.5305996823899,25.5328383151106,25.5335771065117,25.5308995145266,25.5352923606768,25.52786342388,25.5266642390291,25.5276622304651,25.5240353050612,25.5320633030411,25.5291769915904,25.5270507660047,25.525359753502,25.525728143819,25.5226520913213
117.633040819416,117.651413787201,116.951487753231,117.223156420901,116.925073496169,116.95260063299,116.875990574383,116.843624105957,116.756621715159,116.909988435489,116.733123306374,116.782264344494,116.699830744838,116.763830870888,116.764581136935,116.776556980412,116.724457251587,116.822018684601,116.7919151281,116.889147720692,116.89618988414,116.782546983832,116.929967684901
95.5747346342178,95.9544709218259,95.8488619624626,95.8138357515166,95.8111329636526,95.9043135876377,95.9011527348158,95.8156428514064,95.7756447875676,95.7284475934543,95.726354639781,95.8769638036543,95.59012172377,95.5620400422515,95.3674714587024,95.4588728635357,95.3217635857172,95.7088836607445,95.4115935716798,95.2647577919709,95.4949184800706,95.5137937380666,95.6253635442981
159.347107904211,158.954829565332,159.034787214569,159.024045526746,158.824317169363,159.03074881958,158.885486909921,158.983191554406,158.892716308708,158.835085896596,158.780604276172,159.04322569698,158.721159019795,158.811762489069,159.023112001035,158.873496908156,158.799886899345,158.837667828854,158.85687115386,158.759196267406,158.899241896505,158.887592486724,158.679892816337
56.8659229718698,56.6821688410385,56.9241047824636,57.0017513017074,56.99096579984,56.9605312191479,56.9177350847656,56.8946757376351,56.9178119848945,56.870998371257,56.8357013534466,56.9015867761285,56.7762373663973,56.709540088533,56.6836533574988,56.7220617684972,56.7555904893151,56.7473696936458,56.7537775118619,56.8513510915461,56.7144330428132,56.7380692534474,56.680057262829
99.2755403338156,99.1699405492682,99.1797782953658,98.8311602982871,98.620498045577,98.589340539693,98.6421679432315,98.5756710625472,98.5454625771569,98.5536647739492,98.6594748029064,98.6378573899918,98.763715075294,98.745131549226,98.7260497442425,98.6815887058705,98.5890144558056,98.6343731703473,98.8028537346928,98.6361943501748,98.7497241883614,98.7760068427733,98.6653424913111
121.800936431028,122.04824864153,121.945318655294,122.162306955359,122.243750681215,122.186653706919,122.028860530398,121.981971077118,122.033846264877,121.897393749611,121.961072103382,121.844359123605,121.74000535923,121.824860890422,121.720999166061,121.659095127126,121.831353378714,121.726073505276,121.821381965511,121.666330147088,121.676048188359,121.617375203506,121.725140443771
112.342131397683,112.500453096212,112.64163463659,112.477069056565,112.285715737926,112.477179315199,112.551990478088,112.609835224373,112.54350807577,112.552670546588,112.622066572587,112.514915448346,112.645568024243,112.590022918021,112.466607799659,112.589570905436,112.508067739477,112.53836382424,112.624616608074,112.518311580985,112.444206145787,112.493197190508,112.539777334543
61.7223264211174,62.0162240220117,61.7339389903934,61.1440158488421,61.222332392579,61.0920610687084,61.150659332378,61.1136208138492,61.1217297186094,61.0804548475575,61.1318452429746,61.0677972165857,61.0517729612834,61.1351196703286,61.0348964948864,60.9494287537528,61.0228333236198,61.0529382834305,60.9798298904179,60.9719970900749,61.0011370628779,61.0299008770682,60.9874336852209
47.4612932565708,47.3559098494712,47.5204205432025,47.5202677658702,47.4521609317771,47.3828890257794,47.5058000992203,47.5474414427587,47.5739938284016,47.5727151710887,47.5770668869087,47.5786801134906,47.560951443153,47.5943131407544,47.5509832705095,47.5601681611862,47.5888453724806,47.5304533251691,47.5791397058559,47.5097775034684,47.5502704049604,47.510986954621,47.5225460853099
60.8004516222626,61.0770716871657,61.0712281451223,60.9072478268793,60.7420806556171,60.8440855338531,60.715865656113,60.7938411079029,60.7982518282274,60.6557188617515,60.6961076009551,60.6570422992059,60.7061266450256,60.7283809834665,60.7352031164516,60.6332026629172,60.6379122393264,60.6716030112156,60.6024888483566,60.5886102519339,60.5336487525592,60.5818605992978,60.5108091166197
153.280126606422,153.649777995487,153.899288909275,153.451525778677,153.660449970263,153.87398148481,153.723238806566,153.637028059598,153.442276666035,153.559833092793,153.30983004706,153.626084554934,153.45121699815,153.487191013884,153.531443809156,153.505717651428,153.361177360926,153.429204893714,153.402835264387,153.491391580673,153.299533325354,153.528631777065,153.47212379924
107.443732690833,107.494294771649,107.154231536834,105.682894073425,106.088821741496,105.844434370317,105.753097187664,105.996764219403,105.965909243165,106.120924590447,105.779403738108,105.827541982872,106.000500846306,105.787275193178,106.159852079138,106.008428850366,105.864911827429,105.751039317293,105.732534676561,105.719611703801,105.959632885044,105.919125593711,105.733107180048
154.753458471185,154.709082716575,154.674247053794,154.430868070825,154.525048349746,154.52629046379,154.481036672379,154.48870902913,154.525272094057,154.609792992127,154.459208957395,154.474992995655,154.397681189629,154.317702609994,154.326280484734,154.401657964323,154.420525362888,154.422914616021,154.374827908822,154.285775552081,154.339234335418,154.315047300452,154.225382871954
84.9787170770765,84.8032421684443,84.8281782484764,84.6412368692242,84.714898835917,84.7845008419688,84.8363450489257,84.7714857257007,84.7888412457028,84.7302856655821,84.7070746687101,84.710957963596,84.8221578014097,84.644508237563,84.4051340156071,84.4280626397026,84.463099117306,84.533236014371,84.4442584100646,84.5200723258756,84.4157260378021,84.372898648065,84.4805121160563
110.048569902869,109.827887417983,109.711073711467,109.486680212469,109.04202772838,109.449670530471,109.435269070325,109.415753248961,109.565291535529,109.616236462781,109.758742674898,109.73128836311,109.764237887016,109.665898625466,109.564665816568,109.654414604197,109.43058883698,109.55513564526,109.608598572256,109.645862832534,109.576820064807,109.328799999869,109.453762362618
55.3887554643538,55.6311141486303,55.6212397790793,55.6375247927131,55.6590664752915,55.700226349534,55.6633786712616,55.711869970169,55.7261985300835,55.6883309504594,55.7051596462146,55.725845592961,55.6928228442434,55.7107298260404,55.6640869726228,55.6758416807718,55.6841862419722,55.6501044655035,55.5896344218485,55.6763045506277,55.5097777370663,55.485622888954,55.4232812096529
