"V1","V2","V3","V4","V5","V6","V7","V8","V9","V10","V11","V12","V13","V14","V15","V16","V17","V18","V19","V20","V21","V22","V23"
486.902221929893,487.206023607112,497.660138250475,485.298199400855,493.41864289334,488.969561728952,491.017020162304,490.204968814807,480.926879463145,489.482060012733,494.010681105727,491.962419404731,490.298934732507,487.270593908876,490.869522480095,488.560890401853,490.391794081009,488.035763382929,488.710354430187,487.5259694151,490.830956625511,489.428621664434,488.728175781983
476.166172719093,468.718662186209,471.148853640811,467.839330876276,480.016072271054,475.039109166001,458.500369641592,461.994728387368,457.701473886219,460.381108121983,459.822565437047,466.233997943033,464.811936789116,463.107305441446,466.259103330577,466.790501761135,465.151922995599,464.514504125565,464.882868429867,465.552009742926,467.148705770088,466.297019138315,467.079649965198
243.20886403602,241.790400407274,240.135912791732,239.089480002577,238.004780690577,244.904995417283,238.340289045399,246.081931650594,246.890186407184,241.482360012295,242.41424775575,246.88192882249,248.410209809421,247.618448042649,243.38102642757,247.432692199132,248.486054556381,247.184148572833,248.581706217232,246.545625777443,247.320237071779,248.523259461694,245.679677617935
336.967918884179,306.967711552134,321.134209855916,323.062155560065,319.793112803817,317.301866749484,308.31140640635,319.702006120492,320.672850072558,324.575322765177,323.015751266356,325.215194594496,327.794333600513,328.676804146091,325.168485567523,326.80163131734,325.692813257236,325.198982269967,326.921323614802,325.468145043298,324.129475437298,325.155297605595,324.898468852364
281.876903801924,270.506770985359,270.940236150158,272.679272474918,273.775695621409,269.236440280306,247.543078276503,240.889519339304,239.331034716342,237.608536950563,239.469533551227,254.175827544769,253.752488713158,246.778014338209,251.250486163428,250.483451380837,249.552756201586,249.311506624805,251.016120111816,251.642474820156,249.432395298009,247.981859241811,247.893642703773
223.696438517434,227.430935077846,228.320354142511,228.850178380788,226.8120577602,219.59483444894,218.221128365691,202.773798308361,202.488067174987,203.573218379327,205.940593611929,212.978195041196,216.301472024258,214.343629283664,214.266673059551,215.296913875675,215.54357307397,213.238250207089,214.706771885194,215.599418374387,215.742889723623,215.063085124618,215.735449050488
401.614810445733,403.558348066955,405.428172185418,404.301828629272,384.739839856819,389.734806371121,400.128825693104,402.580350462217,415.779071881166,401.784335234789,407.313079993486,402.94552140788,399.083036336202,398.497256117519,397.922903815921,396.242966187657,394.928704979587,394.44911129382,392.91236290811,394.793145399717,394.051470585552,394.113342358695,396.759267991713
491.915284432685,490.108257762838,486.088253015238,496.758591554261,491.037442411605,487.716041605234,486.360770255846,485.336818455488,486.771194303994,487.966855601447,487.977272027633,482.006200768145,491.032056459435,490.783297380977,489.086233353778,492.274854850611,492.01892416706,493.41442438606,491.836830194012,494.495759458563,495.348212349413,491.417885743953,492.745477208436
196.816315676425,194.373698878038,193.88373411759,193.587298899727,192.642549454185,190.126997610663,183.110512708231,180.48521496551,183.985260744896,178.052677040973,179.8759592086,178.115967752591,177.578646323399,179.531836767971,178.409959150224,179.161456391814,177.406383175252,174.825191830377,174.581264643611,175.052758890606,175.812258782504,174.327529332309,172.938128923619
262.467196742107,263.68425107398,259.989307433759,259.079919485022,261.963740937948,250.578440035114,254.246710663662,255.194375411672,255.157297363526,262.306697829708,255.899242991971,258.605972984202,258.294542766901,257.640684814289,254.681488151762,258.206729643002,253.114889978355,256.272880228047,252.011752789379,255.865131561588,253.450651778499,253.706485438718,254.805818074656
199.817164265087,200.294993516688,195.768268555689,195.210936317442,193.116333853794,195.110493184153,186.255974437528,185.454031131978,190.404186759075,184.506602923193,187.098247398915,186.548851048184,188.916800449493,189.147313232646,187.707429199914,187.740818192532,186.4793961597,188.379793207796,188.070825570908,187.742646366674,189.354563938643,186.407265634553,186.739357915242
247.253461399576,241.685369945686,240.323112018853,236.57424034832,233.085307741089,224.295726548746,239.316260361786,240.093949082079,249.83527893182,244.882051957754,258.910499349754,250.753155224195,257.41868291128,256.99389107,257.511161129389,255.371723426479,258.241644555491,256.898619483559,256.102632693552,257.899111832251,256.98156641659,258.772690821868,259.166084579688
253.577727083254,270.984836211976,279.978861272582,281.574777192905,269.95485299793,236.040469259127,250.859374537386,248.139141017986,256.352430399235,287.592403002326,289.979448691828,287.078715966094,282.845562138645,282.048170342287,284.576461061784,285.606692192054,279.644170153192,284.880181105245,281.315734238511,282.691343961855,283.423623643319,282.159999317708,282.50692933432
562.535896030543,561.44088785323,567.98971783354,566.802643102949,570.556299238754,570.335015385416,564.67557028585,566.857842154965,561.201464327941,557.684484832827,563.733177669327,564.632022085495,562.524078733354,562.85498337569,561.986104357084,562.815631019124,563.451402334165,565.0200275574,563.64687271606,564.402004258156,564.776354757591,563.718852956748,563.041326225289
223.454825251821,223.400632611145,215.497425614188,210.628808184462,207.583483527358,207.05841423632,204.292837553204,209.013790324441,207.741019864032,205.210266415705,210.049394588402,210.615732310433,211.143763700379,208.167768569791,211.179530699707,209.780491124182,210.003060760659,209.904234945057,209.588263739401,211.511434328537,210.708837099646,206.244156956018,208.899513403425
222.978265582768,218.757361281274,214.286182761629,193.964529074669,208.32762380855,210.005203546506,216.680650670096,215.395103899232,218.538769076564,217.804627797021,207.716600838526,211.165213205164,210.368447084166,209.235804276368,209.973130574916,207.816190300496,209.769453973973,209.332283204923,210.253961012177,209.616246285022,209.494490372291,208.43877609093,209.192590156329
295.169436893268,295.832192558518,309.508481285336,288.272435998799,290.041267161989,290.917977518662,289.064865550774,284.582780285216,280.573627806826,275.73778410471,282.19232156667,284.107893938371,284.932119981546,285.776433998155,286.795362753227,287.562924798326,284.256798481046,285.693939901028,286.605759378501,283.227514831907,283.458061430183,282.499391697062,283.692102605496
325.291381447043,326.998401498134,323.543286036584,332.75254351809,320.621522851932,333.55574233583,329.016353319404,333.304636340405,329.551945634663,331.267064778641,331.424351469942,325.936353619924,330.673802185898,330.329089775509,332.513681634439,329.929833436861,330.754365133968,330.701978009055,329.60912836686,331.350240768405,329.840506885112,332.156540239223,330.036722910202
269.273368535649,266.040193952336,265.450510366043,266.306452210157,241.647487559599,229.89138206382,232.768436569688,228.968180600922,235.634738870663,234.063970548992,232.1813576858,235.965578636504,236.081097567908,238.45271748532,235.739415399384,235.20019608916,233.626989444965,237.635409329379,236.882231968834,233.614757536595,232.923510592799,234.60685866777,233.117461159538
184.788451854069,189.188875718317,199.22026636946,193.619149561353,170.534251368364,179.748500549574,164.165761190235,167.369991730121,171.780891744153,183.488446994747,170.627431375752,178.531376989481,177.890186490272,177.136994552015,178.219940984088,182.339967714397,178.384456814737,180.573129952738,180.005776916194,179.51704435001,180.508560939229,182.713573906897,182.737851650079
406.42681358508,412.623191666335,419.40783171809,411.613372109793,422.901624361822,410.926548439419,392.81168395568,392.940700111703,392.257044143905,384.494778028887,393.621339975753,395.92651581494,394.316663226887,391.421939229966,394.234132965147,393.630906913901,395.979068246006,394.126962693468,395.438246758264,395.27858276393,397.126475203887,397.566891218966,397.402056961246
231.077420049827,234.404998514634,228.632629586572,225.657610410009,223.024053307112,223.482023279462,220.820539168455,220.565856218857,214.179688792081,213.746895977783,209.545711664485,207.1096002865,214.617693111668,213.152349403225,210.812409421624,209.325892077351,210.47765431325,209.872787296828,211.790547736766,209.560751948515,209.35519690897,208.048162076951,208.873854004721
233.403985388142,231.780089481222,228.95359251931,230.539721620809,197.976819612251,198.562848714592,196.813033490463,197.155539677654,210.061912504274,203.996167943477,203.483242431481,205.136078512643,201.871910977964,203.034103294946,200.749837291239,199.183816607523,199.989051392066,201.904916313575,200.373793380115,198.065464357779,197.699326354589,196.29435506398,195.432044233496
271.642265476324,269.804768320044,268.210018013715,269.649623823822,258.990767755984,256.026901317493,238.89876197105,258.001292775476,258.657783175846,253.932362000008,260.773133360156,264.064237514629,256.040718508514,260.385827763404,255.787819355648,259.344225072024,257.903402280712,257.479691155373,259.380975218817,257.025104732194,254.088512944029,254.714614680249,254.672793405128
332.750042692428,334.148002393962,334.920569542461,336.051566192371,331.551615811941,340.225466832281,336.861560629162,334.557598686661,336.316688909633,333.765809628654,338.636781148351,344.651215643769,337.331346936943,336.604824183153,338.626091230232,337.296058868559,336.989255634001,340.394763353615,338.231282806209,337.489611227866,337.904752146939,339.411207963054,339.691189806905
402.103384919846,400.961790635678,401.579655897404,397.380864808242,393.465479351257,403.082111591819,399.893841506887,399.249323986454,397.030908422044,399.322746820274,399.77938354218,402.083831303897,401.201964791899,402.234075928433,403.325262578477,403.957037075367,402.341694795629,402.041821029505,402.2919440194,403.174016290078,403.477712960232,402.699120770902,402.409425310917
224.635223739897,223.850143495727,209.166252188104,195.983900850984,186.313717169962,173.154101482533,174.671626154406,189.999915619256,191.074038568592,195.732379323183,195.413123920204,194.418381010075,199.549395662602,207.817056218905,202.282243353828,202.273846970853,199.408475696806,201.157771359935,200.801879968408,198.278792823837,198.922036031285,196.657755098945,196.627583088395
301.963112069393,300.884609281603,320.439024435584,324.327699383413,322.223632318063,289.908229738106,302.44020124817,292.367123256675,291.116755962104,300.026270929952,299.420892752458,301.428795531482,303.422369859766,298.839920990721,302.719322142898,298.740381172087,301.789848196238,299.144382106039,298.017292011478,298.65532885982,298.160794583439,302.429945309963,301.115068753187
495.72278802104,499.996998752557,491.251837482673,492.31617861148,492.211735794138,487.410067909632,482.266081011834,479.090900318956,486.79009918778,480.197374055856,481.001046117043,482.794439464,468.215002224638,470.419409244627,469.680438335356,464.517975116128,467.304575023238,469.072502255036,467.136463054556,466.621024858068,466.528707009887,469.045329019279,465.425525786637
341.949253507289,337.418463567351,337.323510555215,342.774073693522,319.544094766097,335.792845743211,335.685049130323,333.771418194533,319.486718548395,331.287923126154,335.681672604444,332.857802256139,329.620056868752,334.213279669561,335.671850130141,336.655174634089,335.716035230992,336.319544842121,335.189379726183,337.058210509138,336.313097156654,337.414982314335,339.535451163926
361.064911180677,355.425687649061,357.744146080593,354.562534924083,348.02807092007,335.59937311072,333.851866333619,331.290968880886,328.723460270064,337.391021769597,333.059788526103,340.050546868175,344.303426373814,342.690540265813,344.436103663125,345.703957759386,344.428011737257,345.1119749804,345.105530411341,345.221273720592,345.715408415539,345.338381208186,346.635100534042
194.943687900058,193.425701572816,178.443474490173,187.308978513397,164.741611258856,173.626559267467,176.004684966156,177.650425052586,182.578007017215,179.820407722067,181.106484905697,183.71220079351,177.642899839692,180.407699702551,179.450922419468,180.688704702896,181.145504071719,182.488146923511,181.744082010079,179.957801583404,179.253874634302,177.934685727405,179.702873802868
361.433100952384,362.502661418466,360.472587580532,342.394068512482,348.978972263862,353.406768183097,349.862770270709,347.648665911241,343.084356785601,352.778410083045,347.56996538749,345.231787805488,345.224937121955,347.945782424862,347.898681437834,349.858361952304,351.246379270273,349.179101965142,353.739875324098,350.138767632891,353.883842720753,351.49988071217,352.368317376553
264.366311649498,263.758234578914,255.769991569435,267.308338993237,258.420382233638,266.347908646487,264.339331144168,262.639000455617,268.560855389049,268.733194463766,268.710994655659,264.552652352476,264.998206495266,264.485451612154,265.056986783369,264.108427236195,265.223374914314,266.109545984161,263.062450999336,267.535224754916,265.391677194786,263.540976101885,263.04955049811
732.813429330688,751.322511745285,744.71211040325,740.652695271732,741.948876499453,733.022468094851,759.654387890473,722.222278870729,744.507276606183,750.207316929025,746.318654261556,752.065899561011,742.36610380954,744.015027777366,747.000609521962,748.217636409908,745.640745947209,744.973436843977,749.057112517286,742.111865275239,747.797799345151,746.544479015908,748.544274645366
114.214055974098,114.999971993043,114.974353882858,115.588719226513,114.233736581514,118.458985039399,113.562591148677,114.820841488133,114.479188013836,117.454932562695,114.931818338753,111.06264515134,113.896131068945,111.713549492326,112.854245969713,113.741275485783,114.100044759352,114.097844504202,114.322866363744,112.430242750254,115.313764056274,115.002961333923,113.748601813721
240.489688909733,240.58203272387,228.454607434802,220.313550024823,214.672605878229,210.850444885674,205.256772347917,207.934065712037,204.293471767652,204.841037247521,210.778737930326,212.935527682507,208.815003223701,213.943705524275,214.622355322074,214.71162494292,214.308100459525,214.220055975104,213.615586966698,213.487010635671,214.53120178457,213.138086014055,213.724925158399
302.833847721154,304.611559481567,292.468112071046,288.128684650716,288.739323987921,270.689375106863,288.288970223031,275.938087317505,279.251001905308,274.513749829543,267.59654064306,271.91600435089,267.102651469363,266.024543001459,267.238295740897,265.554235675028,262.492969289669,263.011793060905,261.84075624997,263.852100430763,259.892483638299,258.252401591219,259.32086787955
250.925172430465,277.408187868117,275.331681781279,267.829943670169,282.256816823023,260.244883601124,272.321011005932,258.24074261196,263.391846080282,257.246132451573,259.561701093614,256.602585948884,256.813601233897,258.546165274177,261.217473546711,261.271795961756,258.748696742354,261.357221519013,256.184903223009,258.992489094627,259.07003736837,260.971814936199,258.035545011273
459.46186457761,463.459788630297,466.014240339438,458.325278018627,455.905372348297,453.661430267085,450.73173627139,448.553107768998,455.106378990673,453.165389931566,457.126889864646,451.553581728716,456.250110760595,458.375982031799,457.331102613725,458.701888262455,457.494702358605,452.967582324701,457.168934695271,453.474996958352,454.618337511247,453.153438319833,452.202654920946
469.685253492733,468.58327902345,476.10137207524,470.88179122002,465.68254016281,464.694942421481,457.885009795769,463.994430347667,465.781979223844,452.062743011214,452.336692722554,448.241465326847,452.165316096427,450.051107265858,453.005250594824,451.691667669584,447.817900246256,448.338702768087,450.485697024875,446.65675626426,448.622151574029,449.866845673166,448.624845672607
252.574636495516,247.155334571995,220.927956843369,238.591748435819,233.546694982845,204.488622957968,214.724527588761,217.199823951044,202.713602771322,198.177196707911,206.170048980058,203.459259273197,203.997554620348,210.837323950345,209.395615277846,210.945706320975,211.576442840797,211.500759160862,207.601873923376,211.506986416831,211.281155235495,210.423594538641,209.363620777941
162.346102277165,161.850058059623,159.38935712039,159.915178430213,163.490266074671,147.324104152815,152.904546048612,154.161069144825,152.481406530108,150.964890376093,156.738665630945,155.669512500918,151.285702383021,151.890632653064,151.61119390923,152.492573378746,153.003555072138,152.674007876926,152.983368760451,151.866861393207,153.676182661961,153.035734821089,152.8754902136
347.232942462291,346.152004818653,339.421603681441,343.079800670549,333.82304063876,330.504300740385,328.158642741743,320.272641145274,316.465097460732,322.724160444161,330.980017908828,328.95971054976,328.424712439456,329.810446575956,325.536094284209,326.505233092691,330.256628956475,331.027548748149,328.036451957235,329.09619984636,330.009200324415,330.682117021767,330.682263548281
415.789110461454,421.402303161747,415.885373055032,407.65039049739,422.34045983756,403.917078845769,395.215349084601,401.579564309276,407.855222334466,408.682754240809,404.961846142496,408.832914161891,407.389550150465,411.098475834123,411.123114554575,411.122116206042,410.099876039419,408.721095791436,411.361510746361,411.794211736017,412.791983189442,412.169288209965,408.607634128849
238.550080237504,233.247757403714,222.201288578353,223.408107687727,218.342136907175,229.80792431857,224.001075596769,226.113409531923,223.111380287104,221.315359440283,222.645969304797,220.082552795477,218.93654872367,220.015775360995,218.860233722123,218.370810756048,217.88697462026,218.737510316672,218.626434486602,218.732233553657,217.809947087167,217.381704988136,217.518247327538
266.530450578471,263.868914480779,275.527853082188,260.399470365579,260.067910815233,276.542806231428,277.321423487415,283.531614185879,292.492702719044,288.162592838458,289.791276333863,282.670095610545,288.031140456999,291.155529499818,290.749229997989,289.736459547102,289.413878632683,289.455511051274,290.692644348055,290.163478472844,293.151061247012,291.827521788828,290.443915314611
444.053382117423,452.044262944595,444.431975615039,438.665280500905,433.910924453659,445.060841677888,435.781606876933,437.855433129561,432.421389856275,436.557297059623,434.9552386769,435.340219348443,431.606452817164,433.502039072156,433.469970787029,430.612828656366,428.107002344867,430.606940174147,431.690053984994,431.043583451281,431.037659131407,433.376363598967,432.239756627504
304.84309411429,295.662742809438,289.911420078638,279.681743645613,287.26290608361,284.966153877457,270.409451716725,276.564122439154,274.7846487812,274.07042484361,273.651074663492,271.462992809002,275.141593456976,276.498689642404,275.021776523421,274.977735473076,276.106572233016,275.719188494315,274.001218864307,275.230807617223,275.70617588818,274.562542988764,273.893669553224
190.236374123281,188.905526872593,184.311207696697,181.732737195934,173.181869044943,181.228236071208,168.353628878677,170.698828547523,175.79085779007,175.463866259601,182.761911689983,180.009903109374,183.028178346229,182.119891150211,184.753749992292,184.848277333159,185.221595303162,183.973228720254,182.748925885136,184.913764021121,184.904783978067,182.887938915685,182.944740069572
446.286303163909,452.96004098326,444.222244046878,443.292996945446,431.277569865822,446.444687904867,450.833722294705,454.386419427094,441.850569844474,453.348202930342,459.656226286881,456.389027631054,460.923473981111,461.152189328806,458.154880951546,460.014751553296,459.005310402241,460.554221899536,459.831922084507,460.901819594873,460.834351937955,460.665101653406,460.983069641947
321.568039148362,324.318104833319,326.371317951207,320.961371330734,317.610738649176,314.92673492307,317.151492945336,319.65512765885,322.819250519721,316.487591248955,317.314687756271,317.362489776759,318.112842553335,322.653569577393,325.24339155584,323.011800990832,327.616807445114,327.213021028206,324.041448768913,323.96872664629,325.623665589309,324.367437104589,325.014124358546
295.048351181406,294.204982115048,288.572167778573,282.099674377309,298.570286065871,290.070707297282,285.881294346326,284.127222656455,282.55832286899,282.187641429396,285.916326169539,290.590941005733,287.366918920609,289.660776734878,287.609039031978,288.360365720773,288.723512147624,288.488471351623,285.548464684928,285.954587680816,287.687870366121,287.314447819449,282.359390465501
190.00163205558,191.255445602812,198.943952962004,202.524623467783,188.361705129826,197.863245265721,189.198071739513,192.129723422841,189.7394434679,196.23514475141,198.330954695783,198.623463082815,203.016265314713,202.444258576448,203.447418764253,202.989940827855,204.313287225737,202.43647422414,204.074050422683,206.292376271706,205.979908797248,210.21317748663,209.68892446403
515.505088413975,503.99369902544,507.473119745228,505.642731999251,503.953856139021,500.35367475749,494.092659663415,498.892142304314,492.820411586066,501.707215906346,498.525818939226,500.63609224685,504.380111718056,502.232616091265,501.645827036076,502.775332461422,501.618281790124,500.205672852851,502.277741093656,500.642579131573,501.786769243203,500.988306369945,499.819159253526
291.137687466317,284.950991461695,292.677317972916,283.004299925214,286.763535711728,291.627815807855,285.144269746357,287.470273620301,289.483793017885,286.536918977026,291.932801701227,287.902227695078,287.23025202398,286.40911873651,284.885258955695,285.803583951375,286.410945128443,284.726873729413,284.203053830382,285.323056887807,285.814319869199,286.024886208806,285.912487369142
343.789293943275,357.042899083849,337.201033096741,321.303965462145,326.31753319057,345.329733779102,349.247986135205,360.514525414679,348.155073495161,347.826989100143,336.6782394581,337.366816107897,333.92390394189,330.28623422882,334.106898582189,334.934501764356,335.637147335327,333.994188715032,336.293139951322,338.273072437447,338.658409073505,335.059616729225,337.276545526536
390.969492057064,383.950550180078,371.898521565837,393.846968968355,389.475383071591,383.691561377985,400.195304388958,381.907507892057,386.10400766025,382.688326959808,391.730150041526,387.644889842178,394.0855815633,396.937040421225,397.028504129245,397.533512558088,396.220199352358,396.253624450504,396.102994208667,396.460541018548,398.393518557638,396.557405847441,393.70254035176
131.979986486733,125.362131192447,122.392767445611,120.474691522509,118.004404873699,116.351469107,119.709939481115,120.588122572948,118.986789602041,117.336631451749,117.577529800003,121.689628584793,119.609265127971,121.320257406201,122.598582871493,120.779543858358,121.849800636451,119.56459709656,122.931210698924,123.421766276941,121.521024494364,124.428314115101,123.080572041321
132.364104397484,132.938521329495,122.96665016927,121.582256625679,124.128473641805,117.836858552805,114.627769604876,120.147626236592,120.545170798045,115.689557219707,118.865748919681,117.833784701753,119.349028629713,118.907856414245,119.345197989631,119.221878300129,119.661856368868,117.61976145183,120.378476779159,118.62440528213,118.385812199445,117.718161376195,119.017301897716
452.410941752006,449.487363396835,453.046627263619,461.929736716537,446.134365368806,451.080035652352,456.524203273143,455.638724280359,453.951696090222,456.960002439952,460.802150671063,462.378548772704,469.170342206171,470.806451625307,469.272660875241,469.50098568745,469.565902210529,467.671108355946,468.056866240878,467.44636153283,467.963041057488,466.039550886834,463.918385390689
109.472835921021,116.849579267539,113.894025736307,110.819845642659,103.904857444536,104.948256349555,95.9030899729716,99.9977879581033,104.150071823563,103.91797128134,106.435090583479,105.715030095057,105.68681852927,105.732623598164,104.705533902437,105.629228925279,105.235150978623,104.451975912104,105.144448943277,106.185641718527,107.175298919097,107.088381448489,108.832407900986
231.887601810149,231.915522786014,227.657862540912,230.700053493935,213.657982573036,223.035215571494,213.582203543734,219.739358833751,215.346895542033,221.090970180303,223.037457100676,228.242717099692,227.554154739594,227.792375402035,226.554370274092,227.265132590592,226.185954250016,227.656049506008,225.882177101029,227.042098781934,229.123062762298,230.52217520395,227.635237459059
192.46106780178,194.685694660523,196.374667023558,198.600990209595,193.258072235709,191.610642891348,189.575356449669,196.117717114132,190.800699506616,191.908022715874,193.058364439443,189.680911623036,188.331069011355,190.383175185441,188.112073274042,185.581319123977,188.638763913647,187.033976002356,187.183667154629,186.726990963503,186.298334873952,184.697546716381,183.21976078638
272.241677816321,273.996528443613,267.864541626498,270.065530493889,278.455298673035,264.303574862131,265.999576694657,257.944628368027,255.297292678428,257.50616773912,252.540443584618,261.735831474733,262.470993869969,261.713869982641,263.22407783439,259.774138755004,261.733864982754,263.025588187799,265.490549888919,262.396544245373,266.071892835256,267.492151075123,266.321365829421
445.86826694573,446.359149347443,440.760049631327,459.012722390461,430.966861687445,440.510721566584,448.445149741624,451.951841024017,442.931205503139,438.920819654707,439.683387695635,447.294483708026,442.418192423772,442.098608031287,441.92604068107,437.920466571244,443.634193567967,445.488460429898,442.498629482222,445.755245363376,443.674173616671,441.690156882787,445.19938675175
353.620593351275,355.070229642945,351.148611064545,346.374604543387,348.951275676061,340.293804556093,334.378536991011,342.35482700242,339.799443972875,346.080965444713,348.701759552374,344.787158837026,346.412286856409,347.090793201533,344.955374621481,347.932410470339,344.663060850541,344.914146817705,345.635135848427,346.478661226138,345.513340938565,346.444584652945,344.428905584162
411.094269091583,416.563605389901,408.397318924259,405.65645571724,407.921870545777,389.998430643617,393.471948579472,380.330537706971,397.80994445501,384.94438770156,390.035377488582,396.646380195578,393.468771430205,396.176282307739,395.021630869177,395.770816334632,391.995295558195,394.245445018466,392.981270360224,392.580082051167,389.804631925095,392.481808219789,390.549599969222
219.963148647381,226.243089809893,228.677384356921,228.932235585821,229.059973413754,210.733595013459,208.509889273345,210.782990908255,211.771061830172,216.975227483871,212.994546606837,208.716221425758,217.223327522811,216.657112450404,217.06560948887,217.181065085653,214.674157067736,216.23938898259,219.51211737384,214.541353543536,216.581394017475,214.478703604394,214.388023172616
269.735301963858,261.082227197919,262.533467215821,262.622132376132,241.949025781737,249.714346825371,251.586552499384,250.031874928694,248.113630071987,255.572534639585,255.638453083236,254.125506622407,257.043513062919,256.866146031913,254.86126007655,257.455018952579,257.093815832684,256.174395979612,256.899825785511,256.200548132708,256.989131663472,258.36293054538,255.204382955848
149.328620108635,147.633582434942,131.063992108045,120.083525892299,114.261045121304,127.039650205024,118.292044796282,129.93834614981,135.120681260975,135.096281093698,141.852963815536,136.394513435001,140.433114646796,139.043330058599,140.249890311847,139.600854188472,140.59449744465,138.568738007757,140.51427728769,138.972010434631,140.683312481201,141.010387057204,140.084302051805
338.966062383147,342.125879297779,327.15488658446,329.938177131572,349.841943973995,350.21373953431,345.514676673332,343.107407531096,338.217343492428,343.161024670585,339.206240020905,337.854760896762,342.945375437958,342.940619398767,343.922746967177,340.869380541302,340.045440218389,342.825843065851,342.9744244896,343.31880515127,342.001268886962,342.195641212065,340.851297028352
457.368918708313,454.483290645742,458.245928378293,452.834304355242,455.172147398396,454.549015235601,448.771273049884,455.953340695478,448.197097223809,453.669104966828,458.213582572943,454.55457416395,455.029288112766,452.190135837138,457.997908675329,456.563079976728,455.902798147985,456.532125533717,453.437270313436,457.459175391071,457.411142718969,458.697790256437,457.338294968386
150.49582657636,151.588954897907,144.736594808656,142.373952392694,138.882403598438,140.852355214429,138.821196771319,141.130068232122,137.232700453763,141.265913654371,142.750257765067,143.633559535147,144.578735596017,146.118819489682,145.716057445755,144.59513889405,147.318544991094,146.372598205198,146.457432180436,146.622649011085,146.416515264321,146.624672906559,144.622472898368
342.186198819711,344.061450340185,341.909362368677,338.312615295299,341.80743692631,341.119289331108,338.035004554057,341.717603413925,338.313885184201,340.563765497059,336.516164769693,340.519397583657,337.275927735456,334.839865746451,338.1516897391,338.305336704948,335.535122897286,338.901541880271,335.99770048129,335.532108396381,336.842574196564,334.197590258927,337.239974910574
208.587503856027,215.638096553445,213.070796760938,211.260427394493,216.832870650688,209.404401286042,216.094013726561,216.957126530444,219.706059178367,217.392900045612,214.998318424867,214.282585624834,214.199008908736,218.605820315122,216.189811481214,217.76740953408,215.963997972064,216.735752782171,218.332690741982,216.251702941523,218.000048584995,219.995512374009,221.256131812091
248.906385354451,250.863687408743,248.017377148517,249.377455755424,245.912474743747,238.344484402776,243.399313487016,236.734452090065,226.303160252335,237.845990249497,233.535519843468,240.222604368198,237.072134769668,234.540083216073,237.629416155084,237.194731824876,235.929993949598,235.603942009092,234.745032162565,234.293876936417,236.261518219257,235.242792099627,235.757151532351
299.651538640544,300.788550964804,302.053343668958,299.3427920236,296.280741983198,296.836585689926,287.808425258918,297.160642743473,296.780151771286,298.909285783697,290.307864148707,291.883909818341,294.682951439339,294.605806487109,296.304365069819,295.07574443866,295.374222853749,297.194874116733,294.98199136611,296.484176693576,297.159066247048,296.878726476403,296.891386547304
235.48820199909,217.57807600302,217.159008765267,213.748502039024,210.603280579449,218.83920147754,209.682590212713,207.483150818083,211.81708191804,207.154453476982,202.411916926663,202.60319022909,199.036827177148,201.467492814168,202.375664107882,199.635370258228,201.641118671882,202.632529184479,198.411740504477,201.257798867948,201.63354650171,200.432333831956,201.009156764205
243.463666126661,240.082869442887,232.617538719027,213.725079140456,207.420687843062,197.826390639538,209.497148932862,215.471026838623,212.402029346953,208.10069949083,208.399894661531,205.708622862059,207.394407497458,209.875088776753,209.323441675454,208.192264711484,207.676986685383,205.600656184168,205.071990722177,206.80335166688,201.37097755769,205.002422970265,200.629706895393
720.678301850072,715.141069315229,711.356828673753,729.062878671359,719.708813164023,727.902261991262,728.635306469431,723.76704656036,728.314693545601,731.688030960183,729.949971292343,732.9406107352,728.380958916764,725.163672457409,724.752208151863,727.720982675292,726.130557661011,729.390231799241,728.062762794158,724.310672322835,726.698812927327,729.132559458535,727.371192299794
721.572373405586,727.119032166958,718.762121579564,712.763381156908,727.939308537781,723.410165119965,727.423176200586,717.577453203738,726.532207884415,719.179660994131,708.187529017398,710.590448847765,711.762148473254,711.781990211525,713.057567515276,708.243651213261,713.277935857898,708.5331750849,709.384432633314,707.399990300069,710.793380112878,711.347015278011,707.866595286746
224.690056813051,220.542350094706,223.34096608077,215.202509381065,208.126811905404,201.312614020828,208.677223685353,204.209473159923,206.361818868705,207.448569623918,205.917688846453,208.896821446588,206.0924910784,206.831874811263,207.172546368149,207.36287019656,205.637457081145,206.949589621057,203.897671799037,207.767147094068,204.999760118681,205.956124687581,206.575167411901
333.484475259066,331.717664773678,325.238672373165,324.19109267746,317.72871296322,312.292752587102,320.521585711308,325.709216199256,324.294313001918,329.306902136995,320.928366936332,327.90812284771,325.937416782439,324.297371488194,327.203684168437,327.59879819088,328.038864202522,327.120475205469,325.749461926464,325.625318978615,326.119992634074,327.713095759913,328.481882724082
433.92650533536,429.15717829751,429.724210771998,439.127855430618,435.060632253067,422.626855302071,424.622541894772,430.884041598148,427.619006222614,427.037853600634,433.560759785329,432.800495636709,428.925299594932,429.210572443437,431.191696682648,430.057564053521,433.474772796881,429.850118241603,430.948891132722,430.534453621666,430.982285507406,432.028315431349,431.721134955557
320.484975140587,318.057979123992,307.474256875266,330.597937800202,306.471694604562,301.85507484679,305.092372646685,310.383526054407,307.284308587872,314.307979997935,305.477835967495,307.583107512034,306.424911189432,305.621015832468,305.993649542869,306.765832015454,308.274853705382,306.287112448156,304.271028841092,306.991686588454,306.736779026924,306.43859903562,305.546327964346
229.702457810695,234.265475362775,224.789282819545,225.073569015924,213.394448426828,207.457239921917,202.507827618808,203.372164746435,207.595742291233,205.41429710028,210.803121326039,203.735989483301,201.888285529112,205.688635400685,202.928986999391,204.611045948813,202.749171577738,203.322436735829,200.775606059656,199.629714255167,202.039861557496,197.711808711002,198.751898319742
418.451309717786,407.619280328896,406.783791820867,407.832643476026,410.143274496767,404.371187563622,405.758249925606,400.981190916566,397.459603595944,400.570630148484,403.165746344966,400.623739041486,402.121506397395,414.482483689538,408.185623511465,413.10355089,412.737149254308,415.332134760533,410.488455305285,410.698173256818,411.807221930826,410.928297170094,411.516986880657
248.95945786292,247.144981549069,225.958869467957,242.824377485245,223.159661422831,209.892756974606,222.712543809763,223.850015526729,218.867335954154,208.284284248864,203.105408251223,207.437860031664,202.291312674058,206.319677054571,204.823696954882,204.245697248208,205.243323923887,203.837254446933,206.610428781319,203.848209692079,201.17483488155,201.270867917728,198.655353841659
327.92505300118,311.861114873402,308.491283687651,310.75161110414,302.381988502497,306.94326671049,302.854178136131,304.310258031507,306.557736585,303.880634318233,307.363845573332,307.185888385063,308.653478052276,308.371438531664,310.602628712344,309.279130733351,311.047075557356,311.030112980598,308.984817025061,310.524836165597,310.666782975078,308.418410387789,308.541025421088
304.331948130519,312.187148932413,309.601474084127,303.817476954213,301.381221069019,290.275666302535,304.143437062236,291.035745257111,300.725392587121,304.647717415749,302.579152757494,303.488982636247,307.858026878615,307.542345107912,308.808192733931,311.282773086986,310.437226437433,310.589991075059,310.739831297858,310.942113442219,309.729963491385,310.861142153119,309.44460303727
245.93173975405,242.742066797285,232.928186603913,211.47771165787,212.834532275533,215.974474098451,221.070590551191,206.498327017415,206.193739603758,205.713524164021,211.098535050621,216.415055750425,216.719925172668,215.802445973436,215.099986964112,212.200947012817,217.284659744942,216.85455187949,217.28850296381,214.141242914582,216.962367924115,217.03143244851,215.007827286653
263.871116611248,264.777466252463,271.404261130321,266.022807938722,260.735925968095,270.558113832796,264.994865294349,270.57920990332,273.385502699094,275.80711061605,274.026134567341,272.97282206084,269.433574882494,271.729026444565,268.964436573234,268.029517323348,267.202161063288,266.88775801086,266.971350903883,267.331387527469,267.550799977522,269.103690752431,269.655212742492
400.919428027494,402.461017061045,400.272379993847,417.970305807438,412.920587794335,415.084758290067,420.845764264018,410.570821393787,415.892783189889,418.839639092783,416.630754066834,417.541343438283,414.094752300506,414.774097625997,416.693179990396,419.322300523629,416.955925267719,414.700055309547,416.238902398349,418.029753443723,417.069129562166,419.249983975979,419.830280661018
320.406175713458,313.982307955268,310.0916902489,302.426633402988,288.379908979491,298.226123305943,297.503691156451,308.205408755995,310.088383580321,320.988047720634,325.572114166559,320.027101541955,320.969714619973,320.636231763129,322.619847485346,320.774003826333,318.708722140504,318.08066100463,324.86097573321,318.825042922772,320.425844748195,321.870700460494,318.207426385209
286.644527580585,287.838249023269,282.41602805977,282.512246215143,276.525302799586,285.770445351401,286.935562858491,285.63848496277,291.179458355307,291.517831403494,288.01113058529,291.45646253973,294.480764165297,296.261371792905,297.79735591653,295.974179006074,293.932076261458,296.038252693968,295.185111341784,294.501156210829,294.427715242084,294.896678210902,294.437280358995
501.47888392503,495.54988540973,500.017346284999,503.526420445034,515.576642600524,497.630723132298,505.830865024347,519.797869247857,515.222577300816,514.962132764078,513.396663859764,512.820739677092,510.736900340153,510.343721081562,510.965367765999,507.578284695904,510.076149622102,508.178969273987,508.636728440063,508.3431892498,508.763452097086,506.009189993288,505.051773310387
321.722058493832,321.858338317862,316.170525552177,321.769022909509,320.007854288873,305.565981516651,314.060007548675,312.312677539094,308.828615259022,309.333917951772,307.700754255183,309.699015750172,309.990253056234,310.926590522422,310.914210952735,312.370117927741,310.19367562418,307.802209691381,310.97587452719,309.780942342217,308.219818455746,307.760372045697,307.221991874421
250.228690725454,251.059923790529,246.579034214691,239.256321611423,235.976531521203,232.354898551109,239.947689924773,235.883236890569,231.782422326755,228.783345926569,229.975061008769,231.108453119435,232.300208561837,233.123618646726,231.164242986339,229.853385207206,231.367169762401,228.923937027079,230.545035408026,229.866462641058,229.625628516889,229.521525127843,227.006199991253
219.634273456954,217.82734915685,222.053030004367,214.294405423672,207.797711161421,204.137251911889,192.821151044188,207.156462459744,199.770743911434,206.400583493026,203.086158302807,209.777742376231,209.940906885858,208.080065467844,205.354467848077,207.002916402319,209.112246991341,208.092343624077,204.609910382751,208.110243870163,206.378724944539,209.644636984696,205.044947300743
