"V1","V2","V3","V4","V5","V6","V7","V8","V9","V10","V11","V12","V13","V14","V15","V16","V17","V18","V19","V20","V21","V22","V23"
486.24970234554,510.424356256047,498.012340740689,491.76392970192,491.413372037196,491.834266895615,480.153972158819,477.278536613715,484.746872317981,488.284013272044,479.411404648344,473.862663157718,475.988926446918,473.54976861684,475.656457647908,479.215689445569,479.434459837069,480.402399933998,478.991522048522,480.78094026068,480.401410307241,479.7403268816,481.491456153685
500.22910471132,479.643378267718,473.119858466246,461.127238289863,475.505622780644,482.228714271176,489.672678244544,486.212319416832,488.309281957584,498.028661962689,491.141278992575,478.713440504636,475.322921030722,471.803607664158,459.213884746411,456.724285926464,456.360301057791,455.144978749849,457.511840129126,456.763002145662,455.824951277847,456.945260618274,458.536389349733
309.554026309643,298.885035260281,292.36774099857,295.877561241365,301.600121871331,305.036748881507,303.245268334969,306.582120595469,310.006688373733,310.339882004057,312.344767931465,309.197658202822,314.906972169846,313.026790073495,311.695461888488,317.397373498218,316.356647624447,318.345280116511,317.193947929133,318.380222482875,319.52699236805,318.977206681953,318.881813427921
306.204233604168,288.808570143425,299.014888950873,288.439195873279,287.112314703626,280.313471133179,280.989610905681,277.105033097507,282.954479296487,288.402196684747,297.287158964224,295.464776594656,308.334487191624,313.046800095448,312.539845215287,317.449255694345,315.961672637682,318.998977854286,319.067160133618,317.519449050303,319.760179407229,319.472410095623,320.253887447622
274.777565217476,235.525104449452,215.0168519183,190.394681855295,196.634251646892,195.309884823854,198.628950564126,203.010868599382,208.349939127537,204.171680265189,215.046024508936,222.714478356854,230.265295815902,247.60658755337,253.527931305899,254.821545331867,253.67231998029,255.585642141132,255.612585060135,254.511893233417,255.137263085501,253.280458596553,254.691816923337
204.554828674803,182.25233448535,163.038423086297,168.309579418724,174.229420082403,179.12134466682,188.865026114482,190.365647996236,196.169734615562,202.574449929011,201.782271306793,205.728557457412,214.119333406096,222.978185192406,227.456593680538,232.647219685402,234.779776906188,236.216436382877,236.414959663411,237.229878054853,238.241259415167,238.187280942387,239.028186367933
416.227027992905,415.834965787449,384.813608471271,378.699861600316,375.410028544668,367.616993252863,380.957949507477,382.470095926818,385.080294854242,370.082787109544,387.638502674711,381.863938857057,383.890663074519,387.42000036859,394.567451134456,403.59828214192,410.213251426588,410.300478450032,410.742845720574,412.373334247295,414.952897565358,416.338462390407,417.565572788081
513.060824796077,491.714523141932,477.204263828424,464.830167365098,464.595137702161,475.783446036077,476.8914418573,472.028486107275,480.847952185127,471.897386495655,484.439109058661,490.214845913632,479.143000024315,477.777223284297,477.535278477657,483.756600763334,486.446089069948,488.376620224541,486.928825469495,484.106034472628,486.134521658176,484.097599359033,481.180394713804
162.252246519912,152.307102950513,142.88932234181,151.392476724357,155.710346215843,156.98066995831,160.640251999018,160.616905110911,166.016448339501,159.220665892906,162.293589587476,166.888749737684,174.720850713994,172.455860892596,175.470835687337,180.676841029076,179.880085039877,177.386469240216,180.7541246046,181.070476332738,181.293166882367,181.075481029454,180.95669803747
288.543130624547,307.917521974603,304.52698245662,294.48222469626,307.350308218874,314.684246994118,321.044318468218,318.019288909307,327.024531218647,321.453509577777,327.261452271412,318.785707418476,323.820656460569,332.148557198046,323.142747507094,321.326949336098,317.068894835144,314.24700757845,315.488020845447,317.256027415647,312.544494555986,313.770920336573,312.681764647052
192.075147923856,180.771045708272,179.541491734267,191.056018330478,179.53145760284,169.806135326788,170.877904733705,172.966736607268,172.433476535254,178.987491210071,178.904542849786,179.835968616338,184.90509618699,191.68629922778,193.330130475834,197.037337736106,197.560719418799,199.325351366203,201.622142668225,200.181912685191,201.959761483942,201.111397207833,200.944125148295
278.204845479449,303.731052558459,293.35576579395,286.465594041754,285.661718149477,292.242955181807,291.974382410393,297.038152153357,295.523026056749,295.153265150306,288.528130399593,300.804072045933,301.523035856116,302.98744297629,302.146140971201,303.615433973968,305.373284514799,302.951469878192,304.855210165928,303.103246417886,303.761591647317,302.367028550017,302.919054559024
257.214293977471,218.730773142552,218.885787778386,210.862500123449,209.856693667713,235.350209052075,219.982153395654,231.397799564818,244.680635752602,254.608597677419,256.495243864258,275.786162095778,297.785713438303,308.732822349906,314.080352855186,315.078015706127,317.633978821527,320.671114543471,319.305409838671,316.861119203181,321.081932929166,320.832093387161,321.832698973847
577.976457638885,574.088868419713,579.853098673401,576.157812180036,571.319053339125,578.788033361578,577.884975998813,575.460213499104,576.593423395281,582.320511346917,582.490371430434,578.624092728931,578.823717361064,575.850797446951,571.582580890471,573.362740333952,573.946153028807,572.613337778626,569.583750700877,569.603724008454,568.542638882889,568.890116252975,569.685314277858
218.659852204546,212.516370028383,197.011374240285,187.743962904104,192.630295675117,204.106240242686,202.438189807848,196.973745304703,207.44775932063,208.007063892853,218.812248371852,220.055206377785,234.890060088664,265.551511426391,271.61064266444,275.701822452527,284.014741189049,285.710144017499,289.260965892206,289.322348504225,294.000012677749,291.74973564424,293.850503338774
261.918638599593,243.219630839994,224.437697240773,226.060413628874,227.270386641895,227.838156682699,228.26151633909,229.180635480011,221.288802277398,222.716661950135,230.288461521633,224.984863352646,220.101467445863,225.289931229616,225.054673043869,226.227492003252,228.383760289776,228.335656770828,228.784473155513,227.680592223475,230.123565201191,229.176891604563,230.374568515336
286.924598806381,245.930793770514,239.299955608593,235.037240483609,233.319570646329,231.781381840939,240.031418942386,245.56815197809,244.520862577127,245.488439029967,244.728627599921,248.426755785759,250.339306262643,250.402269738756,249.45488147851,251.04028750924,250.335897901346,249.90828638926,251.184775468994,249.427914843866,251.178010280142,252.562603356184,251.826151666551
285.393095826584,305.109204423335,306.608903134491,313.402082169539,298.201940314914,297.97889694737,295.922517975498,294.379088048596,293.876780036328,301.775669140328,297.141605970169,306.657079959907,312.918872457598,312.430930890334,319.507210796923,324.006649087129,322.09558966219,324.844425653916,324.01238397813,325.289538673497,326.197453167512,328.892860163131,330.2868873662
251.695500816964,222.146039319976,207.523768890076,196.487052942809,187.015504473576,186.457788155877,190.032875004874,190.136378554412,191.440425507858,199.156861722654,206.688862570269,215.407563284245,219.532151814026,219.665833288863,230.268562477836,227.837682199482,230.936384656325,235.975422024173,236.394715083012,236.288532823413,236.931745521525,237.958417288858,238.891643047392
188.668245699365,139.173436052258,119.355814799073,117.192036067054,115.713868056704,111.616040686803,122.237070722996,123.363554231782,137.226706862182,140.717586007713,149.518103154297,163.185604993765,184.142970072439,199.188860056338,204.967120668244,207.497019047207,211.61183016069,211.561411548198,211.780077400121,212.748711404481,212.099624183075,212.433599525914,212.579565472829
296.079453991187,280.60898093396,266.604978717519,255.786096234448,266.393156898511,254.782969282845,251.200575689826,263.068606788914,256.240977638793,245.477233792537,258.175709777702,251.030367781807,254.370211005959,253.384112155647,254.948099607517,251.258795745942,250.934370679515,251.103836324641,253.244385815821,251.344673990104,251.200310385313,252.332095590791,253.964777488511
224.433435784588,206.134481403386,193.665615049903,196.829875400634,185.543880959886,190.589523308339,191.53098671245,191.654581999397,195.731825646792,195.794774526325,201.635840420931,204.040070643109,212.648969850888,222.426533643522,224.178158184857,238.631529104139,236.22088040366,239.015087417111,238.799386184999,242.470087556042,246.97021471574,242.834286747289,246.912338845826
240.60683738303,175.428396690674,158.341350617221,165.785191395633,164.753502591563,170.271310569836,168.085093290078,181.567784166218,186.944082192108,187.836585320363,197.076013532724,201.776926257657,209.695193758831,214.932786603558,220.542763045031,217.066750907222,221.70664531266,221.758602024336,222.036473476039,221.191972200791,221.113735514124,220.650143940172,220.2300763144
256.759660562084,238.546211853574,238.43845975138,235.090004266658,220.654393677088,222.505201155944,221.356599604175,227.858910958748,222.400733395696,235.604645890877,242.501018860209,248.019091668501,257.388701201821,254.681170025006,256.665440865173,255.698032914195,254.933805911684,250.815898085136,254.368352320079,253.040340370124,250.948759804113,248.613557244011,247.192446654243
355.924011505912,321.575421603313,323.540860257,322.234803463936,318.429961021733,310.856458012283,317.349713896058,315.063364721643,325.661661447853,324.447828040401,325.182005511708,322.59013458584,325.586212564259,344.436589610211,346.70101667904,352.874300508668,349.471508768735,350.843765115849,349.037079495269,350.617823050208,350.899857600537,350.316083483628,351.001553974576
402.373194778476,447.605637959701,432.032979712738,448.83456274794,443.426665193516,449.277602952698,436.278006805291,442.503688199288,444.664865973341,438.859734248998,444.958706969561,448.386100686319,447.083501328805,446.811842466833,441.393530937797,434.3711101092,436.125151407041,437.016027261109,436.981566272584,436.63134674526,436.194750415456,436.41033803507,436.19978985175
229.750472982505,235.218731300572,207.325273489733,207.960974737494,212.88124447551,204.368730007839,215.654865767623,224.671527303285,230.249019284362,241.474111778095,238.611368445605,250.996583379968,255.527087099822,266.436168620959,270.287749584658,274.368765667773,275.723272502884,277.810579874146,278.930480392859,279.701896518991,284.429547883643,281.973358672056,281.225021467763
332.47041332748,317.485452272838,287.485522200862,289.183061141689,302.712687754941,299.998836900188,310.43597572821,314.275757884054,316.036423855206,320.756326035308,324.188634388019,327.603211280485,327.16891032076,330.637366981564,334.295730601513,345.85751678078,346.050637639857,344.853015972692,349.421705488587,348.655654355217,350.479828674333,352.389446616959,352.195469526471
387.498312390737,377.44150764435,374.049742767589,363.418171346417,355.625794126514,350.149071682617,352.00628575946,351.9089421337,351.060839695814,361.020908396909,348.352024583663,350.429520219893,346.039780097869,344.574123090202,345.80078561906,348.457241946927,345.155819583602,345.376767449215,342.414386730654,343.018889902477,343.37118442174,343.239750608068,344.346522433959
356.744611871763,335.683484408672,356.226379737341,348.974425534475,356.23423831874,352.79629427806,346.581647128983,343.545003115133,345.6845488181,337.585311131411,340.099243458565,341.550390279067,343.406875122136,361.055304580643,369.083789732561,380.507766662873,394.900237492776,398.196312969619,402.401785706912,402.58525012599,409.58099429903,411.029673796215,411.003841108334
374.60835174686,346.623623774111,325.848964296026,328.990805686242,323.84261743161,322.258926781697,320.606278025488,327.744850300409,326.928277918065,330.496685850328,335.63602555021,334.012135848187,341.321251627151,350.5381915322,351.270574996361,356.472545778923,357.455930844157,357.889858235527,357.843449698468,357.583647844006,360.500756648982,359.714546801651,360.378395118953
183.210009168066,164.142823080639,151.617934577812,160.216187968827,154.792728321771,150.946565473767,152.655761116282,154.363531258165,152.836018379773,159.224189851919,158.164830706481,157.867332190472,159.301329835354,166.547002242617,171.535980279734,171.246755581176,170.822866049107,176.329754426912,175.026762952532,175.323904693344,175.08842938475,175.849268510402,174.17027293698
312.594837494688,275.730367585892,272.881730748401,271.944985333741,259.91747548326,260.799014460107,263.481575459,266.429114581473,255.4620683796,258.084252880282,255.738308341972,254.389965146934,274.66200953887,273.375578778208,279.270064209332,280.422533372391,282.551351090218,280.603225014754,280.407548438664,282.263048653829,279.622580785005,281.842189816728,280.256478236059
224.91093261337,239.7030795517,236.021079468545,238.213978374507,233.476323738569,235.16710976888,242.659611345327,245.803576691914,246.353993120499,250.992459933752,254.541367884549,253.142834217911,247.664151299912,246.052023161426,249.486700431192,244.32259379857,243.33378661627,245.966033910271,245.284403849153,247.56579546819,246.087852002112,246.228302689693,245.284772276836
726.805805805715,706.532073500148,753.703812090775,759.000343570735,752.766944284013,753.976069789748,758.743498532215,766.254005427628,760.782784664387,758.183537438732,768.879110000329,752.917640388741,767.397907345977,751.032362004422,750.953590308108,753.292522409962,753.303720446456,752.8700640587,753.020239640191,752.386117551685,751.773376357178,749.045401366253,749.153855649273
120.669230043138,124.907283783819,136.047259132363,128.905951900067,126.787574075643,124.615689658239,123.150871113866,129.032151768118,127.977862320527,130.21649855123,132.18633480695,128.976868283106,140.078583290608,150.274529743686,154.268719884917,158.08977857816,163.085656046508,162.833424573217,163.097183236875,163.909476142826,165.164445194476,165.467123044242,163.76291882762
223.444968316586,166.061870659186,160.645176790817,168.475268766284,164.944654680653,170.618483177541,170.781971574414,171.726002308317,174.087066954364,181.950575091981,183.465681253507,179.091270764143,197.098312967678,199.685184556874,203.988385704065,209.988956094316,211.326159900997,212.348560605968,212.731359971921,214.893566647293,214.613991890072,214.488098271263,214.883852200583
370.873514173375,323.398872768368,312.824327388203,291.970389783326,285.133334257393,304.175452427303,318.825104976485,332.691465531722,331.248366393732,341.366742877938,334.728315063353,345.210809501702,349.328622864177,361.907549961918,371.084774625864,381.838726774014,386.575654004082,390.334566734628,389.879496534976,392.208013085641,394.609269328422,395.721684234799,395.379375232373
349.859883108719,316.594292032214,351.391139128262,352.95487749293,350.788850508907,347.594541120578,347.567652723062,358.101088432365,352.161506613961,365.453080541451,361.442600015274,376.822275401552,385.485032148655,398.780732401152,403.599470161536,403.552648852028,403.561393098981,403.399884640708,403.995646454232,407.927161648234,407.977412077695,406.049035032013,410.794234620416
407.060537990243,394.431442481815,376.070961546924,383.314325602288,377.657958059454,389.697557754874,392.285829466654,391.703438654117,391.211848195257,391.851057180751,391.785315685061,394.339257488779,395.224704488875,392.098239101281,395.36404145154,390.249824145904,392.699448112674,391.461259071374,390.61487855964,391.21448660968,391.530220989535,392.053045220367,392.067191908981
541.99946386226,549.361146302573,553.092250729176,543.654011798079,547.450320053638,543.341639732669,538.919029894137,526.701877597137,527.586327092892,532.892994015934,526.243367844898,529.387513828465,535.430953023871,537.237181643217,537.082010115484,543.616993785858,550.275215287238,548.538422613031,550.89365431223,550.568736844569,554.775774021844,555.460816787285,553.693594594694
323.401730488787,280.898602378625,264.330476651714,252.066584142249,256.094460646572,256.138284812553,261.829492171174,266.302062519979,265.729913867274,273.68792910426,278.532893793276,284.007264705531,289.047236479151,292.13879846165,288.484600985384,293.947778068731,295.570986835117,297.724821768255,296.295634241758,296.371580460573,295.010231969568,293.342308812561,291.226740896686
237.824916168553,229.631657671901,234.328662908147,229.215319431429,222.691951809089,219.55675920561,224.240306306892,220.566517225311,217.914416900805,212.718395492935,222.268718682414,223.159924264733,225.517082774725,225.282959942598,227.407793410818,225.079880974096,226.79814677858,226.017960712685,225.579505876939,226.243646359892,225.862778792562,224.998265946042,224.27991240183
364.481173123196,290.2901665412,286.275527504947,265.494374327058,233.292996233368,239.365361939148,243.881143174157,247.198513951103,248.56209557711,237.59990845727,255.121019553904,265.733919215112,287.38995540075,300.057067048732,318.868345310756,323.648306240862,331.964159822846,337.89183959468,336.916779704934,341.481828581003,345.068653938191,343.637095180135,346.556787866216
441.020781211551,407.868355403001,416.440630673039,426.635982798682,412.630754416541,413.413511823199,406.790281186649,404.433489092644,410.344335966764,409.917607288099,411.769302195686,404.94690938954,415.090218119192,410.724215548336,416.767137610903,416.145934166925,416.780822461491,416.806692728628,414.798994480747,412.928774477327,413.21851461022,407.140774578131,407.029629029667
250.819597060992,247.623234041737,235.369247536073,239.549569471897,242.009690268884,252.775848739844,248.138504269505,245.502397575831,241.930917435901,246.928106564759,249.747843999217,245.388780416028,246.611080869806,244.228570585097,248.673054253074,249.820804598795,252.572781706458,252.778988772554,253.627420984719,253.078840722009,256.599590339288,256.912686963888,257.994058013262
254.979727310724,296.433803542605,280.182794479855,270.032046619816,257.293633504306,250.20315663932,247.472190215366,265.917589942962,267.292476919848,273.69832331062,266.01012884184,267.524847789234,290.179165146413,310.911863766273,317.485038840837,318.204631500787,332.19813364382,330.282478632704,333.183077155523,336.313734557804,334.951523187157,332.477197081946,333.683202176738
453.351080770981,429.911252592112,444.106010970264,439.156380658826,434.703296823297,433.366097283057,422.176493460913,437.13814855882,441.332858445561,438.387506084335,432.719710174693,436.304185557001,436.8836983425,433.093269134346,433.540717908887,429.695459503971,429.214448238326,433.034065817181,429.97862090191,430.621992327063,430.383733930131,428.744006086156,429.153014747878
306.986658180074,292.656822382406,290.694686582472,279.360634921407,270.175328781379,275.042679479354,271.70047013506,273.113519064616,281.977693716104,271.223853897084,275.392478088991,273.106841413673,280.435923551174,287.012570245575,298.210508665913,299.137544121293,302.062303726872,304.355907796614,305.461194649544,305.824611252051,305.081029451008,304.511842666523,306.767342331232
213.886799839147,181.056918963581,176.79730944762,176.285178467983,177.371793060604,172.697517633983,173.28238039792,176.71824338907,176.032774029835,179.790334998758,182.273240933261,184.296337744468,193.486888932537,202.566733547718,206.442692746908,210.468147695061,210.497872702463,211.096111787083,212.862724355896,210.370716090476,212.739170213623,212.903534960839,213.072460953097
462.731749679761,415.072952206954,437.404427674392,443.822766179884,449.577440120443,455.690674058885,455.761760307279,459.691384196354,462.509099911143,465.956265311861,461.223785317785,461.381597296362,473.504712070979,478.569040954501,469.516216726805,467.936621178165,467.23483390106,466.394809625121,464.468724685397,465.788633614245,463.381856166877,466.146029058063,465.74097266223
304.767028373047,335.573724352857,361.01944962713,340.271069081599,350.755093808665,354.952645212792,360.7816737053,355.410865310023,362.219777376236,355.142875960105,354.744798034145,352.807622708121,358.659790123682,354.68956938595,352.182590224269,352.865994639013,352.572386995443,352.931178985856,349.488640254995,350.713117723226,349.53266617006,349.527789208365,349.028164707729
304.592510311286,275.036117521613,269.359768564267,269.917045733516,262.493988759108,252.023914699097,263.17063900271,264.322583148914,261.722843802346,256.645075366946,264.357922124595,264.823854478356,270.31564588482,276.752098215272,282.396821283975,292.975919266321,298.86548098835,302.068685082213,304.781691343581,305.759843983557,305.831907694549,305.40871874913,305.275281370175
219.950622160782,224.10341414759,201.012931165983,212.309683935773,222.687029021401,229.365471712157,227.470855774494,232.795402361696,236.291642687807,239.879033356721,243.688771120406,250.004319862764,268.94923546509,290.321024161904,304.355924494796,321.535488566016,334.152026217231,339.712186147541,339.73871421257,341.104225580602,346.259197106972,348.265745574481,348.369115077973
576.377001379508,540.619643919776,541.340950323735,548.452786974188,563.185369360974,565.730566932946,568.442331451667,563.85856185731,569.513734886622,558.664099187923,559.085104086882,560.693045452058,561.555924976665,564.338664476327,563.98200348414,561.685172567898,559.898873840732,557.612851496077,560.600934663906,561.045148019493,562.916345385171,561.937241831796,562.555259395148
233.004479780461,217.811844161934,224.77489795812,227.000514374167,234.799883348922,239.012660762843,241.382347141608,237.984072370692,247.617040239082,240.89047047163,244.995316938556,247.314928481893,262.767969937692,268.321546290652,278.47403121316,298.456489865228,309.884598901472,312.06655217178,319.696132710761,323.55811495181,328.870441796153,328.552628728336,329.814756533294
303.519687962717,302.774385567455,286.24372310172,290.32919964444,296.978760160217,300.425152309667,295.049532822765,303.093899905058,305.774336257169,308.995545642893,308.349731848782,300.378847514124,311.478265806785,302.265188930064,296.509315051984,301.127768253107,298.554637314253,300.513763593243,300.816744401898,298.797192357216,300.011156779441,298.305773142443,298.983212296499
448.238699364729,443.816809539154,464.974746195601,456.812364939489,458.978997835366,455.71885434548,452.798765557069,454.669106943051,455.843257496439,451.044696097234,453.261080006517,458.022501749414,456.269825020012,460.915070837551,462.891806030794,467.823191861893,471.116917975105,477.459143818392,474.201442607614,475.281064109891,477.794245880004,477.8220852278,476.530845608982
134.525345784752,130.76242891324,129.558614603837,127.46358772721,128.427161486817,129.286797449935,122.490308291091,123.452287810094,123.087909301678,117.303013398742,117.643639104375,116.830371368955,120.436985846484,133.100835974545,128.906392802165,135.203628113394,133.783667619045,137.944425406789,140.680566247904,139.394293958563,137.690785169781,140.272276711012,139.288379502502
180.104627946023,169.251352343128,166.577291129584,181.934995949609,186.854025664877,193.557076153317,178.116643555337,177.998334890346,182.854399454497,179.719348435645,180.426230949041,184.882564289803,194.211741208887,201.997453986089,211.728331330329,216.991633383607,220.23943641051,222.934417137138,220.896678559403,221.617794938354,224.637488080909,223.257206956832,222.480454910724
645.470027224897,654.958776408934,654.707193140092,649.009765469086,641.392462953646,641.529991725096,645.087072317924,654.573742418405,639.91031966195,639.570361175891,645.132520732335,658.117762319044,675.520140376089,701.90737415629,712.846243293467,724.186777816909,724.391217871812,725.135381739925,723.952384116963,723.934033003767,724.991720912197,726.145820328527,725.298201549197
151.61190116926,132.207056531631,114.518861080345,119.704643847615,116.122665433675,113.293668378872,110.23783715308,108.657143144524,111.478578249618,112.854486121251,122.773154294244,118.576996162684,125.823358261554,140.201068826043,142.279073946124,147.990645297627,147.713828116748,149.043382618168,151.492721493127,150.42522611972,152.352211149682,152.102638857871,152.688918530286
281.507059087032,283.170486276805,272.035777128388,268.825356655992,271.372126671083,265.600225136221,270.962460845066,266.177421088804,265.377505899725,259.112504761213,269.643510971858,270.819739840828,273.079909285592,276.092316049508,293.383769070557,298.196611140253,297.763209350896,303.051827890929,300.410961131984,303.131257397056,303.058023393363,303.481894191778,303.705660231353
184.061901067446,206.369048061903,213.135045827879,223.379163176165,203.994649991371,198.502100872507,198.722063242929,190.835612683696,189.339911116155,194.709501589827,194.477346023209,193.069850623,199.466688761319,207.033141253211,215.748924685464,221.41973099606,225.78325549116,227.235332361087,227.353294167575,229.504166799163,228.509205967459,228.997644230385,227.728995357596
257.146202448812,236.206492687311,237.28611309872,239.638266428488,212.189019862084,214.630739664544,214.328026149189,214.705608412982,206.057628115271,218.630838125842,218.222199174773,213.279342825681,231.490081895573,232.558568670182,228.321233957827,232.178987940137,221.878176518131,220.705112028326,219.839042913111,219.115397507321,217.214641875395,216.876030337627,216.708519782245
552.314604966282,573.961547556462,573.793297596902,574.815126127864,581.401485103016,582.80855673462,584.542315721357,584.529707839143,593.60549336356,586.386333335191,590.029608153477,587.937351745476,585.388052546046,570.526930593316,569.197186070283,563.593804186898,565.392178644812,559.28505188649,563.48020134502,557.471990664168,556.333305014661,555.896150022792,553.916447916073
386.654883174331,365.589446436192,355.217066341149,345.496127577198,347.375552062515,348.70697633077,358.990422740743,350.89651594321,344.777768783949,354.512959805486,343.986048111454,352.217312568887,365.687697174308,375.866938683307,384.704947869253,384.147525004091,391.030216171321,393.575050205683,392.552407480345,393.287891099865,394.185516266774,395.652444058086,395.522680451873
346.890062181864,301.713303183037,286.071516921267,276.817209768333,297.998763717991,294.019799330933,278.731097167542,286.005639936675,289.347612276226,294.68293628092,306.544943204125,304.431791201242,325.702215098332,335.729793134432,340.806102924521,345.006743818059,345.166580739929,347.648471084394,346.503981924861,345.163724152845,344.664566097089,344.352278860236,343.833316328062
223.465432756799,189.814480231839,178.600823313799,162.72855107524,161.139186833312,173.508674154523,177.972912771358,178.456086571684,187.735629178519,198.147388188293,197.640233848878,211.721142610331,235.674500535588,256.09994129605,271.409740934988,278.634826578969,283.027664633401,287.957746859508,287.508043066988,287.036169701348,291.043126375884,292.151784508908,295.389374053523
220.869372298397,213.987997922753,227.222769730369,228.171225460926,228.290122712055,234.521174245841,220.823729544998,223.136651704258,225.288331083746,220.681765732601,223.008929710934,216.344830459342,221.215746241554,225.75173773366,233.555683356447,238.488093819969,242.748905845531,240.964316034395,243.542721219973,242.871391546632,243.033691271456,243.015714774421,242.005799868846
159.496537656424,143.854382131675,128.317036002947,125.768400445721,125.251175759345,133.753393305592,134.426276969182,142.179191852995,140.055970135941,137.755939252909,145.494171950025,147.280264904485,144.27608521058,143.018550838757,142.687591289506,145.605731982617,141.68699476571,142.370237619032,142.511798557606,142.839361933046,142.49640608733,143.163422292271,143.345486328868
421.055627497444,429.977846156496,432.337835203632,435.58547089405,423.132085211385,417.830925478374,417.31634634043,426.987909878314,419.866624394636,423.837683132316,412.429947711378,420.727465501928,437.975666278408,449.495389452616,462.632807287765,477.522712089027,481.133709361543,480.130225994759,483.788446267178,484.419687968384,487.893808594634,488.566478674509,488.713643654128
495.620150851906,489.006136893082,485.055999721874,491.780589238288,487.474560017933,479.708004300273,487.171649032884,481.549083806508,481.742403893884,476.415519264353,486.407943201805,489.586671278209,488.489158359503,483.51034973769,495.185696590998,489.637784132769,490.409242320799,490.259593462503,490.89968877061,489.373821134395,489.90420345838,490.178472883864,489.383143363921
153.309726530871,127.812423468063,130.791070873774,133.712127978473,131.511763969245,126.849735710177,130.748560286918,131.159543368292,136.13338342929,127.370519120394,126.968499701987,132.339393748955,135.056922106608,136.557873008758,136.46698177925,141.829602360621,141.01777715849,143.622300817062,144.304996562306,142.751731177899,144.854931329094,144.553234461682,145.68416219383
358.138961380745,379.180077927694,362.29548729094,356.913823879871,362.717405432585,355.248454900256,356.03546221956,353.109316569441,356.818687911296,358.176708618408,356.438965205086,360.578278045395,364.849013105615,367.345966351341,369.289295138675,372.209774416881,372.313266363559,371.866041070493,373.520750353106,372.435092926195,373.944030760649,375.251359861797,375.04093684702
271.151619680618,256.465895139561,253.537714620123,253.197536044683,253.660128707218,246.822729545562,246.969455155444,245.364453350561,249.225904500545,248.301926339889,252.808400565622,253.079497477482,252.935837509298,256.349889057835,254.434318018023,252.478701577626,258.484760699866,259.680314844591,258.832503238197,257.750246575715,255.847617295278,255.77908873076,255.139957705929
237.447713308496,191.814457879907,187.44801348513,197.508178682604,184.737144711071,197.369782305278,200.046282035201,216.151516568559,216.197172549569,226.795363537288,244.274756394817,246.226400312499,258.910409348359,276.233384821307,277.811695617032,286.271143060979,290.765632936039,293.74549873181,293.283426512625,295.513899890109,293.626643809279,294.030438964362,292.288396571548
394.069186044373,382.870646909235,381.031116879627,376.848539886699,376.510609711646,376.573303311209,369.457054699163,366.671445559404,369.492357987358,372.555359906156,363.403679444028,370.6112971089,364.587873202847,361.921159607045,360.74935070743,364.810168422724,364.808628938122,365.0715927949,364.630286089516,363.673816142475,363.997434491243,363.726870658265,364.650784387791
258.704836142475,234.451856476746,238.520046470576,223.391933257054,222.09333600826,226.29724435667,226.499722489492,227.226106299223,224.752696543973,227.339095505587,230.443083603952,238.194143596742,241.061351655709,246.662538584628,243.142712115854,250.265444408498,249.076237885282,248.167491157222,246.872899724996,246.666244258572,248.685444592624,249.931090091842,250.107604865643
245.998615866176,186.301731248915,202.483834525165,191.011339201084,190.168522241028,183.95479729291,182.523157360752,184.405249848673,191.38456204425,192.581864947862,186.779373751981,201.864326702329,205.705890211327,216.855572010143,221.219440467333,226.545110207518,223.723262853565,226.534476689508,226.047816710149,226.678991532493,226.487591024983,218.287522366936,221.227412416416
825.802709560757,839.688303105644,822.815508570268,813.511260467367,788.645576606635,783.812693496668,770.030159737951,769.177342240154,765.403002445965,785.210328023283,774.876633292489,784.060984291169,785.426994870139,791.377724520727,795.39675932185,798.46513484563,795.702330429079,791.006630446063,794.153842696785,790.306003311056,795.386133367705,798.183494414668,796.327229581865
587.341676698579,577.970328639281,579.560827085339,593.462218821317,574.087086972866,579.838768587913,572.624480471125,562.856844299245,570.272753716275,567.766567251652,564.469155037804,551.221385454746,557.15062797074,565.457779451478,575.888038700921,583.463971472976,589.549217469295,588.521088593223,592.561313079494,592.541448801048,598.10488257847,598.065913323938,598.26706565324
228.063314614242,169.991379700956,176.202868809234,157.836390126873,159.621861190055,159.520494920143,159.919899523728,165.60052045969,167.201076617108,173.074878906735,170.46160608753,187.278299595939,201.270820913494,212.445964082636,220.871522755905,225.60319549427,234.915977467355,237.169293984972,241.323519786969,241.392301669787,246.025689140862,247.479401771026,246.219697572071
243.020600201687,180.06619151183,171.483366477284,165.265838193596,176.448305745598,180.122416413972,178.921051301881,179.795982316374,175.974933659254,182.448756137077,181.573755246265,184.86892050921,190.776798143347,201.542114774334,218.01380358232,217.148686979599,224.936117919278,229.662879228182,226.327198710644,227.598161733703,227.55141502703,227.179983245906,227.704650594707
477.296244445537,446.17166681601,442.55429080314,460.092816672657,451.835402088636,449.016915028132,450.21023348374,450.645679107096,450.210922802874,455.442097503966,443.73949839089,448.815472414474,443.886563284973,443.942679514088,445.91391425154,445.817732783162,442.374042182069,443.262050761436,446.376904917018,444.011155151107,442.53625647875,442.429527575609,442.379736515019
330.387733370584,293.265479277781,276.822357970154,274.44864519303,266.929498304333,273.764376176738,270.999945920673,285.093325172664,279.226962330446,294.707991171538,296.64259307701,307.418491928625,347.897553386465,393.826578402255,412.288488208231,430.447538609776,448.898609166447,465.218461237808,461.556033244106,464.545821080228,473.114582071805,473.69189433053,470.994779917487
267.606339344555,217.014745174665,210.570068046468,213.864565846819,207.115010568748,219.215232400596,220.007767289142,230.100410631876,222.815839233381,235.785086654873,240.079944767163,244.094681535619,253.846250241521,266.828021354496,266.930767266377,267.29887359754,275.229814487303,274.950130032855,280.365297170192,274.812576695813,276.20610013506,280.89100777935,277.101094907469
437.78059912666,400.712226694292,393.617648662609,390.797493320624,398.277210727647,398.79930214556,404.216208850877,394.212899408943,394.796342047382,403.163555826936,403.465784667318,398.893601039249,405.200503341809,410.949571007839,407.193406954487,409.577288731636,400.600911291368,404.156032460755,403.252564676772,403.16482502168,403.099600530152,399.621657745038,402.163132222663
235.515185306001,200.078284875897,184.550465960752,178.953278787786,176.461950383769,171.618890996602,177.723291312715,177.365053447553,183.322617308092,183.095150201613,179.171624365709,189.787758185896,185.404248299585,184.805907263497,178.83145251851,184.265459092555,189.515455121291,187.888697947467,184.234923072598,185.091117404011,186.971613894162,187.380571290121,187.9917797591
408.785157334889,359.49939278401,372.724737727321,353.10303303267,355.652768602325,352.302697849062,352.429584400817,349.620797097025,349.006360167814,358.197481849926,361.347358810587,365.518699444053,381.563695871272,409.771547762556,412.065611922233,415.066147260661,418.022379848296,416.001121145837,421.495272217581,419.965921645401,422.286833659426,422.034944302473,423.357269840172
252.891129148777,259.785359519031,269.300563210795,272.539780741313,269.083602136557,271.185744972354,269.780769911189,273.333452033622,267.183542343382,262.758655725671,275.152355369068,274.809669402325,281.961303123374,274.021944638427,287.128565355508,288.889323086281,293.132274739662,296.309728386239,297.843011135637,297.909822570066,298.658329385478,299.117333391409,297.3076866919
283.279748724358,249.509486315917,261.52582392069,246.45856201733,239.877227755032,234.176324916201,236.250326853298,249.342199553359,250.444687658388,246.48263186928,249.101687923663,246.426673476127,270.922214551614,277.827517698387,304.366918727612,323.837973462554,336.285862842107,331.888072086921,332.403182905597,334.365104821405,337.131744195019,337.099817031118,336.873828793688
279.46520972605,278.265196005784,267.540389415138,273.434469253176,270.77560432326,269.460428419172,273.495686331464,275.860101898069,275.177415439303,273.973587236625,272.698102250023,276.304723381339,289.131633885395,293.136067866494,294.448389555734,304.470764757052,301.927462097506,304.387581327094,304.696367955265,304.247765303014,305.45254841291,304.580086685717,303.271975314652
391.893044746441,421.405977499722,430.780710781118,439.441225157407,437.956858554872,440.362089557906,444.526341514132,441.093038699718,436.313197498428,429.409285068995,431.607089173311,430.363349011756,432.42048967699,432.857526028953,428.95253395501,425.872114161979,432.903753104255,438.51171062885,436.111846755392,440.524434261287,437.484850660693,439.502115098041,441.272599960162
307.834545508232,285.007259854905,285.12436912579,269.339914265035,254.701268836823,255.687655862542,253.546798388666,257.107248801057,267.606817608628,260.958215144459,277.452732345243,279.840872178457,332.706910619846,357.335418658942,387.497384226701,404.738128180202,424.787359888751,436.500207243871,444.52253308628,446.496484275719,461.767429346495,462.75327859961,461.235450775295
211.786894636411,213.467146056385,227.279750680914,216.635389793248,217.875962939635,219.444626782556,217.103499292337,213.596139808471,219.3694201097,223.600476112072,222.337314122847,225.577114619633,239.831075075842,254.442983237534,262.177413794104,267.706568609046,269.7323452557,269.873068504653,274.007981432814,276.973854168703,276.210491795813,275.717123027542,274.403957094989
477.938178534524,447.012950221376,445.993160812921,466.230224495399,455.421243935909,443.767089208354,452.326017397303,442.262214694141,443.830330272699,451.697726335397,442.424682616708,445.652584844552,445.125297421375,444.502597711042,437.743526479509,439.585401657889,440.210497184188,444.819238182005,447.613126097033,446.646919170832,440.344745919067,441.966290060549,439.16200383473
356.634867065585,359.355255438854,350.849448436612,344.557537616433,347.068727059065,338.788283352698,331.329597878272,337.343267313532,337.989277415078,334.996714017328,335.541364591269,335.691287645118,332.599157072691,334.972504302374,336.367757156266,337.64394722154,340.02567727084,336.170748733004,333.53890531729,340.589152061368,338.999272114757,338.338358357392,338.644047164903
226.702345699433,194.127146246333,201.058539398311,186.469540974932,198.417987610276,198.283636272775,207.806132914441,203.233790249331,208.010493187801,212.508156797942,214.069553207707,224.27256553635,225.02853098973,230.062045726625,228.304415560433,231.081171141021,235.197868177851,237.272909437492,239.332516845182,236.412335539422,238.135705677686,239.257586269101,240.028381221312
251.442789761748,228.872678103043,228.880845229499,232.443564837445,235.9234343601,234.212033806808,233.992185576464,231.393725652752,242.521083390788,237.138815792827,231.162288326094,235.712594853371,233.922257207454,243.94629532168,243.068115989021,245.564866372798,244.737680832584,246.264607555552,244.623777547518,244.700579682756,246.656539532091,247.890949965201,244.889316986095
