"V1","V2","V3","V4","V5","V6","V7","V8","V9","V10","V11","V12","V13","V14","V15","V16","V17","V18","V19","V20","V21","V22","V23"
23.1352567966044,23.1228389694821,23.1186156297482,23.1144102786131,23.1146626532833,23.1112649723593,23.1126326384995,23.1137989975433,23.1137789223438,23.1172644412473,23.1182340029554,23.1158274688304,23.1199791262878,23.1151255580052,23.110926799177,23.1186120136005,23.1173627848755,23.1206831222626,23.1189992991013,23.1168651453051,23.1173509757397,23.1183079576436,23.120708650228
19.546415378063,19.5574410775509,19.57550525969,19.5755555621077,19.5746421488641,19.5664763592536,19.5655101687443,19.5681512894855,19.5625131141207,19.5812276702431,19.5624626027843,19.5677676931552,19.571339647165,19.572263590334,19.5825864634171,19.5735549389158,19.5813200753291,19.5766396730599,19.5808882235406,19.5758489755861,19.5850908116742,19.5759868028248,19.5791672783371
29.9074939648964,29.9192636717976,29.944752740456,29.9294380312882,29.9308798055424,29.9335676212443,29.9195096426722,29.9256136974346,29.9362173469207,29.923403623887,29.9331653944623,29.9193895019027,29.9274858529738,29.9252728506271,29.9365467806521,29.9288814499633,29.9385313514592,29.9315566602616,29.9289236011805,29.9384639038157,29.9260415435067,29.9205326656832,29.920482732583
12.5369451443856,12.559669701422,12.5601930942289,12.5394491497058,12.5423608269191,12.5556287263807,12.5488539278195,12.5544649612238,12.551901747958,12.546317848283,12.5482824926094,12.546443933843,12.5467118143579,12.544744562177,12.5433433843175,12.5497813234022,12.5400896381598,12.5442825747379,12.5483097158656,12.5496671224893,12.544141426941,12.5415344543144,12.5437649482739
26.2078328972989,26.2614073572298,26.2373866885335,26.2473318460641,26.2588889885668,26.2434053800233,26.2257791415228,26.2369051074234,26.237563108753,26.2304384359858,26.2363650951328,26.2341337089616,26.2416789672449,26.243590374507,26.2487340107523,26.2413518953011,26.2487689282861,26.2413836459576,26.2419948933886,26.2382063238825,26.2405076348863,26.2297032359173,26.248049974819
18.5365132712257,18.5234391648162,18.5601752543281,18.5396616555689,18.5325413104496,18.5283391103946,18.5236130312368,18.5067130136761,18.5214632403132,18.5120036435392,18.5138139605744,18.5134106537106,18.5192628747769,18.5037261944239,18.5114576898197,18.502742050197,18.5073175740753,18.4813184921038,18.5050315874001,18.5057717503934,18.5035997759568,18.5061790041519,18.5096803987139
14.938211052969,14.8804907568099,14.8621668491443,14.8650135707319,14.8842775018088,14.889753000139,14.8852259351112,14.8779334487679,14.8859837185332,14.8831985232136,14.8921666720671,14.8926350556331,14.8898727330068,14.8911190421281,14.8876746768843,14.8805737468182,14.8835101552267,14.897982832511,14.8931186001309,14.8918637216976,14.8985351808123,14.8943929021075,14.8939761982114
23.613692198266,23.6162132432785,23.6020109190695,23.6092932130246,23.6311354984168,23.6195374553534,23.6119755914229,23.5981277704129,23.5976251464365,23.6104640433617,23.6123993199336,23.5998726562925,23.5802006217012,23.6136463201413,23.595994265647,23.6070992564142,23.6116175028929,23.5902479697539,23.5918299254701,23.5972228712076,23.6059072460022,23.5904068780377,23.5948069166472
20.036953475458,20.1041650957199,20.043278409924,20.0809409997274,20.0408303466647,20.0443077130346,20.0220895286246,20.0113236682999,20.0248936129212,20.0166465724077,20.0295941813659,20.033618709053,20.0174173980188,20.0332557154335,20.0213389150462,20.0259041783543,20.0468986644399,20.0250389533045,20.0343426352053,20.0262082528847,20.0279767061382,20.0155885077349,20.0258818961449
24.9103201719573,24.95329030701,24.9433530985342,24.9504158067403,24.9751939535544,24.9663424707762,24.9641509342201,24.9522003504538,24.9654921161747,24.9716201951782,24.959145165146,24.9769895730685,24.9673663252628,24.9751278721844,24.9451251466713,24.9736180121139,24.9594964815301,24.954571171444,24.957171217366,24.9645425356223,24.9622429290365,24.9615110218323,24.964135462869
15.679236438211,15.4742947224406,15.4152945947236,15.3923734013836,15.3430275370425,15.3413102132726,15.3344413753444,15.3295130687597,15.3423331692703,15.3468338243218,15.3134062026553,15.3452492709063,15.3334057670445,15.3413238805114,15.3202888677308,15.324092808384,15.3423963968117,15.3442537772356,15.3373304870219,15.3175356050463,15.3329986857401,15.3314665928081,15.3408973046844
22.9020197195423,22.887719599619,22.90043096511,22.8769650292207,22.8821634009925,22.8809756508703,22.8845996044607,22.8873086482768,22.8896432779813,22.8822697269333,22.8794911352886,22.8751377368416,22.8808968908874,22.8708632920315,22.8782949279398,22.8875711007051,22.8803608364987,22.8770040445324,22.8773661309627,22.8873684823013,22.8711976092697,22.8730975633445,22.8741398755406
17.2187389468085,17.356679995897,17.3550952710123,17.3325865270862,17.3169122394848,17.2963763163102,17.3129638852369,17.2996225916772,17.2958060306373,17.2888968170049,17.2804414765997,17.2887691895032,17.281887674178,17.2802029223314,17.2808535786223,17.2820420419344,17.285986151219,17.2823299252201,17.2677766358245,17.2689520074575,17.2658185487515,17.2637101280707,17.2719938502308
28.0137354925256,28.0227239577562,28.0576579951243,28.0450898048711,28.023633922503,28.0365501188105,28.0325521732032,28.0430117818523,28.0431908505905,28.0410674608879,28.0368832729172,28.0392686540716,28.032158127964,28.037959665738,28.0385468194134,28.0453356894339,28.0388223410725,28.0400085074153,28.0408862860341,28.0428562861593,28.03833590685,28.0518770816855,28.0393711040043
21.957611480276,21.9343791151173,21.9431408977823,21.9120755518112,21.92839612417,21.9367947900289,21.9358914988287,21.9102367900201,21.9176467825329,21.9246663432269,21.9235364810018,21.9375916016317,21.9265182735529,21.9131849971027,21.9169875717075,21.9169237824103,21.9150329912915,21.9243144074545,21.922080020374,21.9259340286632,21.9245811948292,21.9163147831095,21.929358021675
18.3074141792756,18.3815747360021,18.3708503239358,18.3925459483132,18.3837657427454,18.3753350826232,18.3976374045919,18.3711041592711,18.3816489093684,18.3833122891115,18.4037882707095,18.3861693481485,18.3817404395815,18.3895185945526,18.3836639652095,18.382509985557,18.3877251274739,18.3924205507309,18.3848414828936,18.3877008843911,18.3829592968621,18.3811480755975,18.3897223314342
28.6269898438609,28.6207829186651,28.6271500002854,28.6276129281677,28.6309616841055,28.6335829642868,28.6371531413091,28.6373970672842,28.6469996615979,28.632597663759,28.6486018993785,28.6404338217694,28.6394021267631,28.6383604004331,28.6498062464349,28.649492067318,28.6446205798868,28.652730571069,28.6434557136204,28.6506249680237,28.6447921796715,28.6378127719648,28.647386436673
21.6343768439423,21.583700782808,21.5757776930889,21.5415055468901,21.5324410019933,21.517746390875,21.5329270975158,21.5341076454724,21.5248547275423,21.5164335052467,21.5296675958873,21.5254481972009,21.5228597915014,21.5319009136421,21.534507666725,21.5157849448162,21.5371064977041,21.5242746054848,21.5372331539133,21.5473335870763,21.5333698442638,21.536165712677,21.5510670693103
26.4360040854395,26.425273574066,26.4242070861322,26.425077614683,26.4188747037166,26.4194326057227,26.4186496337255,26.4206425428184,26.4273458567906,26.4177056242267,26.4306548155237,26.4171735773364,26.4307516857117,26.4235668116292,26.4204629767244,26.4251901526565,26.4267814839153,26.4429595816044,26.4197739972491,26.4288912461206,26.420481176343,26.4245835251292,26.424433405012
18.1121846664845,18.2831311262264,18.2449050719254,18.1841512795082,18.2043208826713,18.1527312715104,18.1795702590069,18.1698064465557,18.173921085432,18.163099682294,18.1771114333621,18.1770991057215,18.175813616596,18.1721365967452,18.1791027179469,18.1596433077814,18.1619862182979,18.1742365377599,18.1725528965206,18.1753435540547,18.1715171547867,18.1782221721481,18.1682929494856
22.9062523661215,22.9578225489985,22.9198275806864,22.9220266837985,22.9194002829014,22.9084461346439,22.9279681185274,22.916974601894,22.9207303366685,22.9271256425061,22.9133949414775,22.9081914322562,22.9254027110812,22.9248833738802,22.9137038898024,22.9345636659195,22.9313838990246,22.9443704854549,22.9285346702511,22.9282662791883,22.9261735751145,22.933042517208,22.9269427325525
21.899267442911,21.8825096889511,21.7857561046129,21.7881481090465,21.7383968773785,21.7278768569914,21.7166909829425,21.7275274677949,21.7298038805277,21.7271501360182,21.7326273289055,21.7324099873303,21.728370940143,21.724644222622,21.7341315128901,21.7388955037912,21.7091761129846,21.7275401149402,21.7419348857292,21.7319007116283,21.7385674089475,21.7298536924908,21.7270925608435
18.6063186079145,18.6248931698265,18.6455465266236,18.6449592942613,18.6403327431341,18.6447306294494,18.6465502468666,18.6424522687093,18.6396906719835,18.6471061489723,18.6479237336772,18.6423735622392,18.6473952395977,18.646524649933,18.6384685675214,18.6435302526372,18.6484829995122,18.641036314041,18.6431009345367,18.6361714355086,18.6429140033536,18.6373937887135,18.6421183421639
30.680802381833,30.5266458518044,30.4375585120673,30.5114730734716,30.5323859149277,30.4854061492024,30.4509729295444,30.5026657864504,30.4923986607318,30.4980317095906,30.507774077568,30.4859667000367,30.4696488791959,30.5235699927445,30.4726865880558,30.4815361086703,30.4630841729841,30.4882989434154,30.4922196950852,30.5010678735077,30.4882666489935,30.4814208230527,30.506697594633
22.8826151791416,22.858304768944,22.8738106382969,22.8570262833994,22.8686942730228,22.8698890961286,22.8655405930034,22.8665448266946,22.8638710027485,22.8661639653667,22.8645513524513,22.8651390810086,22.8719277821949,22.8748622095166,22.870487754551,22.8662437017801,22.8706179853127,22.8706100754885,22.8724908447532,22.8676285906674,22.8670810377967,22.8706730143744,22.8773402786662
26.236719569279,26.232907992589,26.2530415421134,26.246473976087,26.2620813347395,26.2737098748688,26.2680186267277,26.2726673928226,26.2752461659594,26.2776704973185,26.2692737220542,26.273415226156,26.2670033667377,26.2729601436123,26.2864734807391,26.268743918649,26.2748994017476,26.281212124546,26.2772320453726,26.2803255419765,26.2758674734588,26.276719057047,26.2732416217903
27.2769594768585,27.3195498839864,27.3351978619008,27.3383667168168,27.3518949426561,27.3485301667183,27.3431493412937,27.3479278556269,27.3519243880811,27.3472327902779,27.3479068696519,27.354845273656,27.3542878386314,27.3481207095154,27.3479875234503,27.3515900127683,27.3449960538771,27.3507092167701,27.3462487144676,27.3519970498356,27.3486643847087,27.3472640000067,27.3460970095017
21.6401273636838,21.6703759356113,21.7034301885208,21.7042147927445,21.6775343802677,21.6876244808824,21.6970978238581,21.6916481331911,21.6903932928448,21.6799895579522,21.687270202712,21.6878815578107,21.6898194831449,21.6882851020764,21.6894836560076,21.6924927954323,21.6879684907193,21.6808018139207,21.6935758277408,21.6884817959494,21.6863803779628,21.6871322214407,21.6823274088726
16.8764863693708,16.8007300854001,16.7895617419541,16.7535046129262,16.7410912098971,16.7519153278535,16.7502800636013,16.7455237437347,16.7434388126754,16.7307143004198,16.759918678521,16.7484569765245,16.7402657543748,16.7604646583475,16.758950380534,16.7518244421233,16.748253783479,16.7430698910772,16.7574645695892,16.7441966498901,16.7453017249132,16.7489285047089,16.7586195727252
18.321156873237,18.3060965564892,18.3128828984515,18.292883497403,18.2975200592269,18.3032813067966,18.2921774583572,18.2932178138198,18.2917812059715,18.2921498407946,18.2894455530963,18.2907498853584,18.2866594880726,18.29542821957,18.2954643854372,18.2938854172003,18.2941635996555,18.3031636996126,18.2921983589468,18.2961779797121,18.2944662993337,18.2936962948065,18.2861747002849
25.9052917479276,26.0519926851933,26.0562013268919,26.0763118104088,26.0420288394407,26.0518957733854,26.0235146303252,26.018891544943,26.0154152504397,26.0153010358052,26.0199060383019,26.0246639507571,25.9986719805062,26.0040784131948,26.0030009014572,26.0106623855758,26.0159864797898,26.0178030322273,26.011242375705,26.0211224322396,26.0065253277343,26.0080567679395,26.0094902973812
27.1156618549728,27.1203295143146,27.157717120611,27.1422047141772,27.1469231553618,27.1595824619119,27.1463503603976,27.1408490724568,27.1528372733636,27.1430256032188,27.1568067886162,27.1542660506841,27.1613907007363,27.1604976531738,27.1595752011486,27.1559886686,27.1535173360896,27.1616688971256,27.1573005282585,27.165604710935,27.1634307375439,27.1619305567806,27.1579485334922
21.7212809492037,21.6143099522158,21.5605253038015,21.567892294384,21.5632669389469,21.5422555056819,21.5475400102709,21.5515250377573,21.5383977313325,21.5535238746343,21.5573852449288,21.5562425047532,21.5516430099912,21.5572348558161,21.541952688451,21.5474039716827,21.5508468187129,21.5606246211655,21.5573588308245,21.5562442696664,21.5586389850295,21.5666335993909,21.5596122453229
19.0032031794519,19.1094149165489,19.0623380129025,19.0656087259878,19.0512515523322,19.0516867409152,19.0385246541497,19.0470822936117,19.0343451751594,19.0379123910547,19.0425471679332,19.0497088159633,19.0420590954122,19.0357912673618,19.0366813245423,19.0362709470897,19.027228604024,19.0365011130244,19.0324361023,19.0327819756992,19.0377930139679,19.0278905730572,19.0336454317632
24.0527159958679,23.9965091916434,24.0036522081108,23.9974529521076,23.9857316116962,23.9961663289056,24.0005591173622,23.9975487119611,23.9942514007818,23.9971719477135,24.0054649334501,24.0096391490274,24.0001463017691,23.9959357074638,23.997060564877,23.995658542513,23.9989628655885,24.0021281849573,23.9962415639135,23.9947580196028,24.000477208487,23.9996994125059,24.0036020187011
21.4020983740214,21.3045746163816,21.3363886947227,21.2984253687913,21.2880338440831,21.2873282160354,21.2619167575333,21.2812638886312,21.2841079954395,21.2531273743135,21.2709915411865,21.2564198555511,21.2714402071411,21.2556860818143,21.2559172212155,21.2727317668255,21.2581672094088,21.2731220122883,21.2623398774378,21.2585037630333,21.2592124629074,21.2624923196699,21.2668436857033
26.7973103467234,26.8842890813491,26.864735128179,26.8358369850953,26.816917739422,26.8158459202095,26.8076515795109,26.8054772263492,26.8045742843859,26.8053638687844,26.7833363126891,26.795126319329,26.7890802095858,26.7921088256538,26.7854173924014,26.8020005582567,26.7926832004776,26.7887327324096,26.7909210232635,26.7931380142837,26.7798198704595,26.7956110907177,26.7717895965676
17.0641455017299,17.0438890680207,17.0463062769693,17.049341151141,17.0357657214785,17.0131246132375,16.9990178610729,17.0212860502077,17.0154873907502,17.0163156352939,17.0069373015318,17.0145677723161,17.0192135012418,17.0080377828215,17.021345086007,17.0164257685112,17.0319346352403,17.0218935071059,17.0249996780733,17.0338289096505,17.0188538883379,17.0265705437057,17.0283478943767
23.1827986495811,23.1942734182218,23.1765706873725,23.1862490199644,23.1783267977915,23.1845320354234,23.1839019574338,23.1796508286846,23.1896175624947,23.1870599727661,23.192554768617,23.186857166906,23.1902582950807,23.1889274210767,23.1788274582861,23.1877579112997,23.1882193849349,23.1846575690324,23.1821183582643,23.1893973817023,23.1870859208732,23.1887363819071,23.1915569787168
20.4373999393882,20.407537525349,20.4049342737348,20.3844004528429,20.3994146070373,20.3963303819557,20.3892561264439,20.3934033625735,20.391739952238,20.3982812117453,20.3961228588228,20.3972918148384,20.3991449153749,20.4006290556833,20.4056572350094,20.4001349058045,20.3960622120555,20.3988133666898,20.3975113449393,20.3995405418709,20.4062111985636,20.3964365510204,20.3988246485232
16.3061168291803,16.4046054252523,16.3813075079666,16.3557205075588,16.3365910080455,16.3513390278412,16.3366716029781,16.3346440563655,16.328063493283,16.3431340213535,16.3294597251187,16.3368645379351,16.3301888694768,16.3242239987963,16.3245027305295,16.3273620521857,16.338189907109,16.3295738460003,16.3187187452999,16.336523640022,16.319603943514,16.3275562730115,16.3225098843384
26.9544021965996,26.9474192061899,26.9254585459273,26.9059278713502,26.8791159677177,26.8562619930237,26.8564297106258,26.8516745885239,26.8631501376044,26.8585533077179,26.8777781647393,26.8594521522673,26.8624451941987,26.8684136731547,26.8615606996842,26.8623444392009,26.8760653430743,26.866525199173,26.87257013762,26.8643859881619,26.8723356872568,26.8623337878369,26.8643500457863
22.9223794622634,22.9298876709656,22.9426534074478,22.9446452119016,22.9446422542705,22.954409348622,22.9622546066383,22.9495552740337,22.9507597027988,22.9468380207481,22.9550622475578,22.9479376562995,22.9541483206616,22.9572909022817,22.9633841675057,22.9544273133902,22.9587048661113,22.9633904278312,22.9616860707609,22.9530549390883,22.9573078022847,22.9610155820382,22.954043151701
21.88856475575,21.3962161805653,21.4329145062509,21.2966299284124,21.2540972493236,21.2269510359651,21.1382379080003,21.1576520057685,21.1672142854583,21.2295193338314,21.1832578833446,21.1526192077389,21.1500419199626,21.1770264845094,21.1770851907861,21.1637458574044,21.1552192818615,21.1689904517351,21.1691168086,21.1897913127697,21.1593713761206,21.1730301754205,21.1619873165881
35.2375867344935,35.3409148477218,35.3599841227619,35.3733039130283,35.3608264896129,35.3610138915477,35.3855701258415,35.3681819143305,35.3523762148713,35.3713472167397,35.3660695985677,35.3768165997657,35.3632099676092,35.3715387711133,35.3773189907817,35.367730972631,35.3673953615093,35.3693733071641,35.3695045977859,35.3747678809558,35.3662663855353,35.3762409666316,35.3803965549388
26.3535509889216,26.4123644182994,26.4054828955568,26.3235038848461,26.3407512503085,26.3171964049968,26.3140049411916,26.3163228585376,26.3080968828372,26.329387888421,26.329339473839,26.3090404195188,26.3005911867269,26.3200662970455,26.3015556414025,26.3314920909358,26.3130318554696,26.2915834109199,26.3112106306303,26.3108727886731,26.3216106373632,26.319562137973,26.3157591358122
18.3471068565018,18.3022042946522,18.2996674190276,18.2853880673773,18.284793925162,18.2837080835905,18.2737141783715,18.2790306791618,18.2799114520886,18.2734997336265,18.2743547517586,18.2776505203189,18.2769944799198,18.2800326646433,18.2810426700843,18.274128304516,18.2835993788117,18.287652248491,18.2799096924731,18.2788709702665,18.2838075285307,18.2850035938866,18.2728570256764
23.1711248272119,23.156139500854,23.148129273995,23.1405459210191,23.1255858293419,23.1248240188494,23.1234527512157,23.1246927964092,23.1185644699202,23.1220414153511,23.1298809684049,23.1213952292657,23.1223929652155,23.1218921073873,23.1246800499518,23.1194556279058,23.1206181795813,23.1223188515838,23.1204142660887,23.1193601457892,23.1234971954294,23.1175874771986,23.1224824100055
25.6720737985965,25.7995867077153,25.7939413280837,25.8069864162788,25.7951197992411,25.790239464888,25.805734329236,25.8228638321734,25.8057667502193,25.801643943278,25.7925546337562,25.7965694766615,25.7943940970731,25.8157540891569,25.7993111930338,25.7946903698774,25.802980814818,25.7937788399836,25.801749895433,25.8071081322625,25.8113799861718,25.8044921558622,25.8019865244743
22.9365738804898,23.0687106416393,23.0672870629292,22.9825075031108,23.0006246952895,22.9693187424073,22.9984878161471,22.9942690210136,22.9726728113121,22.9845519259089,22.9947847397296,22.9886757838657,23.014762298443,22.9895758207262,23.0056635264268,22.9954384721568,22.9980552851313,23.0084981629335,23.0127714929785,22.995043287052,22.9914554686275,22.9975641956175,22.995931441517
21.0989470151849,21.0949853112974,21.0994849765614,21.1016139223503,21.1017711747551,21.1043251021843,21.1049869230415,21.1043329286566,21.1008365213549,21.1055828092584,21.100342504649,21.0977664764614,21.102965200231,21.1003435863064,21.0999280720202,21.1013465870282,21.10313921176,21.1026543402336,21.0995699419787,21.1035744810811,21.1026597112011,21.1060945985406,21.1046880662366
25.906480641511,25.9091204770385,25.9049830558268,25.91605207595,25.8807262527747,25.8877189147969,25.9045607272836,25.8911744145086,25.891696686877,25.8836234087777,25.8801003580457,25.8990139054334,25.8872502823685,25.8934869605407,25.8928269895643,25.8835346645173,25.8883295666359,25.892319626703,25.8891591372672,25.8837944967799,25.8803214950562,25.8956054558509,25.9007356449258
22.024322421415,22.020401203974,22.0184972517932,22.0085047425658,22.0155201926974,22.0088271975012,22.0199099261451,22.0123191988216,22.0107201346766,22.0124182033259,22.0095687454751,22.0086683653744,22.0172514807363,22.0109422614133,22.0160310902972,22.0121384409866,22.0086407649788,22.0140580784214,22.0009083823349,22.008066048425,22.0119126066676,22.0137891050522,22.0088540623866
27.1688845623115,27.2091456448765,27.2178566083593,27.2277595852192,27.2324278700719,27.239262640879,27.2333424540466,27.2322024587747,27.2203111654208,27.2356821286275,27.232959791541,27.2324034028262,27.2397614316686,27.232531045282,27.2265472921493,27.2346519584206,27.2324626181856,27.2301838520695,27.2339612649349,27.2347972615985,27.2409272955422,27.2365677691893,27.2369652719825
26.9947588438737,26.931491416184,26.9596631465187,26.9688929464202,26.9624224472632,26.9616517366012,26.9563026658034,26.9720514259652,26.9619235315595,26.9613917472853,26.9648677477784,26.963690214115,26.9634774501732,26.9516744783898,26.9552059484256,26.9626645130159,26.9528785737736,26.9574676958386,26.9533341600676,26.9582296478134,26.9540218142959,26.966872631915,26.9612387001517
24.6318337924269,24.6333614490596,24.629464408211,24.6308535039183,24.6335947670465,24.635130652804,24.6338864587474,24.6268687421302,24.6289058503747,24.6306830142255,24.6296922667045,24.6238242367434,24.6309890887232,24.6269946380498,24.629612961222,24.629210869378,24.6290635423352,24.6274500088414,24.6318213303039,24.6290615358509,24.6266959755783,24.6276310380246,24.6315458292998
22.5735039893438,22.5914342026928,22.6044987403285,22.605834411083,22.6001209308337,22.5825787084114,22.5803545686159,22.5899027445498,22.5894050055231,22.5791992371178,22.5822541173838,22.5846879223147,22.5797280842378,22.5983298920587,22.604867534354,22.5770013471811,22.5747749249251,22.5770631991867,22.5814094378346,22.5839397275586,22.587456177359,22.5758756970272,22.5871391576099
21.6367374448207,21.5328661260722,21.5286937252075,21.5250052457756,21.5113467946938,21.5433891566506,21.552021955402,21.526921255233,21.5350864261663,21.5355111112134,21.5536302513565,21.5424289937938,21.5268336706435,21.5372662020482,21.5284716698779,21.5508564264676,21.5211910699136,21.5177333591579,21.537756857747,21.5453641120666,21.5329718057382,21.5296667734771,21.550458353152
23.2031470013948,23.150837761155,23.18028043188,23.1850954535528,23.1791654665153,23.1739541592603,23.1919221102045,23.1948123941818,23.1835998389692,23.1771809173813,23.1796495979038,23.1770679391849,23.1761923146297,23.1888240345488,23.1863111152823,23.1677759503915,23.1863670436763,23.1732157102391,23.1881726462944,23.1818007621081,23.1800438542848,23.1841482788166,23.1868874098191
18.9216731602644,18.9080091548059,18.8660669139977,18.8631199886797,18.8340941914805,18.8239574622601,18.8154918461971,18.8275657416993,18.8220177252092,18.8265408198767,18.8271813309516,18.8149249054981,18.8242259228742,18.823109616853,18.8238581197287,18.8157483045402,18.827980753135,18.8132843852455,18.8409137432123,18.8152023381848,18.8206725553657,18.820080527528,18.8418733387626
17.7514910440826,17.7816591794022,17.7589807390231,17.7590257103946,17.7484668547198,17.7357520018252,17.7355271016292,17.7429114176913,17.7362309084086,17.7310145458892,17.744129136381,17.738111636502,17.7273521614546,17.7385661558819,17.7335081574158,17.7357232970709,17.7317331803544,17.7413767825008,17.7344128445118,17.7326961674458,17.7356972809927,17.7397150407398,17.7368132448497
24.4124050602566,24.4375881312226,24.3241398170994,24.2935179998579,24.3232580744068,24.3101317110139,24.3105820650146,24.2855904274258,24.2960626933576,24.2884730638012,24.302260496081,24.3017586138189,24.2873284313862,24.3109143565388,24.3091023497893,24.3017797526185,24.3084354779067,24.3198371599766,24.2967688189161,24.2992301129219,24.298442161611,24.2971580938715,24.296785134363
17.5235972712186,17.5364403750485,17.5349407936202,17.537388070696,17.5329781011945,17.5212723858843,17.5434257996347,17.5387466739845,17.5356253095115,17.5367529204788,17.5349677366455,17.5261854241566,17.5301618404647,17.5407702369925,17.5409048792414,17.5309591583881,17.5367034276809,17.5331669963902,17.5228334412798,17.5367617027536,17.5291684599402,17.5318135299129,17.5388544122858
31.1432709237326,31.159509892684,31.1193534538187,31.1060884996463,31.1130618195213,31.1062617378708,31.1070543149412,31.1128339993712,31.0893889644742,31.1006672970654,31.1145150408385,31.1057258696707,31.1038858229364,31.1045328539168,31.0954734000934,31.0973620204414,31.1023485402808,31.0966751100814,31.0929645105972,31.0974462418162,31.1011106620028,31.0953706046837,31.1042241369777
15.6927836885473,15.6173118298785,15.6206336095373,15.6154358554439,15.6123021923941,15.6057491376787,15.6163472839249,15.6145684190453,15.620151413685,15.6064822829644,15.6166241439855,15.6198468478174,15.6214848335224,15.6256198890377,15.6247844049878,15.6248530511148,15.6208041987364,15.6164545956131,15.6228839055403,15.6207889845895,15.6170622466349,15.6144268159804,15.6159653641579
27.7211426073308,27.762966735106,27.7574138788855,27.708627779623,27.7074139999795,27.7188919040877,27.7022498204772,27.7025839715261,27.6793538788018,27.6917497663249,27.6869273725079,27.6922479362311,27.6980837892013,27.683670206437,27.7172140291626,27.6991163393274,27.6994691023416,27.6837313858992,27.6972170975708,27.6755791263698,27.6827828772959,27.6955565160475,27.6898961778829
19.5126889555099,19.538731006129,19.5467536716402,19.5444631804425,19.5502088256366,19.5465651645032,19.5480808717126,19.5447355235083,19.5516076904918,19.5482284812036,19.5519695401128,19.5481274095486,19.5506837080807,19.5479436464727,19.5528068778351,19.5529486020709,19.5508719852035,19.5524100852292,19.5515679612602,19.5520195737694,19.5556715116025,19.5550000351617,19.5512281166254
19.1969293018981,19.1504827033219,19.1600746430885,19.1395943133677,19.1453647029444,19.1439911923318,19.1483897104017,19.1408021176201,19.1417182805878,19.1394083304632,19.1488731505113,19.1432006050175,19.1439343697752,19.1431306074914,19.1402801291188,19.1471496920334,19.1470618679172,19.1395044382232,19.143507870733,19.139350203935,19.1437405282899,19.1486307350378,19.1388585526902
22.4254091840525,22.5182800621423,22.4968876194173,22.5416923474087,22.5232000766679,22.523888991922,22.5379875193927,22.5184571833161,22.5359859135215,22.5442202284146,22.5495641385504,22.540953066926,22.5396005731614,22.5386019221566,22.551569123205,22.5347321580555,22.5392154791158,22.5530448527699,22.5323236622422,22.5361957504439,22.5415132886561,22.5297796666105,22.5415914708779
14.9741768591961,15.0489509587307,15.0303561638405,14.9988964959146,15.0108014785067,14.9963661043544,15.0050629031006,14.9962131130959,15.0015231017379,14.9956955112871,14.9907292988594,15.0002606677142,15.0038739744782,14.9889126270903,14.9929886444916,14.9944884315032,14.9903753133606,14.9987892876774,15.0034625576772,14.9960751809963,14.999725454307,14.9982544672017,14.9927982750348
22.0350412545795,22.1914075872111,22.1745431627833,22.172595590925,22.1365577376633,22.143321420167,22.1247170536506,22.1050646534951,22.1418817883425,22.1156834441136,22.132658328998,22.114154940104,22.1082141662828,22.1229915995123,22.0924947804883,22.1036285972979,22.089826623669,22.1046678698624,22.1069506203845,22.106666344629,22.1014040787335,22.0897915894319,22.0806873701268
30.850534777053,30.8719487076954,30.8689952375849,30.8664620727322,30.8691832235378,30.8703544197767,30.8787432791672,30.8616934170442,30.863389565312,30.8631027750759,30.8744218954059,30.8666228383038,30.8679018596855,30.8715995743491,30.8631308723702,30.8600991537768,30.8674811226815,30.8644439484033,30.8658496134874,30.8672982780428,30.8624624825846,30.8675989853647,30.8657538341825
21.1850137669316,21.2331419307788,21.2145731665904,21.200153466692,21.2002624260349,21.2133308659301,21.1826205701963,21.1844052981469,21.1822301969901,21.1900440231377,21.187937573537,21.1945094582512,21.1912575841105,21.1758318389803,21.1865514337479,21.1827962651584,21.1778189998929,21.1713916160531,21.1758270246189,21.1767786866822,21.1822693351182,21.181705199691,21.1769908291962
16.926385018194,16.9512102629641,16.9512788574247,16.8876999071031,16.8367096088953,16.7915060618173,16.7931636799745,16.8011148678085,16.7999257639235,16.7946384576596,16.8053651877899,16.7820365218405,16.7720002023811,16.7959149583959,16.7850375883398,16.7731601754036,16.7967126465831,16.7943136310958,16.8066254677675,16.7971685669936,16.796129269754,16.8064248664213,16.7994948499407
23.3625351475774,23.3444351145528,23.3375380584255,23.339491202515,23.3245809965849,23.3252291107091,23.3334299882213,23.3264608806816,23.3239053280512,23.3335805189596,23.3349684024604,23.323853811971,23.327240430658,23.3347389041949,23.3381453994739,23.3393209011518,23.3259227588826,23.3297278119196,23.3355456028073,23.3262097378981,23.3274359384803,23.3233254274312,23.3242095227337
28.1249056980339,28.104699538913,28.1091689912042,28.1022802263034,28.1163163961597,28.1032085640388,28.1066567250115,28.1027785309772,28.0965519607602,28.0889372181715,28.0904223829527,28.1038445016537,28.1092395492832,28.1041476990832,28.1057081248319,28.1130671462186,28.0954762569928,28.1009418486873,28.0955357896507,28.1021574059163,28.1084813622698,28.0977910158157,28.1005412120058
22.3278586817632,22.2742879717957,22.1566628758013,22.1539629784226,22.1020323372168,22.0759505720591,22.0575913250819,22.048891869069,22.0467302391146,22.0745054213658,22.0413692119323,22.0558120829706,22.0264482151493,22.0602466535231,22.0568768670519,22.0569433789681,22.0302429273062,22.0344724331977,22.0577766015993,22.0524184177565,22.0601318857549,22.0578404823606,22.0586904624002
25.9630844038592,25.9759091140795,25.9671426288131,25.9549153522372,25.9420143907475,25.9370776944937,25.9139381855072,25.9070929037645,25.9238694896955,25.8956584666796,25.9175794119758,25.8988968069191,25.9148072492455,25.9030777577904,25.9117005900442,25.9071136434143,25.9224197015978,25.9133112219027,25.9077269148882,25.8988974977451,25.9052353869929,25.9030741158848,25.9056756926935
22.20238807033,22.1447789935549,22.1017344640987,22.1116178711944,22.092881663927,22.1165012948603,22.0751473323457,22.0984316145415,22.0937431562542,22.1064455511576,22.1145028103514,22.0981330288531,22.0890593054983,22.0927228284221,22.1075024171875,22.1097283574786,22.0948549692814,22.1030458608016,22.1170778048705,22.0970457871423,22.105466929929,22.0984699146191,22.1004160232646
17.4418957460871,17.4875660135194,17.4916205339142,17.4940072680024,17.5032886061927,17.4978238883973,17.499129744565,17.4985109810077,17.4961467419144,17.4997386127013,17.4998863898817,17.5009097007722,17.4970445586186,17.4969454930789,17.4962483637136,17.4940042247562,17.4954573441159,17.497651165665,17.4939586618298,17.5009505199465,17.4961865748795,17.4962632452716,17.4934742206929
20.3303276804248,20.2645528890161,20.3432781550289,20.327247211825,20.3187282640456,20.3139606240305,20.2960657206141,20.3082093081363,20.3145604522434,20.2970203299041,20.2985934475049,20.3050122920117,20.2963446289326,20.2988786345084,20.3011841961177,20.3069026427559,20.297400029796,20.3070320918173,20.2921647562533,20.3167742850052,20.3020104401042,20.3097141863459,20.3012595021549
26.8526584039743,26.7774986735332,26.8125210920237,26.7705298235626,26.8012153315332,26.8225489435095,26.8132779554566,26.8032632606407,26.8231388539714,26.8178103284635,26.8087904778991,26.8287492337165,26.8283378201377,26.810311049977,26.8152108379125,26.8254995915235,26.8292900264964,26.8190181991668,26.8105420784774,26.8182288250201,26.8233902259277,26.8156873029044,26.8279815295973
24.0839999365079,24.1035493686133,24.0532106754992,24.0559492927971,24.0465242450316,24.0413915171151,24.035088641023,24.0326128983029,24.0418890807864,24.0213251831952,24.0485944884875,24.035151407518,24.034072098604,24.02244809791,24.0330729644868,24.0282365034661,24.0346393201873,24.0492378667749,24.0423891387206,24.0419299358861,24.0505742508282,24.0257121097712,24.0288172190578
20.3217830474065,20.3702384992633,20.3398779981036,20.3585449524698,20.3446508155574,20.337013654055,20.3609763553183,20.3535532977475,20.3518934805365,20.3479868625516,20.3652262564937,20.3582835625422,20.3542546618372,20.3480984208097,20.3524174676345,20.35933734439,20.3399794327797,20.3639590083106,20.3507897554477,20.3500566382565,20.3632787358233,20.3532556128643,20.3579367786195
22.6555592103552,22.6838652690242,22.6848130833906,22.688284393934,22.6827049874071,22.6925653408523,22.6813562277315,22.6852804242366,22.6854271384342,22.6876017360224,22.6909647097446,22.6891047614686,22.6871121873521,22.6870279979456,22.6847892978246,22.6936804705854,22.6908724957329,22.6953776010139,22.6961911652272,22.6927682622683,22.6879408329763,22.6920968932445,22.6941845396061
29.7988208911432,29.8245723166205,29.8496012994816,29.8431595297611,29.8347804977212,29.8431865008959,29.8268571712078,29.828212028768,29.8245214299642,29.8303372428176,29.8287853479831,29.8231803767027,29.822743305309,29.8202155956117,29.8166393239595,29.8302167302141,29.8156335785127,29.8183538853815,29.8173147745463,29.8199419435124,29.8130813523902,29.8203496781108,29.8141431572228
22.9384689673798,23.0831820993166,23.0939033433633,23.0343268370067,23.0641916794221,23.0515546289994,23.0582643683657,23.0586287219897,23.0539101697185,23.0495222134359,23.0773914715041,23.0453790394681,23.0488766299661,23.0574815546512,23.0436568095214,23.0438575678864,23.0666281052876,23.0502898865495,23.0471211126753,23.0570652811045,23.0554248747428,23.0485311930481,23.0422389211184
22.1589435259576,22.3147773625069,22.3126260325556,22.2824901021814,22.2505370953666,22.245129598445,22.2251364693968,22.2566459435139,22.2164238338684,22.2237684887446,22.2206969194041,22.2120923929428,22.241381632621,22.2590642337318,22.2318331904571,22.2363725553055,22.2369087287302,22.2275162643457,22.2362827986995,22.2371807573674,22.2414852335514,22.2315394902124,22.2267769096602
24.8142838461416,24.8318377355583,24.8241996451386,24.7953516188005,24.8065041469406,24.8213062990241,24.8162071226947,24.80151934726,24.8038773823469,24.8165422380825,24.7831978705957,24.8024068617913,24.8040091950249,24.8106099423665,24.7948349873035,24.8050464216579,24.7921428989438,24.7866060875021,24.8025651735272,24.7860651585867,24.7949141329225,24.7873606688934,24.796734684986
20.9512050020481,21.0394164641417,21.0197717010832,20.977202662742,20.9564235611975,20.9359523807693,20.9438492277391,20.9264640978036,20.9282093763402,20.9246922073831,20.931754330252,20.9370724225845,20.9339389959608,20.9214218832254,20.9146746032996,20.9276388092165,20.9197136438497,20.9357382047558,20.9307848360653,20.9319801414804,20.9379938150757,20.932385054627,20.9422388167309
31.3674078278841,31.3528805562034,31.3413732579619,31.34283232011,31.3295129653084,31.3318754757936,31.33396963441,31.3230154220257,31.339069587368,31.3254858285431,31.3292991214407,31.3297771303367,31.3316237968107,31.3299773413742,31.3334633506922,31.3332914517914,31.3293347499946,31.330742393393,31.3355235102924,31.3375678679964,31.3355602968741,31.3349991690401,31.3381033100502
16.1351856191491,16.0361564685338,16.0515587896998,16.0511407227787,16.0664483750692,16.0395887916349,16.0463141346181,16.021329046083,16.0320432160415,16.0349560303699,16.0417538334087,16.0342235343578,16.0481383816779,16.040930019268,16.0478600191423,16.0472793269008,16.0390593255975,16.0404706606103,16.0401293315095,16.0418941235751,16.0373959107826,16.0334429574955,16.0417704283012
20.7235326046146,20.8691909320423,20.8314643923443,20.8147078408867,20.7916945807779,20.7995050999599,20.776230395833,20.7884060159038,20.8070068288092,20.793462645486,20.7876500923787,20.8046833369671,20.7896711301789,20.7793482420447,20.7847565302563,20.7903258818003,20.7873433631946,20.8009918377451,20.789111048072,20.7849392385906,20.7834193450682,20.8043295743584,20.790982910575
22.3478905904578,22.3215770058834,22.291000630772,22.2665383365553,22.2526157469105,22.2701396484232,22.2636279531327,22.2444370715134,22.2525411077935,22.2569842443508,22.2758950537556,22.2555294766802,22.2562587584248,22.2693015460531,22.2585728222571,22.2745698141061,22.2556256505933,22.2638474311866,22.2731925588045,22.2624160709286,22.2590582784872,22.2642783321978,22.2563568127095
23.2556213760185,23.3215986401136,23.3221716992404,23.3115366883624,23.2989343899436,23.3062565599272,23.3121477652119,23.305570342239,23.3007864377436,23.2980164618657,23.2984104046624,23.2939091954998,23.3008864995625,23.3010106424568,23.2952756872648,23.3025482349458,23.3104218603091,23.2932818236161,23.2844986300742,23.3054196820702,23.2991600251699,23.3107256053659,23.311558461733
24.1132161319781,24.1548267326173,24.1319081495182,24.1514933378786,24.145695998089,24.1436277421359,24.1566779943463,24.1330238174457,24.1415830011973,24.1415417526469,24.1458529802065,24.144702171456,24.1391594372687,24.1455732198285,24.1383753240036,24.1369314482074,24.1349823038777,24.1467995943515,24.1350108075582,24.1403573581562,24.1416083260889,24.1410717391606,24.1469754959674
28.2705545338735,28.2447290419128,28.2474453432362,28.2461755773951,28.2436211070526,28.2392125197954,28.2382251222388,28.2369098433406,28.2244613988147,28.2319466534326,28.2363368761023,28.2313095508174,28.2380167320462,28.2332125662743,28.2367642354901,28.2333012077729,28.2329424196201,28.2408367465491,28.2287602202439,28.2318752830305,28.2336512757417,28.2357968521881,28.2357336940414
26.6588659491987,26.689749322789,26.6908495833596,26.6957861557741,26.6914222238161,26.6928071886671,26.6906977572333,26.6866092498247,26.6869603801317,26.6908773773385,26.6929850777573,26.6894009683844,26.6863721319386,26.6823320931903,26.6859552109678,26.6839569752087,26.6885195824732,26.6843876413854,26.6882823229033,26.6880507903456,26.6865589297682,26.6855341304224,26.6858807766424
21.3344090161624,21.4306008069737,21.3604257385114,21.3206250785036,21.2841436880443,21.2621354756894,21.2702501670672,21.253607450444,21.2685907318117,21.2346115627311,21.2543307774864,21.2472138247021,21.2458763176875,21.2419094106819,21.2440202509887,21.249497977056,21.2273259337674,21.2339819011527,21.2397687767381,21.2334616339228,21.236154003581,21.2284236153797,21.2293027080202
23.3434268276186,23.3723997220014,23.40351656988,23.4130557111968,23.4076159408947,23.4183019329731,23.4314298276312,23.4269710904699,23.4262544820437,23.4275746580981,23.4342158689888,23.4269617072579,23.4388576600555,23.4313963461727,23.4307081008977,23.4278073049726,23.4272950169424,23.4274555971126,23.4281500727966,23.4291131380558,23.4350587307465,23.4267850178745,23.4316816101353
