"V1","V2","V3","V4","V5","V6","V7","V8","V9","V10","V11","V12","V13","V14","V15","V16","V17","V18","V19","V20","V21","V22","V23"
476.375096215004,499.296486981232,509.768735916106,510.62276804655,512.108254925571,510.331544246942,503.107158780295,500.639620112148,495.571310406215,493.814813065337,491.678204718743,488.934529492977,481.817767289343,482.655237377488,485.113923246447,485.183655190805,484.444059158092,484.695379483861,484.917276389533,484.418398107994,484.267551270864,483.807822510312,483.898145064471
489.936562444684,459.736674228544,459.603852926203,462.195587469902,460.845446977286,466.99029863602,469.942733390611,473.675657298115,471.828509642961,471.287177569361,470.855914006162,474.520505270426,470.384251431463,463.257640479541,458.952426851347,459.528026631865,459.647091697104,458.950036898667,459.557867162318,460.107026060776,459.824696363921,459.373337557649,460.126120289739
332.287742079269,316.476379056548,318.276819074866,316.302205025533,312.147553827704,311.427156776122,311.366407817836,310.207373768074,311.764601476421,311.889770902953,310.48850223938,310.524897348266,313.052781451925,312.568005850168,313.27482493473,313.812282184079,314.30423370906,314.433708326582,314.63578549931,315.377733740153,315.520778100349,316.596775819292,316.86803135882
302.852888847375,290.329692367498,287.954121038569,283.86538694188,284.762004033406,277.847364470411,281.438489753784,281.822377035006,288.42166012549,294.128822383967,297.149995036288,297.453520875411,310.739397202315,314.739845011926,316.552617870543,317.369346971052,317.819551815148,318.641606070652,319.01372929644,318.755705141785,319.375603144331,320.249396408341,320.526834721617
260.517103176385,208.103795530576,182.679723530601,179.789069620778,184.695522050972,187.729037261406,197.111170217582,209.34903862212,219.36642155226,220.982271481039,230.991645829774,233.475499343716,250.990816682004,257.917044975725,260.848337218426,261.554699153624,262.078944170727,263.219940101426,263.887878605695,264.80038051992,262.991745568861,262.070172278044,262.853563552989
209.677372618007,135.059372293953,128.069286292487,127.629552013535,143.922102140817,161.912927960832,175.509270703005,183.830035616508,189.064956857858,197.91534013033,203.473129244275,205.495803494245,222.923678571696,227.995157151157,232.47567663106,234.169053531233,235.669375662688,236.755204579588,235.884903415719,236.872746669821,237.64001922663,238.393810129638,238.134492703118
369.082703395268,387.013132027465,383.073071875002,392.32525951367,390.53535735491,395.878916914361,383.028953749143,390.252125129884,391.87540276474,387.086807591984,388.973028497408,381.727476301994,381.371763027642,380.360673966092,382.113276541877,385.076111272299,384.136574420407,384.857202602591,385.755213021986,387.366995355575,389.767268935671,391.165489748607,391.982550882045
511.300727634587,486.220312434516,474.888820533375,474.052676281684,468.873815380346,469.297866183973,475.116916881107,476.533778152334,470.480048297425,474.342497828151,473.832278534011,473.902357139991,477.500800011911,479.861810598024,481.92671923119,484.896661620405,483.457600926315,485.643131364097,484.83866913375,484.66738751959,483.581826253814,483.618186055647,483.248970251464
164.626794452319,148.180113101134,151.836871271774,151.717519475048,155.324568147865,162.060858149646,163.356729412804,163.259487133662,165.924152742925,170.149173605132,170.368108718846,169.81805107257,171.609279163173,176.952803183728,179.982467344295,180.871795136883,181.793717561742,181.477012659629,181.995487825771,181.753226859682,181.947859812612,181.51581915825,181.616617630471
290.555708680926,274.514327922621,274.126638970282,268.719788321076,271.716078078647,268.548429518853,271.553979012924,279.77067066658,280.497138410956,273.806783482713,288.055108189705,292.283489019455,293.930056518557,300.19694871361,301.033274486102,301.642382993078,302.104280475403,301.041806135973,299.708816507239,301.244600695818,300.585115677871,300.188717047745,300.269677438414
189.019536699166,157.683475612794,156.947626307164,154.084500545871,158.471129510408,159.029118677705,165.003638765698,171.032418227253,171.856933130279,176.560868868872,180.16181578923,182.469179907305,189.820424256349,192.088934139484,195.768092108013,199.141713005409,199.592617347844,199.800314109224,200.935357576458,200.002208054069,200.751416359754,201.740576542012,202.094103188223
270.619325943805,275.26883051746,268.068478536864,269.400152009193,268.660944559758,271.660477232576,275.081618897716,272.161801106193,280.405751948873,282.704991769585,279.741505913654,285.338296700532,288.449152432488,296.521221135954,300.890657012362,301.479240709487,301.348066182802,302.348019784479,303.286718610262,303.322273546896,303.689182652555,303.533468326204,303.301714468965
242.603508321758,190.171964804571,174.374778639794,187.485277130538,199.928902527116,223.813517337754,237.436943726584,264.640980524364,267.883049528309,265.938719070707,277.619041135614,279.957458067455,301.966687655654,309.70664310141,315.221235960871,317.120852550915,318.953247264543,319.937776946603,318.437195797361,319.393464193089,320.654897420068,320.780746345204,321.077502674072
574.295262733863,564.971096580354,566.095231396504,567.436169772834,572.804201566692,573.904826669118,572.020898451866,572.726664701707,574.247226118354,576.299593928542,573.715907588608,575.832320453052,577.496314250888,575.924892044166,577.478419530657,576.71645324364,576.530703838217,576.669101066137,576.506629927103,576.581650592613,576.634269417676,576.943713134752,576.559997289364
90.9301609931587,108.428445251333,112.552162610567,127.132284785463,134.944816777488,155.802569388229,166.884327315118,179.376322699826,192.349742538584,188.49795022208,199.966235816694,200.109107607698,216.420754910467,223.572895493909,225.469205504033,227.549290810302,230.264173997996,230.192868298646,230.639961016959,231.853518775583,234.47036967073,234.138018639087,234.405144858788
268.56803881314,236.567473018282,229.722855430426,226.709010726027,227.215526525947,228.272402238711,231.576020956687,231.373782269952,231.290547477596,230.069173919129,229.547938490052,229.84841186525,229.793517661795,228.159748499199,226.971541582301,228.436797620675,227.627745210357,227.758006991076,228.154133249366,227.823468114885,226.976626483488,227.765447341784,227.584192456359
294.533912114882,242.394288243845,241.988714150373,234.049554717409,237.338226686601,235.557903678461,242.425973107163,235.078296475058,238.307805082288,240.80956044885,244.695499404873,245.338104535606,247.960798771071,248.624749786333,251.320961381546,251.296523310918,249.784247648272,250.588872490647,251.947298675145,251.907036841571,251.583641657935,251.283770032284,251.383597502849
294.122115645508,278.452018197917,276.914323525027,283.093952498708,282.205458696442,284.77130015159,288.111004958106,288.130436630039,289.570445117406,294.217548696497,296.858563301148,299.78318135348,309.637083174018,316.943056831491,321.329998404407,323.551092741761,325.274200903308,326.400544014326,326.765698516592,327.233329215647,328.953420639776,330.201092062431,330.909443398874
252.573415212494,186.803777338602,186.417285033945,179.041162822522,190.670919328551,194.319689775276,195.826808094878,205.947929458353,212.622515156743,215.257003477029,218.319276723381,219.819338110031,228.316216316819,228.471255842239,233.08390270905,234.398182871834,235.175765156367,235.431429288405,236.651841474857,236.934448934948,237.749054232684,238.513013809696,238.605113075854
47.2020806592567,71.284678489825,65.8201401173154,53.9450251667949,73.1618599410339,84.9563202993551,95.9068215347974,111.538029324613,119.81720081339,130.680144834757,139.582649435559,143.374395566186,163.088551154438,176.414970575741,182.93749633032,191.268672132689,194.530871734275,196.431851391362,197.176066630234,198.11225953194,204.766676499169,209.109355070359,210.772616481287
285.776072407774,272.904349244742,266.513914579103,262.592792418109,262.302487739707,258.395813720335,260.36908867008,259.308477026479,257.704832145408,258.532103528609,253.521815169531,256.031119382454,256.882362891678,257.034678874094,251.187665672477,251.586339138647,251.368614909756,251.870970080828,250.869721811454,251.13440582384,251.654081012574,252.098697513142,252.278140445976
215.302857376116,171.207927674675,157.517365040565,160.994736492811,161.132779862915,164.964609784843,173.750513830796,181.6625633286,188.42494958721,196.266281607602,200.837286899341,204.523592178423,220.328557062235,230.737463409348,237.418512851766,240.582230745814,241.679122135336,240.879441671314,243.054311620343,241.979081815621,244.676340754702,245.167170653688,246.354789323584
229.412561208168,162.28635411481,152.282092674464,144.420227550421,145.314332344838,148.495601779857,156.134631834731,164.012408831122,171.233460589078,178.392343758955,182.795716677912,184.676153641464,204.757896376118,212.765093863393,216.452496764194,217.48861250459,218.520613224941,217.772882983794,218.508221683268,218.675139027574,218.971879573198,219.151952025181,219.426929285106
263.648059169229,189.022089803553,172.272795452714,176.089634569242,181.333995226114,199.433400720651,212.567021849871,220.833587982858,225.926607456208,235.253804691381,241.266149800507,243.099970976101,251.715355682048,252.043010931561,252.882446450094,252.371410148386,251.734243499342,251.235923046427,251.268070629242,250.93928598815,249.601698860994,249.066838112593,249.491144546256
351.973190655549,372.363389420531,355.208066395118,351.500995240681,351.193819887243,343.810594413559,348.540710053136,340.66535267653,339.936665074981,343.319660861283,339.653114879012,337.147416543893,337.98828848215,339.35393325628,339.650545023512,340.656610846785,340.542292520355,342.365274718936,341.17140807353,341.003966474284,341.410372420414,342.279567853354,342.568954912912
408.218263523304,408.433553329937,414.706506258889,410.83775034633,412.501184744342,415.49466491528,418.565570596075,417.163985286142,417.763015199079,420.69581687778,421.004984721234,421.190538047628,426.103289497903,429.27808582429,430.423910881956,434.129770189137,433.139110058253,435.577467111071,434.36883872214,434.651052038351,435.057455247933,435.248006353164,435.962365023132
122.651841334723,125.313929781991,112.528645472891,123.241744512651,124.28797765578,142.913667074876,158.420241819517,174.727339081712,186.747290798268,201.495020078632,213.615959129138,212.027258419941,238.496099992977,246.837530947655,253.155987734767,253.617732037608,255.693272165347,257.492338187973,256.93499739189,257.882258001913,260.472993518511,262.139086143154,262.549952187854
329.965867883224,282.451345699857,270.228149768064,269.069331780043,284.626461640983,302.19934380035,306.764668647828,319.516187254544,324.224748454679,328.762234640677,331.393147188415,331.867054393234,338.093410219113,343.224886391534,344.822599782049,347.848599507054,347.51675749548,348.766306019802,348.921319139633,349.585518994833,351.729456234982,352.400613917716,352.840806054052
384.206698992853,368.675778630131,350.769220793376,351.107431282322,345.57846667508,342.386486417113,338.820321065326,342.598912380301,341.198130604734,340.806268292986,338.320797559386,340.210014270867,340.260405005678,343.863293028282,341.920995515968,340.921975015793,343.327219988933,342.20565016059,341.56829166839,342.380894991092,341.718456860093,342.101483011647,341.972177685592
357.192777200127,354.139593501465,351.499644667369,349.865121448593,335.464778864691,333.631351421015,336.72814740262,335.417781475691,326.046167761815,331.753298602888,332.80517947595,327.269322701334,337.331762946116,337.104742907201,337.872796931284,336.054731179225,335.218670801285,335.178006888477,335.239400342472,334.351816581019,332.71158397946,333.415767813054,333.140367202782
375.769476721513,339.439038349425,334.493799490454,331.430783367217,335.437948912781,338.41375953439,339.706486332789,335.035269301127,335.691123407976,336.476807467,331.800104111439,334.994141753251,343.311393653742,348.830158648059,350.511516231391,352.624694706676,353.345144947376,354.032893283146,353.654936929703,353.905671068362,354.665052377521,354.656600061367,354.525604506875
184.627316830766,150.558371928544,147.887018424774,150.483924412458,150.458172067691,153.07252453522,155.0848358997,158.485054383933,156.910225694057,158.849501821949,163.293391189475,162.96389116522,165.941065289381,168.867704371565,171.075055678088,170.754735377231,172.244897828697,171.244759943009,172.992335184743,172.500618492195,173.092461224355,173.381854031694,173.286836115847
303.790794858101,270.021616857661,253.934479195609,252.867805731053,256.793696534694,257.550308392742,262.701093604936,259.931802757853,259.681273059769,263.151706945435,264.852731461741,263.094645915477,272.160872331805,275.97095005829,279.156766543224,279.218810750757,279.445046740777,279.816519993087,280.444679189586,280.467646942459,281.150794678858,281.55813514417,281.758363270593
223.65328165743,231.303627553154,232.533004366889,226.39021587973,225.577634497614,222.555356523649,226.885597184239,228.127005663795,230.186129721442,233.058898854382,237.051270533762,235.05446671409,237.977021781528,241.454183279067,250.802478791081,251.71141410464,254.675561020034,256.123639149326,257.225401972202,258.734472972027,261.926369980016,263.633619352186,264.06741168364
732.479310873891,741.103568796919,747.016344056076,748.646004364808,748.665059143328,747.386512759656,744.320382940928,744.071358768989,740.087181091365,739.127663625089,738.594343944093,742.138475101841,745.000935907225,748.384170050432,748.550562896357,748.096939810279,747.790796547094,748.643695159947,748.450767794489,748.818674294851,747.868416694739,747.548753071097,747.509981629065
122.119791659956,128.76149487762,127.891315707755,128.035918286452,124.601590550698,127.295007855336,126.903357092293,130.869415831849,134.784647192211,138.140044547853,139.397436199319,142.485442226326,151.226653401798,158.431440415194,160.430588202725,162.471076150749,163.054412249361,163.227532498151,164.256907167378,164.208910889716,164.408868421879,164.517001701539,164.802855014347
232.02061299924,169.790109927006,159.538218465714,162.125501695593,165.733446243968,175.780176887726,176.520687564689,183.056358710306,186.606832070023,189.28296614032,192.486822131918,193.964346330899,201.941127760817,207.611901062237,210.846280945249,212.116885801939,213.250883992386,214.075738369371,214.31858214006,214.905963216386,214.772025886169,215.283968955573,215.532730013228
364.243501144668,327.44205418155,322.625088199855,318.303197759814,331.907424596785,332.73783077141,340.048208261966,338.389082008249,340.397254405858,340.682618988839,345.861942522347,350.005438410285,362.222169152901,374.20296568538,379.902588631383,387.081312049322,389.91326871772,391.886108094715,392.666566291348,391.46911396079,393.129946657515,393.577564082657,394.152668988808
337.713211779191,336.053050135948,342.681206423636,339.730310603314,334.743083614495,341.119533817941,338.703047182746,337.435197611775,339.433052007901,339.928517171871,350.368948789106,343.240275928716,361.67443688416,370.439154468628,371.117492380763,372.515502940185,375.499320523176,376.776399799822,378.223925930645,378.176381895178,382.390754159905,384.130152873935,384.934428001375
420.287917473813,401.5340775602,398.642725594237,393.403612440505,395.431811695633,389.470463323195,386.625820234508,388.931496594473,391.188145657737,395.817499247032,393.9615685095,395.434549377829,390.280081110817,392.805263710087,391.566735037934,391.623373388667,392.018384265684,392.541046928408,392.5718234405,393.281480765347,392.454207604469,392.167371199653,393.175527285608
554.044642257271,538.702583236361,542.630712987619,546.397169054591,547.85958095458,564.846288107329,559.336350629897,558.297595314127,556.592530030965,558.808753571207,546.948967548117,545.434844725611,536.658456153319,532.371673268174,526.946522059603,527.81182508309,528.824003223033,526.132249601018,526.180811304539,525.803473810834,526.163274172675,526.067495306171,526.68763313818
302.146877722138,287.076870858709,272.275527946638,278.145452244264,273.101430217948,273.545909218606,274.315216547689,275.564661037577,271.877849564342,273.5861329356,275.680986625054,272.438192279718,283.215799034364,286.271056242586,288.099651145194,290.81208089074,290.353950424785,290.9958912919,290.47741101781,290.492015010056,291.676435410848,291.067657775646,290.919879949935
236.942845132977,232.22952429038,231.956082530228,236.469214641758,239.933900002117,232.820090129934,230.827483976845,227.464384182532,226.75543753511,224.196762007861,225.715840250349,228.662027434967,230.131851017493,233.405560702679,231.939348215513,231.930288201161,234.192215956069,233.813922281412,234.35446738684,234.643344247186,234.797146186925,234.69269868481,235.412782365105
178.4073571719,168.463689498039,126.450768798055,108.927878667423,119.079490718124,141.99187569032,157.206508778535,181.935695598908,211.5360624323,214.055045816633,239.464937995306,238.4288306523,261.336843490291,270.126124787919,274.740091753387,276.29771520495,276.957981397543,275.240709273155,277.170721805163,277.058033105252,277.39143332011,278.649050888136,279.53314811061
434.402856013538,417.532136733519,413.656348721491,419.672230785193,419.437195524274,419.555789528567,418.504723566929,424.246763002226,423.788930781303,424.338498087012,419.505466821572,421.355500070485,417.064671577935,413.422250229478,410.296640503416,407.886473581067,406.717835004607,406.685261268318,404.722710409345,406.134016122697,404.379281236603,403.955466561286,403.751438468592
248.476577393448,225.797899570078,223.245849482268,222.874975386938,229.263720580057,228.179528454372,233.291243257437,238.642818007534,241.634021961892,244.902193749733,243.697492669588,251.472211573627,253.163540178294,255.711602270337,256.690699925069,257.360334025384,257.836915126002,258.293013288239,258.202073618684,257.852290812725,258.759313261127,258.686186377012,258.946212693606
241.805992254363,249.579513080584,253.995894115787,243.54635921698,239.579876788188,248.142245585345,243.603092982497,249.895332197078,245.54768003485,251.312465616378,258.801536263634,262.182958899715,286.731314523827,298.001578972417,300.713502922063,305.7727502535,307.872570826341,309.483287216383,309.363856787802,309.627974312891,313.031306493264,314.966576791762,316.572629336738
443.157487952809,453.492156994663,454.761295841772,454.515503072673,451.599483002508,449.542521087498,453.975210453108,442.544878092705,446.718694707053,441.314958042069,436.97358718559,433.049874137103,428.064746320267,427.862294502351,425.079121893757,425.48088712232,424.429987324909,424.395440772053,422.477846098913,423.474344449233,422.048958541311,420.831098702804,420.188159547629
294.576540337992,260.037671010824,260.161128046178,256.821415308405,264.530538674894,264.52904203569,264.481459326424,269.999648503346,271.680418750965,273.244855773272,272.748445373944,275.721055131634,284.095464975228,290.130576461222,299.989995758639,302.2043751828,303.979961925075,303.234712828696,304.437965826252,304.530778790236,305.140347520033,306.112646361062,306.17983697574
125.53330321261,140.278544113458,144.245826934368,148.352709067675,146.577254779577,149.140382049387,146.291691326397,146.343695512954,143.612647269578,145.518539599366,149.937218658746,150.149704800959,162.648772538535,171.754507172644,175.590149548234,178.969577513977,182.456205944565,181.186050406679,182.789725598038,184.870607732686,185.570844161347,186.413782724719,186.11918989017
454.227154007165,459.205153646051,462.371661748264,456.74600109478,457.9118290899,457.56414742712,458.605211180226,452.292285403308,453.267409852659,455.94856115206,456.490746603382,458.612726676946,465.635400348263,469.388835322258,468.701631984005,470.489227719364,468.626771670331,469.497740034486,469.458487957077,469.485999027718,469.87307992081,469.789062238725,471.454210391413
309.078423924938,316.496955964231,318.906259039625,321.067096469902,326.829988958118,332.132888659936,331.82487825654,341.82915979061,343.230745248074,345.003126709069,345.136111745414,348.137135944933,351.48869377845,349.681419623162,349.522455279579,350.261502126737,349.600937575467,349.099257018666,349.726407126069,347.929686607632,348.405225796477,348.239402289488,348.878486469607
290.136611949554,287.440870689454,279.242050215646,267.866381350543,280.314465967241,271.539349288072,283.467331598198,278.53428065935,281.282970010062,280.946316474016,279.211291468542,274.183900532431,273.731721579932,276.474855708997,271.379126344228,272.706827024786,271.34209652331,270.684895318264,271.363680115962,271.305609899662,270.775427816392,271.01533336512,271.494347764571
123.083738409501,132.249564285991,115.093703227175,111.711612189244,119.053492471558,142.339847256736,164.575700909664,177.400225260633,186.911017629865,196.531369233147,203.446153396072,210.45679357914,233.853422646152,246.35834098257,249.990884435961,252.983323297501,255.822624835876,255.881022407644,258.458542117754,259.124808194249,262.707602080811,264.688563380316,265.453836906516
579.311588124837,576.854616824089,569.12375565328,570.141304750901,572.285615386335,571.856972613351,568.561409486084,572.698247923986,571.16097809442,564.117524144092,563.02748228271,563.532724756297,565.470036989272,562.197829325473,560.829760479229,560.934907383543,562.199653363563,562.063087337497,561.782590033585,562.626043894895,562.708945079115,562.790955893297,562.338385451756
206.318126149279,195.388003610872,204.75673421442,216.294299980093,218.619112859444,216.994843516002,213.692627450778,217.768305301866,213.151083900184,214.341883269809,219.414375591324,215.431528791428,231.999858416174,231.36175998464,231.473106368797,232.612630412641,234.600761258554,234.432137782537,233.1950375775,234.647671887221,233.583505340633,232.345755469892,232.458124560963
313.312911332919,284.848433967067,280.243639076412,282.229607266367,279.892230149521,287.191166146018,287.731943135454,291.521092826154,294.34370266235,288.853488675548,289.188502436198,293.654212581229,294.369909788362,296.03095301539,297.764188368613,296.530062362661,297.838757986195,298.411623489968,299.428113262462,299.615970419868,300.099675824134,300.911296134223,301.260201321088
431.546415949313,432.391865790752,442.125253465635,449.262413984177,453.29435233855,451.356239679168,453.894600877158,454.292315443151,454.733607649516,454.288063950838,458.144946194065,457.503428825741,460.845538781544,468.096365599302,468.591456724474,468.8363320947,471.331424986749,471.78697542012,472.345424631399,472.040831290961,473.2615710846,473.474511371434,473.381777226475
134.970750960275,109.189334946242,110.863145408626,102.098160289425,99.0650556954628,101.638114101674,96.2275855311186,97.8428445121531,97.7834449485979,97.2599038325976,94.3756724299399,96.5727157130384,95.9008886379839,98.8132933443942,103.221841489235,103.412737621426,104.812021400875,104.610039134245,105.266688945208,104.856045569319,105.927886173695,104.506961212363,105.197520748127
158.989252804397,156.806420186196,151.121493907971,150.230052173396,151.508728677279,158.231346746277,161.927621082062,161.888592895246,162.519581623199,168.701885648763,170.984308591079,175.928842486197,195.576442690501,206.349025804812,210.811925986249,215.461666099885,216.706262318914,217.965047321032,217.366511645777,217.517625945941,217.686539709964,217.344004972921,216.777440463399
678.511373734715,679.673576283043,670.793042644452,664.366372666636,675.21717824516,676.013490960632,682.432498303736,688.68925341885,678.74649037417,671.550208514767,680.594851531041,679.722128156939,673.564592419045,668.684526100986,666.273406301265,666.331008313519,667.401551130348,665.214214550771,666.269943806818,665.555238457869,664.125277322489,662.617260993005,662.505082352265
95.5447528669425,107.456196948683,105.999393598625,93.5431091489649,99.5171993666814,101.071361236913,101.777551137735,105.218224991834,99.0361655036476,104.412582864252,113.720018778761,108.494910073575,121.968813102082,117.876944335617,119.292194133474,121.417421099031,120.502673233912,121.745102696459,121.946634949919,122.162638438267,122.45023199392,122.503794587369,122.608114636143
273.168583054396,258.487029465741,252.248747247672,254.412237459153,258.796648333509,263.57477251779,268.013732032608,269.254230338239,275.709782702956,274.834149910215,279.237832852097,281.876034384974,291.060333341191,295.038857774096,298.891916095396,299.181927523728,301.078078209292,301.39625374681,302.197543564223,302.173855170707,301.734800491265,301.559565294335,300.94554292645
152.321278860245,139.879010830646,129.052477661679,125.878029106223,120.699269662757,124.367815902067,126.41385553793,131.77491877935,144.752942886394,139.386830669365,145.429833878516,147.153251695037,160.262770461555,168.391170157223,171.085314355308,171.350982907485,170.832614606023,173.20586771622,171.762666224575,171.43261235641,172.09495935038,172.561082101199,172.047129801705
259.041369966274,211.288822907401,194.851711306644,196.242904895765,189.966650309475,189.865560063129,195.197368789384,196.107745579311,201.74517398995,207.574663146043,204.677534048663,213.711621575231,218.325186565041,216.611239963769,216.631934611324,214.493326453248,215.321444748312,214.890437655921,215.659061649506,214.727566965507,214.675639464553,214.650465436353,215.023860766226
564.55401684235,563.257506501395,562.555898735981,565.063411520541,557.47940938865,559.073361878833,565.948981391228,565.555120821655,563.25919734213,572.090760854381,567.771570862945,567.884228237775,574.028253726414,575.932726309301,574.804548847212,575.449916934392,575.73149460828,575.413355478096,575.85832824366,576.910115887882,576.63744364233,576.779777174712,576.539370164252
394.780154249184,373.571241157285,353.902065989249,356.407124622453,346.340864415651,344.655459508293,346.395277182545,340.34514160823,351.015826299624,358.744123061448,358.342289527839,354.030497115548,381.072129150551,386.32297874123,394.410405048279,396.050583164993,397.712202516487,397.262327297079,397.834784237365,397.731625189986,397.227528555889,396.90112299399,397.434271358137
252.396982398965,266.33407127046,273.64946410921,250.57755521608,246.23465578809,250.826335456718,250.660432056203,252.548091382809,257.645302474815,261.926675956596,271.217073969601,277.751601707014,310.011196785033,323.893756685147,327.745117109546,329.584783378752,332.527532344288,333.693730905793,332.173022648394,334.104597208664,334.938806379809,334.734552377623,334.792018738125
226.652358126948,173.847631201809,169.144681302586,166.56059912878,164.111250326412,176.03904194231,185.681453988155,187.559493484075,196.706071363389,206.686449937366,212.150803458134,223.156503668864,246.572073424135,267.404675097782,280.445036364518,286.469597621156,289.144848651791,292.541510124937,292.397853312584,292.408742706345,295.217632187231,296.194072708238,297.149821268292
234.593659500048,208.257090541452,205.400704499602,203.305006917999,206.676614714671,209.334188477356,213.920611564996,216.308522818801,215.064650329541,217.737639726369,218.377890913282,218.636502327549,231.550987794885,232.847855430324,237.716122002112,240.377495020651,242.070017156654,242.731085386718,242.380336867414,242.330834051324,242.818415597412,242.751471019142,242.268914081918
149.011030505044,117.569783624049,113.794361219581,122.497331288156,123.630567324814,128.360268243811,129.602521920798,134.802162366664,136.943205141698,137.626697431646,140.286888597865,137.978565112374,140.411663003154,145.024508868111,142.229316582453,143.240225178767,143.031167043078,143.091273726137,143.666217966138,142.855618342685,143.682558503245,143.877448016016,143.959324375494
428.640646760198,433.503854810269,426.815638925437,435.747362653474,436.146839038782,429.058045751499,433.0959313411,432.596363051271,432.252097071913,434.969087484839,434.351703610635,430.556831172765,436.672995728928,439.073187878693,438.597720196538,438.159559887403,439.350347905928,441.412728033401,441.801214968475,441.16650995465,441.821590924236,441.561788787183,441.905167086206
477.416181353313,495.523066508992,484.152866303455,487.422588311057,491.524244961917,478.24807228154,477.056288191906,486.244962461558,483.628430025913,487.11921075689,484.366755240305,489.038054604256,487.073124268177,496.013948553287,495.711465445672,498.586294386852,497.847906782371,500.17528911064,500.850102292298,501.54862915766,502.811022257135,502.85504312554,503.349571268795
140.274154205345,96.2908256274096,91.8007479898481,87.0449832346727,89.7111922147683,95.2244915715302,98.2623820426388,104.227562161021,104.600813245393,108.507856304452,109.237222518072,113.247879148364,122.136232680616,126.89389859784,131.318389430025,132.599953247636,133.089888328037,133.696644268839,134.071066791642,134.078654992325,134.577335657744,134.201091831733,134.028937595811
368.241426995336,375.460981396491,372.961800743045,364.95469470834,366.179988526001,363.602410043091,363.816466938751,364.314450482212,362.735616024856,359.094022202321,358.914205133588,363.756684989451,365.742311283781,367.870552042691,368.342506104157,369.474558563336,370.417034604809,370.588681340354,370.723315014847,371.153241950683,371.238695400683,371.228318011972,371.231844089249
278.959784079075,262.614927579664,256.331814154474,252.021788976593,251.137900255266,249.836821463381,249.882336784365,247.31424802813,251.269740968716,248.4938390045,250.074057543535,250.094455109934,253.044279818685,257.130496402555,257.085102553967,259.34775840112,259.233626022462,259.032225964105,258.775377551174,257.640718799531,257.034625540383,256.69314414666,255.024749063858
248.042521044591,191.178266530198,186.747941209024,187.314859603405,186.649395639755,196.401824657421,205.174192529578,212.863701023604,222.520224123484,231.912187556947,230.89615350208,239.781989546874,266.755729466381,275.63718339297,284.129495475751,287.988801641545,288.310837592652,290.470692114382,290.918065345742,291.019214327145,291.332230575691,291.699110453762,291.780359194751
410.200133466383,381.986006585128,374.216889074331,369.58209503822,371.974726170039,370.777260516062,369.277665477686,370.579052113788,372.070512954287,373.017919141213,370.524904212757,371.960174519444,369.022012231675,367.229933589023,365.479235058093,365.377687025775,364.950441107902,363.638587930079,364.554844969598,364.333877131893,363.917231550377,364.008801057764,364.017488867148
272.107744747867,205.438166622965,207.218622766292,208.611409076712,214.823087887433,214.599776299194,219.905110218828,219.218003325179,223.596595608666,225.715346287106,231.131571165083,231.441122023066,239.727200001202,245.564501363325,248.547093030889,247.120578985845,249.031582885244,248.766548932842,250.226145159503,249.808352472552,250.97262560069,249.799909949536,252.05805670743
231.081609540066,143.799256928316,122.966482537136,126.567410264261,121.893432391075,125.532804940124,134.78942361157,136.081526533568,143.879494161542,147.009889176476,149.946302447714,149.134012658314,165.933930744068,175.560040988187,178.840222995728,182.866084618808,182.883719159156,183.218724914,184.279510672173,185.290988457872,185.36771730697,185.933210195759,185.692231806754
812.405609506353,812.916201871525,816.628195007911,815.277472939651,808.834303351225,813.106225814142,806.720466585249,808.822875770515,798.240137989235,801.859937091188,801.90493196525,799.592850890511,795.567741045901,793.12506895971,798.054152927861,795.090830623396,795.567016080405,795.505021715659,792.42587361241,795.766972819293,794.91203715247,795.989640628418,797.666340593702
577.376941062309,571.14917132382,562.136468947865,564.144719149643,563.113551964518,562.602254760882,559.417240602479,565.240992955542,567.039628100258,563.45067663553,564.647775792325,565.064023462,566.897122644893,576.636455284349,586.486769291247,590.517338996045,591.786134903041,594.299151458052,595.933580785053,596.196641388732,597.855656871894,598.57088872022,598.75538870871
78.1468658039315,94.832372201229,81.9271804135381,66.22053486736,84.7629693790356,95.2073795814904,109.873113068566,121.159283167806,133.611672510261,139.555775519079,150.181133243529,160.005266399159,174.199758087511,189.718587887729,196.477498299984,198.954040103133,202.017920688971,204.752125795476,205.904467651664,206.762099403182,209.743321723584,211.270476544516,211.618905560303
101.48672200464,115.448502870616,91.1650109473056,74.4454711509732,69.3714148947652,83.8759903317267,96.3492757022651,110.473459361461,123.461963328134,119.052203317739,132.492081608861,134.24239275516,144.148435107508,142.332105029868,142.524396154992,143.57782797819,142.250547701865,143.217616119568,143.45478144907,144.103814809558,145.529182190742,145.425345445628,146.066332180545
485.113484877943,439.952393975638,441.517151965595,439.329794714102,439.896020287923,444.156109440218,442.602766451779,444.352155733351,446.200755876266,443.224009214481,446.857835698221,446.104531455975,445.367075150103,446.140749511079,445.239240722174,445.73070843314,445.152400528036,444.870857112886,445.097413885865,444.766495729636,444.350852636104,444.332892450756,443.954270788905
207.402364165382,202.912501964737,181.692893474198,184.416694931052,191.243298345613,195.589323920781,210.654414212766,228.558604571178,242.413187524291,255.191752492486,261.699783115795,273.81083411824,301.39510914499,310.014101213606,317.892969702159,320.362647833714,325.343310702053,325.845865630541,327.431335936491,328.430014573498,333.493005896104,336.271304501645,337.630503718234
211.05628015755,152.831006300811,132.437845644603,136.742652083949,137.425238265994,142.408033920728,148.391574431967,149.60986004622,166.578930286701,170.840310383876,175.531051059186,183.295462843556,198.07712644165,204.580419278014,209.237615489779,212.5900168033,212.810276714156,215.242916622755,214.558962014743,214.914513160959,217.092654165225,218.318212402035,218.295108860678
443.319408354455,387.472082427459,368.262747692432,370.726147875546,369.774639184246,378.978654350751,378.550997855484,383.431750991992,384.004455920404,384.875819926399,388.559719112575,391.899296512423,398.28909487485,399.549407109731,399.642876920955,400.157736014491,400.662282547699,399.255047216226,401.663859765497,399.882812780217,399.790198192543,399.865562275073,400.536447776595
245.796582858038,193.13197132153,179.770200865844,165.686495235495,164.725698099822,163.57513558395,173.231672655962,171.483165574131,170.559478715948,182.360284315019,178.308243290599,181.356504705104,180.827458303537,183.55034024563,184.749571861387,185.877468439389,188.021117158343,187.231111000175,187.899924897507,187.898556984546,188.608976097762,188.575629220515,189.127885627697
389.20461699139,388.525717011335,383.620004175747,373.057847832554,373.703717106991,375.133898332629,373.569470903062,378.090398519984,380.291363307727,383.271536074339,392.245719959594,394.01981521687,410.07829600356,415.16649495338,418.409781414051,419.764240775859,420.675681162225,421.155630622592,421.119486056431,421.056680432538,422.488548303049,422.757249112784,422.898900099713
252.595378408781,248.038385939884,257.483852587082,259.202988963773,258.313011425344,260.185011642369,266.655318530493,258.946617253101,261.721516922446,268.754863898145,270.205564073104,262.474871282778,271.599984398382,276.702818955964,276.249270098847,278.063297547577,278.20307630959,282.181988270408,282.015732992243,283.650221214124,285.768720579722,287.548461016616,288.397033816688
228.307580474807,183.327423949049,186.346015345293,191.633655454835,199.871216095407,192.656958358375,192.600982915495,200.119953756646,199.657468459444,202.762413866693,199.444301640988,210.119499210419,209.642520787376,204.834201613825,207.375928608611,209.861347439847,209.717250166563,209.817788116123,209.433187110514,210.045686803349,212.956740809559,215.434444653597,214.93066588725
254.288725170249,255.817865130246,264.734881159542,277.56557754947,273.049093556186,276.670774196724,276.956086695833,274.561753515473,272.567749956548,277.377451395938,279.062146688633,281.268737628019,286.582924647567,292.291623427306,292.124628394211,291.5617254746,293.2047361164,293.63699699279,293.174001444694,293.436297415258,294.914588482309,295.546277769542,296.065756627794
402.605745219679,405.106590554558,410.243426029714,403.887996828357,404.954920943555,406.415603512433,408.340836092525,420.55709539962,416.252755228779,416.116788459451,418.70448329971,417.401817660781,440.112963772195,447.511573143266,452.377157668974,453.601423306662,452.224533575223,454.529683512104,453.687631661771,454.549439010028,454.886840474989,455.845647991818,455.407019477419
171.648460735503,182.013822950221,164.204935467323,147.344494859083,172.253616879537,190.327341871118,223.364512719017,231.994033378958,241.148816336707,259.149385094964,269.901090643446,280.592325625279,303.809567123962,324.6259545793,330.840772391392,335.442313171637,339.241741346008,339.979262238797,342.888387315671,345.361968590042,351.487193748292,354.008653289859,356.541705520442
207.685127875007,213.698427372675,225.21648668344,235.628854822147,230.88940800373,231.039432145154,236.164998046543,233.686777443502,233.994816396401,237.647782610708,239.27943358637,243.20895578454,247.357175183045,251.063771550525,253.054614482047,254.113243294381,257.021481500201,256.668731574617,256.767409742542,257.462825242562,259.114708909122,260.393274734859,260.836226725575
435.57141678761,393.149789937236,380.336103727052,379.242763186031,390.409761367147,397.238719114532,395.05833845037,401.324199756475,405.512932253984,408.754328978344,420.547060489791,423.159960257342,428.541210680157,436.971034656206,437.977703356276,438.75198830356,440.712004088696,439.655775873759,439.093278504741,440.412466294075,440.664014503197,440.371923897624,440.643684586339
350.887826795067,326.436706662859,324.073365906068,322.727595758175,319.858946885094,326.675177451784,329.813325206238,326.271699101653,329.502226613281,330.934899093455,326.452937297838,331.624569332688,333.795584082337,333.876089327857,338.151127663376,337.41880882872,337.018681687304,338.114101396423,338.203727619847,338.278326191111,338.050900267194,338.28737621679,338.551068590258
229.311082949518,173.519272875327,166.968136006265,167.400661821914,166.165598771769,183.420101402719,188.919768960093,195.260947567933,198.877710506779,206.967450059965,209.320528557444,209.862599375241,221.035055402336,228.546481071118,231.651584118292,233.654559611524,234.542743243995,237.189643040425,235.684281668836,236.552894781895,237.168056363725,237.5298825134,237.441927577667
261.476026525474,216.785684182969,209.47751560141,204.765173849005,212.044837552123,217.608524491282,219.689772548377,222.353854128223,227.559524598436,228.055090004615,230.225790531858,230.292904397302,241.739003729014,244.761057412132,245.744908519632,246.79886103658,245.914263266127,247.76263932715,248.200387079842,247.315569138482,246.14034528767,247.523740483697,248.009124098547
