"V1","V2","V3","V4","V5","V6","V7","V8","V9","V10","V11","V12","V13","V14","V15","V16","V17","V18","V19","V20","V21","V22","V23"
23.1466000609601,23.1627751628906,23.1648894616175,23.1674729590681,23.1678456824109,23.1680262640603,23.168020778386,23.1685706237849,23.1685054486928,23.1685258039459,23.168425448003,23.1687011936292,23.1686916847783,23.1685024129524,23.1687011936292,23.1685700419841,23.1687011936292,23.1683945608973,23.1687011936292,23.1687011936292,23.1687011936292,23.1686677760512,23.1685785108221
19.5783552908312,19.5970399528741,19.5981380785636,19.5987823530784,19.5983832241468,19.5984994317603,19.5983032854811,19.5984302778428,19.5983506287703,19.5986331414658,19.5984003730387,19.5983899115221,19.5987459467754,19.5987543012067,19.5986451729403,19.5985061649267,19.5989590116324,19.5981577907392,19.5981183412844,19.5982523806325,19.5977998398122,19.5980729717817,19.597954775131
29.9728004580247,29.9870786098188,29.9875289564822,29.9875289564822,29.9875289564822,29.9875289564822,29.9875289564822,29.9875289564822,29.9875289564822,29.9875289564822,29.9875289564822,29.9875289564822,29.9875289564822,29.9875289564822,29.9875289564822,29.9875289564822,29.9875289564822,29.9875289564822,29.9875289564822,29.9875289564822,29.9875289564822,29.9875289564822,29.9875289564822
12.549817759623,12.5549065403392,12.5548942839069,12.5548942839069,12.5548942839069,12.5548942839069,12.5548942839069,12.5548942839069,12.5548942839069,12.5548942839069,12.5548942839069,12.5548942839069,12.5548942839069,12.5548942839069,12.5548942839069,12.5548942839069,12.5548942839069,12.5548942839069,12.5548942839069,12.5548942839069,12.5548942839069,12.5548942839069,12.5548942839069
26.2298009563438,26.2560376400669,26.2721986920159,26.2742333095595,26.274728852298,26.274728852298,26.2745583605222,26.2747288522981,26.2747288522981,26.2747288522981,26.274728852298,26.2747288522981,26.2746697565031,26.2747288522981,26.274728852298,26.2747288522981,26.2746478571818,26.2747288522981,26.2745168072623,26.274728852298,26.2747066599276,26.2745211867055,26.2747288522981
18.5263141699675,18.5377610315963,18.5377581923549,18.5377581923549,18.5377581923549,18.5377581923549,18.5377581923549,18.5377581923548,18.5377581923548,18.5377581923549,18.5377581923549,18.5377581923549,18.5377581923549,18.5377581923548,18.5377581923549,18.5377581923549,18.5377581923549,18.5377581923549,18.5377581923549,18.5377581923549,18.5377581923549,18.5377581923549,18.5377581923549
14.9161421579848,14.9157983266398,14.9157983266398,14.9157983266399,14.9157983266399,14.9157983266398,14.9157983266399,14.9157983266399,14.9157983266399,14.9157983266399,14.9157983266399,14.9157983266399,14.9157983266399,14.9157983266398,14.9157983266399,14.9157983266399,14.9157983266398,14.9157983266399,14.9157983266399,14.9157983266399,14.9157983266399,14.9157983266399,14.9157983266399
23.6846919179368,23.6811690735339,23.6902060525963,23.6891817558056,23.6837112280178,23.6807424859414,23.6806015951026,23.6783532390126,23.6774446967145,23.6782879829367,23.6785968627245,23.6744260155196,23.673816315409,23.6691066766017,23.6644711538139,23.6715530861179,23.6743619042747,23.6677987735235,23.6707626333033,23.6725958010108,23.6730929603403,23.6676320718604,23.6660814343399
20.0764148106628,20.0637436738662,20.0637436738662,20.0637436738662,20.0637436738662,20.0637436738662,20.0637436738662,20.0637436738662,20.0637436738662,20.0637436738662,20.0637436738662,20.0637436738662,20.0637436738662,20.0637436738662,20.0637436738662,20.0637436738662,20.0637436738662,20.0637436738662,20.0637436738662,20.0637436738662,20.0637436738662,20.0637436738662,20.0637436738662
24.9877362289699,24.9960294453782,24.9925532786926,24.9919567221691,24.9920306291979,24.9916130340696,24.9905628368304,24.9907743592072,24.9911021803143,24.9900121679165,24.9889880402218,24.9904150816196,24.9910773049719,24.9908670403283,24.9901228288059,24.9897835972912,24.9921544261682,24.9891128525777,24.9914554926301,24.9910434669439,24.9904281066844,24.9907982021336,24.9903786265188
15.3258975099854,15.3558711726869,15.3557228442893,15.3557228442893,15.3557228442893,15.3557228442893,15.3557228442893,15.3557228442893,15.3557228442893,15.3557228442893,15.3557228442893,15.3557228442893,15.3557228442893,15.3557228442893,15.3557228442893,15.3557228442893,15.3557228442893,15.3557228442893,15.3557228442893,15.3557228442893,15.3557228442893,15.3557228442893,15.3557228442894
22.8929740487133,22.918761814674,22.9190651725616,22.9177472570789,22.9186742555625,22.9180565467618,22.9175791423107,22.91684492812,22.9161031874872,22.9168519998997,22.9132973977709,22.9156557563013,22.9131653550838,22.9132442904616,22.9098144264437,22.9073747720417,22.9053590435678,22.9074023797972,22.9027207980978,22.9060881689835,22.8942673909121,22.892188556996,22.8905764507002
17.2082232384713,17.2527598576188,17.2860822166698,17.2869391056184,17.287735310618,17.287735310618,17.287735310618,17.287735310618,17.2877353106181,17.287735310618,17.287735310618,17.287731825782,17.287735310618,17.287735310618,17.2877353106181,17.2877353106181,17.287735310618,17.2877353106181,17.287735310618,17.287735310618,17.287735310618,17.2877353106181,17.2880574394805
28.0369750836789,28.0427962350608,28.0514601192501,28.0545616155207,28.0564788019082,28.0561272565927,28.055525733724,28.0587023222672,28.0571839036682,28.0561984167175,28.0577290779808,28.0573790223059,28.0577836940072,28.0587085682239,28.0582239134611,28.0581142054268,28.0582418901253,28.0574291273051,28.0583057394935,28.058989538624,28.0585486507685,28.0588650965157,28.0586040777401
21.9555668291823,21.9625598403635,21.9616727317215,21.9616434080071,21.9616434080071,21.9616434080071,21.9616434080071,21.9616434080071,21.9616434080071,21.9616434080071,21.9616434080071,21.9616434080071,21.9616434080071,21.9616434080071,21.9616434080071,21.9616434080071,21.9616434080071,21.9616434080071,21.9616434080071,21.9616434080071,21.9616434080071,21.9616434080071,21.9616434080071
18.3724761827311,18.4170063810616,18.4170184464308,18.4170184464308,18.4170184464308,18.4170184464308,18.4170184464308,18.4170184464308,18.4170184464308,18.4170184464308,18.4170184464308,18.4170184464308,18.4170184464307,18.4170184464308,18.4170184464308,18.4170184464308,18.4170184464308,18.4170184464308,18.4170184464308,18.4170184464308,18.4170184464308,18.4170184464308,18.4170184464308
28.6914623723232,28.6969496264319,28.6969426433912,28.6969426433912,28.6969426433912,28.6969426433912,28.6969426433912,28.6969426433912,28.6969426433912,28.6969426433912,28.6969426433912,28.6969426433912,28.6969426433912,28.6969426433912,28.6969426433912,28.6969426433912,28.6969426433912,28.6969426433912,28.6969426433912,28.6969426433912,28.6969426433912,28.6969426433912,28.6969426433912
21.5697711830301,21.5751671411951,21.5751549000108,21.5751549000108,21.5751549000108,21.5751549000108,21.5751549000108,21.5751549000108,21.5751549000108,21.5751549000108,21.5751549000108,21.5751549000108,21.5751549000108,21.5751549000108,21.5751549000108,21.5751549000108,21.5751549000108,21.5751549000108,21.5751549000108,21.5751549000108,21.5751549000108,21.5751549000108,21.5751549000108
26.4243143341911,26.46307886725,26.464041950758,26.464041950758,26.464041950758,26.464041950758,26.464041950758,26.464041950758,26.464041950758,26.464041950758,26.464041950758,26.464041950758,26.464041950758,26.464041950758,26.464041950758,26.464041950758,26.464041950758,26.464041950758,26.464041950758,26.464041950758,26.464041950758,26.464041950758,26.464041950758
18.1985455470238,18.2040577799466,18.2041399161123,18.2041399161123,18.2041399161123,18.2041399161123,18.2041399161123,18.2041399161124,18.2041399161123,18.2041399161124,18.2041399161123,18.2041399161124,18.2041399161123,18.2041399161123,18.2041399161123,18.2041399161124,18.2041399161123,18.2041399161124,18.2041399161123,18.2041399161123,18.2041399161123,18.2041399161123,18.2041399161123
22.9114807429485,22.9599440584448,22.9619225813648,22.9623846896342,22.9623846896341,22.9623846896342,22.9623846896342,22.9623846896342,22.9623846896342,22.9623846896342,22.9623846896342,22.9623846896342,22.9623833457475,22.9623846896342,22.9623846896342,22.9622586706587,22.9623846896342,22.9623846896342,22.9623842272619,22.9622146368758,22.9617030594459,22.9623646378782,22.9621162614873
21.7456103807477,21.7459298504989,21.7527509724015,21.75047074708,21.7542242356802,21.7527187241813,21.751930782835,21.7541909733415,21.75445296495,21.7544440308902,21.7560728571644,21.7534155180478,21.7492242351874,21.7523046476915,21.7486124987316,21.7513950373131,21.7531415936114,21.7505792954831,21.7556055465058,21.7475727481069,21.7520554397253,21.7530239644335,21.7478131970386
18.6692618512306,18.6688662455622,18.6688644247542,18.6688371730123,18.6688620521265,18.6688629719937,18.6688629719937,18.6688546519395,18.6688629719937,18.6688629719937,18.6688629719937,18.6688629719937,18.6688629719937,18.6688629719937,18.6688629719937,18.6688629719937,18.6688629719937,18.6688629719937,18.6688629719937,18.6688629719937,18.6688629719937,18.6688629719937,18.6688629719937
30.4639321462201,30.5389955918055,30.5389955918056,30.5389955918055,30.5389955918055,30.5389955918055,30.5389955918056,30.5389955918055,30.5389955918056,30.5389955918056,30.5389955918056,30.5389955918055,30.5389955918055,30.5389955918055,30.5389955918055,30.5389955918055,30.5389955918055,30.5389955918056,30.5389955918056,30.5389955918056,30.5389955918055,30.5389955918056,30.5389955918055
22.9102646429941,22.917065280421,22.9171959846153,22.9171404985903,22.9171693290563,22.9171693290563,22.9171693290563,22.9171693290563,22.9171693290563,22.9171693290563,22.9171693290563,22.9171693290563,22.9171693290563,22.9171693290563,22.9171693290563,22.9171693290563,22.9171693290563,22.9171693290563,22.9171693290563,22.9171693290563,22.9171693290563,22.9171693290563,22.9171693290563
26.2610420282957,26.2922939783694,26.292266191535,26.2923122372998,26.2923122372998,26.2923122372998,26.2923122372998,26.2923122372998,26.2923122372998,26.2923122372998,26.2923122372998,26.2923122372998,26.2923122372998,26.2923122372998,26.2923061012154,26.2923122372998,26.2923108659204,26.2923094257174,26.2922878818807,26.2922934161646,26.291804620724,26.29141428306,26.2915484171043
27.3487346521567,27.361925072814,27.3632658066752,27.3617150090858,27.360784141199,27.3609427124918,27.3607524244124,27.3610546662288,27.3607491707786,27.361285116042,27.3600090727529,27.361011272786,27.3600732950091,27.361247013777,27.3603787555038,27.3610929821356,27.3605448683174,27.3616397628092,27.3604896495244,27.3603672381571,27.3606302372852,27.360658396571,27.3606064107995
21.7010059091336,21.720169632934,21.7202418462625,21.7202418462625,21.7202418462625,21.7202418462625,21.7202418462625,21.7202418462625,21.7202418462625,21.7202418462625,21.7202418462625,21.7202418462625,21.7202418462625,21.7202418462625,21.7202418462625,21.7202418462625,21.7202418462625,21.7202418462625,21.7202418462625,21.7202418462625,21.7202418462625,21.7202418462625,21.7202418462625
16.7624842132542,16.7693206117742,16.7698414566007,16.7698414566007,16.7698414566007,16.7698414566007,16.7698414566007,16.7698414566007,16.7698414566007,16.7698414566007,16.7698414566007,16.7698414566007,16.7698414566007,16.7698414566007,16.7698414566007,16.7698414566007,16.7698414566007,16.7698414566007,16.7698414566007,16.7698414566007,16.7698414566007,16.7698414566007,16.7698414566007
18.3199716899507,18.3191009216557,18.3190759725479,18.3190759725479,18.3190759725479,18.3190759725479,18.3190759725479,18.3190759725479,18.3190759725479,18.3190759725479,18.3190759725479,18.3190759725479,18.3190759725479,18.3190759725479,18.3190759725479,18.3190759725479,18.3190759725479,18.3190759725479,18.3190759725479,18.3190759725479,18.3190759725479,18.3190759725479,18.3190759725479
26.0505853979355,26.0565000154837,26.0565025444727,26.0565025444728,26.0565025444728,26.0565025444728,26.0565025444728,26.0565025444728,26.0565025444728,26.0565025444728,26.0565025444728,26.0565025444727,26.0565025444728,26.0565025444728,26.0565025444728,26.0565025444728,26.0565025444728,26.0565025444728,26.0565025444728,26.0565025444728,26.0565025444728,26.0565025444728,26.0565025444728
27.2071972177173,27.210838427598,27.2108197239164,27.2108197239164,27.2108197239164,27.2108197239164,27.2108197239164,27.2108197239164,27.2108197239164,27.2108197239164,27.2108197239164,27.2108197239164,27.2108197239164,27.2108197239164,27.2108197239164,27.2108197239164,27.2108197239164,27.2108197239164,27.2108197239164,27.2108197239164,27.2108197239164,27.2108197239164,27.2108197239164
21.5856545456572,21.5889181237871,21.5869309325637,21.5868942035148,21.5868942035148,21.5868942035148,21.5868942035148,21.5868942035148,21.5868942035148,21.5868942035148,21.5868942035148,21.5868942035148,21.5868942035148,21.5868942035148,21.5868942035148,21.5868942035148,21.5868942035148,21.5868942035148,21.5868942035148,21.5868942035148,21.5868942035148,21.5868942035148,21.5868942035148
19.0462558037918,19.0653535566043,19.0654160413419,19.0654160413419,19.0654160413419,19.0654160413419,19.0654160413419,19.0654160413419,19.0654160413419,19.0654160413419,19.0654160413419,19.0654160413419,19.0654160413419,19.0654160413419,19.0654160413419,19.0654160413419,19.0654160413419,19.0654160413419,19.0654160413419,19.0654160413419,19.0654160413419,19.0654160413419,19.0654160413419
24.0335741810659,24.0388851035625,24.0387906867962,24.0389181000864,24.0389129451227,24.0389039733947,24.0389129451228,24.0389129451227,24.0389129451227,24.0389129451227,24.0389129451227,24.0389129451227,24.0389129451228,24.0389129451228,24.0389129451228,24.0389129451228,24.0389129451227,24.0389129451228,24.0389129451227,24.0389129451227,24.0389129451227,24.0389129451227,24.0389129451227
21.2755085762157,21.288769137917,21.2887757854849,21.2887757854849,21.2887757854849,21.2887757854849,21.2887757854849,21.2887757854849,21.2887757854849,21.2887757854849,21.2887757854849,21.2887757854849,21.2887757854849,21.2887757854849,21.2887757854849,21.2887757854849,21.2887757854849,21.2887757854849,21.2887757854849,21.2887757854849,21.2887757854849,21.2887757854849,21.2887757854849
26.7175965057366,26.7953295212449,26.7953295212449,26.7953295212449,26.7953295212449,26.7953295212449,26.7953295212449,26.7953295212449,26.7953295212449,26.7953295212449,26.7953295212449,26.7953295212449,26.7953295212449,26.7953295212449,26.7953295212449,26.7953295212449,26.7953295212449,26.7953295212449,26.7953295212449,26.7953295212449,26.7953295212449,26.7953295212449,26.7953295212449
16.9762719112447,17.0403614698465,17.0403614698465,17.0403614698465,17.0403614698466,17.0403614698465,17.0403614698465,17.0403614698465,17.0403614698465,17.0403614698465,17.0403614698465,17.0403614698466,17.0403614698466,17.0403614698465,17.0403614698465,17.0403614698465,17.0403614698465,17.0403614698465,17.0403614698466,17.0403614698466,17.0403614698465,17.0403614698465,17.0403614698465
23.2042912134332,23.21801374605,23.2177032656856,23.2177027809041,23.2177244109598,23.217786004512,23.2177568211868,23.2177569085537,23.2177569085538,23.2177569085537,23.2177569085538,23.2177569085538,23.2177569085538,23.2177569085538,23.2177569851979,23.2177569085538,23.2177569085537,23.2177569085537,23.2177569085537,23.2177569085537,23.2177569085537,23.2177647417806,23.2177509400134
20.4363260459221,20.4386356104847,20.4386062345037,20.4386062345037,20.4386062345038,20.4386062345037,20.4386062345038,20.4386062345038,20.4386062345038,20.4386062345038,20.4386062345038,20.4386062345038,20.4386062345037,20.4386062345038,20.4386062345037,20.4386062345037,20.4386062345038,20.4386062345037,20.4386062345038,20.4386062345037,20.4386062345038,20.4386062345038,20.4386062345038
16.3541884343324,16.3522729331567,16.3522729331567,16.3522729331567,16.3522729331567,16.3522729331567,16.3522729331568,16.3522729331567,16.3522729331567,16.3522729331567,16.3522729331567,16.3522729331567,16.3522729331567,16.3522729331567,16.3522729331568,16.3522729331567,16.3522729331568,16.3522729331567,16.3522729331567,16.3522729331567,16.3522729331567,16.3522729331567,16.3522729331567
26.8868056534279,26.8954543504718,26.8936928874494,26.8927268255736,26.8939135594087,26.8909775370597,26.8930631822266,26.891747582721,26.8943357110542,26.892992442532,26.893288322146,26.8911864873122,26.8933522815801,26.8929728648964,26.8920913329921,26.8904625622615,26.8916944501799,26.8932411643297,26.8935726067619,26.8927164930731,26.8918190223577,26.8911585485435,26.8898231044664
23.0126741408369,23.0011295341704,23.0011295341704,23.0011295341704,23.0011295341704,23.0011295341704,23.0011295341704,23.0011295341704,23.0011295341704,23.0011295341704,23.0011295341704,23.0011295341704,23.0011295341704,23.0011295341704,23.0011295341704,23.0011295341704,23.0011295341704,23.0011295341704,23.0011295341704,23.0011295341704,23.0011295341704,23.0011295341704,23.0011295341704
21.1769203083174,21.1961649776941,21.1961649776941,21.1961649776941,21.1961649776941,21.1961649776941,21.1961649776941,21.1961649776941,21.1961649776941,21.1961649776941,21.1961649776941,21.1961649776941,21.1961649776941,21.1961649776941,21.1961649776941,21.1961649776941,21.1961649776941,21.1961649776941,21.1961649776941,21.1961649776942,21.1961649776941,21.1961649776941,21.1961649776941
35.4119603280442,35.4132838041785,35.4129831526055,35.4132757769424,35.4132271099203,35.4132724859517,35.4132724859517,35.4132724859517,35.4132724859517,35.4132724859517,35.4132724859517,35.4132724859517,35.4132724859517,35.4132724859517,35.4132724859517,35.4132724859517,35.4132724859517,35.4132724859517,35.4132724859517,35.4132724859517,35.4132724859517,35.4132724859517,35.4132724859517
26.3037640146816,26.3875252289704,26.408441968034,26.406084316341,26.4014512264282,26.4000615216486,26.4028667719484,26.4106514350932,26.3955023067011,26.3960537130117,26.4020768901931,26.4033624428343,26.4132909462702,26.4087504022843,26.4133052388844,26.4084649180249,26.4145218159547,26.3997474959022,26.4034125261615,26.406458175514,26.4024199018569,26.4125859654315,26.3904469246772
18.2973526736473,18.3005005060033,18.3002721664544,18.3005834942228,18.3005387967585,18.3005387967584,18.3005387967585,18.3005387967584,18.3005387967584,18.3005387967585,18.3005387967585,18.3005387967584,18.3005387967584,18.3005387967585,18.3005387967584,18.3005387967584,18.3005387967584,18.3005387967585,18.3005387967584,18.3005387967584,18.3005387967584,18.3005387967584,18.3005387967584
23.1422538297441,23.1494060913699,23.1494068543641,23.1494068543642,23.1494068543641,23.1494068543642,23.1494068543641,23.1494068543641,23.1494068543641,23.1494068543641,23.1494068543641,23.1494068543642,23.1494068543642,23.1494068543641,23.1494068543642,23.1494068543642,23.1494068543641,23.1494068543642,23.1494068543642,23.1494068543642,23.1494068543641,23.1494068543641,23.1494068543641
25.8183639008892,25.8276000019672,25.8303258248158,25.83060835826,25.83060835826,25.83060835826,25.83060835826,25.83060835826,25.83060835826,25.83060835826,25.83060835826,25.83060835826,25.83060835826,25.83060835826,25.83060835826,25.83060835826,25.83060835826,25.83060835826,25.83060835826,25.83060835826,25.83060835826,25.83060835826,25.83060835826
23.2077135671254,23.1840263230355,23.1842735733588,23.1818780151112,23.1837217867566,23.183835730073,23.1839985173374,23.1846128478466,23.1835556866053,23.1829329679014,23.1845193326848,23.1839510972115,23.1824160437109,23.184889308969,23.182619821976,23.1844071265406,23.1832395004648,23.1841546007866,23.1829569162138,23.1845339080277,23.1851013773368,23.1819002065708,23.1827859136457
21.1372194207776,21.1368364715657,21.1367519827468,21.1367694940243,21.1367245076535,21.1367266501605,21.1367252065926,21.1367287909128,21.1367578024391,21.1367309584793,21.136812087637,21.136693598701,21.136687845522,21.1367182283137,21.1367367365399,21.1367518193153,21.1367221038861,21.1366644515152,21.1367039953437,21.1367666594175,21.1367148959045,21.1367011370527,21.1367186710107
25.9268666759047,25.9265268935133,25.926599631295,25.9266002278968,25.9266002278968,25.9266002278968,25.9266002278968,25.9266002278968,25.9266002278968,25.9266002278968,25.9266002278968,25.9266002278968,25.9266002278968,25.9266002278968,25.9266002278968,25.9266002278968,25.9266002278968,25.9266002278968,25.9266002278968,25.9266002278968,25.9266002278968,25.9266002278968,25.9266002278968
22.0406881911285,22.0347341269257,22.0349613567304,22.0350345481675,22.0347727913626,22.0349931419952,22.0350513610366,22.0349295008565,22.0349345727068,22.0350035910377,22.0349254082078,22.0348915972502,22.0351930690319,22.0348942556933,22.0349739542936,22.0349735956292,22.0349735956292,22.0349735956292,22.0349609925053,22.0349735956292,22.0349036788194,22.0349735956292,22.0349637085499
27.2668080027288,27.278863733152,27.2747029741866,27.2742673288889,27.2742518518229,27.2742518518229,27.2742518518229,27.2742518518229,27.2742518518229,27.2742518518229,27.2742518518229,27.2742518518229,27.2742518518229,27.2742518518229,27.2742518518229,27.2742518518229,27.2742518518229,27.2742518518229,27.2742518518229,27.2742518518229,27.2742518518229,27.2742518518229,27.2742518518229
26.9884450594384,26.9976392915452,26.9980505590649,26.9980505590649,26.9980505590649,26.9980505590649,26.9980505590649,26.9980505590649,26.9980505590649,26.9980505590649,26.9980505590649,26.9980505590649,26.9980505590649,26.9980505590649,26.9980505590649,26.9980505590649,26.9980505590649,26.9980505590649,26.9980505590649,26.9980505590649,26.9980505590649,26.9980505590649,26.9980505590649
24.6730311095094,24.6742061060759,24.6741581286058,24.6739758014882,24.6738954369855,24.6740726281101,24.6739440090318,24.6741076188292,24.6740027642581,24.674005564864,24.6740021849026,24.674005564864,24.674005564864,24.6740124652157,24.674005564864,24.6740045929994,24.674005564864,24.674005564864,24.674005564864,24.674005564864,24.6739937452135,24.674005564864,24.674005564864
22.6139859641391,22.6137142604102,22.6139534366714,22.6139534366714,22.6139534366714,22.6139534366714,22.6139534366714,22.6139534366714,22.6139534366714,22.6139534366714,22.6139534366714,22.6139534366714,22.6139534366714,22.6139534366714,22.6139534366714,22.6139534366714,22.6139534366714,22.6139534366714,22.6139534366714,22.6139534366714,22.6139534366714,22.6139534366714,22.6139534366714
21.5957871426647,21.6231829510823,21.6231704444815,21.6231704444816,21.6231704444815,21.6231704444815,21.6231704444815,21.6231704444815,21.6231704444815,21.6231704444815,21.6231704444815,21.6231704444815,21.6231704444815,21.6231704444815,21.6231704444815,21.6231704444816,21.6231704444815,21.6231704444815,21.6231704444816,21.6231704444815,21.6231704444815,21.6231704444816,21.6231704444815
23.3337471983971,23.3518750527177,23.3473156666413,23.3543148069301,23.3579917407049,23.3584667149737,23.3446302511836,23.3504584678326,23.3503849381312,23.3468590256275,23.3480417269766,23.3461412231424,23.3366797272272,23.3216790338435,23.3195045588594,23.3267641187134,23.3113957216785,23.3149424845131,23.3211384273171,23.3027198035965,23.297837226977,23.2977601956953,23.3022874445306
18.8464286840633,18.8614138455224,18.8614138455224,18.8614138455224,18.8614138455224,18.8614138455224,18.8614138455224,18.8614138455224,18.8614138455224,18.8614138455224,18.8614138455224,18.8614138455224,18.8614138455224,18.8614138455224,18.8614138455224,18.8614138455224,18.8614138455224,18.8614138455224,18.8614138455224,18.8614138455224,18.8614138455224,18.8614138455224,18.8614138455224
17.7512024258997,17.7464212119226,17.7659874349057,17.7663340598521,17.7663340598521,17.7663340598521,17.7663340598521,17.7663340598521,17.7663340598521,17.7663340598521,17.7663340598521,17.7663340598521,17.7663340598521,17.7663340598521,17.7663362805656,17.7663340598521,17.7663340598521,17.7663340598521,17.7663340598521,17.7663340598521,17.7661305052258,17.7659635821396,17.7647645026725
24.2321828940244,24.3319031867259,24.332002247297,24.3319243385304,24.3319243385304,24.3319243385304,24.3319243385304,24.3319243385304,24.3319243385304,24.3319243385304,24.3319243385304,24.3319243385304,24.3319243385304,24.3319243385304,24.3319243385304,24.3319243385304,24.3319243385305,24.3319243385304,24.3319243385304,24.3319243385304,24.3319243385304,24.3319243385304,24.3319243385304
17.5545926299038,17.5574394017807,17.5542699423016,17.5541916371518,17.5541916371518,17.5541916371518,17.5541916371518,17.5541916371518,17.5541916371518,17.5541916371518,17.5541916371518,17.5541916371518,17.5541916371518,17.5541916371518,17.5541916371518,17.5541916371518,17.5541916371518,17.5541916371518,17.5541916371518,17.5541916371518,17.5541916371518,17.5541916371518,17.5541916371518
31.1610652264032,31.1506828343568,31.1512040923754,31.1512998482306,31.1512040923754,31.1512040923754,31.1512040923754,31.1512040923754,31.1512040923754,31.1512040923754,31.1512040923754,31.1512040923754,31.1512040923754,31.1512040923754,31.1512040923754,31.1512040923754,31.1512040923754,31.1512040923754,31.1512040923754,31.1512040923754,31.1512040923754,31.1512040923754,31.1512040923754
15.6479842106659,15.6445378317954,15.6450668481082,15.6450668481082,15.6450668481082,15.6450668481082,15.6450668481082,15.6450668481082,15.6450668481082,15.6450668481082,15.6450668481082,15.6450668481082,15.6450668481082,15.6450668481082,15.6450668481082,15.6450668481082,15.6450668481082,15.6450668481082,15.6450668481082,15.6450668481082,15.6450668481082,15.6450668481082,15.6450668481082
27.6768126374896,27.7287643380337,27.7352555878892,27.735580849316,27.7358112820946,27.7357761834383,27.7358112820946,27.7358112820946,27.7358112820946,27.7358112820946,27.7358112820946,27.7358112820946,27.7358112820946,27.7358112820946,27.7358112820946,27.7358112820946,27.7358112820946,27.7358112820946,27.7358112820946,27.7358112820946,27.7358112820946,27.7358112820946,27.7358112820946
19.578798199263,19.5803760751222,19.580165543595,19.5801969056164,19.5801400594188,19.580149693915,19.580149693915,19.580158739454,19.580149693915,19.5801415235975,19.580149693915,19.580149693915,19.580149693915,19.5801796384018,19.5801420764255,19.5801389565231,19.580149693915,19.580115969162,19.5801706229141,19.580149693915,19.5801162539036,19.5801711062181,19.5801498406101
19.149275337629,19.1603535227812,19.16035099254,19.16035099254,19.16035099254,19.16035099254,19.16035099254,19.16035099254,19.16035099254,19.16035099254,19.16035099254,19.16035099254,19.16035099254,19.16035099254,19.16035099254,19.16035099254,19.16035099254,19.16035099254,19.16035099254,19.16035099254,19.16035099254,19.16035099254,19.16035099254
22.6992096504596,22.7100258087101,22.7112856659498,22.7089943168399,22.7098446486711,22.7090565690459,22.7094574907183,22.7085134596503,22.7068827522973,22.7053652790914,22.7089142049427,22.707499722534,22.7074310369676,22.7097387478986,22.7092012534222,22.7073324562156,22.7096023377287,22.7069983447147,22.7075573632051,22.7070009808691,22.7096728546754,22.7088752895061,22.7072061082356
14.926767177386,15.0226768505247,15.0227423062008,15.0227423062008,15.0227423062008,15.0227423062008,15.0227423062008,15.0227423062008,15.0227423062008,15.0227423062008,15.0227423062008,15.0227423062008,15.0227423062008,15.0227423062008,15.0227423062008,15.0227423062008,15.0227423062008,15.0227423062008,15.0227423062008,15.0227423062008,15.0227423062008,15.0227423062008,15.0227423062008
22.1295040671129,22.1301722481617,22.1301722481618,22.1301722481617,22.1301722481617,22.1301722481618,22.1301722481617,22.1301722481617,22.1301722481618,22.1301722481618,22.1301722481617,22.1301722481618,22.1301722481619,22.1301722481617,22.1301722481617,22.1301722481617,22.1301722481617,22.1301722481617,22.1301722481618,22.1301722481617,22.1301722481618,22.1301722481617,22.1301722481618
30.838905964049,30.8923801220924,30.9036411051865,30.904229777628,30.9041533765421,30.9048011007914,30.9050187146376,30.9048174746778,30.9049015662538,30.9042133645047,30.9047123191631,30.9048158558244,30.9047555644474,30.9049126499401,30.9047209664313,30.9045566490459,30.9044390288905,30.9038914850947,30.9048439243157,30.9046876555685,30.9045759941992,30.903458321134,30.9046045924769
21.1918596651696,21.2077918530494,21.2077918530494,21.2077918530494,21.2077918530495,21.2077918530495,21.2077918530495,21.2077918530495,21.2077918530494,21.2077918530495,21.2077918530495,21.2077918530495,21.2077918530495,21.2077918530494,21.2077918530495,21.2077918530495,21.2077918530495,21.2077918530494,21.2077918530495,21.2077918530495,21.2077918530494,21.2077918530495,21.2077918530494
16.8210759077551,16.826278601841,16.826294214897,16.826294214897,16.826294214897,16.8262942148971,16.8262942148971,16.8262942148971,16.826294214897,16.826294214897,16.826294214897,16.8262942148971,16.8262942148971,16.8262942148971,16.826294214897,16.826294214897,16.826294214897,16.8262942148971,16.826294214897,16.8262942148971,16.8262942148971,16.826294214897,16.8262942148971
23.3467318991813,23.3603298319416,23.3601730461631,23.3601133831202,23.3601092573823,23.3601101292694,23.3601101292694,23.3601101292694,23.3601101292694,23.3601101292694,23.3601101292694,23.3601045295897,23.3601101292694,23.3601101292694,23.3601101292694,23.3601101292694,23.3601101292694,23.3601101292694,23.3601101292694,23.3601101292694,23.3601101292694,23.3601101292694,23.3601101292694
28.1407078519383,28.1501405525858,28.1501933085611,28.1502207093753,28.150193911633,28.1502131603752,28.1502394186626,28.1502078544763,28.1502183366622,28.1502872220379,28.1502132450577,28.1500673173548,28.1502303693869,28.1501470180183,28.1501031331799,28.1500543808525,28.1502705146726,28.1499629339148,28.1503001262891,28.1500315063022,28.1501418269046,28.1501326849966,28.1499424481756
22.1920164393539,22.2147623553625,22.2146026617849,22.2138066470058,22.2142754073296,22.2140143499431,22.2142956677575,22.2143483007144,22.2148720669886,22.2143326375942,22.2143332297774,22.2146963989358,22.2139427270572,22.2143151395589,22.2143980416902,22.2143322304934,22.2146748930983,22.214357800992,22.2142599295338,22.2144403864003,22.2143633479581,22.2142076646909,22.2141895498424
25.8909110566494,25.950634999908,25.9505875883618,25.9505875883618,25.9505875883618,25.9505875883618,25.9505875883618,25.9505875883618,25.9505875883618,25.9505875883618,25.9505875883618,25.9505875883618,25.9505875883618,25.9505875883618,25.9505875883618,25.9505875883618,25.9505875883618,25.9505875883618,25.9505875883618,25.9505875883618,25.9505875883618,25.9505875883618,25.9505875883618
22.1434081074107,22.1314969651588,22.1314524896702,22.1314524896702,22.1314524896702,22.1314524896702,22.1314524896702,22.1314524896702,22.1314524896702,22.1314524896702,22.1314524896702,22.1314524896702,22.1314524896702,22.1314524896702,22.1314524896702,22.1314524896702,22.1314524896702,22.1314524896702,22.1314524896702,22.1314524896702,22.1314524896702,22.1314524896702,22.1314524896702
17.4785554107156,17.5128744140262,17.5162359953048,17.5165329954746,17.5166694627565,17.5165877566822,17.5167574077326,17.5166711821066,17.5166525395157,17.5167574077326,17.5167574077327,17.5167232731926,17.5166560076512,17.5167354113362,17.5166176821184,17.5167470964865,17.5167250634735,17.5167103617585,17.5167574077326,17.5166815278408,17.5167314848455,17.516587022252,17.5167574077326
20.3075576795391,20.3271973074376,20.3298768643962,20.3298768643962,20.3298768643962,20.3298768643962,20.3298768643962,20.3298768643962,20.3298768643962,20.3298768643962,20.3298768643962,20.3298768643962,20.3298768643962,20.3298768643962,20.3298768643962,20.3298768643962,20.3298768643962,20.3298768643962,20.3298768643962,20.3298768643962,20.3298768643962,20.3298768643962,20.3298768643962
26.8324022808469,26.8697864861785,26.8724266778096,26.8724266778096,26.8724266778097,26.8724266778096,26.8724266778096,26.8724266778096,26.8724266778096,26.8724266778096,26.8724266778096,26.8724266778096,26.8724266778096,26.8724266778096,26.8724266778096,26.8724266778096,26.8724266778096,26.8724266778096,26.8724266778096,26.8724266778096,26.8724266778096,26.8724266778096,26.8724266778096
24.0528821911757,24.068128660564,24.0681347995651,24.068134799565,24.068134799565,24.068134799565,24.068134799565,24.068134799565,24.0681347995651,24.0681347995651,24.068134799565,24.0681347995651,24.0681347995651,24.068134799565,24.068134799565,24.068134799565,24.068134799565,24.068134799565,24.068134799565,24.0681347995651,24.0681347995651,24.068134799565,24.068134799565
20.270800045562,20.3721664539447,20.3721405695947,20.3721405695947,20.3721405695947,20.3721405695947,20.3721405695947,20.3721405695947,20.3721405695947,20.3721405695947,20.3721405695947,20.3721405695947,20.3721405695947,20.3721405695947,20.3721405695947,20.3721405695947,20.3721405695947,20.3721405695947,20.3721405695947,20.3721405695947,20.3721405695947,20.3721405695947,20.3721405695947
22.7340805151949,22.7361966300637,22.7361790115497,22.7361790115497,22.7361790115497,22.7361790115497,22.7361790115497,22.7361790115497,22.7361790115497,22.7361790115497,22.7361790115497,22.7361790115497,22.7361790115497,22.7361790115497,22.7361790115497,22.7361790115497,22.7361790115497,22.7361790115497,22.7361790115497,22.7361790115497,22.7361790115497,22.7361790115497,22.7361790115497
29.8705690607552,29.8753473539623,29.8758687868843,29.8758687868843,29.8758119036551,29.8758687868843,29.8758687868843,29.8758687868843,29.8758687868843,29.8758687868843,29.8758687868843,29.8758687868843,29.8758687868843,29.8758687868843,29.8758687868843,29.8758687868843,29.8758687868843,29.8758687868843,29.8758687868843,29.8758687868843,29.8758687868843,29.8758687868843,29.8758687868843
23.0899370442518,23.0943039355264,23.0942932711729,23.0942932711729,23.0942932711729,23.0942932711729,23.094293271173,23.094293271173,23.094293271173,23.0942932711729,23.094293271173,23.094293271173,23.0942932711729,23.094293271173,23.094293271173,23.0942932711729,23.0942932711729,23.0942932711729,23.0942932711729,23.094293271173,23.0942932711729,23.0942932711729,23.094293271173
22.1632750760654,22.2550599899021,22.2560516336849,22.2563462903666,22.2557156779532,22.256224379832,22.2569071485114,22.257341030499,22.2569100365401,22.2567639206175,22.2586382515314,22.25788529964,22.2574361019437,22.2577054042509,22.2589484330685,22.2592899354084,22.2622381562235,22.2597567712179,22.2601352757743,22.260834204708,22.2587663068679,22.259506810399,22.2578217937554
24.8112808282543,24.8168320302747,24.8156895063279,24.8158423549304,24.8156895063279,24.8156895063279,24.8156895063278,24.8156895063279,24.8156895063279,24.8156895063279,24.8156895063279,24.8156895063279,24.8156895063278,24.8156895063279,24.8156895063279,24.8156895063279,24.8156895063278,24.8156895063278,24.8156895063278,24.8156895063278,24.8156895063278,24.8158086630028,24.8156181557277
20.9354939660617,20.9577493919283,20.9591374047841,20.9591374047841,20.9591374047841,20.9591374047841,20.9591374047841,20.9591374047841,20.9591374047841,20.9591374047841,20.9591374047841,20.9591374047841,20.9591374047841,20.9591374047841,20.9591374047841,20.9591374047841,20.9591374047841,20.9591374047841,20.9591374047841,20.9591374047841,20.9591374047841,20.9591374047841,20.9591374047841
31.4671701273202,31.4631400209491,31.4634513340993,31.4609128892681,31.4622185662727,31.4613684446674,31.4595948153737,31.4597894516886,31.4605976230831,31.4563897391141,31.4559706556931,31.4552718081056,31.4543983470696,31.4540070325977,31.4506829143706,31.4517419824298,31.4481098239313,31.4508078250927,31.4508166543576,31.4468458306243,31.4412391134675,31.4408502159872,31.4372214130048
16.0564189184288,16.0603760478824,16.0606722755357,16.0606722755357,16.0606722755357,16.0606722755357,16.0606722755357,16.0606722755356,16.0606722755357,16.0606722755357,16.0606722755357,16.0606722755357,16.0606722755357,16.0606722755357,16.0606722755357,16.0606722755357,16.0606722755357,16.0606722755356,16.0606722755356,16.0606722755356,16.0606722755357,16.0606722755357,16.0606722755357
20.807874214986,20.8226849230454,20.8226849230453,20.8226849230454,20.8226849230453,20.8226849230454,20.8226849230453,20.8226849230453,20.8226849230453,20.8226849230453,20.8226849230453,20.8226849230453,20.8226849230453,20.8226849230453,20.8226849230453,20.8226849230453,20.8226849230454,20.8226849230453,20.8226849230453,20.8226849230453,20.8226849230453,20.8226849230453,20.8226849230453
22.2674655675664,22.286624346472,22.286624346472,22.286624346472,22.286624346472,22.286624346472,22.286624346472,22.286624346472,22.286624346472,22.286624346472,22.286624346472,22.286624346472,22.286624346472,22.286624346472,22.286624346472,22.286624346472,22.286624346472,22.2866243464721,22.286624346472,22.286624346472,22.286624346472,22.286624346472,22.286624346472
23.2962272076038,23.3202752528436,23.3207787747325,23.3204245831365,23.3207532040366,23.320886865032,23.320886865032,23.320886865032,23.320886865032,23.320886865032,23.320886865032,23.320886865032,23.320886865032,23.3208530787666,23.320886865032,23.320886865032,23.320886865032,23.320886865032,23.3208607020809,23.320886865032,23.3209405341029,23.320886865032,23.320875457544
24.1722130797573,24.1682031894055,24.1682379772755,24.1682379772755,24.1682379772755,24.1682379772755,24.1682379772755,24.1682379772755,24.1682379772755,24.1682379772755,24.1682379772755,24.1682379772755,24.1682379772755,24.1682379772755,24.1682379772755,24.1682379772755,24.1682379772755,24.1682379772755,24.1682379772755,24.1682379772755,24.1682379772755,24.1682379772755,24.1682379772755
28.2783120934896,28.2871112753772,28.2871596312958,28.2871596312958,28.2871596312958,28.2871596312958,28.2871596312958,28.2871596312958,28.2871596312958,28.2871596312958,28.2871596312958,28.2871596312958,28.2871596312958,28.2871596312958,28.2871596312958,28.2871596312958,28.2871596312958,28.2871596312958,28.2871596312958,28.2871596312958,28.2871596312958,28.2871596312958,28.2871596312958
26.7385041569595,26.738491545583,26.7387791720847,26.7387357587738,26.7387276600422,26.7387667489377,26.7387304583967,26.7387430590173,26.7387260619081,26.7387556976541,26.7387461782268,26.7387926366083,26.7387604356106,26.7387671560185,26.7387736080174,26.7387379154503,26.7387554354659,26.7387592331398,26.7387720241124,26.7387719727172,26.7387329657477,26.7387575897211,26.7386257297987
21.1856206777682,21.255219394875,21.2582460301625,21.2582460301625,21.2582460301626,21.2582460301625,21.2582460301626,21.2582460301626,21.2582460301625,21.2582460301626,21.2582460301625,21.2582460301625,21.2582460301625,21.2582460301625,21.2582460301625,21.2582460301626,21.2582460301625,21.2582460301626,21.2582460301626,21.2582460301625,21.2582460301625,21.2582460301625,21.2582460301626
23.4634964209425,23.4681266812694,23.4681575414785,23.468167021662,23.468167021662,23.468167021662,23.468167021662,23.468167021662,23.468167021662,23.468167021662,23.468167021662,23.468167021662,23.468167021662,23.468167021662,23.468167021662,23.468167021662,23.468167021662,23.468167021662,23.468167021662,23.468167021662,23.468167021662,23.468167021662,23.468167021662
