"V1","V2","V3","V4","V5","V6","V7","V8","V9","V10","V11","V12","V13","V14","V15","V16","V17","V18","V19","V20","V21","V22","V23"
320.617592260321,325.239004729968,327.527242553863,328.752757938802,331.06749112977,330.90872705345,327.697826413433,327.273540773133,325.321938041689,324.893578728497,326.30789795024,325.345179581367,322.172991988673,322.97464505758,322.477525373451,322.756285078623,322.126643919678,322.716538786917,322.601527047228,322.358705424771,322.58103363085,322.638552202957,322.84555774911
314.88361461254,299.967113328009,302.508923697553,302.57711716143,301.980973886818,303.120315780844,304.116025112063,304.325510230967,303.661232729995,304.664170736588,306.512759969823,306.325557783693,308.486815449418,309.930236849047,310.605370831633,311.731419737805,311.702180718171,312.170835570088,311.841737609182,312.168000453276,312.220427211958,312.231791192963,312.391061908815
165.316376075604,157.308349368115,157.097044811988,156.803316581732,156.016383520401,156.883207822485,157.361741272222,158.0536166549,158.808307346341,158.374198525304,158.97833059821,159.398759047406,161.107234274919,162.810798455801,163.243676843491,163.644031057541,163.965583773794,164.061428640774,164.419254423463,164.349611205856,164.638926046638,164.84523231912,164.974769982348
209.944177166079,203.007061138617,203.383037595332,199.785433978813,201.990645514289,192.360092873788,198.064973311839,197.010782152787,201.994894178905,203.706334457485,205.696496702063,207.232358487892,212.58466989659,215.190027393206,216.025585608171,216.245479702026,216.047882988904,216.269091464208,216.346739093874,216.334641391461,216.666132656722,216.79757918688,216.691055023138
162.032839612158,118.099547728872,97.0578882492148,93.1508962024737,94.9628582309933,100.116802473702,113.38634073514,121.59112974185,127.409079952212,127.293763005623,138.135502669573,143.101330744136,156.285382543833,162.087783184419,165.279277658263,166.658197540517,167.00903255706,167.477258064137,167.861552787066,168.056313234828,168.472564315782,168.539677987502,168.730358731166
119.701923530237,71.7155557646634,66.6725723868963,72.4421954214284,85.2934600644655,98.1175767373956,110.150234246007,117.765292601795,123.362630045803,129.932371972362,132.726069096352,135.408751819304,141.690406139408,143.566489001756,144.232243413233,144.316379753705,144.473941853003,144.484989521015,144.430677946675,144.559702617941,144.578464975746,144.552516357331,144.495906694592
271.792741249024,263.34773879337,262.9940744692,265.755993038091,265.46379959751,267.65635471476,267.007008909757,267.223225868289,266.520862959631,266.232531079433,267.028627730071,266.556104917076,267.080897362203,265.721498054102,266.485518624345,266.499612424426,265.568024337598,265.801694733379,266.057995850642,265.965123472428,265.552683242528,265.366771210849,265.414203970262
331.712467304793,316.274765214992,320.107194727088,319.861940623279,320.726026568314,322.698099280113,322.357974066781,324.502242920338,321.857121526715,322.84270298991,323.106129787839,322.670099490388,325.698489460318,326.714882985557,327.619229042296,328.974492211697,328.861108708126,329.323232797696,328.745874581207,329.236012130652,329.330842669217,329.629833578098,329.294381749577
128.13138802004,117.635156530438,120.246234040283,120.765135723747,120.727744850331,121.537963349546,121.377990826422,121.151537115832,120.000333407135,120.642264200621,120.375428016346,120.547581867404,120.653308325949,121.498215757377,121.774214178009,122.51284041139,122.4651028166,122.413632341667,122.614493599246,122.476314197041,122.666275543415,122.67088837744,122.613853235103
173.964221885602,168.177633441225,167.535331857834,165.408397277978,164.920887749973,164.416130371844,165.076215532638,165.923722466272,166.137782243233,165.899244236955,167.674366083517,168.349060674355,169.751221772265,171.410261468213,171.76556274778,172.255042334029,172.019658288656,172.365355997745,172.085469082054,172.509203603427,172.696155534822,172.640432167989,172.592390363575
123.659487833879,93.2608341303108,90.251333192956,92.6468981636578,96.1278904026802,101.496326759032,105.733228173435,107.843251156802,111.281231905769,113.362425647165,115.779997881752,117.681429600461,123.233226810262,125.63799370343,126.581302099682,127.276891228161,127.269845697471,127.49907068483,127.645736320732,127.753337656327,127.842678829617,128.017000279608,128.010331976232
160.221121319252,152.863285351979,149.170580079997,148.970139394361,147.043271866406,148.710697503805,148.00342258897,150.109428992128,151.167951073613,153.574966369716,154.672693983743,156.325431812444,161.330320055697,164.359410962515,166.472370819775,166.928385824614,167.738706040125,167.745189702585,167.87671983786,168.029000815369,168.540683009789,168.823335755501,168.860938491529
126.127382732905,107.021649647757,102.700990192925,109.561472577262,115.587363925809,130.518092638384,138.565565024115,150.837679675319,156.325161925783,157.698214444063,165.361823976399,166.710516895207,178.512834312628,181.648541245697,184.472177871886,185.184404203261,184.778610954354,185.480490114763,185.263149524887,185.31585493801,185.421365936775,185.257938742829,185.158411473163
377.666008077725,377.631241880074,374.909567170888,374.611840218164,376.224769130285,378.675196333993,376.349251316699,378.731133485032,381.039667137804,379.095753913989,379.046196007151,380.433967824992,379.971681275967,378.751943468953,379.37964371543,378.898208496007,378.947519509244,379.010827313894,379.10774864874,378.866005689759,378.975207436199,378.975491983953,379.042044414316
143.252885950184,101.35140285968,98.5883713845628,106.217194171164,114.707211004542,121.422136567137,127.233807235106,131.586110130629,133.359891854378,135.11696833309,135.83821493505,137.160611454223,140.660441361547,142.151180741403,142.601417700365,143.000978582673,143.406551357884,143.276758952764,143.284861224388,143.43441784254,143.309030487986,143.280602467841,143.370702854163
135.651106453979,122.984298899356,124.550556238984,124.013447800676,129.247412815441,133.495779468907,136.620496890719,137.32066472983,138.697960873275,139.238071956927,138.512064537505,139.404461411823,140.422536749757,140.407584637991,140.866688495864,141.131820628682,140.735180419611,140.875466779035,141.028155970108,141.027339280006,140.837614512496,140.763621173216,140.686608144496
188.841877923071,155.176298038121,155.045364524828,155.988602987611,161.923908782269,165.033201288666,168.543667169256,170.651303532358,173.643874592692,174.303780187025,178.619330161073,179.208942674361,184.888325265882,188.046482443146,188.878795340816,190.09802909577,189.734571340274,190.421103550655,190.666525580191,190.49951355777,190.640995058017,190.690460173821,190.749657637699
206.707219058657,177.59311752218,180.464653967841,184.444757817069,189.005837709132,193.575092910058,200.782660915089,202.855718991886,204.728234418794,208.10605885437,211.210951519489,211.220537052046,214.99038102934,217.990290381677,218.603178266999,219.034427011523,219.620679440182,219.815235746086,219.879711887809,220.024466874584,220.394442538355,220.601265340976,220.576064943831
159.583829112121,124.795112438922,125.303266568627,123.934432001542,128.450654854768,132.308079936654,135.409607255655,138.811189390349,143.9818436338,145.442648710135,147.137738407049,149.780346944467,156.888847972075,158.921931940349,160.628143685263,160.467712927558,160.819481283493,160.565600858802,160.626558646439,160.923161511492,160.752782009897,160.704168316696,160.628659822158
99.1674217500974,68.6986207192933,66.1264548778465,62.890879787175,66.7932491737798,72.3407047589361,74.3018397725636,79.3998331763199,84.5784531976823,90.1536650684547,94.744362183011,97.5596037323444,106.535503742702,113.899010811316,117.323806838514,119.514713693881,120.600637977209,121.115564796905,121.194604386704,121.470374626924,122.015682605285,122.311035375045,122.401269849814
269.578711991171,275.649305085817,269.914747237205,268.832144331022,266.337855209998,263.119343813614,262.450703672772,259.578299999939,257.413350669359,260.175793054275,255.658766509534,257.843256548875,259.636864648275,262.861840809051,262.756509098804,263.289707308906,263.422090149835,263.622407281892,263.442282401112,263.431458538674,263.641649933375,263.571173568857,263.620215101244
138.217508225166,98.8355543774304,93.8157541920269,97.2274660926893,103.609356723739,109.348639564184,116.896871842729,120.272799916217,125.827783821854,130.502958503093,132.285039549763,131.742798100743,138.908987100007,140.623859962992,141.050931052266,141.344811212377,141.367035607365,141.174680984758,141.325612977996,141.171640322557,141.164512019645,140.941362054753,140.793650589078
145.597526614816,105.367069371498,91.4044650200283,86.6373555447317,86.7606101878846,92.1570269877137,96.2381961015003,104.615459639092,107.067761064268,111.351708478376,115.184413164631,117.493051812965,128.252546350021,132.699756335636,134.862163988161,136.039259249813,136.289924236485,136.127725041608,136.759862944896,136.585907017199,136.794838065303,136.760660752869,136.948400999469
163.969684516422,100.310858991853,93.9819248905819,103.924651626011,115.527732102726,131.829681295995,141.507588778974,147.744236256519,153.140590712533,157.276805958631,161.022823436431,164.051100534139,169.233628783197,170.669468439648,171.515903975243,171.833614702589,171.885842381021,172.003009272699,172.370612639956,172.105516078289,172.168288657039,171.94172664185,172.16716144881
220.196275497646,227.471611078277,226.043289531654,227.812085097495,224.518373833761,222.497245446093,221.837926710802,219.329967686292,219.062374238305,219.355732836134,217.956794015737,218.200896014559,219.279349507107,220.170585202759,220.857554455565,221.248107851792,221.618044425365,221.820998322022,221.836605269554,221.87572505162,221.903275328239,222.168908398315,222.187709987496
264.103751345734,265.492839142347,266.310330524588,263.884782649416,264.142348405557,264.75237186697,264.711748101872,263.503284604425,263.576762765736,265.280308342465,265.9485403827,265.069001124009,264.662976360774,265.911580424605,266.178220916277,266.500637895493,266.728095946737,266.900166831726,266.76013972247,266.891036143212,267.019405527994,267.091409106935,267.169596263454
135.132828978544,91.5102904602487,92.934695595347,95.7851045961806,108.09300749518,115.76687070036,118.632745666159,121.758443784616,125.104246700962,126.691105907356,130.17520803986,132.726492258042,137.653315160628,137.797524351104,139.54842293913,139.799579223146,140.132505106191,140.325750100459,139.635528194603,139.895496203944,139.899745252611,139.750973138277,139.466899793872
175.59603459626,138.945864198204,137.938493285102,141.952891554346,151.633796510922,162.320396661703,167.604192216535,173.28883970637,178.803171036668,181.764829140242,186.109282940187,183.859138473243,193.25262030937,195.396351104667,195.832318169116,198.078455635403,197.992225065905,197.835217050795,198.432468849273,198.133284391678,198.813543071771,198.758551072084,198.923343217779
332.149199411445,329.972800811515,325.941698861557,326.957641129842,325.188923379364,324.572153294959,324.728103142553,324.782939472429,324.30055236325,323.216507704922,324.018341689358,323.831745400571,321.817269976212,320.943531239975,319.444553681664,318.344528657548,318.640865460437,317.654473985343,317.615694804119,317.708938202621,317.16585506384,316.860088202454,316.761524562843
225.868039688497,223.424978908261,224.679110560793,224.455798658481,223.6427284301,222.283586947624,222.216240176281,221.909880259269,220.79938994278,220.812953974863,221.545123285804,221.182546084782,220.408952310848,219.721807152721,219.747041967917,219.634607745773,219.516523312258,219.629160079648,219.525377459704,219.35215756802,219.374703366111,219.528204275651,219.437402882885
230.746734528837,209.247799850147,209.385968616282,208.644149229814,211.625009524637,212.387930045094,211.70152117319,209.856373445378,211.658416797687,212.793752869023,213.290491519508,214.228433263222,220.763088053787,224.860243441638,227.570024452614,228.537451160023,228.482309575462,229.412860552251,229.357901873029,229.314118934225,230.104567993951,230.140661828081,230.493704155129
133.274591164376,117.769197698326,113.068331795023,112.33942272214,111.471993821377,112.747791635246,113.798972166447,113.924701839375,115.78804359793,115.865165211875,117.055027611199,117.829088698585,121.125567068178,122.937896370079,123.544114172076,123.951462981233,124.112789018722,124.471589386084,124.603874101112,124.443228195677,124.593087129656,124.3793457382,124.317606073309
236.693664678419,222.343833797006,220.362956962792,223.399831625421,228.874099226717,231.01973979028,231.647563862323,229.415029532798,230.446951626421,230.736091086794,230.23342425479,230.327490382626,232.238976394693,232.704090990278,232.553291365021,232.505364258757,232.547689912529,233.170468421558,233.131906474562,232.804320780146,233.18779360859,232.802945237718,232.695703840096
175.888527092854,172.555727163782,174.558914007197,173.667535380267,173.099120835648,172.748752582423,173.752370882372,174.889818744024,175.826330652063,176.66183647589,177.603140623595,177.85216911247,178.432693298657,178.394794955609,178.221493638821,178.235098459371,178.352129803617,178.268531860085,178.24284562057,178.455083222237,178.057407260367,178.117325520212,178.000400089314
495.724528973931,495.954283053992,493.732899236528,493.219282924192,491.967842015953,491.531363987866,488.689426768282,488.969309198746,489.320767813667,489.964020481632,489.748303520193,489.865791272807,490.889101891018,491.066937596213,491.236847081027,490.225697232177,490.179966453784,489.762045756106,489.872270616656,489.772854139114,489.698836048728,489.510429273074,489.625006904045
76.5218350833689,73.1087559311964,73.1004341856411,73.1344843812264,72.9665288567043,73.7106242894117,73.0066063629141,73.3103679159786,73.8871924642779,74.1595055569549,74.8085759336904,75.3083172031792,76.5049497191767,77.3666403257281,77.5693786673114,77.68093171964,77.8238760873888,78.0529840161579,77.8023544169766,77.8991026657678,78.1450738273439,78.1195628410821,78.1953312093043
149.86163145986,105.8185298751,101.898089525899,104.276668788628,111.803403524789,119.524212312362,122.569820386377,127.549859903822,129.541004340244,133.037082278934,136.310145419157,135.259341968549,141.187808871771,144.014399698735,145.230166769514,145.47022097432,146.046873069034,146.342686382418,146.491925384545,146.554083115555,146.786969827867,146.730834866991,146.848848633528
198.964992738751,169.562560017698,167.495197961052,164.600793037657,169.341504149623,171.219883077922,177.076482513309,178.6107966078,177.75930624866,179.99992301935,180.712153891237,181.636861021086,180.742512700479,182.16521217524,180.118095359334,180.241744491223,180.335197030071,180.21035393287,180.068637448738,179.77427013693,179.37715609255,179.458111429813,179.425271334178
173.325163662333,152.55398147526,148.961909754811,145.425845459435,152.895255897462,156.667775100089,160.807567544217,164.168972214761,164.198894839775,167.66169797207,169.654029263773,169.753661858526,173.880195634082,177.069372094992,177.573997790926,178.76270424806,179.658601536913,179.733703403333,179.95738333867,179.89796116216,180.579969935506,180.766782911154,180.606848440119
303.093867259877,321.660942723426,324.213907351467,319.192975248036,315.306264049909,308.35475589041,304.519568467718,300.68236581892,302.775971511599,304.476179111536,301.656742323017,302.184344694734,304.239041422247,305.420640951407,305.421864194268,305.579409297059,305.349506111788,305.125399772373,305.649077996278,305.590751209951,304.925953878699,304.683023507208,304.665291970754
313.428130882997,316.41680313464,318.55201433141,317.817949826021,316.241190602494,318.769904710381,317.360772396657,316.450620651199,316.690269277019,316.122688559693,314.001987741417,314.527030537442,312.292382939257,311.659362482277,309.920445765908,310.09412253782,310.136019691729,309.659826132362,309.426003732206,309.622175215171,309.321874584474,309.081573375286,308.915737088708
158.447611600276,142.20149099269,138.670923155912,139.252706021178,136.292627851387,137.169471336378,135.598283033153,136.930009377352,135.825024427325,136.54969606892,137.119499201517,136.989085572545,141.384814299266,143.344650942949,145.176713009453,146.472003132122,146.20115510352,146.943802709358,146.814162062762,146.840286565369,146.943861711141,146.833821980492,146.829282662451
99.5737685479053,80.7152623929575,81.5095203613959,82.9827708018021,88.6616048744149,87.9652878697215,88.516540404034,90.5268340207727,92.8420759278338,93.4712774166055,93.75975128797,95.9646698670471,98.665700090564,101.038414908308,101.425909189506,101.373364260237,101.897580537182,101.68121027403,101.926421525401,101.770345130512,101.995958265556,101.899132430274,101.813041623379
185.795689947821,122.024521158106,108.370678206053,109.178172671745,113.071378141087,125.70056261834,135.632769161441,146.766664971577,160.632137886991,162.387049928741,174.723032116081,176.678130126634,198.304613391864,208.441817636591,214.131514700736,215.41211744715,215.93720523216,217.397966659356,217.698729616713,217.978831031932,219.211296458932,219.659831637802,219.63878290627
269.722648922181,266.888250105194,264.839608033543,263.807430457955,255.013009557193,253.777177930749,255.275234585558,259.795251801291,263.940123982585,264.482858385023,263.311943422111,267.239254171754,273.351596992932,275.104147849932,276.39616292933,277.108014091682,277.623939873377,278.13210580376,277.688456463482,278.148644999695,278.316524617582,278.448533733726,278.447820628352
151.532039922549,144.408960633335,139.587705257103,137.254534452455,138.037357735699,138.413565333386,141.040158435213,143.477816505217,143.354897481711,144.184273488088,144.383270479656,147.116638872418,146.809200776141,146.341172447369,146.453640895797,146.319597973452,146.255035007645,145.872141786392,145.971263035093,145.739032153133,145.697182281771,145.499603610171,145.467909988935
175.462528170266,167.923396996649,159.749336475519,159.821307925089,159.377330439407,163.885352412779,163.87734395072,168.4368682341,170.571783485291,172.550122857703,177.221773631991,178.860942062169,185.500278526695,187.353565813405,188.676752540978,189.796487215547,190.671086199919,190.615084850799,190.732974501091,190.910911494579,191.602073902815,191.657158764704,191.854855644718
302.716633742366,309.146133346135,309.500205305693,308.012845231517,304.924693251525,304.151562031206,303.775711194788,301.950796050235,300.611579637032,300.369358147971,298.518259936967,298.471199614186,294.988064448207,294.220372240508,293.049639164854,292.398290798404,292.015751380821,291.83229804616,291.724178950036,291.567571617816,291.168875694145,291.159796831793,291.09885712652
186.598391302264,162.033330467604,160.124678694021,158.194307806459,167.175931934225,167.167503337452,170.827185859381,175.583422163767,174.636492984349,177.058603639372,178.353064572488,177.771252759514,182.249384049585,183.971828751878,185.88888887406,186.025713901489,186.379323449794,186.43605778102,186.64490420447,186.561048247683,186.737642129024,186.630708498242,186.504120094302
123.638648597063,109.717668847291,106.370018118426,105.118591607663,103.46333060745,104.789281142739,106.072123728414,108.361084188127,109.328250716806,110.427084729528,112.356620293889,113.134039150611,118.174925705255,120.468916132902,121.394822873867,122.0602505001,122.521954546072,122.389251307013,122.732468784992,123.080517464449,123.26169896168,123.721650651335,123.639924910869
295.590485671843,301.095167819694,305.949902838466,305.150731181347,301.972218332137,300.971898103217,299.444470975075,297.873879345104,298.140751061756,297.824517817173,297.966402982922,299.407046011029,301.249646224042,303.504151113075,303.969321466368,305.259487369389,305.242617432831,305.150021780815,305.212352077051,305.485689915193,305.875085369615,305.85710947576,306.171698038905
209.280460152381,200.19705513268,195.716524660527,194.96030284418,196.313237082886,197.546814340588,201.862071082163,204.638704581996,208.380456889569,207.7656964378,207.90851403757,210.654259625359,213.156086589815,213.912549285076,214.818518566618,215.352093893345,215.102921195255,215.239979956266,215.354452215174,215.364637629871,215.735796090893,215.797786305204,215.815147008395
195.192227855937,196.214981540229,197.236493705168,194.439675754372,193.581711135565,192.890915867672,189.596882219335,189.1117815328,189.954711630038,188.568159381459,187.913589575526,188.707438478286,187.83170030943,189.671698402558,189.394666333245,190.386439742744,190.543951128803,190.561807891943,190.606821769404,190.588388422449,190.702113848366,190.688887895166,190.685069823654
116.50802925305,87.6378491255984,83.804936848033,88.1980170452975,92.3928616740269,99.062900056984,102.293404201369,106.759450707702,109.8981214912,112.266043634766,114.763998450355,117.952947055615,125.611735415632,130.485171857287,132.610669218002,134.174327482237,134.722434918768,135.087443062197,135.545130985306,135.695479692756,136.103374995924,136.494311815542,136.666155957496
326.623707660729,340.810107145471,334.607321641387,333.066484383091,334.077216318159,333.101206978404,331.02702520191,330.152200759415,330.123861841645,324.92532176535,326.277969873248,325.318332133996,328.99999869479,332.144289065297,332.674970549823,333.334724059792,333.349633404198,334.002783398637,334.19541280545,333.789043195044,334.456248863356,334.502186764787,334.583620231159
189.888107161279,178.837956593589,180.068306610642,181.66526839398,184.267465388262,185.803140079463,187.134299901559,188.738050713763,188.707844088264,189.476558411282,189.588671979498,189.021038761241,190.921889529839,190.528270839991,190.817476575632,191.17302812074,191.489186843042,191.509756951482,191.29619983995,191.249676589894,191.58689656348,191.573300373822,191.503776686646
221.181332125231,207.87119754248,205.001787681555,201.828461376006,204.476376173432,211.173110145167,210.640438813139,216.59380252647,217.597399362991,219.065269811944,218.961412617313,220.446763355736,226.059790879445,224.84390981074,226.615631196299,227.170258339066,227.070061545614,226.771963478069,226.951808272299,227.326652292087,227.18698563404,226.575600500284,226.780934994362
247.778877258075,252.560748404118,255.825228720407,254.588562840573,253.270540543154,252.141731831532,249.014348170575,247.538190349166,248.379179117779,247.237962809053,248.242472631305,249.981178677852,252.001547780771,256.871137969997,258.818058197619,260.026364757889,260.510451566972,260.883313130269,261.199665609226,261.39413075487,262.072416984747,262.337112235101,262.44395535959
90.4052742501432,78.664651212508,78.8713002207419,76.0192505542019,75.3163779513373,76.8815451649323,75.8107139110033,76.9665517318145,78.1860314043954,78.4423072022335,78.6651066462402,79.3143346569857,80.6314476259208,81.9794367446654,82.1984960854923,82.8090408358075,82.8781321096852,82.9397053741554,83.0430259088754,83.1202021083955,83.2058508066875,83.1609180445023,83.1620613672012
88.3908101913468,68.5135041664871,66.0764147286564,64.9618453988207,67.1708058465613,69.4962799182195,70.8469879359404,72.9293387261941,73.6955686363247,74.9130402634203,74.8190548625406,75.4805923171507,78.3109487635538,79.8853516222189,80.2348516267169,80.8285268156452,80.7598806656244,80.6761991654025,80.6763795910162,80.9310104265998,80.7621825361231,80.7516064453481,80.7968032015478
298.494622161216,286.363462878297,289.333507977156,289.46532664568,297.034692370767,293.172758018937,295.170196921066,293.768692907666,296.03422808007,296.304401254304,298.973930961979,299.769615276827,304.137100924927,307.188687460949,307.720232476775,308.759060267894,308.888704061208,309.224412485209,309.420052625019,309.496777577956,310.030673882648,310.280425255186,310.067730490209
66.9449020369757,49.6247345097943,47.41146113218,48.5427659214096,49.4663027014343,50.5857586278576,50.8485405008655,53.2303116028925,53.5214199551484,57.0919674805679,58.6348258614525,59.760595425058,66.5247527777106,69.8424959995793,70.7287076877912,71.3321584867919,71.5809804235665,71.8339832060026,71.8726093964228,71.859439802951,72.2887503263162,72.3262120049875,72.4355154452872
151.911535989936,133.313647275452,124.150487578537,131.178315045462,126.455221175133,132.24507320996,131.646514230531,132.788702101439,135.323499281367,136.386995521064,138.316568659118,139.304883311217,144.520233077749,147.462605475188,149.635608968535,149.922805263917,150.504498200307,150.983093419244,151.069510238636,151.501876274046,151.820736991564,152.03933535922,152.025570871877
129.32174062191,126.728349616483,125.296661207251,125.85453971161,124.791687277227,126.499797677801,125.621521630447,127.635709648783,127.48142375695,128.489931201076,128.454394568868,128.631311936877,129.143399547513,129.884194587869,129.770070675254,129.512917904376,129.623080102951,129.400371771361,129.390735581031,129.316568021987,129.19883915205,129.02219611664,129.078258065578
160.759596268234,135.750287966704,132.135310391969,130.966403456986,131.959659748038,136.556324726261,144.646244164783,147.231925563162,152.240815562856,157.566330088148,157.095132737188,161.853804415647,169.373842692034,172.781380535166,174.022067594706,175.300059572195,176.122508848121,176.160719792733,176.409438744417,176.241212166379,177.076316144013,177.177734007144,177.186673071522
296.102002356674,289.363317863308,287.677133779884,289.030499638954,290.501120843646,290.924957977741,293.986247208653,293.949725816991,294.592511994492,297.793621102009,298.675200525515,297.663945641099,300.440333346354,301.140762534525,301.200188432321,300.934442435232,300.838747263594,301.137702437005,301.278936540441,301.010069426737,301.452195760244,301.275049193141,301.34743860039
218.763818253924,201.804797344253,197.93097569592,205.092298320909,197.349681477356,197.155547889835,200.525742449505,198.893523283315,202.283471813933,206.337183344851,209.262179530273,211.307082121313,221.457018310678,225.575066931733,227.369042633454,228.629314477401,229.127980045432,229.395256532469,229.594716639127,229.718349683046,230.311636552579,230.23722195744,230.297836082189
245.120413130828,218.095409926702,219.704762936022,212.870280506165,212.505627869821,215.66454559856,216.761371929339,217.890335255942,224.864952992137,231.448181569035,235.214261544691,238.252763307823,251.025791626317,257.530395577092,258.2207301546,259.802967857038,260.206461344393,260.477510227589,260.00278245405,260.792494181964,260.617605247241,260.861194296531,260.67065596873
129.951304815787,87.2656390582782,84.4327998527217,83.7586215403924,86.8065837140105,93.1220844598088,100.788898850637,106.923886460586,108.730648905528,115.213867432204,118.962240787994,125.009646425648,133.327382602984,140.00310854425,141.334135496379,142.837146363004,143.614911418803,143.857028224892,143.961716152198,143.628757902047,143.977658637332,144.015836840191,144.026913929267
175.530277211879,154.884211092885,157.289315835619,158.926441212509,161.174242683464,162.872641187762,165.623144903485,166.816134445843,167.013153556987,167.824827306103,168.077696288742,168.50120282749,170.336490771809,170.456695923498,171.034468631837,171.558857687288,171.470037781463,171.695561286643,171.66728808084,171.511097478167,171.573125851346,171.616340048796,171.454781713367
100.441422449853,79.5770231859407,76.5661116675349,77.5739593091788,81.0244419726654,82.2921782651241,84.1917532408654,86.318433889531,87.1047770400054,88.3624485956113,88.8512321572866,89.0278720508197,91.7960244040092,93.1908421753439,93.89816139946,94.1703966049359,94.3176704783002,94.6065371719292,94.8287227251926,94.6143126040352,94.9727606936106,95.0722718102216,95.163324136306
221.287058354927,224.640067792227,222.43479528342,223.663250869631,224.26188893568,221.832599969771,223.168146760055,221.871926370109,223.797956502936,225.473334354853,227.456085437861,228.523388937336,230.529613183569,232.257577905833,232.688614676575,232.801585264471,232.886108801899,232.850980812089,232.763463981697,232.962057219641,232.830965602682,232.701584134407,232.645055869866
299.404363198898,299.693174968104,289.602386118212,289.181570085584,289.846301059199,285.666082426658,285.218317520078,288.03744475626,289.367595936075,291.220560219651,292.090224392402,294.075115320781,296.54550095707,298.1903400039,299.714571845887,299.459183457432,299.537962245155,299.972685762488,299.733228435218,299.785133356399,299.934378781449,299.949978800486,300.06397555245
99.4759989445747,74.4436521676067,75.1405550065721,73.4179362676142,76.5531369358295,80.4735077027253,83.6950103424357,87.249129858193,88.9250543598569,90.5506863057233,92.7243968490556,93.8390471752077,96.726517236773,97.8803402541823,98.4510174878145,98.7592549341647,98.9842432472928,99.1417869650957,99.1930824459212,99.3097275467872,99.2855674873105,99.2134494406584,99.3339081831285
231.074504898384,228.709099402251,224.072105484437,223.092042465581,223.816471569903,223.422301775797,224.494970571852,226.653608015294,226.591159646043,226.311546195323,226.120296053037,227.604040914279,228.039342625006,227.773120221189,228.168496951447,227.838977384221,227.585870994206,227.871222043659,227.753153743236,227.800649700847,227.592269584607,227.520719051332,227.621655140688
144.744434004673,136.664559351127,134.401141009865,134.020916526903,134.401844231073,135.264531895675,137.419748735076,138.317589788785,140.521827723227,141.153606696983,141.246983147058,142.700410179693,144.101198485135,145.629438380944,146.086196363147,147.102106395528,147.73139379757,147.99608047078,147.907406854539,148.044051445108,148.499991102928,148.508106083217,148.49922364145
163.91671291207,128.846321078233,125.678790156935,123.196758096064,126.398315945262,130.412416994031,133.575943236644,137.678752073337,142.123095059439,144.286116285112,145.97247152351,149.257249384956,157.999224824015,159.78321642737,161.228322857805,161.503835527217,161.879766210847,162.129190631834,161.989225331085,161.989974197009,162.461680955279,162.651400238538,162.617284808179
203.692194280446,178.891064542877,181.362855334314,180.912344301499,184.251047539186,186.027739263795,187.604297617415,189.342617585898,191.127938942645,191.568534478169,192.506805779184,194.52254850454,197.0100358535,198.494709132388,199.247463437582,199.813651563109,199.75960639309,199.845261152978,199.829452338957,199.840853485729,199.790429497525,199.803843548175,199.719371502176
154.390086321396,118.87099145583,121.764121593648,120.032008251302,123.148071494187,125.535020871317,128.001371708925,130.389383515015,131.969065300831,132.401817253186,133.736874331773,132.544896318477,136.778470439375,137.475730168832,138.331588077086,138.99593250363,138.748524550128,139.251714973239,139.455486680006,139.583639901247,139.402641785753,139.415371973466,139.400175641197
160.284054434687,120.34130222074,114.269892725705,114.843613749865,114.31250501592,120.977047990092,123.076879109819,125.200126800377,129.612524950143,131.55332345581,134.258384658099,135.407677050549,141.464178423987,144.515105397634,144.607198763385,145.277341151666,144.641092569934,145.212097728909,145.521507569659,145.399148639321,145.175021196578,145.05900530074,144.971712280872
483.765860167045,485.059088659607,494.340912299243,497.74729274824,491.399806994632,495.688816147691,492.610382512513,488.974249817533,486.312807185068,485.573765299543,487.773628896002,485.427040780431,485.180263807482,484.228981369325,483.789142326112,483.768637750656,483.762850544196,484.175337901355,484.09735773548,483.876882872492,483.524575821737,483.56862155752,483.649250717781
479.515959379538,483.69931181818,477.36892221128,480.441747014275,480.77311004567,480.074506976669,477.239219787918,481.521734778186,482.664755204326,480.737381927894,480.420580403736,480.880612685826,479.963650840359,477.379438116335,478.393818627532,477.64382849482,477.286859252295,477.04156634995,476.506778068718,477.303272657881,476.91949192112,476.539699337657,476.500568150443
139.776759542272,88.7210841380187,82.2116289913702,82.2675130591979,93.4306952202166,99.9355512137191,108.141791945647,115.314842749458,120.311743215938,124.853751714142,127.908927876703,130.164426613636,135.333785741759,138.270843469907,138.801272283344,139.562537012377,139.915611246258,139.7187630133,139.983683427099,140.164249027727,139.962682579666,140.017781371691,139.906914282165
210.681476261224,186.570574677494,184.118908034658,182.59194155914,183.170269263521,187.934988378578,191.160016394264,195.719169232131,200.41383293166,203.062040971344,204.030877853015,205.614249760172,213.175357494864,214.072657260391,215.508558066773,216.018767487168,216.092612349889,216.077279512143,216.338174156619,216.398867128502,216.226179784539,216.256372051053,216.250595296308
282.327960550187,272.108762569184,273.856294715543,273.489266133378,277.756491483735,281.002119482866,281.799509211014,281.952543399274,282.915776642893,282.230983243647,284.865561753143,283.394040573507,285.937559822307,287.374833072597,289.065140778855,289.246694605889,289.487440838824,289.253716633851,290.116235187032,290.281028072207,290.326714976413,290.536410712259,290.449910167074
196.26873640419,153.162996655167,149.399852063404,153.726631894148,161.511691381597,164.493294901592,172.763888531973,178.623341191115,185.715565153758,188.208768244279,191.778388491232,196.194632874493,202.905280653873,204.226151741243,205.569336077032,206.079533328517,206.207346422884,205.858418569452,205.63842150381,205.739902730774,206.087838873804,205.839083059777,205.683304882652
144.822034791718,110.052486361536,103.681644261544,103.573606572282,110.325392276788,116.784465113815,119.379549544751,122.608335238634,127.386952061229,129.843994283552,131.973096304565,134.932259840584,137.723253482489,139.361074640253,139.849082493315,140.587420606167,140.212306370913,140.766799754819,140.468283647272,140.629806737909,140.374054522787,140.168664498264,139.942553134324
266.662962134778,229.169373119644,220.441875019447,227.256297155412,226.955287085521,231.86574531611,234.301857772297,239.414391842514,243.004384611581,246.93019019899,249.836952618844,251.776402109514,263.757663083134,268.341911010481,270.389147461704,272.183012212349,273.413498440733,272.958754758769,273.854405434311,274.015321107869,274.500456047078,274.792538598991,274.863321317999
166.904160395201,146.534917297449,139.237346977945,135.285022055816,133.528511401591,132.068883475102,135.508103849348,135.713014119791,134.541045533712,137.073435409481,136.342939732885,137.839942992414,138.664026234752,139.275255032804,139.727755808732,139.18603740409,139.632802437675,139.610444235637,139.66624996202,139.64084357267,139.754729961074,139.788112586077,139.824129282216
194.060601899135,184.239211966579,181.07541792244,174.44640304319,175.939285091104,178.351160922053,180.821960917873,188.164864137814,189.356226110106,191.348213519279,194.93874090497,195.861002576918,203.062177984193,204.444492542019,206.096204370263,206.218892441454,206.35701219736,206.714434369777,206.681600365372,206.608416779487,206.73724874254,206.860872157757,206.843191229257
204.398126707611,201.553934318986,200.000476773405,200.930376784644,200.242252975792,200.883296130086,202.166487179047,201.840014391106,203.023693598414,203.297478982799,204.272181075982,203.753855039222,205.911188540076,207.106898063434,207.560761846916,208.057200528786,208.08412688697,208.496014192296,208.493207238565,208.513153311062,208.756590247762,208.80372882471,208.899047617354
155.468375340963,99.2370356393725,91.2363369282773,91.6960227424918,96.3872257266158,100.460779199659,108.532107436381,113.095273111828,117.739261446903,120.617996149746,124.930636675625,127.737185465166,139.78277732519,143.659738355019,146.309619361575,148.642216878943,149.384294439446,149.790338029615,150.2156739612,150.102268299469,150.980217589949,150.984520526307,151.193912992538
172.325875735104,169.152239836773,170.837016842766,172.046135154399,171.575350393569,172.74108234313,173.926770420872,174.603359624934,174.868270625434,176.731525242417,176.251596972218,177.277936981989,177.627950664168,178.283000761255,178.007023058729,177.393882093052,177.413089957751,177.145395984025,177.154227503677,177.088450832159,176.749322460115,176.675244766397,176.613428300718
268.213139221486,279.679596049717,281.840162982953,279.880569525101,278.606292169788,278.01198081185,277.080111277268,279.038198120341,278.014220725963,277.330145826826,277.778923784477,277.432999727577,278.032103892202,277.929184926159,277.496433189191,277.73575302032,277.287849904322,277.088360449181,277.096107733968,277.48811754682,276.801560914923,277.084187044797,277.156692878184
188.700123540029,136.895943011437,133.014983475891,132.491536444766,148.10781202966,157.195934326735,170.422196569618,174.305500949272,180.801685391519,185.96055020715,191.05912804582,193.059366308824,199.556939147485,203.809403642858,206.140494434768,207.197997722011,207.793020201565,208.255159176863,208.266669376385,208.927663471201,209.53304262598,209.600480022113,209.801323815678
190.203820487306,188.044752975363,188.159516314422,190.179547999419,190.237765776638,190.596196906016,190.594573573699,191.046664103835,190.211558716908,191.118129356334,191.456397222386,191.276894668236,192.47216913189,193.804011451635,193.911265862669,193.90096414235,194.082294086612,194.217014447468,194.027401384066,194.039456691416,194.344350785722,194.435590950965,194.186935815061
320.28820424607,287.00193807112,283.090948336073,284.091971927691,292.588118448384,299.644171164883,302.402575460654,307.756744858338,310.932928984277,312.133574614379,317.700854724135,319.929729541646,327.013126572066,330.315651647936,332.022210456758,332.322244585128,332.874951961452,332.887695906578,332.782319073396,333.1264005489,333.349563948541,333.13536329846,333.168649387031
215.077926918873,186.673997575276,185.58960792474,189.528421485385,193.278818911972,197.012939292117,200.880111896142,203.216128173624,205.213126951096,207.42794596202,206.807584517249,209.471912474457,211.898885366632,211.466819414374,211.782927429868,211.337558667643,211.381655564086,211.230925296916,211.370321889744,211.174745160812,211.188264777224,211.016029262229,211.076054181906
152.749708911814,122.61742801617,119.375211069936,123.245830283409,122.581627816518,130.719618166735,134.84139692423,140.283109087572,143.085511766422,147.091994967342,147.055912364768,149.764616108484,152.814269142379,154.086927327359,154.123359727377,154.487761277827,154.489922691566,154.257533849741,154.522370825953,154.639542179752,154.475373808223,154.342457213327,154.331252737361
143.281685497559,114.738216232612,113.308892105953,116.416171802327,117.934832282393,121.573971712496,122.970723066125,124.757765717443,127.671686434381,127.614778428942,130.226457761666,131.578705228231,135.243742595043,137.038641350473,137.025784055551,137.569619869655,138.213358596025,138.385938609412,138.391096330157,138.416575292799,138.618237962856,138.541805455454,138.644152529842
