"V1","V2","V3","V4","V5","V6","V7","V8","V9","V10","V11","V12","V13","V14","V15","V16","V17","V18","V19","V20","V21","V22","V23"
486.311809434603,492.690439809459,485.215509290304,508.022654521813,498.405349053549,507.045779851611,508.801906713008,504.791374938005,512.692298468328,507.425794525351,514.668851971073,510.280497603961,495.587412497616,497.526817771697,498.716617137102,498.753391334567,501.587878067943,501.083019525595,500.04729353958,500.249700415019,496.866927692451,496.870743308635,496.588661118175
475.660365151126,459.499319241393,467.680002213124,470.923163117454,472.833764361843,440.078511131331,455.114538259752,456.523894212408,450.508532707507,446.970381744037,454.951832012588,465.637740143593,462.863167246707,466.143853794405,459.833367521337,462.723557714958,460.237266267612,461.644757716044,466.115434802926,455.613294732451,461.100140641065,464.722602091611,463.823213856046
241.893870106047,242.357704452663,245.635391890107,235.93325748762,237.882190495198,242.640471342411,249.575382061153,238.401583361195,243.836346462754,244.071848035018,239.571473916607,248.138140988017,250.756718941114,246.238740302891,246.259887414048,245.1689840134,246.922198668284,245.636790647909,246.85649644819,248.225035885206,246.235204638802,246.315621406989,249.000808567144
342.655020609278,333.298035536028,308.035592772806,307.057501977752,328.912328011876,275.564053081479,319.608699457931,326.446503031335,320.391631122567,317.119204006947,319.715277671306,324.683015214274,326.064780079886,324.571092113016,328.691031116121,326.662803418865,325.841220431142,324.795101480245,325.660378374008,325.996389423776,327.257795588501,325.889208803498,325.260243277073
282.86728016939,257.873504949626,246.994976515538,241.111870723985,205.118211037965,176.782049382779,212.985632228449,218.147583535122,196.35117940993,211.063540496115,228.149905362191,226.390709780252,237.689154160222,241.494443343922,243.307790259042,242.586145918917,236.07688420774,242.216465868793,247.246103874339,245.106271612518,242.310987825043,239.647136997144,238.555402452205
220.229052480889,219.30246236515,222.107048022129,210.174107474488,196.060012355325,196.796812776248,182.516760636416,203.239360859273,199.052381905061,209.082900594091,213.806613140165,212.382176356288,209.181824005901,213.107674886566,210.146216358724,216.21065189013,212.624177653514,210.701515446615,211.197149629201,210.135026516048,210.325081611687,211.976654477943,211.334265612651
401.095681881739,403.363714709199,386.757488206629,398.465465499396,364.337986169195,392.700400615307,430.619566256632,376.497393218801,380.257247028306,403.408266661152,397.238110142216,400.837361792963,395.327894330837,397.672632767793,392.356446518706,396.583246258204,394.630543720999,394.870004141086,393.499228341348,395.622135043538,393.223675439291,393.781292056273,394.878216601504
492.135919810757,502.741065852636,473.729440104427,488.813606919213,484.542790287698,466.003239352752,487.712315326673,493.750759402635,471.304282761667,493.827223341002,479.064664761949,500.318835206658,488.411057988934,495.497318800038,494.9811736528,499.7487414332,495.035425883341,498.63153460746,497.104656959686,492.437656868111,497.45095771784,496.807877284509,499.472875814478
193.838468170756,173.932762875224,194.543576560484,192.230572208012,189.172029052668,179.729489321855,177.247817971953,170.857623371186,182.58745778019,170.307463966377,167.312758807259,172.544703124375,174.129977388741,174.758042339311,171.817818780165,173.226590190605,176.167710884063,172.238660317028,174.529708311185,175.869155072036,175.020991452832,172.978555726835,174.866240539982
259.201763667491,282.715542798392,261.593325327225,278.629607696457,269.484723123545,251.040888967815,257.681386134844,257.943014055312,222.676791149797,260.070123818898,241.987717472845,252.334644213896,252.664720791439,249.400451279518,250.764284142813,253.910177398078,251.147041868789,252.805186838543,250.073714196781,252.033625398236,251.899693197982,253.491910644548,254.091730501413
200.468355383,203.317758337322,195.632561522231,188.973317541462,200.635182857826,177.860398621197,184.166806233914,174.711831775812,174.083618664226,178.943291943557,184.671974912162,176.16023234691,183.532835131396,185.338383099468,184.566072972048,185.858622066033,187.232061657562,185.34151392859,187.018336482123,185.77747028104,185.34542125613,185.697412417814,186.190690803077
249.202026274394,236.616021511112,234.646157740523,220.3613779632,222.293390434871,236.562742456577,256.415617510093,247.593790329246,257.466854893268,257.303357364159,249.821140023386,257.067690916061,260.864438134058,262.960279157809,258.529297866758,258.481848467553,259.549445157489,258.873915891693,260.23717359385,258.27536731962,259.829391184683,259.959027189527,258.915702182419
265.378906235683,255.811099977057,268.161908298443,241.274437118583,281.356448435995,276.934822550892,276.435167510865,302.276947070838,282.392449698725,299.525926038177,286.756834336447,301.541691211262,281.934909504943,280.551229217352,284.333419134159,282.251025000234,285.026850622983,281.425587129063,282.733680749872,277.934761624985,276.989010196402,283.143875106689,281.047409237727
562.404305906584,562.293647483857,563.724802239443,556.436488000669,569.788680877938,563.888109447649,567.684243964519,564.520183840888,562.348749879582,559.597131855159,563.920209799376,560.006448557757,566.903262360446,566.470029100164,563.120477116675,564.640510844647,565.369733692808,564.821833093265,564.576668340219,567.993609617387,563.745470705807,564.575812545415,565.543724650196
225.075209249021,225.599350489667,215.441286082043,218.372906725097,205.527283718186,198.704825239026,196.653599867044,203.428609558445,211.177384759682,206.480489323891,201.748893071366,209.051448867467,206.098730866029,206.171022990376,207.906237293722,206.00450192167,204.864702480501,203.276349335594,208.723568072614,207.672283830572,211.250847620757,208.189763535711,205.413913872013
219.084237958341,220.797069801472,217.773997984448,214.562789990333,214.052006678107,227.973796078938,210.587932228775,220.397380313492,219.335618864547,214.048839150099,216.288544947501,213.531088485345,209.380325657496,208.395561979854,210.996810939411,211.559259687832,209.407287515927,209.971877507466,209.643164594081,212.07553989857,211.890815890552,209.075845661692,208.146872124181
296.75159005749,292.356561277532,280.212486426694,257.176986761201,257.543286780624,258.586187575689,272.401009544019,286.083349343322,273.43619532097,284.825649570201,274.481691903841,284.793080237257,278.954381230342,282.477817483262,284.960870352374,284.891705737741,284.899731102232,285.272259777281,284.406911155092,284.189871969468,284.684022578197,286.568808291617,284.423164888468
328.623588693988,326.411818001111,312.829613583628,306.860883876211,343.781200423226,355.438245260833,351.242312973554,355.004323737196,346.822565906758,344.358232373598,327.419043650326,315.463753934271,333.235911596654,324.812593194289,323.807933914398,328.120037389604,329.611252941535,327.387167560182,326.406651783544,329.733568710052,326.981806331262,327.804139449443,327.355772524079
269.440688475787,267.74531520893,246.545853688258,221.986253225126,204.965717369264,207.160093202054,213.176053428974,206.408907144134,217.785392522498,208.057555082587,221.626219688689,228.105249559022,231.451197436662,230.119512232072,231.778067515163,229.507179727324,229.2369711652,230.348584301985,230.507578017293,228.854364032236,229.278627166194,230.062487472566,228.769741079149
176.454973716101,181.768113814987,170.53989949322,155.897085575575,146.413113750076,135.160688319169,168.425758150926,152.557113761345,155.734147704233,151.960840718456,161.0305975971,165.878210403599,172.776485533367,177.462829246903,174.156208390071,176.020770159278,176.86782415879,174.357983933503,178.678228154301,179.568755640583,176.705930336429,180.346080029914,182.256570933303
417.519797636448,405.573585802265,394.942810834968,424.359798147884,409.581341898069,396.054800008097,390.262047592025,368.092250064703,376.338148464786,391.733460953145,386.659378175093,381.229701241312,392.398234084846,399.524408626272,393.847835235326,397.304593898811,393.045701578916,398.108458676837,397.559626857101,395.434525754292,397.993659531115,398.96472680828,397.675203671924
228.262799613457,220.926660052676,217.531690726064,217.845537450911,218.816468851244,217.894627629381,215.687574182262,208.975831326964,211.653129701427,211.04380572924,207.954443965964,203.875459599869,208.856307543564,208.574665976352,208.126085692911,211.261134600842,211.988629855447,209.032977419039,212.288269558012,207.827615387666,212.361151636413,213.663421748196,209.982025550844
232.703106543754,210.501768574333,213.686638215984,219.586547066087,179.53763247274,218.022895243146,191.958300264208,183.048402584538,190.63373234214,183.084533734371,186.22207054029,191.895547462412,198.32150874364,195.201596161881,197.750353674465,197.481201586759,195.689087239097,193.212949441853,196.594374992496,197.105821655187,195.26580646929,193.991762596456,193.498450153957
275.001503992765,262.05369440266,256.741263742296,237.641608709045,261.251127280075,239.019716645051,246.649089772644,243.323513301582,241.149577011401,257.820182944517,239.055430750783,253.244211881433,248.458942578638,257.078688754926,255.162851736777,253.465841437072,252.829192307264,256.068114645985,249.656152979943,251.299094544273,249.808605284396,246.164424011074,247.54551353799
333.845882162777,341.335881613331,333.766632370242,329.6287422735,328.102509328028,313.940024948974,319.266953818335,324.481085483699,338.560369678748,329.942358676984,334.940566847144,337.110182800947,333.65892646552,343.372617929056,336.7625788976,338.866574246947,338.408007500312,335.788586563243,338.104246929768,340.512071411081,340.357472596485,335.769574809739,338.574673859771
403.216833638609,405.98311997103,373.386471116862,378.082628964293,426.820388461069,406.925986355539,405.255569637407,383.639898035942,392.128043717551,393.478426557322,398.941186790577,392.289401475327,401.292223963664,394.38908872513,399.30221852143,399.071685296192,400.099972328754,396.592639111324,397.965372410652,397.800756663981,398.703557498829,398.792571294574,397.331452477784
219.711313921616,216.240511165834,196.522069691021,196.080817979039,171.949908172476,184.501559678561,181.863349799541,211.574100072638,178.197609741037,186.029775649959,183.856376059814,181.083731225551,181.471906256823,188.83341170177,189.049176028558,184.978439471454,185.586755473031,191.536804072738,188.728820846321,186.219408695057,184.040718590946,185.197964661318,185.536619010735
295.123791542372,305.381787241194,317.785887493613,315.001785620762,330.096071098954,317.563758769714,294.022082281085,327.088597358586,292.013709282982,295.474896353285,276.948428912347,298.290763846123,295.35828639932,293.630306785582,294.825124227877,291.496666450324,294.530955668054,295.157936325475,295.017078063083,299.21468457365,290.980186767882,291.92887626731,294.395396942585
494.516633188226,479.536599528388,508.966354265215,482.732543699949,478.942552926335,484.135811100608,508.276517470351,463.39065647686,482.222291274762,495.041382556013,484.706154764112,476.067102472913,463.910244235097,465.059721996812,469.54297766453,469.377999282501,465.448363859622,469.876141556787,464.329128566993,468.134347243965,464.048841224671,465.179461076574,464.317400120561
338.912527714061,338.476502367551,351.913881306852,342.789100983092,335.355892451257,346.115030087438,342.872727185525,333.266770500015,339.966652567675,335.630861055113,335.68377811666,325.395618817378,324.959541632021,331.782799567285,328.123706000831,328.864049781688,328.665080090329,329.276852502441,328.989905876815,328.446687881737,326.137915965913,327.967743209288,327.185396936305
366.767978623168,348.43222098047,310.273672096362,351.493080454308,312.519819512394,313.265413280856,342.71579612615,319.176042195186,311.679080025074,312.759227632039,324.279810878231,325.927244368013,334.813451524927,339.156807375888,341.999875945586,342.259792579129,345.183794332601,339.233445584291,341.866740541794,345.456257882138,338.726609833332,340.285391212213,340.80772548969
194.619601553943,187.343053932796,174.448023891447,164.918975869055,164.114525850149,176.086584953697,167.066817327374,166.11458234499,164.541982026713,173.932807429147,169.411246125726,178.099359827758,179.711993644739,178.995369250433,175.559611159503,178.075505902224,177.742417813367,178.762237984473,175.022809152318,177.106544037143,179.270187696134,176.812012031428,174.871184773108
366.356940042371,363.570818246244,371.637148437558,351.401475195328,346.480311184681,340.836323790714,340.799976854812,344.035725845729,328.909831711598,349.186237341183,354.866605858506,356.608250640327,355.119728555651,354.543192907788,352.007398720486,356.813758142835,355.903534599521,359.754937091367,358.712285319699,355.095408137283,358.421288687571,355.196469214997,354.525252867922
264.727231101133,267.054435578383,264.894753230296,272.721873983189,265.011677454272,277.291671852732,262.640797948506,271.959053715329,264.936274840067,270.665600836064,269.870206991299,274.879986567088,262.720040891404,261.508665404412,267.831713006395,262.681416943608,264.05996848117,266.537554858906,264.002628569702,263.593660593963,262.453811632076,263.833157210152,262.834589098909
742.381129263392,770.034419767425,762.157172669606,762.13865888207,768.67724985204,748.219206504369,762.150043708218,760.110098318029,746.172206454037,744.441992187233,744.84802403696,744.036587976147,734.672471880599,729.342715554826,730.509095805448,727.874686549829,730.618646321552,735.825955752214,731.497187877823,728.323147494529,731.162746047954,730.150463654423,729.944087751751
114.923956497113,108.091412691411,105.156286813862,107.020645653204,114.421413373188,108.638038679443,105.267700412968,103.100102192791,109.616006647583,109.208706278097,106.88238711964,112.1940169559,113.266016597941,111.873448849852,114.350048776776,111.347077643706,113.205722050938,113.559188950887,112.630749179402,112.108049449969,113.569923008099,113.812439597273,113.609931856091
234.729997497057,219.647788099432,210.171665165336,183.024898308734,165.70240527943,166.202368999929,202.652492935655,191.079674555541,183.328182488908,192.096305086521,203.193279358341,191.851386764973,203.808517703811,205.120440006115,204.748829162276,204.440930536265,200.185571506398,199.490281665305,201.560976219642,201.539954610526,204.273949026919,206.123991657236,204.432204376125
289.339830994672,294.925590688891,227.048133201582,215.220086338218,245.49712735363,242.877263020554,254.436957732107,299.869065505327,259.057525822493,276.413043330316,272.255089829119,273.779994700091,268.795224484881,265.299955049637,266.925990438562,265.862039847696,264.846362956284,264.637659420845,265.09394258327,264.828302591455,263.643395655194,263.137818945198,261.970818160966
259.212794144872,274.147192253682,254.542404470492,239.651809480084,259.01779119028,269.951049617027,247.071770958771,247.072607333191,253.461743994137,251.752258161406,261.480340683463,269.564328808621,267.636311226034,269.106764528936,272.761404891454,271.96021419966,269.405542937872,273.743798504488,267.992051981279,267.962304828137,269.525157201012,271.201228305361,270.559804370734
459.368093239341,448.703785898635,445.77038856472,473.771829544802,449.601114388809,454.7930867896,441.566470939838,430.260802902599,449.868351604906,451.279813476739,453.03931048042,447.81472824244,444.850593946658,452.144843340596,451.694143248245,446.186457310841,452.149607370006,451.027966446315,451.714476430704,453.323872769469,450.984432297165,451.246364305648,449.697288353503
469.960437222182,438.099541806943,450.479103993824,447.145300896086,465.171412064631,451.042372835688,448.497727495605,461.478349889019,460.653881855837,438.359683713078,437.462472038054,449.897915018375,447.324804208861,440.128501287439,439.716233326288,439.876360218629,444.276373917169,443.755468200973,442.960334160818,443.664859587553,444.221198957129,442.166825705641,443.938041701762
238.765152683681,209.982229059758,216.842714531085,224.214671692716,241.728663497548,214.975711936537,229.137868013885,225.818395618293,197.823740123635,222.843829437645,225.594424999865,209.733471370948,222.777816540268,214.113852610371,215.656101083055,213.250884782783,214.777686459255,213.909621142594,218.242651674487,222.022443698607,215.512805207847,216.509644155756,215.439579763832
162.648155483376,163.138489787724,165.375589757158,151.925362067134,138.607318784349,136.926296784212,140.470852959187,141.477711656276,141.429027411721,150.851896006194,148.960116763835,156.027503934359,154.175257490808,155.993594504848,155.813856809174,156.123553188847,151.92682739764,156.958034118131,152.8293705174,154.323383770654,154.045358940739,152.477419551429,153.206127270786
347.042751396381,308.566180000267,303.057976976666,296.603864201062,275.74816356164,253.40166024253,275.673131589996,241.423291268288,297.28593149487,299.785427735823,304.745740458002,323.270702094162,328.426870363403,330.837386810841,330.959005108241,327.827371813359,330.450358438304,330.452290283738,332.590594521635,329.630141856091,330.64579245453,330.201129220236,329.988050667942
397.743142883381,398.67366678576,396.259700126224,369.786795252111,399.947640457532,373.946896295455,386.096842752888,386.396223995775,393.230844472387,416.578773297111,388.183000134669,400.992410148041,414.155874589825,413.847945530517,412.77998499921,410.367385241686,413.124290853771,411.654656188991,414.821713858631,408.62806855849,410.30168840019,414.205878831748,408.976006354422
244.688330427983,240.637104015679,221.378686066445,214.668131368065,228.671481356298,221.768093229343,225.573696485818,233.731177437396,215.795653462638,219.988927061508,219.565508329581,218.692479212375,219.101544151768,218.255459986833,220.040366438983,217.572278322836,218.314823196859,218.238046788579,217.688773809123,220.566444378754,219.053566342524,218.110239727461,216.765286070937
266.734191858449,257.673173485803,263.173306999524,254.283190620545,238.830797158283,251.142331569251,267.497112762802,272.878514494162,270.071207990146,283.82364331359,269.675861526127,269.632843409634,284.323039894111,290.956232408513,284.304779410969,290.233682389003,286.981030524447,290.919118405669,288.505224831832,288.905026411931,287.099148026238,290.875976117323,289.026073106501
445.485913085301,429.965537545061,455.361529211621,435.896253258917,451.762090503832,426.065206698169,434.185522874434,432.186814048989,436.511256886387,440.540409639003,442.130420075828,443.23288335337,428.841505412082,433.331490351861,429.943022756604,430.468215927943,430.775654203671,433.316811993079,435.013221535641,433.179234565086,433.03482710945,430.092127764322,430.29777150063
301.799154357016,299.407029246548,257.17339687344,273.096117458062,264.623251184471,239.203718321892,260.516601650104,273.611880082288,259.105809806923,267.318862331863,266.477563105335,265.636599074837,270.894347098222,271.947120999255,273.500054514835,272.858793001105,273.628449313139,273.556369714741,275.69864244894,270.395306802811,272.583217244666,271.908015296871,274.304107333436
190.26771224359,173.952090743904,174.141227469819,173.699192525004,153.838583050002,161.504841390802,170.090870822095,176.404966323501,186.333397240293,183.346162657947,168.841156595098,171.103606442342,182.269634527298,183.430273822138,179.133281247068,183.866177399762,184.754021243404,180.607151760414,182.669437115985,181.84426142076,187.661047417357,186.270079083025,183.680179058804
455.112522216793,447.214439570319,453.823218039549,429.686464237491,427.121224299791,418.26224007803,432.731048961323,452.725151821523,440.600357779151,435.864739187041,461.001809209256,453.789375845705,461.610389594873,460.765372111372,463.80944660953,462.645658075787,458.790176581784,461.918042687945,462.261886955687,460.418702894826,463.624963373377,462.402217089215,462.64320246396
318.793125629246,337.254948632701,339.625709753396,312.087274583331,327.631006576901,313.451213086896,321.965309619416,320.861950296274,309.128105696129,311.749617555266,306.99300214811,311.883228748045,318.427225920758,313.046593831047,315.027237146984,317.21635531787,322.490061405664,316.072116749996,315.346578750736,318.69488239431,317.378293427171,318.577836565164,319.345763503454
297.746843644202,316.130380324261,312.633475679945,303.448328495066,322.968529216378,296.393219250254,294.469978473163,303.271125548521,289.525250036976,279.979623917105,287.975612344466,285.767058435091,285.294426253754,285.996144987841,287.94811069554,287.094726913933,287.861277128097,288.809973145779,283.663012263145,285.980653074969,288.664850771422,285.374069167336,283.805324198541
192.673639619436,178.773251281659,178.002532506386,174.446629658045,168.27344746457,189.381481569973,159.724188049972,184.258563349763,177.573987063974,182.944848911687,187.453498863924,188.32723433666,200.493648810563,200.66107941236,200.796559160108,201.032846886299,200.223279511099,202.341903758469,200.508157741012,201.411216152894,204.348145195156,202.649137312453,206.095119187937
505.523129443935,508.230285888478,526.366311570425,499.58900457124,468.948147745068,496.252023977445,495.738570554671,484.489549522051,501.910409409454,481.863836117782,495.440343150524,493.782122239647,502.064400653932,498.939856386009,501.48274589581,497.957465654968,499.786585046511,498.30424566802,500.861166276984,499.482728914508,500.10711945599,500.466104187399,499.312211251291
291.64727312785,299.385986254403,297.544861716143,284.521047624915,282.191329072287,277.456950793151,277.789515596121,287.876445151975,286.565463923993,287.270611761828,287.118215773498,284.52815515636,289.019188435684,284.296617543476,288.380599469439,284.036740514345,284.789167444384,286.825054309241,288.025362670359,285.00649683721,286.143861397014,284.455427438418,284.660066737391
338.831428964278,346.296514401062,332.967550447201,315.303711005711,337.923875050219,343.31804314613,344.777958239283,342.633304983246,363.948350811663,312.714703734865,353.02572108743,348.834256215647,347.720784331088,335.837109633172,336.574094233827,333.310123132044,333.028646195034,338.13274493885,333.971699671105,334.864733091325,335.327222036915,336.636055570485,334.730682671775
392.838120844198,378.725733399609,394.973308290259,403.816511128698,411.779210496757,391.471109428603,396.489490818849,381.202790649034,404.372945748734,389.683346499827,378.854978716994,393.129033319152,388.332268464076,392.41146369781,393.705245808535,390.565137306291,391.956251656363,391.865455397323,394.147401103741,395.378230162671,393.979396354787,394.764609671173,391.66561286491
132.572686235332,126.282511424107,129.6133015821,126.931382125325,122.688529604743,126.066440681845,115.145115789211,122.380062502118,121.094156262751,120.323217402869,121.360301466896,123.178643701241,123.429699807306,122.848541402099,119.259466814967,122.886804904647,120.766132453829,122.101143802628,121.56365412604,122.186191763556,122.68382302874,122.012630460678,123.14252162314
129.842374684669,125.910765019215,114.336791988893,126.695743094715,114.480976383222,113.249668482751,110.18533286239,104.729493002094,110.004670146434,119.964082449467,124.908346966762,119.782713721058,122.024781578126,119.658596005854,122.014205830975,121.851940913357,119.47564800433,118.426732404305,116.700467194489,120.515195719051,119.748734649208,120.416551634044,120.624644602315
455.19300816709,438.230806199885,446.16768177889,450.555309395246,447.385801170142,466.891271880385,436.93004194894,464.886236182383,469.078608176555,461.204517041557,464.20946343666,463.750163797846,468.461857792178,470.003178937193,464.159944814836,466.551170095465,467.891608096375,467.871607587137,465.384573279547,466.793722164168,465.423528423377,463.809748571057,466.126812827519
106.358910612721,102.652715970012,92.5301368553981,99.9099303100046,102.429051091142,84.4479578974185,73.1451415077179,73.5677458052014,87.8611644749528,84.4017438403004,80.7018005200453,91.7202359363833,101.126477734991,102.803401051314,105.746937195733,103.181172656037,104.50316961163,101.043487726392,105.12556268432,102.650508555365,103.404159921654,105.994478478706,105.197000380584
228.458338940455,222.537319311212,220.331325660772,192.245549064227,199.20315032664,212.890625419728,213.946172198311,222.048786708475,199.84479403309,208.723371999371,217.684376846339,220.461000110363,227.932236156147,229.034897323597,224.681134069778,225.51753271362,225.440304480725,226.972712399351,223.103847006254,228.590099523273,226.406213100798,226.01429764598,227.526657640953
197.897961452354,187.582658204092,210.758356790067,196.395295288006,197.826653047308,189.401229153473,191.348723832244,193.806496867759,191.517503759744,195.815353899747,183.411156255396,182.914526296768,177.005798253249,184.749031641313,180.402952046946,180.585348482349,182.364977109547,183.830142033931,182.338712064394,179.658729191393,184.303659074341,180.875245379174,180.065404622754
263.681099835408,271.91205188836,269.828276196023,239.997513437556,255.826166679876,209.212242941217,228.46705326968,243.873474916131,244.368602669559,252.243565762655,256.47157078306,259.000904885527,266.773979899403,265.745887816788,265.118770726781,265.573379608655,267.565021812439,266.025540584176,268.730136853016,265.496453902392,267.222760142197,266.385067481889,267.665308739916
444.794710815837,450.501974998025,437.55149629105,453.598668321024,462.403429423569,439.931609029929,451.765110349134,451.454510972574,448.218814112862,452.378182118427,452.537342348951,452.871733617384,442.581287156945,442.743113259489,443.77515057236,439.794593103211,444.370585025475,444.303448312179,442.465087243636,443.696804072255,440.15423750179,443.078735480333,442.364378927858
357.423936262084,366.538762572812,364.153318110622,374.156256758543,331.423713907769,343.397127335909,336.873614440553,323.963366133439,323.810181395365,342.437889137595,331.955885717299,341.018992963593,345.897259816782,342.091306294355,341.878320866571,341.160156761769,344.99902345792,346.062416993782,345.969106982775,342.036913178365,344.483063527243,344.001445610525,344.619161743442
407.819724742687,414.651131953533,418.609115116775,391.738925667871,361.564672479563,344.501134153066,370.325310792961,367.336902735878,380.093848057852,383.5378394588,380.621429341714,388.632048339853,400.106401043061,396.117623045824,390.570655412684,389.719764889437,393.442588616891,395.252916925134,394.185729112184,389.560615906086,390.241724458369,392.20503130949,394.399311631623
211.295099485957,221.080901571729,198.841473990844,199.239934806204,193.795497275226,201.471246407305,164.697692840919,204.697466797669,211.956550167237,192.147818236057,206.871287879429,214.206864180533,211.927430032113,215.101191297556,211.064841890047,216.306920686075,216.071087700023,212.223237910689,215.201754468301,214.917346647624,217.00056395893,218.036093680571,217.054703232234
266.354667870452,254.527813600652,215.183986560278,252.425336029561,247.180869726902,250.396158242386,245.071483129515,251.300759810983,257.666850790668,257.450751038231,261.846544619034,264.815671060473,256.871256954976,257.353574744949,260.791425736495,260.107039997326,259.556235418415,261.550498088767,258.062729137599,261.487473261103,259.275496521376,262.306121108755,257.603361820915
145.725816451067,140.243847734829,118.87063367903,118.62447834419,117.270013625352,123.194747704517,134.452064094331,120.936993325817,121.16574311539,118.597917727247,146.344683474025,137.376608220966,129.975816537685,136.662711003366,136.422107028533,135.696295572211,135.771325319393,135.097591669327,138.512577453394,138.125203750745,136.692527600114,136.969997563278,137.022077921229
339.045184261381,340.775722156288,354.922611901902,354.472186325918,353.225183307573,342.038034214301,342.041715744469,351.946478369369,342.760325044991,340.825918573542,345.756890294488,341.513802173027,344.359544628779,342.147954220439,341.502306459222,343.557624832392,341.419219903459,340.028464814454,342.065577085523,342.828194565921,343.254336919656,341.117293998389,341.404984701229
458.930272668087,447.401490303246,454.546994468161,447.636295323508,439.914998143095,445.373804864579,454.195692578887,447.714205318385,460.961419724596,465.191755678774,448.865569456911,460.784426078199,465.226354638053,460.316007143077,457.175796549169,459.732795407709,457.697901535251,457.775557885313,459.034758710734,459.612891540372,458.055683300279,459.653575822467,459.623917385855
151.968591199468,154.128866884229,155.829936379493,152.547158243703,136.132135303133,135.524268598806,140.238400860307,140.411995700003,140.887439649512,139.890571810273,138.687512487812,144.097230720906,144.842718567895,148.563961112096,146.284343653583,147.605180450454,146.456679399268,146.661202740514,146.399325210064,146.754455817844,146.138263537949,144.822231348318,145.718902008933
341.144940425845,345.004990315349,346.425376126075,332.641317619983,338.632509921536,338.7479792019,339.074653969962,344.354517913497,337.60760572228,338.51440663165,338.724958348295,336.986873548454,337.072088001809,333.950680008461,335.002941156035,333.48844773096,332.534321519842,334.120620776493,334.04129855558,335.646706438877,333.939071567383,333.285137387844,334.766719703193
208.720168535213,207.143618893088,208.32960947706,216.8492050932,213.50717223818,210.150577152366,212.806813432216,231.584882839898,227.63192617457,216.827898105563,229.744088801205,224.729962074497,225.062694883192,226.503656013061,227.969932061863,224.41277397939,223.740905489205,222.106436635035,222.047575723373,223.45591519248,227.126140409157,227.324470952475,227.72921083698
245.755834748038,221.809277291746,211.541012312201,221.696191123975,199.35153272448,207.863764935879,226.543898987567,209.383226606524,227.096670358517,218.702214664281,228.408862607423,233.07185535236,240.023526379264,243.208091202373,237.592355836369,235.574647596868,237.430346451172,233.333999604777,237.911107537818,235.291264592054,238.756807669557,236.759523611899,238.346799010075
297.268272893459,307.404646664966,275.655435765698,287.408371033084,302.107468612458,290.834928980355,294.569267829757,314.370637547034,294.009170879551,301.484713684694,297.567558452743,303.596793042879,304.284050564879,307.959617759759,306.199515716235,303.171355998698,301.547951029491,305.324108877301,298.616625175573,302.061503922535,305.582595927392,304.636844499201,305.155041208187
231.453522076927,202.986904725701,205.755853901791,191.621772625892,211.020266808036,214.382782832933,170.846235650536,189.383128574395,189.216949502648,197.369594213625,191.982347333419,186.361510844277,196.410734228433,196.265462856865,199.458369092675,196.519381924298,197.694298664925,195.696877391718,198.25997533471,197.259958659309,197.943823806729,200.510169467491,200.051751581569
225.699840174273,198.848241081691,190.17933733924,207.51796648093,182.802309265463,165.074743968486,195.617462326371,207.734922924281,210.777711603544,185.48973712934,188.587789707939,195.900243693744,197.964195788282,198.280030329106,194.51493636649,208.527360976935,193.747610827455,196.712448745399,199.833037306131,197.351648084721,193.057750835626,196.248775139102,195.387804634058
710.165135278616,685.963292637988,716.351347151029,720.825149545542,669.582004380263,705.065950379917,703.485507647766,704.065973612736,710.47184464153,717.597340083334,748.460639174226,741.712812988447,743.466014938755,746.955753041445,749.407592980093,735.016623310173,734.911175993515,739.620539116984,743.395677237981,743.364923160107,738.09112423571,745.911610126655,739.835600722921
717.963916741706,745.437163057751,746.468575140736,740.943934068088,735.321569066083,728.888187115359,718.69609419024,714.889840526204,728.677263031804,727.612254743358,718.553687704684,718.213644208347,709.98901463853,710.722775939257,714.784567707014,708.673522171746,710.752550718008,712.014730759531,710.299000774328,709.813944039178,711.496664493645,710.48760032958,708.484136256987
219.892306434848,220.86632897967,197.186515687165,188.58060443179,184.044442012091,177.105037245039,186.473408135366,196.961492665077,200.409722333294,201.229247714871,204.203786251831,204.787605992454,206.977244618994,206.839477338745,205.497910049249,208.427935085972,200.602925830907,203.912403358374,205.564071104846,203.407485916985,204.315630256425,205.310918600052,205.790467067928
331.829873516543,338.969520077324,321.196598819951,311.801630492763,284.830438621853,297.041509425059,301.534272822443,301.534282770506,313.502577263597,318.846092539983,320.363749046894,330.822300883239,331.598163609657,327.791101323839,327.114496193686,329.174450872685,330.538137828333,329.282351573152,326.475426542875,325.599114616706,330.207136955653,326.890867658615,327.971930883362
438.346489741647,435.575225982535,446.438942533142,454.742717126685,423.059037223546,429.409674097982,424.982630534681,435.188796730908,424.038329211326,424.066836653257,427.66159743885,414.68136730818,430.44965844663,430.273006574821,430.454858576585,423.350697926928,431.061101115783,429.355040714967,430.165580476891,430.03692719458,431.201896427397,429.648557745359,429.994820260614
321.026938600312,326.054110542554,289.09551573245,317.986983722403,285.72886947841,292.998028126484,296.972216913565,296.706407708298,310.642521216947,298.9578714082,300.698132996533,302.34177962217,302.796018766666,306.561606908053,304.474648791654,306.518903695849,306.649153059427,304.532465538,308.258268917617,305.891091989666,305.391247101234,307.010658052197,301.425718512054
222.659790675601,230.653937933336,216.012066427439,200.435459965177,191.80988270225,188.622626906207,182.187190787775,184.666357664363,194.470378207382,202.543783456139,187.738945099726,197.815026486599,191.284000479085,188.497081600781,192.619428958118,185.76231306801,186.783055200259,189.811112356174,191.692066545206,193.539292473438,192.393777613617,191.256982578892,190.170370003228
421.907048453778,401.70739044787,411.82095723832,378.414864458525,403.631713153795,399.960622052171,406.650249475691,392.933522585625,399.375093168964,406.496697604393,416.119944094298,416.163543608166,410.887667408581,413.388694017206,413.588010117265,413.295981358645,416.30473113468,419.504148243912,412.623188445282,416.663050097233,408.764514987218,412.28613193308,415.186167771867
247.611457153061,252.802020913232,243.836275255486,238.541269431782,213.867615955013,209.512603350699,227.11047805694,216.271914688871,206.300017211736,201.117106467714,215.269072952939,206.342714645127,197.145665390771,192.858271464406,202.548655026226,200.071989982122,195.952112728913,199.614677238144,200.894779889081,198.887312582858,195.543049690261,199.45100308717,197.32725999916
329.186624176308,293.425769055735,279.448138965717,253.789585352129,235.317262100661,263.991854005293,285.561972392323,272.610355456429,290.046093266427,295.452240863561,292.481167309741,299.657078431067,306.490086393047,305.162905197386,307.784898356515,305.529764651192,307.933260923872,305.844060359848,306.00445874479,304.821760354405,308.77341595895,306.221860247474,306.28403416793
303.856526746825,306.44662423973,307.816928851075,300.701105001775,303.588888834043,301.99850903823,304.706608244065,296.444321968656,306.608449049765,299.642908098766,302.87436627599,307.907300207979,311.521476614328,312.788438283306,312.031341726526,313.015942623708,313.107895282931,312.234290114395,313.316021123773,313.994261818579,312.446908604326,312.63990830762,313.616665869707
243.686749220359,240.7754161317,256.998344852646,215.814210716585,216.905455130408,215.82559780123,199.06552971407,195.045880414833,189.937867884567,189.317088597082,201.517183674515,204.921261614676,204.586737309108,210.375846349541,214.641347772098,210.756814355451,210.773275896841,207.162007440756,203.712698417388,207.906392801608,207.282983699254,203.668287649211,204.651189932718
262.333317236366,265.098570060399,267.328599113526,258.731345794008,251.452298459584,275.537427318329,264.565251466071,266.099079031168,268.054911066875,263.778150427077,277.985249331911,268.138974057981,269.713674217871,269.08277560952,268.146980908932,269.539532628487,268.596447058902,267.267365823677,265.203903278644,267.535037114485,268.03345451946,268.039609484556,266.823723148528
403.596645904767,424.617260868716,415.174955925536,442.641894702415,440.231268982488,411.409282310759,428.731680775993,432.010515822894,429.405502153363,414.393660547714,430.27675186972,419.148579049283,418.947520224655,420.60280766207,416.049400183699,423.459292902791,421.189607265558,422.028114483001,418.865880432493,416.769234188229,413.077032587898,419.143844806391,419.168331047679
317.99201824915,318.069740921358,311.31163908251,292.334159632173,249.236511096265,259.615630195039,299.087095398742,298.895264453922,294.220800805065,301.695031503381,319.822772921908,324.988101509377,322.055093055157,321.565589897331,318.382861482499,321.822559801824,319.346753054686,319.536548200773,320.771852529248,323.109342020629,320.153315822641,319.999850378076,319.598304900666
285.742582565069,282.73480761014,287.346217022137,287.275809380602,282.444030201759,289.240447072594,282.392428849507,284.880658339477,287.475059098561,291.745987312799,287.432712455159,298.397127641883,295.409995220798,293.292808230365,298.118769250039,295.014734605559,292.500369849638,297.999194382202,296.263084824922,293.183302723729,293.710677911515,296.109927804352,294.783097778672
499.994749231584,502.624112476932,516.063053426441,464.314983229814,476.010055697634,496.071307061787,475.595274045488,495.084298700377,502.763702939835,492.695819037513,506.850648077906,507.915494107181,505.977419442123,507.389368362995,510.003633155534,506.081381653349,509.594864399177,505.928701795965,508.53226021137,507.380224918424,506.716189964408,507.579588572384,506.052749632097
323.839730958686,323.596283506503,324.734053158577,334.972663696547,305.34060330586,311.227803969861,294.603467166973,311.834037570178,300.082099750675,307.7796440603,302.328118977162,301.209297754314,303.149936222334,307.640758300677,305.42139201648,306.908291383831,307.525179740923,306.91369856479,303.696145252011,307.564547675836,305.975204993832,303.981671833376,303.068483959219
252.302523163004,230.286042630831,210.294708433052,222.722072888672,209.778736608612,212.796171050852,222.784660620577,214.663915262693,216.40404484277,217.145169703748,214.14074263179,210.642669268596,220.348450618018,229.978147783814,227.144596611114,225.395455995369,228.421083210646,226.091131812,225.770006085524,228.779839573927,224.502903679535,227.557695750854,227.13856009685
221.056126043879,212.851586348033,198.112358393732,184.284805732399,217.815255470934,207.598832597159,204.566089347712,208.959073956208,208.459933280461,194.551833069474,212.307696617714,197.824088839316,203.48155783534,208.449121373132,207.806788163843,207.403831475931,211.094899827546,207.56147832714,209.702912469887,207.352556425204,208.820394862252,208.129250745465,211.830798892823
