"V1","V2","V3","V4","V5","V6","V7","V8","V9","V10","V11","V12","V13","V14","V15","V16","V17","V18","V19","V20","V21","V22","V23"
67.5416350065242,67.5267360858427,67.2623098997032,66.2093453633611,66.3025893796249,66.4241142906984,66.6385337481097,66.7488851491462,66.8905691958312,66.8938817460253,66.9514575349437,66.9955687934622,67.0373716890322,67.0401469907872,67.0384079117481,67.0430682469771,67.0392469249773,67.0369813957692,67.0396077955068,67.0365611385804,67.0331525122251,67.031682642735,67.0345520243405
145.390188871596,145.393288217675,145.692051482158,145.359371432134,145.857054278031,145.631515843681,145.427347561726,145.258205855303,145.20554418321,145.190830693591,145.093625262545,145.098084252612,145.037042450846,145.030447327971,145.035875207422,145.037421575214,145.036284136332,145.02765129091,145.027404252925,145.041469748919,145.037339245767,145.03298758978,145.021942857882
62.8579135985425,62.8546464060108,62.5215722649214,62.0943027683691,61.7672164297725,61.8768827084116,61.9566818699852,62.012000877263,62.0458079903332,62.0870791059167,62.098896930154,62.0909927427981,62.112535121914,62.1026006128361,62.1011511922742,62.0967456873449,62.0946784486013,62.0950076753338,62.0896082256409,62.0883219914954,62.0844356131549,62.0801150980263,62.085192324958
39.8772116735285,39.8613873375801,39.5060685498037,39.3443236396311,39.1195521954166,39.2866344392905,39.4678232172385,39.6144403072804,39.6386744787318,39.7044231960093,39.6684154055177,39.7223564557925,39.7536784366084,39.7482532624236,39.7527987346052,39.7517315164384,39.7474347536754,39.7470049251322,39.7480514111451,39.7480000170799,39.7490851445906,39.7491685469625,39.7468726529575
88.6065947187727,88.6089609394918,88.5246026872454,88.5819164461642,88.3194998780508,88.2810732670503,88.2462237751164,88.2258732070801,88.2001323153989,88.1863316954254,88.1765600412345,88.1787072358465,88.159602194242,88.1572116536089,88.1526805060408,88.1503230024804,88.1434801439042,88.1572344312733,88.1466476028757,88.1450628983711,88.1448960138627,88.1547833332635,88.1400503393551
76.5578887410126,76.5570970846526,76.4171453841658,76.121231679872,76.0485642956189,75.9752245827222,75.9388562527237,75.9240205164633,75.9469952687757,75.9056759845667,75.9379434453111,75.9534306759109,75.9575703639128,75.9469769677863,75.9527153882597,75.9552803585025,75.959021547789,75.9662874487089,75.9570903882011,75.9585975411988,75.9479959572755,75.9517885138223,75.9444538401351
151.52783841238,151.519213892391,150.683785716543,149.738234519353,149.660543445878,150.001041775607,150.454663334325,150.647248409967,150.802749450726,150.909242516322,150.981096532476,151.100669019884,151.127084783719,151.136981464504,151.155842559611,151.158322818933,151.136737969281,151.155154413847,151.146137532203,151.149521979944,151.15419465578,151.154431891723,151.150759757718
80.5782163817422,80.5648510537372,78.5342304487934,77.5540266166474,78.0138304184856,78.5223063405004,79.0468920161915,79.2777645273056,79.5037722606648,79.7015885438206,79.7603059104234,79.8757154967134,79.9876515114048,79.9724843420079,79.9824566433927,79.977056008775,79.9688280581379,79.9828624152476,79.9715519580315,79.9814247018088,79.9820012053101,79.9782356147606,79.9681303298891
107.808349684912,107.794165824014,106.721489080696,107.32877400084,106.104021193385,106.604483773343,106.73263987635,107.215041999966,107.165792241092,107.290177102168,107.303493491357,107.371445116407,107.47366353745,107.458180062623,107.476121464084,107.485906687977,107.473071441543,107.480538237762,107.488779417652,107.485391165521,107.48509642456,107.483347717849,107.492122235042
71.8304678520378,71.8225347341853,71.474753886843,71.7806498264248,71.6399571369432,71.5686729901773,71.553564763071,71.5235433530025,71.5152912517255,71.5349348055164,71.518947631688,71.5117924619759,71.502801718322,71.5013811903323,71.5020639389109,71.4991364336819,71.5088256706161,71.4955761118752,71.4959834241148,71.4993498967148,71.4919417886601,71.4981144496715,71.4928318090655
56.4881560688231,56.6148323910448,56.4844457748348,56.4503440047829,56.2684732841761,56.1598176324255,56.1590630121876,56.1333315533534,56.1518116818038,56.1588047059116,56.1478128920138,56.1497830417123,56.1495099357781,56.1382039178654,56.1366097702201,56.137528902065,56.1377376033838,56.1366085531554,56.1328158634355,56.1399694134707,56.1282647773688,56.1364242649892,56.1289758518448
73.1350120013445,73.1128254273615,72.5106124928609,71.4767237310974,71.4677358630268,71.8105309433663,72.2198175165244,72.4211875235083,72.5206278835117,72.6275812009846,72.7116610026522,72.7111584028474,72.8203176917552,72.8184990414354,72.8179424933333,72.8230902414482,72.8154800184203,72.8142670193532,72.8210830889615,72.8212878146941,72.8192431382746,72.8198277570622,72.8161720062648
98.9452695898619,98.9461704653343,98.2843109150473,97.2731880268066,96.9145180924568,97.486632909911,97.7875988343819,98.1101631949947,98.2547358547463,98.2889832211785,98.4908994366998,98.5625943614206,98.6205584828236,98.6275079344223,98.609137131602,98.6253232072985,98.6072733306507,98.6178216506143,98.6254341344445,98.6206349775253,98.6260804717805,98.6192881009537,98.6256194042281
130.888509159324,130.754047093878,129.244084823443,127.988193475932,126.556788973313,127.597649703089,127.947647863573,128.752411390616,129.433026786622,129.491226106937,129.946779606438,129.907344116689,130.137720878682,130.136653519134,130.165400918441,130.160602973119,130.155503853532,130.158089554765,130.160288903822,130.14561528756,130.14908744477,130.148220907043,130.163153319479
64.970327080923,64.946812716234,64.7957128327083,64.5639119036099,64.7696612272893,64.771744272111,64.7729792339484,64.8516065126283,64.8429374857947,64.8608115348137,64.8599185663907,64.86997163468,64.8719278112901,64.8721889816177,64.869370024731,64.8779571582767,64.8685192663719,64.8751989664514,64.873505599685,64.8724874942481,64.8747095993917,64.8721498452128,64.8713494897706
85.6091299721402,85.6078764443824,84.9177522860999,83.1725889859087,83.1643601700168,84.0006601871838,84.3561620561672,84.641992864554,84.870468274084,84.941479113686,85.1033588350291,85.1452272058276,85.2224582890211,85.2440923651906,85.2384528002986,85.2384686263254,85.2403823661447,85.2398286129883,85.2412574116867,85.2383011771563,85.2469857937436,85.2409937782744,85.2453893608621
83.1477980227423,83.1674604228207,83.3657768852366,83.450591174482,83.420900993743,83.2994482488798,83.2172454661364,83.1830755158171,83.1315066087264,83.0868610792483,83.058710045695,83.0716917892561,83.0461558213013,83.040758830024,83.0352477603061,83.0395209161031,83.0358726394112,83.034735216242,83.0324731330264,83.0401868496597,83.0392116516685,83.0289934593649,83.0332483752006
118.222418462499,118.216563520042,118.029490755017,117.293969325585,117.811282453641,117.661688280152,117.71576532758,117.825715141652,117.835335029395,117.84601648374,117.814761091475,117.844571382118,117.889985424801,117.883262105009,117.892746830756,117.877677814563,117.886587293589,117.881781187075,117.888007709987,117.878191456249,117.885130204885,117.882876276895,117.888213770965
29.5499538038938,29.5493123379629,29.5737165107868,29.6458100181806,29.6664242196154,29.610714704732,29.5838829408539,29.5683086876272,29.5509383180164,29.5382933837586,29.5405010740085,29.5441526213671,29.5296005260505,29.5302881375119,29.5294919310312,29.5291043597951,29.5266891944025,29.53037101421,29.5276336648217,29.5272883302213,29.5289382846996,29.5263464332478,29.526567825671
91.782606037472,91.7560161381599,92.4895724425476,87.5707771145103,86.9201859727982,88.4620857900527,88.6623421925064,90.1454102241028,91.1966828504747,91.1615624738144,91.093526380247,91.2909063182217,91.5436184643848,91.563533154321,91.6056315728752,91.6195818356194,91.6207140035858,91.6229161047431,91.6283564958309,91.6296381070387,91.6452584194531,91.6380440514979,91.6426647549148
103.804556818239,103.807411783035,103.415805697245,103.039906990419,102.927166055769,103.006188178713,103.22007686042,103.294792014436,103.409351859045,103.438659940762,103.405061511658,103.489636470427,103.499982597121,103.510345241642,103.499231739686,103.507009224206,103.501794178891,103.498216875036,103.505033073229,103.500212718099,103.497221238173,103.504791772587,103.50226129874
107.609117399502,107.589767407224,107.250127615085,107.20420287073,107.281016519951,107.344833268056,107.319939114524,107.353550545255,107.371307397248,107.337752906999,107.3492901411,107.366917455003,107.358791811798,107.370712627373,107.369339331556,107.375191993417,107.371716519367,107.363481607391,107.378424110593,107.371558379111,107.370470560492,107.372682824977,107.377691382653
58.9502915294006,58.9104744238172,57.1292095080671,56.6208265177214,56.6034749179975,57.2372362484561,57.5124644809879,58.0044201924292,58.1651907030528,58.2389168799995,58.3896609780895,58.4145832573744,58.54145922309,58.5475905534808,58.5522420958449,58.5479510163752,58.5498863123849,58.5536205320067,58.5548180016264,58.5472941526145,58.5509035137031,58.5555015174685,58.5519232871342
85.5398975320269,85.5252761196754,84.4062567737584,84.121792274982,83.8120055674402,84.0025877161148,84.275918428382,84.4796495423177,84.6089079578107,84.6550035292157,84.7239140519467,84.7699075156546,84.825417570169,84.8331809229113,84.8291697146617,84.8277155563458,84.8296558407374,84.824308090912,84.8230345479406,84.8281957545691,84.8337332594615,84.8315865125687,84.8206930749961
88.9130976995181,88.9135076380008,88.7738062887199,88.0833375048345,88.1111561450769,88.1056843577346,88.2798540617068,88.3213299433198,88.3745996210198,88.3975625619192,88.3929016089704,88.3975444228125,88.4324075878202,88.4283544787458,88.4228029533213,88.4179831460136,88.4284597526579,88.4227982037876,88.4254364512461,88.4199825119335,88.4237339329068,88.4029742428766,88.408634546808
80.1894246515722,80.1972504033041,80.6378132947358,79.7153245511706,79.4462027266497,79.449402429387,79.5178618058836,79.3951619967922,79.5034660692401,79.511857895643,79.5617224141752,79.5978921605597,79.5675572713531,79.5478820578214,79.5458292887523,79.5426373538182,79.5416100747762,79.5453808106594,79.5515928341487,79.543278872732,79.5446255342722,79.5335810640477,79.5356945919112
188.179443440647,188.201373321104,190.25636450147,191.786094507195,190.779300147725,189.917569945144,189.441902623489,188.692443375256,188.067789064628,188.179367370037,187.943615676445,187.881846049905,187.68773228542,187.682908809563,187.669626983765,187.681456812735,187.67794930451,187.671881045026,187.683225490116,187.676875064143,187.681885864573,187.670091601415,187.678595762439
79.9385189672955,79.8950801346137,79.0053301356846,76.4426454849974,76.8349982676518,77.3247457256554,78.2224230494736,78.791927942022,79.0890901181718,79.1551458383094,79.25353094437,79.3218884162203,79.4857593874475,79.5076292865536,79.5107167405356,79.5289871187309,79.5251800787843,79.5250281278786,79.5260600029515,79.5248433637948,79.5240508310151,79.5113674506889,79.5163897185772
91.6258018995889,91.6218540874105,91.4934429590203,91.313268841953,91.135654934206,91.2367295762708,91.3127821696482,91.3411991467762,91.3741948997311,91.4135036164076,91.4348678943564,91.4536936302924,91.4511282070152,91.4631574180227,91.4562431255781,91.4520694148689,91.4504264308137,91.4548967059117,91.4549846814979,91.4526766081676,91.4526941505328,91.4485481783484,91.4535874202451
59.609453010847,59.6188668204334,59.5110280778803,59.593636096927,59.6247385235796,59.6026601239645,59.5659118466435,59.5704201418394,59.5648874228984,59.5609819953137,59.5570784408665,59.5472307991325,59.5460238672579,59.5503148404458,59.5464505680623,59.5490970890596,59.5527740574413,59.5497180111794,59.5453197292639,59.5494652623668,59.5448620929036,59.5437069823908,59.5436387840836
122.030260343007,122.002272677644,119.777721761499,117.350628456709,116.685398974276,118.090559875823,118.990475776986,119.937078446174,120.497032337621,120.586712247721,120.885977274732,121.046610453577,121.191578193651,121.223046775132,121.229292646006,121.222828138849,121.248918774714,121.244909546785,121.233915915024,121.231204805002,121.241061184101,121.231151514672,121.234118643122
70.4893544713694,70.4706765248559,69.8843901328483,69.7518686108306,69.5601350554302,69.7491671382785,69.8921688273834,69.9330533338859,69.9634891674601,70.0238132080087,70.0570114287421,70.0761831105975,70.0837419121835,70.0844770224032,70.0880083936935,70.0885937088854,70.0880066256477,70.0780525258017,70.0798466149566,70.0768816009439,70.0827389285778,70.0797173206678,70.0801348733912
79.2241666946267,79.2070829421635,78.3300422158311,76.9358498919754,77.3283498071159,77.7530454329046,78.2425957513792,78.3441277112726,78.5199717809555,78.454450332611,78.6613230396497,78.6730287037056,78.7607228950979,78.7749827265408,78.7664514881767,78.7711302462366,78.7740323060163,78.7792665539959,78.7789968394579,78.7801563676558,78.7701583181349,78.7688191710108,78.7765918658969
106.682318233132,106.684957852284,105.459468562707,105.599320651183,105.587863851757,105.917540833386,105.807406768864,106.008105357277,106.137515032373,106.131476427413,106.232520780946,106.2416153861,106.217338075761,106.236092269954,106.244182874134,106.245540912794,106.253409262556,106.243114666478,106.247484462805,106.253205420575,106.243912133259,106.246220726752,106.242109563575
57.6508267595867,57.6441437204823,57.460187219252,57.3086521056628,57.1375444529308,57.1050309983832,57.0760767609593,57.1152927279642,57.0712790319018,57.1277122321195,57.1130165850466,57.1225637280652,57.1239605366313,57.1190307507509,57.1193620651789,57.1172084101796,57.1206707329951,57.1183337549735,57.1121562412075,57.1134733479778,57.1183248287305,57.1092495280243,57.1124909081758
103.626889282959,103.619378354435,103.372627865583,103.597798725676,102.246057768808,102.697099919631,102.996982521415,102.926884512753,103.07329819082,103.106073063039,103.140097878787,103.131997304841,103.154589112971,103.13905391261,103.153525534308,103.140089797307,103.141237090973,103.135903585587,103.132085975239,103.145761592599,103.139500578179,103.137550853501,103.143830067115
134.792268485932,134.775183579712,130.952720980614,127.23927475698,127.630424829399,129.653693912264,130.852268704123,131.988633024954,132.255592514669,132.901296994688,133.160085345769,133.375060638354,133.645245375241,133.668217119201,133.676603365485,133.672933542918,133.653687159901,133.665617747083,133.654741046823,133.66175347246,133.658987176304,133.660480302826,133.658337049995
115.040922606805,115.041441172661,114.983816798829,114.689639038568,114.385811608212,114.431639192549,114.444640867279,114.604203799667,114.680014220458,114.697492826378,114.739837831141,114.773366430875,114.781969104341,114.789124303344,114.796780542615,114.787734832912,114.795772544003,114.792422889317,114.798392011926,114.792533478616,114.788476349278,114.789833311121,114.796509791559
111.536946230658,111.517293979323,111.064692413511,110.438489559195,109.990901330109,110.302991989956,110.611653847959,110.962407470812,110.95644283536,111.10722778114,111.159781153515,111.156556185649,111.263442225815,111.270619412216,111.268769010151,111.271935215999,111.273970243614,111.271650946496,111.274960641446,111.275298741802,111.271354728325,111.284632465673,111.275580118055
56.5862258552208,56.5765701783449,56.2212865630595,55.8747108654313,55.7812125625694,55.8063981365113,55.8666851213297,55.9979339922099,56.0060515733266,56.0705286844024,56.0927902029647,56.0933238765789,56.1104366325671,56.1206535414079,56.1109399945716,56.1096063937019,56.1084729231068,56.1177659102469,56.1151514249131,56.1097204471896,56.1091612902514,56.1027511752091,56.1037852235962
80.0580970959143,80.0576133354378,79.8849252894034,79.6052226635561,79.411031188116,79.4029925988651,79.4715153281498,79.4862876782805,79.5119878048367,79.525521964662,79.5397310196511,79.5613218214208,79.5405635771326,79.5386855019288,79.5408971046543,79.5321008979866,79.5462486689837,79.5324279630515,79.5388842226929,79.5358299202779,79.5248579357768,79.5268968242572,79.5308218122605
223.720284114918,223.709891642938,224.523851534413,222.965506091648,222.784973669752,223.4190396751,223.944574926172,223.306784673755,223.165023039493,223.30693622136,223.295669172703,223.453273853697,223.370600906273,223.370588729139,223.370916044547,223.377215581295,223.379765577872,223.380231660568,223.374413844598,223.374267990755,223.379646784406,223.388487732558,223.380450125414
83.8966482284109,83.8734738874096,82.9051828111988,82.872814207854,82.7945771395394,83.0077751803048,83.1245691587777,83.2829891441355,83.3227414822887,83.3669373442738,83.3979947108243,83.3732021694267,83.3953088323995,83.4154177972583,83.4127732331689,83.4039829589092,83.4158848498412,83.414137311679,83.4123871100455,83.4107129623011,83.4126487360267,83.4136606052508,83.4141092480162
54.644743421226,54.647772945205,54.9503250478865,54.7837799121167,54.6276212765004,54.4537313413546,54.3119030454114,54.2926282043007,54.2060187720341,54.192312598612,54.1900994291142,54.1487703357163,54.1407476140336,54.1261976245063,54.1227863239922,54.112618762146,54.1074217732969,54.1069032299754,54.1084830291173,54.1093615035362,54.1024012806041,54.0959388030551,54.0923289088915
107.622099051971,107.603652051546,106.964315401561,106.265893246324,105.678918342932,106.110692491804,106.415654179672,106.550835086564,106.754272871182,106.940885643892,106.960810682822,106.999149211616,107.062785889835,107.069735308117,107.071126945499,107.067531510301,107.064417184542,107.068688797566,107.07121295545,107.073362226206,107.060134439302,107.064521432222,107.070350281737
47.2543350176535,47.2482901321425,46.9067634168856,46.056401979817,46.5190132523126,46.5564401275942,46.8154742535403,46.8878653447394,46.9445748253019,47.0074443072607,47.0714074017365,47.050986270784,47.0730938856272,47.0756533942407,47.0767424310892,47.0815443209923,47.0813490308415,47.0751232485385,47.0797864807662,47.0773621304134,47.0746342876529,47.0732738416318,47.0735962111878
117.190380082763,116.617262703482,116.755563672062,115.65700852473,116.607135585163,116.836906609989,116.823213751113,116.950885843389,116.931016805235,116.939657377549,116.926119043132,116.995154495546,116.977137403786,116.966126430686,116.968987906794,116.961639228063,116.963136067691,116.966393991952,116.969101130581,116.975957325202,116.968886729928,116.957788262192,116.960646985445
188.862155233597,188.852132881492,186.74528906533,187.447503176891,187.742332451426,187.818593225506,187.898247787729,188.298345934679,188.21538253472,188.402657446836,188.332463609243,188.588073962279,188.53627954823,188.55831314775,188.551447963708,188.577232719984,188.56152666144,188.561793726009,188.55764902814,188.579226518385,188.578830813953,188.581853450812,188.575082001587
48.1646217143242,48.1487142336349,48.0919503313369,47.9659544843878,47.9987573098689,48.0257861359219,48.0594171119166,48.0808985855629,48.084686659424,48.100172787772,48.1002477333721,48.1042271164912,48.1116664670103,48.1088605667377,48.1137474986291,48.1132216381214,48.1102843520558,48.1131286927676,48.1169816471194,48.1141346458167,48.1154900516543,48.1111816147785,48.115357283759
52.8048308136147,52.7968957898407,52.5744924299269,52.2280219326161,52.2518922292567,52.369988227439,52.4155664574631,52.4406379557088,52.4929551539011,52.504202377345,52.5267038309529,52.5293387234243,52.5343723410328,52.5452255370123,52.5329483347865,52.5422493717098,52.5353144496177,52.5323080919002,52.5402150766617,52.533058756708,52.5371747809324,52.5344451447724,52.5357730607358
22.3079204395468,22.3129011258383,22.2282420951499,22.2259679715251,22.2146465174341,22.2170803959097,22.235530780488,22.2507931697928,22.2579043465159,22.2644975173301,22.2651695078564,22.2711470631222,22.2710050193397,22.2727369139805,22.2717724524994,22.2714532632515,22.2736520681181,22.2734722553461,22.2722981387934,22.2731267311064,22.2737741300218,22.273267905786,22.2736783808935
92.0357372454306,92.0365429044604,92.0037377825906,91.9175794326794,91.8895486332127,91.7356637066567,91.6737302542789,91.6481788261936,91.652221200996,91.5838240938359,91.5534663348381,91.5802807495183,91.552387558836,91.5550823539594,91.546063355603,91.5528533156046,91.5426730337198,91.5427009420574,91.544680243307,91.5393296668722,91.5439025673082,91.5422987266769,91.5408259022331
69.0524779790686,69.0359201132716,68.4127137508261,68.3292618587764,68.2123671124517,68.3416010788255,68.3374476837991,68.4235977572025,68.4397383101284,68.4593649956327,68.4521315974296,68.4510111049683,68.4728591575079,68.4696762777889,68.4509095553958,68.4647872414852,68.4556154354673,68.4542124883894,68.4501509753635,68.4418958468897,68.4500530368247,68.4390333829514,68.4416740528982
35.6948968436883,35.6814307683981,35.347818200677,35.3645755228204,35.3966418389328,35.4523062815138,35.5143472478089,35.5446990108417,35.5834032551831,35.5937207489447,35.5967614444873,35.60454865549,35.6144741543923,35.620249665175,35.6226265921027,35.6204812293589,35.6217399672382,35.6216033917906,35.6252756370032,35.6203436494006,35.6205909445614,35.6239285990989,35.62032382173
55.3419425319808,55.3550252046975,55.1588272912968,55.4639648448137,55.2255611715344,55.2475051783186,55.1696139115013,55.2176267558332,55.1829676131424,55.1889206513522,55.1676673271642,55.1706692755972,55.1701143568163,55.169555234276,55.1673053382458,55.1685639139802,55.1691415286547,55.1713594680822,55.1680086922279,55.1671116332232,55.1639992443794,55.1619586420794,55.1600691136792
78.4006373148312,78.3828428613432,77.2007827152734,75.9649813420838,76.3446219404119,76.6956048577345,76.9183365671775,77.3387987406759,77.4149015439898,77.5325339428781,77.6058515415337,77.6599872358017,77.7056278559928,77.7064078616972,77.702524573631,77.7126121731975,77.7056678548262,77.7019854378475,77.6864850604795,77.6926537754418,77.6973724256726,77.6973153689588,77.6944685676837
36.812231790503,36.8022970785053,36.4782848746546,36.4530552069533,36.4821271376954,36.5640890211882,36.5882696507308,36.6482026079639,36.6909444844533,36.7227872770032,36.7217472554949,36.7328831908416,36.7489496993548,36.7444572762097,36.747068005993,36.7478639927712,36.7469807267714,36.7448799653758,36.7453466908568,36.7493798647153,36.7476249922004,36.7506251782374,36.7445120661177
21.8757119637536,21.8681162857758,21.7375520682772,21.5991919243659,21.6725874359218,21.7242951500353,21.7562630122056,21.8039987675089,21.8340916829714,21.8515499404661,21.8312414268629,21.8546235249088,21.8641351247164,21.8682721722869,21.8666036263098,21.8681447866128,21.8703924755075,21.8664301906549,21.8671481864111,21.8698209015523,21.8657284753274,21.8683082139081,21.8688603855011
73.6591014163399,73.6592059774223,74.0262333814431,75.4827714651675,74.5965775099948,74.1343790041753,73.599045087594,73.5531983441038,73.1745369361658,73.171145692398,73.1028657381482,73.1151032567687,73.0141396765387,73.0112591927742,72.9890684034269,73.0034385011811,72.9802199516647,72.9841533012081,73.005929446045,73.0028037914512,72.9948436304874,72.9996651928091,72.9871195974933
65.9251195862549,65.9153449630971,65.0839648137066,65.1593710102718,65.2082856203207,65.3377250600335,65.4374787217664,65.4623906396841,65.5187082773759,65.5714426788385,65.5621507682704,65.5676686765073,65.5901669778491,65.5940824311118,65.5901453867307,65.5979596249426,65.5882147006067,65.5938373880755,65.5859504027467,65.589903075377,65.5915231714508,65.5894557882528,65.5877600038128
56.1509030070701,56.1129162912467,53.7579807751493,52.2305602657804,53.3314645935716,54.2765674389075,54.6210373461156,54.9651197114064,55.3670866598854,55.4409560016285,55.5999899387343,55.6331025344118,55.7939166908747,55.8035958773306,55.7975681846692,55.8131939574552,55.8151859074842,55.8083636775553,55.8097050900977,55.8173014676406,55.8197126585739,55.8192515464018,55.8154804075424
170.747853969365,170.749020738702,171.81332965418,169.523543602036,169.022867454629,168.54727234838,169.60818079717,169.549461699585,169.767463085987,169.796109564974,170.213790450451,170.073939452074,170.11588877617,170.177505879003,170.175487941634,170.164096705929,170.174884771798,170.164776896303,170.186593746727,170.159844323169,170.173620720835,170.18067057024,170.177356836008
49.8180833359226,49.8317871573718,49.7882342841238,49.6100224122195,49.5978319677499,49.6472125513997,49.7326691476136,49.7297458596152,49.706206699134,49.7451568402577,49.7581825606318,49.7560875261943,49.7657959910974,49.7686709264797,49.7661400213481,49.7692948527093,49.7652663637504,49.7737363739247,49.7654881437368,49.7642251973369,49.7703320657733,49.7680703262078,49.7714775490696
58.4839303082298,58.4789421236356,58.4868022166922,58.4251726986766,58.3040643807818,58.2814061646803,58.2940946023548,58.2998641268915,58.2885037931808,58.293581732615,58.2856814936112,58.2897626291329,58.2912582557538,58.284339483848,58.2857109575284,58.2836952170277,58.2839676316242,58.2840237124085,58.2847526919411,58.286668977836,58.2809329290166,58.2773421977061,58.2802775411376
94.4972374010321,94.4940588366386,94.2494323569686,94.2538005681171,93.9940438913647,94.2988747753229,94.1944959466666,94.3005765721349,94.3323342863059,94.3351509105883,94.3463900689678,94.3462870294209,94.360661430132,94.3617652444762,94.3685844647425,94.3646881438944,94.3712101575295,94.363414121995,94.367589485298,94.3655704950659,94.3632745306517,94.3671643729077,94.3588719418507
63.9608801957333,63.9494646184378,63.8360143356583,64.8585960328851,64.0977667561136,64.2195396190299,64.0822652180844,64.010686597831,64.1032203445381,63.9149525896363,63.875336495647,63.8460148605105,63.840800169222,63.8251776875253,63.8259271103078,63.8261288192847,63.8268194323311,63.8212353622269,63.8260124221767,63.8221450834429,63.8186679531769,63.814486398683,63.8194642171745
62.6472831571663,62.6198921055674,62.3043588499683,60.2469145921582,60.5661665913238,61.2243298670277,61.4791506487955,61.7212318821008,61.8532249921779,61.9120968219864,62.0266091854278,62.0932188880585,62.1417305641565,62.1524044749368,62.1534654565881,62.1533402516054,62.160038226274,62.1596797285525,62.1555659250495,62.1536321661306,62.1523638740208,62.1574910203639,62.1492098132501
44.160535268606,44.1605695147215,43.8305940091972,43.8396840772737,43.6673094185238,43.7672671647715,43.8644119017732,43.8944306591404,43.9231978559601,43.9229855263757,43.9538160839805,43.9762013966768,43.9755615217328,43.9795798809866,43.9810505175447,43.9835662074443,43.9800377487846,43.9855267545971,43.9809067534921,43.9790301994153,43.9817593205018,43.9797660772835,43.9788595276529
125.066054347036,125.060160034428,124.11162903887,122.862765462706,123.294718405129,123.930500445495,124.086998666301,124.360187912625,124.513920401864,124.673431918705,124.734721646567,124.753662717686,124.815263569423,124.834346127182,124.833037764344,124.835792815967,124.843680471436,124.830408692966,124.844740839597,124.836596942883,124.854814601855,124.846724517454,124.851381204326
56.4365119996412,56.4332788340444,56.4004761441706,56.3770726776863,56.2756732089085,56.2104726275438,56.1629300000389,56.0967790513257,56.1327388738179,56.1248289161993,56.119140627146,56.1012132187867,56.0979056929695,56.0834280105547,56.0820884549239,56.0779920452691,56.0842939534285,56.0771911083083,56.0798274860269,56.0765939332276,56.073703771295,56.0723711119056,56.0710173026826
145.248321639857,145.20070658325,146.439353205707,143.504673457927,142.970101380535,142.534977818531,143.812335769363,144.001871580625,144.986577341885,145.118989201294,145.325232775405,145.470466135108,145.603820229805,145.590097812148,145.626907673916,145.613155430639,145.643076351417,145.598837902893,145.64177602673,145.621110714012,145.625844799995,145.64293364271,145.645419388768
201.076218404962,200.968964797381,196.349250543096,191.913560157069,195.281247877025,197.16326236489,198.371311510034,199.124659853074,199.152933581295,199.835338075543,199.896578680283,200.056710865833,200.130240095654,200.191771051346,200.219545714907,200.178837799598,200.189380327069,200.205593665743,200.229749893547,200.213966834342,200.217376177154,200.202194253331,200.221692763004
91.1787629486836,91.1812791164891,91.4399203978077,92.2022056799344,92.1024707059098,91.7522269272982,91.3718588261997,91.233699488584,91.1288860452992,91.049057561591,90.913814185259,90.8747447578559,90.8286024904922,90.8253757758418,90.8227033665236,90.8215780283648,90.8146857746855,90.8153498445752,90.8203449619492,90.820984273581,90.8184389976953,90.8133651254352,90.8213376105859
60.1104640689849,60.1108495004703,59.2963615198469,58.4206426523843,58.6812789799502,58.8629586209295,59.1229661362832,59.2649731057206,59.4133079209433,59.4680861555232,59.5276687386451,59.5242421211572,59.5897200592317,59.592290923702,59.5980824420605,59.6027837821362,59.6023494490698,59.6008640845568,59.5975524405969,59.600966312018,59.6043040081269,59.6006618368829,59.6068575842265
43.5715277196744,43.5769592460251,43.6631278412253,43.66435159151,43.560260525669,43.490805129388,43.4251212608338,43.4168378932564,43.3945611795338,43.367287142418,43.3572889403864,43.3509181201291,43.3388234200983,43.3383879439893,43.3334253086935,43.3328292009865,43.333312872606,43.3307908866655,43.3301087386579,43.3278093427535,43.3256874417255,43.3234272369958,43.3249945923906
62.15870622076,62.156180512154,62.0027133877061,62.019590759598,61.8856081155939,61.9592910449752,61.9842890252686,61.9087596751618,61.9078262857365,61.9426278674896,61.9596251192247,61.9731646739657,61.9449548118545,61.9305159368966,61.9310414806708,61.9312718343683,61.9281024781701,61.9271447733571,61.9247051125781,61.9263303374884,61.9232970459576,61.919872361795,61.9208245374122
90.8109212081748,90.8076601637132,91.0765329811524,91.2496966126643,90.9787309448771,90.8309834787223,90.8332117457048,90.8679517125008,90.7968583595809,90.7443805385972,90.779905384542,90.711607133688,90.6999826536388,90.6952622902116,90.7012711258094,90.6928283997068,90.6975313806015,90.7001745636032,90.6953303032501,90.6991094629592,90.6943111377437,90.6939448394257,90.694686325019
68.8486607346327,68.8410992196872,68.7502695137561,68.6811141740129,68.7375184881315,68.6517581141952,68.6847348794853,68.639731870173,68.6619095348772,68.6417367592643,68.6544025296284,68.6458190819919,68.6398423237221,68.6311505206498,68.6393936632079,68.6326267612269,68.63189566688,68.6378323601455,68.6339458525264,68.6417336454419,68.6292954323873,68.6348874403105,68.6342994925916
68.8113318722158,68.7808568303361,67.2143226035828,67.3101206466772,67.0633732982032,67.3566383729458,67.7186239646056,67.9124550815651,68.1717022339348,68.2545526541591,68.3953883751815,68.3783445894363,68.4711335226945,68.4902547957513,68.4790837792091,68.4820152183872,68.4843811200979,68.4946989191938,68.4831963852538,68.4787809340376,68.4840981865222,68.4793404408145,68.4812212387664
59.1342895256881,59.1142536073026,58.8143834123574,58.0567276090536,58.5755651607192,58.5379531260359,58.6568605970931,58.7443348825962,58.7404062474376,58.7349541620144,58.7745083344624,58.7789730486708,58.808977571042,58.8086285904603,58.8131649609674,58.8088989219837,58.806744883276,58.8107985422821,58.8008539828756,58.8058675767046,58.8085772070537,58.8054675692332,58.8151302426694
59.0306159872765,59.01661517308,57.5446162039599,57.9739954811231,57.8650790947135,58.072308903045,58.2013310088304,58.4522057025863,58.473014210379,58.5561954104267,58.5681251811238,58.626194269453,58.6638512155977,58.6707778546006,58.6671070689273,58.6642102072973,58.6639594425867,58.6571679510952,58.6601511597552,58.6608092632855,58.6620257462664,58.6603972607464,58.6611864172052
123.203836740602,123.159651342382,118.534792369029,114.745351822771,117.321300273516,118.872203799899,120.068706732243,121.123796230624,121.276522850818,121.533748163526,122.000993180978,122.034312015586,122.302942096566,122.320753588321,122.368887419368,122.383700318719,122.370864780252,122.383472887305,122.362226055689,122.36503850739,122.382830978893,122.377350016585,122.387202582777
81.1202652252861,81.1184120213921,81.0575850349234,80.6088520348804,80.6641127133772,80.7362306316319,80.830194020506,80.8490642708719,80.8591742191075,80.8854150264935,80.9174853594231,80.9131084348428,80.9231664925143,80.9221046179216,80.9236230072978,80.9300064215278,80.9220897474808,80.9280439928804,80.9277793355509,80.9309353742205,80.9312011439809,80.9240845617521,80.9202199513954
88.0154970578607,88.0106128259946,87.7473737747281,87.188573461608,87.2259717180962,87.2049106102457,87.4966559057607,87.6428025921815,87.6970720692583,87.723183035056,87.7472559796144,87.7336925022028,87.7874021623154,87.7881963405218,87.7753483262895,87.7854254349879,87.7806248247163,87.782747551529,87.7803657959354,87.7864069815122,87.7807524900377,87.7816494721535,87.7785666332279
44.0750011725671,44.0723265617835,43.990424560429,43.5958518921091,43.5782357896587,43.6023905205125,43.6368985198219,43.652208556668,43.6808821394792,43.6768987216282,43.6846598499501,43.6813648657036,43.6894638990265,43.6859675464369,43.6844788724652,43.6833206894502,43.6824047953625,43.6788610621142,43.6762593755151,43.6760481342929,43.6776686657546,43.6730707553066,43.6685270177696
69.3704045696931,69.3887064534759,69.6402039868896,69.617326117087,69.5806381639578,69.3165956195037,69.1739869858058,69.0884923235374,69.0601311756679,69.0285516340022,69.0084627114049,68.9744531623242,68.9674695969236,68.9635261619368,68.9637994371473,68.9578820113872,68.9588453237659,68.9612415161641,68.9542873634144,68.9645547768176,68.9558747373625,68.9542711190669,68.9588395525266
147.826316776389,147.806584729154,147.092131783807,146.790111592029,146.891869974288,147.045433367579,147.204488437695,147.382938356162,147.496492111198,147.510588395864,147.577653409412,147.560213580737,147.622293503028,147.626157022889,147.621939563169,147.619837794834,147.625988407033,147.621658251356,147.620298129443,147.630415267298,147.618796717358,147.630809826929,147.615745894494
93.3560879015769,93.3573919834187,92.9469185319938,93.2434473962112,92.1976827447422,92.201612007884,92.6192557737107,92.8052048146262,92.7367969301572,92.919851186877,92.9359111546713,92.9570893084371,93.0516166761992,93.0566804534242,93.0586924018043,93.0587526667191,93.0575337154012,93.048690494493,93.0622041596845,93.0647737881388,93.062318608554,93.0648242380838,93.0575305377582
36.2491991772853,36.2495486426333,35.9114481626372,36.0949261168658,35.9246633232365,36.047897929543,36.0855701379624,36.1286918076713,36.1526444953177,36.1501415423839,36.1840576189909,36.1919348652456,36.2065967241165,36.2089970795575,36.212891801525,36.2079309723354,36.209401389404,36.2093913855723,36.2116277134055,36.2094491406324,36.2133638923019,36.2121220156063,36.2105234597564
90.4538739323742,90.4594716975919,90.0164866478112,89.1925553140038,89.5357560875471,90.0415739669012,89.8556550468377,90.0790666424504,89.9831334151997,90.1599851649297,90.0958133447274,90.0830554478972,90.1465440986714,90.1600529601963,90.1721319904038,90.1569736792874,90.1593768821569,90.160793325892,90.1551266026324,90.1558320614657,90.1598612391571,90.1562619417658,90.1596831400266
64.3928070384168,64.4029124662071,64.2770598537254,64.2962759540537,64.227713731261,64.1422748563508,63.9940407445294,63.9854361348396,63.9265593705133,63.9110487888146,63.880898062296,63.8707242964323,63.8414989681777,63.8353708790537,63.8361462233501,63.8336092759281,63.8373353815045,63.8368381199511,63.8307725346908,63.8306385519765,63.832657007256,63.8270522396323,63.8258275993442
74.1522430690344,74.158440774774,74.3031545746618,73.733285446003,74.4183659555008,74.1488397928813,74.0524520090937,74.1901578306543,73.9935327248595,73.9451225386304,74.0076155809399,73.932936991551,73.9845720631498,73.9527022464585,73.9586233913935,73.9549975282205,73.9519811230237,73.9520911646626,73.9514232392133,73.9532727575241,73.9419452007132,73.9527503894321,73.9503802115639
159.315250226072,159.294175831029,158.280547427885,157.246952494616,157.126926602861,157.720883163583,158.140340243893,158.428419604736,158.505431857356,158.561991177364,158.755825057073,158.832096206972,158.905026900091,158.938640368919,158.941794899785,158.936054804969,158.935573032682,158.94751778619,158.936860037773,158.927015399695,158.926357002299,158.928889404963,158.946101267103
50.8599795753806,50.8675768372446,50.8529576215279,50.5837913143492,50.5235251419107,50.4153136216431,50.4089452189454,50.3921434322926,50.3526203201224,50.3753254558928,50.3943893147391,50.3833775268507,50.3714948443783,50.363138872699,50.359157839045,50.3710805855789,50.3595875732473,50.3685048605574,50.3669134922841,50.3554765846446,50.3545109703587,50.3571322875081,50.3566588859261
96.9040295802858,96.8865860860248,95.4942793932418,94.4044402398473,95.3402539719909,95.9253395682336,96.1545348500681,96.0633538462077,96.4212162804475,96.4514117385029,96.559980606165,96.5449469426814,96.6070293195392,96.6200876756853,96.622456719483,96.6070215145967,96.6121563885724,96.6124520182935,96.6173785641536,96.6168500962613,96.6194978045368,96.6124461289131,96.605174437944
36.1033206140434,36.1021971508899,36.0748336764239,36.2394079498673,36.1862675343341,36.0963085560523,36.112686654906,36.0575731679198,36.051196851617,36.0581943014164,36.0421543009196,36.031482534525,36.0290409511554,36.0294341767372,36.0314883249989,36.0344301426932,36.0287695783662,36.0296025983209,36.0253660745457,36.0305620934962,36.0298976280006,36.0258798658073,36.0290370947674
144.368217025906,144.380351524228,144.382164773844,149.537448308518,144.097751010482,143.492336108429,143.803388023146,143.576621053827,144.017362640214,144.057039404631,143.906726723377,143.786856966707,144.015621360732,144.050811894135,144.061964351313,144.065805667568,144.074140592396,144.073006331884,144.074934690346,144.071601251775,144.072852282319,144.092335785126,144.074084507716
109.852099965959,109.842458111293,109.764078851188,109.026082910995,109.107257042036,108.913565648106,109.11539013689,109.259147104361,109.344721940258,109.313083813283,109.374915842317,109.353608521978,109.420821808461,109.404118251493,109.413527682993,109.413751799346,109.419430556643,109.406613943191,109.402963352228,109.407847694635,109.392918382101,109.396197143058,109.405689288593
113.324854540132,112.441147751042,110.760103672931,105.80563815257,106.281038270988,108.031981231366,109.675960095533,110.555765011262,110.95471876414,111.664155123903,111.946193334578,112.194080829474,112.602685005368,112.58572382498,112.617906320732,112.60780953,112.616513446655,112.618056960025,112.622176608967,112.627415724986,112.603814576358,112.633191812201,112.611486024217
78.4725821469665,78.4570133091497,77.9206911091774,77.8769039252807,78.0181400508459,78.0608722246151,78.1808030113263,78.1833752437536,78.1911044774019,78.1950034877368,78.1789527607517,78.186796277689,78.1833076954425,78.1847563359094,78.1897838870109,78.1846752656595,78.1814640004696,78.1796651889576,78.1819538453819,78.1751595633875,78.1734663677346,78.1794251077138,78.1841820825663
