"V1","V2","V3","V4","V5","V6","V7","V8","V9","V10","V11","V12","V13","V14","V15","V16","V17","V18","V19","V20","V21","V22","V23"
18.0867857502614,18.1073033295642,18.1069561499308,18.1084981830448,18.1081774417306,18.1084981830448,18.1084981830448,18.1084981830448,18.1084981830447,18.1084981830448,18.1084981830448,18.1084981830448,18.1084981830448,18.1084981830448,18.1084981830447,18.1084981830448,18.1084981830448,18.1084981830448,18.1084981830448,18.1084981830448,18.1084981830448,18.1084981830448,18.1084981830448
30.1618113936544,30.2865471066936,30.2874594712526,30.2874594712526,30.2874594712525,30.2874594712526,30.2874594712526,30.2874594712526,30.2874594712526,30.2874594712526,30.2874594712526,30.2874594712526,30.2874594712526,30.2874594712525,30.2875239096518,30.2874594712526,30.2874594712526,30.2874594712526,30.2874594712525,30.2874594712526,30.2875528158637,30.2861176105098,30.2864904383916
24.0333986425829,24.0359506184113,24.0359506184113,24.0359506184113,24.0359506184113,24.0359506184113,24.0359506184113,24.0359506184113,24.0359506184113,24.0359506184113,24.0359506184113,24.0359506184113,24.0359506184113,24.0359506184113,24.0359506184113,24.0359506184113,24.0359506184113,24.0359506184113,24.0359506184113,24.0359506184113,24.0359506184113,24.0359506184113,24.0359506184113
18.1037820624891,18.1183988116563,18.1182229445249,18.1176101588193,18.1171878121156,18.1181258995353,18.1179710901782,18.1178138314876,18.1177201659042,18.1181857873523,18.1179847912953,18.1174731856265,18.1184165837819,18.117641109332,18.118616289196,18.1180226992853,18.1175460886679,18.1188917614987,18.1181335066656,18.1180779400185,18.1184379546527,18.1183262277925,18.1181995245998
28.973503987339,29.0436518102305,29.0440889099937,29.0439840109691,29.043916724869,29.0442978989179,29.043758665917,29.0439047143302,29.0440397886763,29.0432148235947,29.0428672633123,29.0435855157306,29.0424657906905,29.0426100010238,29.0426675401957,29.0432802314642,29.0425995334874,29.0422400077764,29.0433075696813,29.0407266428668,29.0417891865391,29.0442812597916,29.0435370010299
25.6373646497191,25.6413644539342,25.6420132486579,25.6427874493977,25.6428742503278,25.6428742503278,25.6428742503278,25.6426972418053,25.6427765355745,25.6428742503278,25.6428742503278,25.6428742503278,25.642532330785,25.6427857817571,25.6428742503278,25.6423055072104,25.6423536190246,25.6426895618337,25.6414126906999,25.6427808151937,25.6421352414827,25.6427973383151,25.6409950685956
27.8061136892296,27.839359952529,27.8392745765203,27.8392481673816,27.8392481673816,27.8392481673816,27.8392481673816,27.8392481673816,27.8392481673816,27.8392481673816,27.8392481673816,27.8392481673816,27.8392481673816,27.8392481673816,27.8392481673816,27.8392481673816,27.8391894385979,27.8392481673816,27.8392481673816,27.8392641361325,27.8392481673816,27.8392481673816,27.8392481673816
26.5523786444559,26.580382745497,26.580382745497,26.580382745497,26.580382745497,26.580382745497,26.580382745497,26.580382745497,26.580382745497,26.580382745497,26.580382745497,26.580382745497,26.580382745497,26.580382745497,26.580382745497,26.580382745497,26.580382745497,26.580382745497,26.580382745497,26.580382745497,26.580382745497,26.580382745497,26.580382745497
26.9991814426598,26.9709225750282,26.9842345166173,26.9841071492421,26.9890204373912,26.9912289949584,26.9889707012648,26.9904728630965,26.9927216023758,26.9858425898112,26.991074076731,26.9907555667709,26.9910920711277,26.9911205994336,26.9893159502922,26.9930378667912,26.9908703014599,26.9925931118519,26.9894903081316,26.993628944046,26.9880844188343,26.9903013663444,26.9884517520143
30.0897395010305,30.114385140711,30.114385140711,30.1143851407111,30.1143851407111,30.1143851407111,30.1143851407111,30.1143851407111,30.1143851407111,30.1143851407111,30.1143851407111,30.1143851407111,30.1143851407111,30.1143851407111,30.1143851407111,30.1143851407111,30.1143851407111,30.1143851407111,30.1143851407111,30.1143851407111,30.1143851407111,30.1143851407111,30.1143851407111
26.4759769640147,26.5600594138429,26.5629997257442,26.5629997257442,26.5629997257442,26.5629997257442,26.5629997257442,26.5629997257442,26.5629997257442,26.5629997257442,26.5629997257442,26.5629997257442,26.5629997257442,26.5629997257442,26.5629997257442,26.5629997257442,26.5629997257442,26.5629997257442,26.5629997257442,26.5629997257442,26.5629997257442,26.5629997257442,26.5629997257442
19.1695753820351,19.151752939449,19.1517511826139,19.1517511826139,19.1517511826139,19.1517511826139,19.1517511826139,19.1517511826139,19.1517511826139,19.1517511826139,19.1517511826139,19.1517511826139,19.1517511826139,19.1517511826139,19.1517511826139,19.1517511826139,19.1517511826139,19.1517511826139,19.1517511826139,19.1517511826139,19.1517511826139,19.1517511826139,19.1517511826139
11.581261629061,12.1792359173486,12.1170679225179,12.0494631582469,12.0331566041625,11.9659750979925,11.9189288859654,11.9540670564226,11.8655812040609,11.9020148172236,11.891842572225,11.8724347679932,11.8675190316112,11.8460206941566,11.8291572809079,11.8198680502334,11.8265876935001,11.8071626921186,11.8168734093369,11.8084646692104,11.8061844772495,11.8015357625809,11.8036584986572
31.2608669832649,31.2894029920574,31.2894348641327,31.2894348641327,31.2894348641327,31.2894348641327,31.2894348641327,31.2894348641327,31.2894348641327,31.2894348641327,31.2894348641327,31.2894348641327,31.2894348641327,31.2894348641327,31.2894348641327,31.2894348641327,31.2894348641327,31.2894348641328,31.2894348641327,31.2894348641327,31.2894348641327,31.2894348641327,31.2894348641327
27.3300370247254,27.4004503915673,27.4013150910144,27.4023352914028,27.4025652465708,27.4014009099208,27.4024419588314,27.4022682420972,27.4024273536483,27.4014427901814,27.4020403711343,27.401136780595,27.4018717415191,27.4015246303829,27.4010855764465,27.4004054090391,27.4012967212668,27.4006140255305,27.4012114082789,27.4001146972121,27.3991241501346,27.4004180068554,27.3996031439036
14.917435276062,14.9979318621317,14.9979318621317,14.9979318621317,14.9979318621317,14.9979318621318,14.9979318621317,14.9979318621317,14.9979318621318,14.9979318621318,14.9979318621317,14.9979318621317,14.9979318621317,14.9979318621318,14.9979318621317,14.9979318621317,14.9979318621317,14.9979318621317,14.9979318621317,14.9979318621317,14.9979318621317,14.9979318621317,14.9979318621317
21.7343277091316,21.7474861243392,21.7474302745107,21.7474302745107,21.7474302745107,21.7474302745107,21.7474302745107,21.7474302745107,21.7474302745107,21.7474302745107,21.7474302745107,21.7474302745107,21.7474302745107,21.7474302745107,21.7474302745107,21.7474302745107,21.7474302745107,21.7474302745106,21.7474302745106,21.7474302745107,21.7474302745107,21.7474302745107,21.7474302745107
27.6393111693068,27.6437479237403,27.6450198398751,27.6454135485007,27.6455997259707,27.6455695586418,27.6455997259707,27.6455997259707,27.6455997259707,27.6455997259707,27.6455997259707,27.6455997259707,27.6455997259707,27.6455997259707,27.6455997259707,27.6455155447464,27.6455997259707,27.645145357058,27.6454509697251,27.6445005779319,27.6450900349663,27.6446369446089,27.6437936875877
22.7093945900652,22.7465825765057,22.7461487990047,22.7459885762377,22.7463613973266,22.7468156133092,22.7456159537033,22.746670077739,22.7448835051427,22.7457768455148,22.7451356870408,22.744110180081,22.7439919058,22.7454485226573,22.7419938385942,22.7420124188858,22.742365132071,22.7401023882518,22.7424138890398,22.7411367693363,22.7343482669195,22.7288617978542,22.7214055106417
20.1452538981079,20.1708903354786,20.1712097709026,20.1708652893514,20.1714717938713,20.1709978729547,20.1692242781784,20.1700125873705,20.1687885778438,20.1690616617675,20.1681651347582,20.1652306915801,20.1674276041815,20.1665033123323,20.164334127196,20.1613579578093,20.1555475402038,20.1633655067847,20.1589377095944,20.1626616898313,20.1580444178253,20.1543502859859,20.1532421401992
32.1742567028906,32.2017062515533,32.2005445564643,32.201885857581,32.2009708176574,32.2008671158154,32.20075881891,32.2012729024793,32.1990375692525,32.2005758575559,32.2014757589539,32.2005798396179,32.2005462189231,32.1999381620768,32.2002895610508,32.2006599178644,32.1999591211537,32.1997361344283,32.1998288974369,32.1998031100134,32.1990235631831,32.1994535514517,32.1997545024707
30.3759418950141,30.4002097399683,30.4002097399683,30.4002097399683,30.4002097399683,30.4002097399683,30.4002097399684,30.4002097399684,30.4002097399684,30.4002097399684,30.4002097399683,30.4002097399683,30.4002097399683,30.4002097399683,30.4002097399683,30.4002097399683,30.4002097399683,30.4002097399683,30.4002097399683,30.4002097399683,30.4002097399684,30.4002097399684,30.4002097399683
21.464776992689,21.6661624422202,21.6782613152295,21.6846045569423,21.6881335382182,21.6889574737605,21.688155135055,21.6870048588901,21.6877881894549,21.6876367383341,21.6886344897354,21.6880154018018,21.6857973763882,21.6879895752165,21.6868257006547,21.6850141208987,21.6814052453671,21.6856633552869,21.6871977968955,21.6842179438614,21.6855947984501,21.6891300974535,21.6808412788951
23.8724148500444,23.9399905620072,23.942271261533,23.9427702052188,23.9426502725275,23.9427702052188,23.9427702052188,23.9427702052188,23.9425963122481,23.9418894162202,23.9425718814855,23.9427360583742,23.9427702052188,23.9402069172233,23.9420359018134,23.9425929840744,23.9418927248497,23.9426163701556,23.9404898871812,23.9403925468581,23.9378610102676,23.931732530314,23.9342633683674
29.8304942889067,29.8132464015793,29.8132464015793,29.8132464015792,29.8132464015791,29.8132464015792,29.8132464015792,29.8132464015792,29.8132464015793,29.8132464015793,29.8132464015791,29.8132464015791,29.8132464015792,29.8132464015792,29.8132464015793,29.8132464015793,29.8132464015792,29.8132464015792,29.8132464015792,29.8132464015792,29.8132464015793,29.8132464015793,29.8132464015792
19.8330023308648,19.8585417332908,19.857710725246,19.8600792215151,19.8570589515557,19.8582156176777,19.8551763796256,19.8533560739642,19.8514456079391,19.8528054026945,19.8541798489335,19.849987419601,19.8528604205895,19.8473865846824,19.8461697214544,19.8490574550381,19.8473681855334,19.8488881018351,19.8459563335556,19.8458939586119,19.846805819976,19.8462764383761,19.8454488203903
25.162062464442,25.1832365231005,25.1842681396352,25.1785681121597,25.1830718367396,25.1793820186792,25.1818221636096,25.171176128915,25.1767353248099,25.1722320841065,25.1738419080623,25.1641318314068,25.1590591000955,25.1500164121686,25.1496552242899,25.1445542381532,25.1374005700816,25.1493940964976,25.1397486768936,25.1382626679809,25.1316503333087,25.119355877835,25.1279374049925
26.9025927794747,26.9052204357735,26.9052204357735,26.9052204357735,26.9052204357735,26.9052204357735,26.9052204357735,26.9052204357735,26.9052204357735,26.9052204357735,26.9052204357735,26.9052204357735,26.9052204357735,26.9052204357735,26.9052204357735,26.9052204357735,26.9052204357735,26.9052204357735,26.9052204357735,26.9052204357735,26.9052204357735,26.9052204357735,26.9052204357735
25.8500864211867,25.8830442648511,25.8749526361778,25.8741832262387,25.8702963459105,25.8744739649604,25.8744693978847,25.871685405694,25.8655738837152,25.8745399244456,25.8669364256714,25.8684542686394,25.8672083978568,25.8649405340619,25.8645991673655,25.8656730247803,25.8648578972098,25.8692551441199,25.8701788237778,25.8643826089959,25.8695748975037,25.8666758180278,25.8651052854434
28.4761751928893,28.4873743356275,28.4879646206507,28.4881063198778,28.4880469831687,28.4879858720961,28.4881576777493,28.487797548889,28.4880656301866,28.4880117775455,28.4878610833657,28.4880447347531,28.4879658385248,28.488049839394,28.4879292969218,28.4880521736411,28.4884145667061,28.4880787137527,28.4880446218522,28.4881603084439,28.487940253127,28.488063693869,28.4877217849298
27.8943088774573,27.9035348212279,27.9035348212279,27.9035348212279,27.9035348212279,27.9035348212279,27.9035348212279,27.9035348212279,27.9035348212279,27.9035348212279,27.9035348212279,27.9035348212279,27.9035348212279,27.9035348212279,27.9035348212279,27.9035348212279,27.9035348212279,27.9035348212279,27.9035348212279,27.9035348212279,27.9035348212279,27.9035348212279,27.9035348212279
24.5975367538549,24.6114888964356,24.6114888964356,24.6114888964356,24.6114888964356,24.6114888964356,24.6114888964356,24.6114888964356,24.6114888964356,24.6114888964356,24.6114888964356,24.6114888964356,24.6114888964356,24.6114888964356,24.6114888964356,24.6114888964356,24.6114888964356,24.6114888964356,24.6114888964356,24.6114888964356,24.6114888964356,24.6114888964356,24.6114888964356
25.7300351707039,25.7672576890065,25.767283786402,25.767283786402,25.767283786402,25.767283786402,25.767283786402,25.767283786402,25.767283786402,25.767283786402,25.767283786402,25.767283786402,25.767283786402,25.767283786402,25.767283786402,25.767283786402,25.767283786402,25.767283786402,25.767283786402,25.767283786402,25.767283786402,25.767283786402,25.767283786402
20.0659540864972,20.1101214720519,20.12188535278,20.1305486116289,20.1374379475875,20.1345500617272,20.1407478445041,20.1474571310835,20.1503213087413,20.1512071143004,20.1491642770102,20.1487088457648,20.1530009699208,20.1498078416031,20.1438210435165,20.1520479739548,20.143867712782,20.1471922707346,20.1395372504988,20.1506320135782,20.1395871104289,20.1490100468607,20.146938431257
22.6079167777151,22.7739256807671,22.8026408742519,22.8055172635437,22.8112256537964,22.812733000154,22.8114450395578,22.8121628143529,22.8114043207975,22.8128127977007,22.812602651583,22.8118057899756,22.8098899531361,22.8113411958463,22.8125794079054,22.8103500820237,22.8107633628785,22.8104384196557,22.8108107844693,22.8124438916784,22.8093844597894,22.8131831010941,22.8121683529307
35.9641044820974,35.9799240316314,35.9799247106169,35.9799247106169,35.9799247106169,35.9799247106169,35.9799247106169,35.9799247106169,35.9799247106169,35.9799247106169,35.9799247106169,35.9799247106169,35.9799247106169,35.9799247106169,35.9799247106169,35.9799247106169,35.9799247106169,35.9799247106169,35.9799247106169,35.9799247106169,35.9799247106169,35.9799247106169,35.9799247106169
23.5762697025672,23.7246014541803,23.7251532205836,23.7238694097117,23.722504256824,23.7236371061233,23.7220231505968,23.7209488115398,23.7216113035436,23.7172436490761,23.7179055723192,23.7168811838204,23.7079491537827,23.6866589029504,23.6883135468992,23.6587415675176,23.6756377679797,23.6592454038645,23.661035094264,23.6580725341463,23.6655737917027,23.6476930556256,23.6551695378548
20.4742262691058,20.5808768287512,20.5784112447367,20.5825799544731,20.5596934415083,20.5466135126095,20.521582559274,20.5006550640728,20.4589058729565,20.4575243949731,20.4436412755317,20.4356232485166,20.4185130889174,20.3819829792829,20.3780297784461,20.3701033396536,20.3545972279132,20.3618163775691,20.3638865455134,20.3809018357071,20.3558064447092,20.3668784657289,20.3505556700032
31.9069076492294,31.9838762720131,31.9840345234109,31.9840345234109,31.9840345234109,31.9840345234109,31.9840345234109,31.9840345234109,31.984034523411,31.984034523411,31.9840345234109,31.9840345234109,31.984034523411,31.9840345234109,31.984034523411,31.984034523411,31.984034523411,31.9837585633769,31.983918876163,31.9840345234109,31.984034523411,31.984034523411,31.984034523411
23.654208572995,23.6650392552971,23.6645930576069,23.6646122850662,23.6649370529171,23.6646834925262,23.6653773919002,23.6634040923854,23.6637635181102,23.6624896075929,23.6643229479822,23.662929507069,23.6618348267202,23.6590616752561,23.659187116253,23.6602304755812,23.6612517483178,23.6560449388659,23.6588518546423,23.6558679850678,23.6533232540661,23.6561804065669,23.6522127141226
21.5244461520684,21.5486564766114,21.5644260660977,21.5666682761877,21.5659316909365,21.5645504346089,21.5575401166554,21.5612949021388,21.5542100610189,21.5523886884165,21.5556029542556,21.5535859288779,21.550315729781,21.5413524340175,21.5474944627158,21.5421387407235,21.5374939075455,21.5415308271753,21.5420449354012,21.5407862590251,21.5329247136424,21.5323245724084,21.5241535825823
35.2573804358055,35.4607501505492,35.4454649172939,35.4575578815743,35.4427509691805,35.4385474617225,35.427643976271,35.3989352150588,35.400851966678,35.4117115346067,35.4024166226724,35.3922937126233,35.3744986099824,35.358723818491,35.3559492368229,35.3747014900595,35.36312469697,35.3604862083323,35.3613490869041,35.3634717051366,35.3291103250683,35.345062583004,35.3352109210275
17.6912682258277,17.7527224173212,17.7530904468855,17.7534879575558,17.7528184905464,17.7534512905061,17.7534219734641,17.7541297665306,17.7535349352601,17.7524482261943,17.7526658042825,17.7525864205417,17.7532205639281,17.746890997962,17.7510264166844,17.7507145921314,17.7480999742867,17.7498493820863,17.7447093373091,17.7488528330062,17.7445221725306,17.7388925752228,17.7383179912023
24.4155303216272,24.4308405254809,24.4308405254808,24.4308405254808,24.4308405254808,24.4308405254808,24.4308405254808,24.4308405254808,24.4308405254808,24.4308405254808,24.4308405254808,24.4308405254808,24.4308405254808,24.4308405254808,24.4308405254808,24.4308405254808,24.4308405254808,24.4308405254808,24.4308405254808,24.4308405254808,24.4308405254808,24.4308405254808,24.4308405254808
18.2235703388019,18.2512442803119,18.2512426616587,18.2512426616587,18.2512426616587,18.2512426616587,18.2512426616587,18.2512426616587,18.2512426616587,18.2512426616587,18.2512426616587,18.2512426616587,18.2512426616587,18.2512426616587,18.2512426616587,18.2512426616587,18.2512426616587,18.2512426616587,18.2512426616587,18.2512426616587,18.2512426616587,18.2512426616587,18.2512426616587
22.7476468538167,22.862071469699,22.8617325483944,22.8617325483944,22.8617325483944,22.8617325483944,22.8617325483944,22.8617325483944,22.8617325483944,22.8617325483944,22.8617325483945,22.8617325483945,22.8617325483945,22.8617325483945,22.8617325483944,22.8617325483944,22.8617325483944,22.8617325483944,22.8617325483944,22.8617325483944,22.8617325483945,22.8617325483944,22.8617325483944
18.6914276201627,18.7664072391323,18.7671165888881,18.7658251269404,18.7630972108576,18.7560338986849,18.7677347633029,18.7665442637857,18.765257555381,18.7647543330637,18.7709000867161,18.7643071649921,18.766113239135,18.7613840084287,18.7636165246167,18.760919415291,18.7579094502583,18.7550408414862,18.7565142225356,18.75428504484,18.7500829252984,18.7495171585067,18.7470933152775
19.2550123619178,19.3824862462652,19.3768050385662,19.3740131899371,19.3695834605653,19.359800902584,19.3700063914927,19.3607931620203,19.3442615254453,19.3653180179409,19.3457061437835,19.3536088793316,19.3404102916649,19.3313950842722,19.3267749749024,19.3258160130953,19.3101205927886,19.3221169661189,19.3334771651468,19.3097127306245,19.3229474134011,19.3177488627076,19.3194412623308
24.2942870998378,24.3915353384453,24.4062849475816,24.4069246464566,24.406743895219,24.4070598337097,24.405464991495,24.4067946954758,24.406607175789,24.4076936407537,24.407404113541,24.4075149854839,24.4069135747201,24.4065613414941,24.4062585265946,24.4064204767323,24.4065410649089,24.4053028552431,24.4067650294239,24.4053914061506,24.406540563841,24.4054949835501,24.4061682274824
30.5628170303483,30.7383850703684,30.7447048495479,30.7535651537687,30.7657591562974,30.7640564863138,30.7646918119449,30.7535946558944,30.7591815177784,30.7611598910799,30.7559055697238,30.7576890711836,30.7580029478807,30.7499072528489,30.7498529314199,30.7382676916309,30.7546810515012,30.7516478092107,30.7426231765982,30.743902911948,30.7446184454097,30.7422217148787,30.7460837332663
13.5556740008136,13.6253549529604,13.6254581501789,13.6254581501789,13.6254581501789,13.6254581501789,13.6254581501789,13.6254581501789,13.6254581501789,13.6254581501789,13.6254581501789,13.6254581501789,13.6254581501789,13.6254581501789,13.6254581501789,13.6254581501789,13.6254581501789,13.625458150179,13.6254581501789,13.6254581501789,13.6254581501789,13.6254581501789,13.6254581501789
34.2005873756491,34.1842652581734,34.1919376867442,34.1921398215912,34.1896454135059,34.1900086800552,34.1904562996693,34.1924024327927,34.1888014524347,34.1889862575634,34.1840527213442,34.1825208945907,34.1794125995364,34.1807119384369,34.1754040886593,34.1823620685796,34.1814223736077,34.1849502854576,34.1798935216325,34.1822757625927,34.1819802671013,34.1764063277996,34.1768115234701
27.0872686281126,27.108211162799,27.1081502277459,27.1089246320399,27.1088667159882,27.1089544515051,27.1080646043155,27.1078570388547,27.1085817974142,27.1082216210654,27.1074467891718,27.1085213316196,27.1070027566905,27.1080716839351,27.1077642831867,27.1096353167363,27.1079799372276,27.1071598142047,27.1071992094399,27.1057781533126,27.1092529881802,27.1058895648307,27.1063595327481
21.9185491731492,21.9527192103912,21.9541754224816,21.9535118595517,21.954644129178,21.9527668124489,21.9539137346791,21.9550001329779,21.9528645480976,21.9524177733116,21.9549867714944,21.9521556458395,21.951671409301,21.9517664980559,21.9545393262443,21.953892499976,21.9524547397692,21.9526871919249,21.9529034767515,21.954269723468,21.9541631178986,21.9554604672124,21.9540502943959
25.0699228332443,25.1054766988023,25.1024879198416,25.1064486438625,25.1033055850181,25.1023468909181,25.1023220458557,25.1026897500004,25.1031031487221,25.1024578195232,25.0995438098076,25.1030699207425,25.1017398051134,25.1056337472151,25.1035096700689,25.1022031926281,25.1033246312557,25.1021593792662,25.1022222857596,25.1047851579966,25.098758866605,25.0951571664415,25.0972238575528
19.5539437739946,19.5559280515774,19.5744933309881,19.5702711816047,19.568637689676,19.5790084544532,19.5768166645693,19.5714294737534,19.5718790318549,19.5687131677649,19.5752719929544,19.5679336280402,19.5688610074916,19.5653764782545,19.5656862448749,19.5652506138198,19.5665598851756,19.5637712925003,19.5634650552263,19.5651262037407,19.5584147898407,19.558651475996,19.5579990967736
23.8149851859725,23.928313003728,23.9320616619925,23.930383198836,23.9365336197783,23.9374999192923,23.9375786915117,23.9367935693667,23.9332918728835,23.9345431103213,23.9314404496602,23.9270322412405,23.9311124694513,23.9287551688616,23.9257891010715,23.9232098607491,23.9227280950126,23.9241597401151,23.9269374496839,23.926899572692,23.9239387872528,23.9167822280723,23.9216952617319
27.6311029568917,27.6399642007844,27.6399642007844,27.6399642007844,27.6399642007845,27.6399642007844,27.6399642007844,27.6399642007844,27.6399642007845,27.6399642007845,27.6399642007844,27.6399642007845,27.6399642007845,27.6399642007845,27.6399642007844,27.6399642007844,27.6399642007844,27.6399642007845,27.6399642007844,27.6399642007844,27.6399642007845,27.6399642007844,27.6399642007844
25.283622124803,25.291542301194,25.2899225952466,25.287974415567,25.2929625529559,25.2903153210463,25.2900291702774,25.2913122167761,25.2914945611878,25.2907033726229,25.2910622568146,25.2905578912936,25.2910485103482,25.2925017114248,25.2903117956657,25.2907412477198,25.2914138990295,25.2918945134637,25.2925246867244,25.2908198073941,25.2916655436935,25.2913272801088,25.2927421461888
20.8984473904149,20.9429083882863,20.9491208710181,20.9490293547854,20.9500746425837,20.9499408323332,20.9497692474974,20.9481138308313,20.9488330512714,20.948885694392,20.9474417791593,20.949373453602,20.949080251188,20.9488613844333,20.947574943236,20.9442643127106,20.9479179795314,20.9480895608392,20.9444998596581,20.9489240303382,20.9467222810214,20.9448900626247,20.9451994220316
35.5627012239144,35.5676046755026,35.5744350505167,35.5733181393414,35.5756267891346,35.5738875622617,35.5739592721991,35.5745789624147,35.5732174076464,35.5738973720666,35.5749595000584,35.5731558824632,35.5692316692919,35.566343276074,35.5645857239383,35.5659988242997,35.5644058205738,35.5613986755398,35.5647530908164,35.5684331313228,35.5680999994804,35.5609236620215,35.5531453917064
20.3736066292987,20.3943742416531,20.3954436540003,20.3970011681319,20.397766440856,20.3963171291948,20.3951124676434,20.394881871308,20.3941953508967,20.3956059503276,20.3940366912411,20.3962948416229,20.394243892599,20.3883959442978,20.3910663957019,20.3883392990842,20.3879420707997,20.3874186983254,20.3875817428348,20.3829541676544,20.3835330458577,20.3851883398677,20.3832934740878
21.4402826698754,21.4727101329981,21.4722307498195,21.4724953181165,21.4697841834367,21.4698400550652,21.470243557859,21.4648795636621,21.4613385464729,21.4654225579659,21.4531476369766,21.4641576050067,21.4568802778506,21.4589248267942,21.4520861018664,21.4479347623717,21.4556767600224,21.4507943273252,21.4564176268686,21.4518318728927,21.4569989512769,21.4468951149256,21.4510647243026
21.6799821884796,21.6959006406054,21.695953048198,21.695944326159,21.695944326159,21.695944326159,21.695944326159,21.695944326159,21.695944326159,21.695944326159,21.695944326159,21.695944326159,21.695944326159,21.695944326159,21.695944326159,21.695944326159,21.695944326159,21.695944326159,21.695944326159,21.695944326159,21.695944326159,21.695944326159,21.695944326159
28.9997403955523,29.0148229098208,29.0148507567927,29.0148507567927,29.0148507567927,29.0148507567927,29.0148507567927,29.0148507567927,29.0148507567927,29.0148507567927,29.0148507567927,29.0148507567927,29.0148507567927,29.0148507567927,29.0148507567927,29.0148507567927,29.0148507567927,29.0148507567927,29.0148507567927,29.0148507567927,29.0148507567927,29.0148507567927,29.0148507567927
30.342044969023,30.3256977817668,30.3256977817668,30.3256977817668,30.3256977817668,30.3256977817668,30.3256977817668,30.3256977817668,30.3256977817668,30.3256977817668,30.3256977817668,30.3256977817668,30.3256977817668,30.3256977817668,30.3256977817668,30.3256977817668,30.3256977817668,30.3256977817668,30.3256977817668,30.3256977817668,30.3256977817668,30.3256977817668,30.3256977817668
18.6315277472669,18.8316129586976,18.8374788100156,18.8389612843055,18.8387432097965,18.8331296062527,18.8363780864701,18.8360429938019,18.8354163848122,18.8308155423163,18.8335141338987,18.8345471123608,18.8363899480381,18.8343772584293,18.8328542076937,18.8358442735925,18.8328068546608,18.8340993475166,18.8237767163421,18.827819156889,18.826051365655,18.8197050030152,18.8236124360157
23.7634921043064,23.7853674949058,23.7853674949058,23.7853674949058,23.7853674949058,23.7853674949058,23.7853674949058,23.7853674949058,23.7853674949058,23.7853674949058,23.7853674949058,23.7853674949058,23.7853674949058,23.7853674949058,23.7853674949058,23.7853674949058,23.7853674949058,23.7853674949058,23.7853674949058,23.7853674949058,23.7853674949058,23.7853674949058,23.7853674949058
21.2938562389521,21.2847065790035,21.2860977151289,21.2856766111585,21.2858410830442,21.2869895406252,21.2869591075096,21.2867078356561,21.2883469550525,21.2865985606039,21.2886028385039,21.2861590360992,21.2895111649568,21.282956414361,21.281962658159,21.2817893311465,21.2866319792621,21.284695699206,21.2838684636152,21.2806795187068,21.2856898672411,21.2835331117862,21.2815926928191
19.3466764578258,19.4868561055744,19.4928403879428,19.489277558067,19.4877405240257,19.4901584546592,19.4870744441882,19.4915262375859,19.4832023622179,19.4894675126785,19.4819187287083,19.484027819196,19.4831444516794,19.4781294209257,19.4824441748943,19.4758986686885,19.4776785364321,19.4777736627354,19.4796963468443,19.4764710025879,19.4670605965584,19.4660828060947,19.4744902141838
20.7754339439338,20.8701038570181,20.8706945546437,20.8660234578548,20.8713449533341,20.8671350131578,20.8697432323911,20.8641403255696,20.8679061892972,20.8631478134896,20.8660979490481,20.8580752501271,20.8588826481616,20.8536738602032,20.8423698833042,20.8401992304165,20.8378600623414,20.8440417670895,20.8356806545135,20.8413934611046,20.8173189326593,20.8145703392281,20.817000010575
24.7877210956462,24.7940150969677,24.7926301955821,24.7924071650291,24.7943641625841,24.7909571354547,24.791598751779,24.7913463257611,24.7920005207173,24.7898149458168,24.7899483760845,24.7916923246044,24.7902803975965,24.788636414247,24.7864150127206,24.7862844915994,24.7860908813477,24.7859461304026,24.7864378945364,24.784282920838,24.7776494430109,24.7726404028129,24.7734496984529
20.8564115228341,20.8532715953114,20.8501997048496,20.8575039809948,20.8501802517667,20.8502674906466,20.8544806832874,20.8508746598803,20.8593999312264,20.8475741543163,20.8581058045491,20.8515993715692,20.8510557257876,20.8522880278136,20.847077407313,20.8490403945182,20.8516183273443,20.8585292585638,20.8533244191765,20.86267373495,20.8628279255465,20.8590460903168,20.8573878456574
17.9861551921901,18.0690915374513,18.0670156255599,18.0688384251994,18.0690936345592,18.0692430969362,18.068685985822,18.0679945486588,18.0692923450703,18.0653913254784,18.0671826079425,18.0667112548167,18.0644901494261,18.0638372844579,18.0625220122365,18.0611722335857,18.0624823828578,18.0609005231693,18.0603854270351,18.0600838110369,18.0566669213892,18.049121755199,18.0503167947056
26.4913879707112,26.4990517080172,26.4988501764521,26.4993871864115,26.5002014864329,26.5003371416142,26.5023725652694,26.5004159207396,26.5004152447918,26.5040034913563,26.4989926012635,26.5026908325356,26.5057678732719,26.5086509688859,26.5081085789263,26.4993347191118,26.4986575739017,26.5103299632218,26.4955882608551,26.5007561188739,26.501035386747,26.5021846849843,26.4989856950603
16.7427169067522,16.778669838225,16.7791806038908,16.7767628452496,16.7726998468005,16.7796753129336,16.7743513758106,16.7741246114982,16.7772734957112,16.7757621095765,16.7716517343337,16.7702491307923,16.7733145148567,16.7706857128446,16.7664826351684,16.7689094784619,16.7691990485099,16.7667604688271,16.764078990657,16.7701135087101,16.7659506569197,16.7640782807154,16.7647429246962
31.8242418726961,31.9051591505502,31.9041109269235,31.9041109269236,31.9041109269235,31.9041109269236,31.9041109269233,31.9041109269234,31.9041109269236,31.9041109269234,31.9041109269233,31.9041109269236,31.9041109269233,31.9041109269235,31.9041109269235,31.9041109269234,31.9041109269233,31.9041109269234,31.9041109269236,31.9041109269233,31.9041109269234,31.9041109269237,31.9041109269232
25.0791556396245,25.1336636767075,25.1355702787381,25.1352967526911,25.1353332795152,25.1355852618536,25.1355143666399,25.1352338250762,25.1355852618536,25.1355186057571,25.1355852618536,25.1353787989926,25.1355852618536,25.1355852618536,25.1355852618536,25.1355852618536,25.1355852618536,25.1350671519414,25.1355852618536,25.1355852618536,25.1355852618536,25.1352468454103,25.1352816597017
24.2977548893096,24.355099579429,24.3547220231439,24.3549561241909,24.3549561241909,24.3549561241909,24.3548981614343,24.354956124191,24.354956124191,24.3549561241909,24.354956124191,24.354956124191,24.354956124191,24.354956124191,24.3549561241909,24.354956124191,24.354956124191,24.3549561241909,24.354956124191,24.354956124191,24.3549561241909,24.3549561241909,24.354956124191
25.4889226555038,25.5217997116395,25.5211477643726,25.5211477643726,25.5211477643726,25.5211477643726,25.5211477643726,25.5211477643726,25.5211477643726,25.5211477643726,25.5211477643726,25.5211477643726,25.5211477643726,25.5211477643726,25.5211477643726,25.5211477643726,25.5211477643725,25.5211477643726,25.5211477643726,25.5211477643726,25.5211477643726,25.5211477643726,25.5211477643726
27.526508547633,27.563406694795,27.5664966918604,27.5647106735606,27.5657316349511,27.5673554809984,27.5668988593521,27.5627329402804,27.5607943178029,27.5607371576844,27.5631527153315,27.561239718873,27.5662184574948,27.5640894534241,27.5572357752024,27.5628080640388,27.5650816936666,27.5629011792907,27.5669453575053,27.5684393390817,27.5639903180516,27.563050154709,27.5567250547248
21.960424350396,22.0741307415446,22.0843335174308,22.086101694332,22.0866596208876,22.0817441656128,22.0782215613104,22.0839470153374,22.0791905502437,22.0791955342635,22.0825745584761,22.0813258612306,22.0779808136147,22.078063212552,22.0744812420339,22.0698188700527,22.0695921182653,22.065452879472,22.0727447800515,22.0746394348381,22.0705655792334,22.0698166778711,22.066808288511
23.8812962854638,23.896110704773,23.8964935029678,23.8968643634914,23.8966056742095,23.8967796163586,23.8966309284674,23.89665470897,23.8965374864785,23.8966299730176,23.8964594650048,23.8972105115069,23.8966299730176,23.8968664725307,23.8968663201123,23.8967522169164,23.8966299730175,23.8964839837063,23.8972835899638,23.8965726222094,23.8966648355988,23.8972023881594,23.8970090051236
18.5857280293896,18.5823293818167,18.5833490592335,18.5820916624968,18.5817110805648,18.5812771958952,18.5824765556003,18.5828452882917,18.5826467628015,18.5809785540499,18.581408045246,18.581675362926,18.5809687647655,18.5823959436341,18.5826504477852,18.5824668042785,18.5814752441702,18.5818620958986,18.5825192317633,18.5823877126977,18.5819996187577,18.582108161903,18.5815280909122
22.1719288749757,22.1665072663032,22.1690069633601,22.1689891384236,22.1695926481101,22.1696487891972,22.1710550130393,22.1705563079248,22.1711007690019,22.1702066402256,22.1716448156661,22.1715383584631,22.1698364973663,22.16885262613,22.1652940378703,22.1685613281495,22.1673924424853,22.1633831447829,22.1649592822566,22.167847072395,22.1585594254863,22.1674870189399,22.157788450301
21.49256533011,21.4945574376093,21.4945574376093,21.4945574376093,21.4945574376093,21.4945574376093,21.4945574376093,21.4945574376093,21.4945574376093,21.4945574376093,21.4945574376093,21.4945574376093,21.4945574376093,21.4945574376093,21.4945574376093,21.4945574376093,21.4945574376093,21.4945574376093,21.4945574376093,21.4945574376093,21.4945574376093,21.4945574376093,21.4945574376093
32.381181214497,32.4074014040152,32.4122890470299,32.411218687072,32.4120806341389,32.4117023455192,32.4110407598378,32.4118451666176,32.4113605011296,32.4104913449388,32.4103868294616,32.4108733678256,32.4116966302019,32.4115760893684,32.4115650109598,32.411015434456,32.4113890527294,32.4100298233791,32.4109023811317,32.4104643627045,32.4098167152341,32.4076225251235,32.3937040320669
20.7252072177361,20.7403249134982,20.7343720126271,20.7343720126272,20.7343720126272,20.7343720126272,20.7343720126271,20.7343720126272,20.7343720126272,20.7343720126272,20.7343720126272,20.7343720126272,20.7343720126272,20.7343720126272,20.7343720126272,20.7343720126272,20.7343720126271,20.7343720126272,20.7343720126271,20.7343720126272,20.7343720126272,20.7343720126272,20.7344985640359
24.1647821182753,24.1831681029968,24.1820885379634,24.1832851336769,24.1833970320167,24.1794367863553,24.1820505458351,24.1850199363706,24.1830824968417,24.1824957212344,24.1825967558106,24.1829752916073,24.1824298442937,24.1812678066218,24.1819407552737,24.1815895554337,24.1835198645516,24.1820417690826,24.1820036185661,24.1813403551305,24.1824450697992,24.1834027208165,24.1822968144082
31.8250883659841,31.8266344561018,31.8266344561018,31.8266344561018,31.8266344561018,31.8266344561018,31.8266344561018,31.8266344561018,31.8266344561018,31.8266344561018,31.8266344561018,31.8266344561018,31.8266344561018,31.8266344561018,31.8266344561018,31.8266344561018,31.8266344561018,31.8266344561018,31.8266344561018,31.8266344561018,31.8266344561018,31.8266344561018,31.8266344561018
29.9009398285616,29.9222243101829,29.928805440358,29.9255578427302,29.9263570297452,29.9260279306824,29.9236482936907,29.9216901627108,29.9294741134293,29.9220330995203,29.9203205467872,29.920676653032,29.9109612920519,29.9113532478495,29.9119564050956,29.900748381357,29.9055820891377,29.8999250251655,29.900616886191,29.9078606207135,29.8883893486397,29.887441693606,29.8903399529241
23.007825009695,23.0213742281687,23.0233145575054,23.0215279603321,23.0213439070388,23.02075424929,23.0217366562498,23.0201748271301,23.0206408789202,23.0213491486053,23.0237207426507,23.0206489530657,23.024074518877,23.0227023789612,23.0203847421818,23.019638244918,23.0214495044603,23.021275353597,23.0207317948453,23.0224519670333,23.0216316900618,23.0233498955184,23.021563320623
18.353872640709,18.4011258110272,18.4010926811115,18.4010926811115,18.4010926811115,18.4010926811116,18.4010926811115,18.4010926811115,18.4010926811115,18.4010926811115,18.4010926811115,18.4010926811115,18.4010926811115,18.4010926811115,18.4010926811115,18.4010926811115,18.4010926811115,18.4010926811116,18.4010926811116,18.4010926811115,18.4010926811115,18.4010926811116,18.4010926811115
33.5683148518374,33.610867891686,33.6173000494385,33.6115325939909,33.6109437198765,33.616633699461,33.611766284652,33.6147768558648,33.61386266236,33.6113750451256,33.6165989315767,33.6166169915658,33.6085443073552,33.6095091358682,33.6102315616954,33.6091612796293,33.6056321337529,33.6032107696146,33.6024082185566,33.6074375208485,33.5985776384622,33.5861891983987,33.5875522610583
22.1178565375873,22.0466470844645,22.0456847888277,22.0462878580134,22.0459060245492,22.0443163549238,22.0439955140595,22.0446777541155,22.0443597177984,22.043249520853,22.045836012731,22.0452005224395,22.04419052172,22.0432823688563,22.0454683446653,22.0416800562155,22.0446349453688,22.0431056972031,22.0443396530154,22.0421122592043,22.0433425942648,22.0429110539214,22.0403903351642
28.2022313642692,28.2379579035595,28.2379579035595,28.2379579035595,28.2379579035595,28.2379579035595,28.2379579035595,28.2379579035595,28.2379579035595,28.2379579035595,28.2379579035595,28.2379579035595,28.2379579035595,28.2379579035595,28.2379579035595,28.2379579035595,28.2379579035595,28.2379579035595,28.2379579035595,28.2379579035595,28.2379579035595,28.2379579035595,28.2379579035595
30.8215651552536,30.821473198156,30.8219149919896,30.8226288027777,30.8216891464637,30.8216914368808,30.821910701192,30.8215078933629,30.8217486591583,30.8217562135324,30.8216547945274,30.8212096525614,30.821711751363,30.8219852647272,30.8214316271012,30.821660513635,30.8216840521559,30.8219295163022,30.821590726692,30.8219051890173,30.8215549264247,30.8216250453295,30.8218291882418
22.0677474160988,22.0877154250652,22.0860768988228,22.0859221333492,22.0857695150816,22.0857695150816,22.0857695150816,22.0857695150816,22.0857695150816,22.0857695150816,22.0857695150816,22.0857695150816,22.0857695150816,22.0857695150816,22.0857695150816,22.0857695150816,22.0857695150816,22.0857695150816,22.0857695150816,22.0857695150816,22.0857695150816,22.0857695150816,22.0857695150816
25.0528551283537,25.0634379833114,25.0658475187046,25.0630325885007,25.0632123599378,25.0638864483883,25.0595975892196,25.0632964493216,25.066236194456,25.0655457170227,25.0657097937684,25.0617039122909,25.0608523701709,25.0667742258735,25.0628442996792,25.0677119309978,25.0667940132764,25.0659869871383,25.0647073793288,25.063612706859,25.0640227933395,25.0636463345537,25.0582471069418
27.1636880406732,27.1675942965318,27.1675942965318,27.1675942965318,27.1675942965318,27.1675942965318,27.1675942965318,27.1675942965318,27.1675942965318,27.1675942965319,27.1675942965319,27.1675942965318,27.1675942965318,27.1675942965319,27.1675942965319,27.1675942965318,27.1675942965319,27.1675942965318,27.1675942965318,27.1675942965318,27.1675942965318,27.1675942965318,27.1675942965318
