"V1","V2","V3","V4","V5","V6","V7","V8","V9","V10","V11","V12","V13","V14","V15","V16","V17","V18","V19","V20","V21","V22","V23"
27.3884649581038,27.4953054485749,25.546321546042,24.6259608952375,24.5662616240838,24.4656414143695,24.5327684838811,23.9152524742123,24.2124800374732,24.1840806357377,24.3357452450572,24.0020858908543,24.2159131273405,23.7243700227555,23.948462430379,24.1852278119707,24.2806772258848,23.9255717566802,23.9652976261596,24.1336806149688,23.9956323886539,24.0492233454821,24.0438920799847
35.4157461850135,35.3285732915079,35.1951761794121,34.7970115464402,34.6796888662586,34.4662702218796,34.3016547354018,34.4364060364498,34.4606052628671,34.3602543104759,34.5281019959469,34.4626870854348,34.3475642601301,34.2467872899965,34.5097285713965,34.3652455724955,34.4218549480883,34.4045082493731,34.4686359908434,34.4722671502012,34.437429719039,34.4809780099978,34.4611538370091
28.0016025715927,27.2581830820481,26.7989084021256,26.5247228723631,26.7708725532974,26.6755972558919,26.5550287905287,26.6005583872942,26.6843460791897,26.5977628480245,26.5587755518888,26.5306227838456,26.6303619593625,26.6205644290008,26.5139171957158,26.5485271039233,26.5820610976082,26.5590332888701,26.5763413614728,26.5865032472878,26.5875802386246,26.5902421610978,26.5947009012337
19.3156493548626,18.642169044679,18.4187004800988,18.1326195993184,18.208030781161,18.0240944458877,17.9984211432473,18.0679802360983,18.0613293156359,18.0459034432086,18.0052409732143,18.0169738144011,18.0146588032889,18.0682416113746,17.9945082186909,18.0350308205929,18.0364355476343,18.0300724787672,18.0151909302614,18.030147836542,18.01307988257,18.0537003115614,18.0178186745643
37.6143983375757,36.9478698402201,36.6187550818667,36.717887806486,36.4079279363996,36.6650902325768,36.5866917481644,36.5190135754733,36.200108426025,36.2857157493196,36.5585221412994,36.4576078785996,36.4685506263666,36.2174272404313,36.3745322111721,36.4255020587721,36.252030881201,36.3670791521679,36.3358584051087,36.4063514211809,36.3310822922082,36.3276078507697,36.2988358473492
26.4162838292075,26.9689162460192,26.557796375963,26.6707812381065,26.2867491249593,26.3129174347134,26.2066966046502,26.3636118918933,26.1538186169762,26.0831274605855,26.3378836016625,26.2209532952039,26.2839867223023,26.2462716924955,26.2835787062268,26.2472438842597,26.2994297908589,26.2682310280911,26.2417099498713,26.276684193294,26.3474176690059,26.2537548802783,26.2265228798059
29.0012787218812,28.8886823267722,28.4104630827687,28.2814469525466,27.955870659904,27.8507704071091,27.7753819176923,27.851903469072,27.8235370771039,27.7071304329946,27.7999559168794,27.6775104985536,27.7435024144992,27.7452500049547,27.8120642697829,27.7196139503784,27.7765748421267,27.7806855083783,27.708499837098,27.7359544595846,27.7645227033681,27.7935037179301,27.8022777772438
32.3909423075686,32.9811489771875,33.9602835763937,33.7870134453967,33.689074737954,33.8165728714984,33.2455685813057,33.4921963678825,33.469936860591,33.5219719222989,33.1526382734095,33.2622982490378,33.2972918752103,33.3525411781102,33.5523734952287,33.195536457379,33.3758036306866,33.3853480680525,33.2696894197684,33.3701849472166,33.3923513155998,33.4019058411589,33.4114704609391
28.1417843002072,29.220878038221,29.1969700985862,29.1711062347408,28.8465463261244,28.7979695291354,28.7706330306795,28.8418293277709,28.7303032858478,28.8621425090576,28.9876253223907,28.8146814196471,28.7209395885306,28.790696550767,28.7619201679382,28.7755433804154,28.7345235672248,28.779237155315,28.796335726268,28.7425620179085,28.7940838896032,28.8092956224963,28.803717837368
34.8420299502863,36.3964887640757,35.4080155925721,36.2847069545039,35.6970511368719,35.7038095160068,35.4110406599781,35.8119267965834,35.6395669821718,35.3503306736111,35.534940250055,35.2744088818259,35.4305614230456,35.3499929356969,35.4222224890813,35.4395632555251,35.4728730523557,35.4875529800214,35.452632435821,35.4232132040169,35.4924587788048,35.389755459699,35.5288061814359
29.7906408363538,29.9744605608632,29.5179708764773,29.5355316115943,29.3814610094223,29.4022388888991,29.4884685392033,29.4860783223515,29.4723549716371,29.4747187193107,29.4750664369894,29.3359745543915,29.439556418881,29.388194681565,29.4722584429129,29.4345869669799,29.4438767073581,29.4407879506122,29.4140120301904,29.3670255946806,29.4080566299115,29.39730915078,29.4567834483536
20.7844546175154,20.8197706178028,20.5764426055689,20.3830047034107,20.2871895195082,20.197910065544,20.2914531602226,20.3029062118716,20.288855350962,20.3317841466073,20.1987339417727,20.2641286088271,20.2770068691302,20.3095085755276,20.2715989837697,20.288744715273,20.2588030280783,20.2715166730141,20.2466731739475,20.2465211456229,20.2419652714243,20.2449760686305,20.2479346678687
16.1715399050157,14.4946559079492,13.5146934736012,13.2118074193339,13.3424763700509,13.1474247441737,13.3900512579518,13.0495818251094,13.0882133208803,13.3608241094089,13.161388018307,13.327814926142,13.341759314814,13.4837304641979,13.4602685690137,13.5604474185234,13.6504833952446,13.5823073890047,13.6572271007877,13.688218966584,13.6290713690763,13.7257873558617,13.7333494897892
33.3443093577716,32.7072695119661,32.054657128596,31.9095846516671,31.8783998115847,31.8377182116568,31.8970698727063,31.8662655802967,31.7821932028826,31.8752413668524,31.8148344052266,31.7588108306146,31.7578311414351,31.807326573048,31.7933151739509,31.8282426505336,31.8543174967688,31.8391265350031,31.79458071674,31.8236492536597,31.7801368014798,31.7985654401617,31.8117223846838
27.9464200376801,28.3444895698975,28.5779274829166,29.3909778134245,29.628773139001,29.5280621387277,29.2570360636457,29.3757362381468,29.3106193430508,29.4307698208967,29.3182513670098,29.4358955257132,29.4280510617573,29.4613954217305,29.5836475458347,29.4665886892231,29.5551059762527,29.5187042426545,29.5081750197941,29.6020240331725,29.5656748079342,29.4817845373065,29.5985527582177
19.8860652773297,20.3853367104994,20.3773694201579,20.8159170616379,20.1925516851809,20.9956468687422,20.7268550364177,20.752109508737,20.8353109611226,20.7362060039801,20.705827128959,20.7281174435872,20.7518410223237,20.8361072469377,21.0124746542289,20.9566005858388,20.9353529404576,21.021276639911,20.8819949159832,20.9683501444662,20.9740626884675,20.9858238216701,21.0119706822949
23.5555358659536,23.599925784684,23.5048062297656,23.5268025951047,23.4335651477536,23.3806197309491,23.466108286506,23.3758546909884,23.3594266053242,23.3614121593359,23.385530199014,23.4539450449083,23.3603137149022,23.3888413770814,23.3732728510776,23.4336108395259,23.3511193883378,23.3592566681256,23.3984032742909,23.3529211242964,23.3821888018222,23.404556919734,23.389769822633
29.8280727862552,29.6755586625655,29.5909844697054,29.7005497460246,29.8974268307351,29.7232145235195,29.6463566323303,29.7025237272328,29.8539368356123,29.6951053613973,29.6709496386378,29.7122459939313,29.8730411235322,29.7413979850769,29.7712351561462,29.7670691892743,29.7264972938065,29.6843156582223,29.7179793419547,29.7320502004754,29.7274419296932,29.6753601918201,29.7107260867633
24.7832792179175,24.6763504955943,24.1308491364363,23.4053811548798,22.884608427236,22.5332959841778,22.4477990200774,22.3822316966097,22.3545829445788,22.2316810788999,22.3282873649039,22.2232568605325,22.1854669421727,22.3251925871964,22.2231917916945,22.2164021067673,22.2451474457522,22.2334435371739,22.2891122677413,22.2901272243243,22.2046948627638,22.3006605950044,22.3344466234807
23.0189686580793,22.6944726500804,22.2426490150374,22.0344785498776,21.8361041284204,21.6677374533859,21.5087003961081,21.5550436028436,21.5177843260266,21.4615664674753,21.523350966856,21.4468303246808,21.5155209903403,21.4901601494694,21.4237873471356,21.4201219212645,21.41146406073,21.3919519089259,21.4133329876184,21.4339575078863,21.4346190011696,21.4543610333966,21.3873386925666
34.7596084275069,33.8379537833099,33.577405765426,33.2200558181181,33.0802792257005,32.8797796685653,32.7226590762649,32.5447846665396,32.5556367189319,32.6054195903501,32.5300120599864,32.6327824458398,32.5401518952509,32.5676465488986,32.6493629809848,32.5472874076938,32.5695369123334,32.5336812047817,32.5801475545056,32.5586679034597,32.5147725055825,32.5784486240061,32.5892797922552
35.8388682294084,34.544459812953,33.8057899392911,33.3226532144391,33.5369402149979,33.9812170797167,33.5565548751027,33.5444350266765,33.7499597045727,33.5535851806338,33.6460364294822,33.5967451613317,33.4829695380079,33.4491601743586,33.6361047469648,33.3905968879376,33.4880315600749,33.6680046640017,33.5401775533819,33.532359725991,33.5539404570264,33.4265082049028,33.4518396388847
25.4998849459399,23.17816339589,22.9076349654211,22.727355411387,22.5154478534914,22.3217526827327,22.4532029963057,22.4152820574749,22.3713372285237,22.5248171377197,22.4882919813255,22.2893400928667,22.2282113392979,22.2435194851535,22.3758444588406,22.2354935268613,22.1459435203694,22.1319981139425,22.1847908626899,22.2534965917922,22.2508827219958,22.149025498512,22.2736379429023
32.0366258480489,30.6972217527694,30.6093775364847,30.3172311724596,29.3405546401254,29.7303693835815,30.0345258714684,29.8473343546878,29.8838238224934,29.3890120990591,29.6621584318976,29.6714063462675,29.4187068619246,29.7048341139654,29.342618052232,29.5711260787138,29.4196991288934,29.4947181115664,29.6322070511172,29.5437290673686,29.5555009697267,29.5026460624804,29.4971805674733
42.5982075270603,44.2845737317877,44.2414116412111,44.0705680536856,43.4652735883083,43.7465210535081,43.7200832574422,43.4999183896064,43.4959701788579,43.48493856677,43.4993780852144,43.6171591161085,43.7135281659922,43.6011621797765,43.7529884195408,43.5459823655759,43.6727059152411,43.5631560098507,43.7750960515542,43.63109242051,43.6339265551692,43.5924814278813,43.6345173596135
23.9782606010756,22.4804023689808,22.0612171347522,22.2001232301668,22.0367754121907,22.5711109021905,22.3378646554876,22.5772971588668,22.2982352427979,22.406621784219,22.3165878754133,22.1457591929054,22.3821317645451,22.3004221798647,22.1863075666947,22.209196738526,22.35524957929,22.1346538550438,22.1904407880297,22.4657066919023,22.1956914433861,22.2549757057729,22.2947376872161
26.1649825957116,26.3837910497076,26.36088641422,26.3866382228074,26.3096926689643,26.2182520746352,26.2852905714754,26.2379186811087,26.2275245224035,26.1667546166874,26.2431436681049,26.2560615901952,26.2448081794468,26.2744877361557,26.2140922331563,26.2638996739478,26.2219719530152,26.208463459811,26.2308187174332,26.2169502160769,26.2644737633806,26.2269959007704,26.2312765826375
32.9501247180765,33.5148555811265,32.7735739430031,31.9424079619112,32.4059557901959,31.9920185741277,32.3681097184261,32.0960240775803,32.1420280205239,31.7189258340294,31.8863489359203,31.9501557544342,31.8589558046229,31.7922269158125,31.8980377112994,31.9147178291227,31.9739441273872,31.8693835821632,31.9623539297916,31.8686609948228,31.813333756632,31.8881648268785,31.9171248242641
27.9220153999854,27.8971316853897,27.4219916968923,27.1355397499552,26.7943321057634,26.6930063643083,26.6323195058351,26.7073716711441,26.5990504265169,26.6571688122639,26.693339069466,26.6931826731152,26.5929435301941,26.6018327601346,26.686596058339,26.6103094778257,26.5839658976406,26.5733688521,26.5884732720833,26.636814834504,26.6557109691888,26.6482288714198,26.5908304657391
30.7779945385721,30.1213063011222,29.734524232551,29.6178860162105,29.7672244735058,29.4570233275808,29.5180784602703,29.423600202761,29.382334146926,29.3447695372623,29.3255058729107,29.4217920989243,29.4358707689148,29.3401556071566,29.4291400951454,29.3164954228512,29.3868945177876,29.4024839475027,29.3368064962786,29.4421608888149,29.354211102379,29.3680879259882,29.3916897823776
28.9811607681001,29.9679572188216,29.3246510363856,29.0902352789807,29.0887839555557,28.888554047693,28.9032105521778,28.9884051438645,28.858713180381,29.1380029159218,28.9667353046962,28.9642328116659,28.9592322778656,28.825544491117,28.9268791923445,28.8128348136842,28.9308801514129,28.9031079209564,28.9732741239212,28.8837299323246,28.8895185146527,28.8933684670545,28.8638914344481
25.3663329542899,25.3827967059911,25.4353832181872,25.4412090341715,25.3387261797841,25.3794429617946,25.3500711659902,25.30510688443,25.3175495469225,25.3089466011444,25.34194929305,25.3434915948028,25.3252753113297,25.3190182334892,25.3404145863056,25.2947427405153,25.276832806879,25.2933725434377,25.2979836202025,25.2854780150499,25.2991819382456,25.3044961184985,25.3198547381677
27.407408815147,27.7746308762326,27.7606183449642,27.9260089435015,27.7978631990739,27.886147188978,27.8376351970351,27.7890430626294,27.7986778997243,27.8545808816244,27.7393920479597,27.7867756206203,27.8244748955959,27.7741952161869,27.7093408954855,27.7172665556119,27.7936042811017,27.7363662922047,27.7487633869318,27.7897056665209,27.7179259121714,27.7319057146085,27.7486721778179
24.7413020183031,26.5033266882077,26.7172274292288,26.7834505716148,26.5937343899797,26.1799302467538,26.2623339003042,26.5212444913953,26.2410255943017,26.0281763305521,26.4401276295606,26.5063992698858,26.5224875262931,26.4363391150862,26.3134202411766,26.4000036803667,26.52594469497,26.4301892557219,26.4684712059037,26.3516474203189,26.4128158442025,26.4540637908607,26.4410663640262
23.7256901391713,23.6005955660259,23.5038185297352,23.2731801924375,23.021585645201,22.8749101323887,22.9315370600077,22.8096464024251,22.7882976495767,22.7686557548693,22.7565325101999,22.7443859734245,22.7120960039051,22.7027089077555,22.7673747568295,22.6448414552755,22.727013082247,22.6757606759788,22.7359938688402,22.7343459681704,22.7144141710649,22.7299240006532,22.7163133900456
39.062529549267,39.005042957376,38.972777114357,39.4204213864727,39.180615314577,39.2159038202811,39.1270123623052,39.0743496189193,39.1622115410646,39.1700496623747,39.2681717433537,39.1988985732631,39.1312799073945,39.2137901038673,39.2386136300303,39.2710280320579,39.2551009127272,39.2465006477361,39.1774115218329,39.2364235276833,39.255372206076,39.1968806470283,39.2283919544522
26.3060559385295,26.5950462565324,26.0871875345727,25.6411214662102,25.1204553109507,25.1971140848808,24.9531714129313,24.803369408838,24.9239926104516,24.8025834309841,24.7394627037418,24.8118284661291,24.7144683039046,24.6896608113474,24.7334332784876,24.7691111888473,24.7915644350601,24.802267222492,24.8025474380027,24.860515268797,24.739522216063,24.7659159133502,24.7744494377266
21.9718899288443,22.2700963373742,22.0123327845094,21.5558999276222,20.988714605948,20.9076790210215,20.8264227161387,20.7457185406551,20.8523883927473,20.7518054015299,20.6771079733281,20.6727207033034,20.6752576816411,20.7023843372051,20.6365119853335,20.6406258207336,20.6585904417656,20.7399359713436,20.6504695771139,20.7291503218117,20.6527739865798,20.6699607238648,20.6602538534689
53.4157309258994,50.3844981865774,48.922124323198,46.6451183048243,47.8320062151768,47.280703946504,47.076042489911,48.1591505596199,47.4034827825343,47.3024180465679,47.288600435744,47.2743793696668,47.2006773260511,47.4514834385692,47.2883735116921,47.1258300522466,47.2378004470507,47.1161149948399,46.8080188379585,47.1320973831675,46.9921773698861,46.9986419693383,47.0296856509376
25.9546481110593,25.236314962283,24.781309962893,24.9316642953217,24.9079540846512,25.0667537188418,25.0237018403291,24.928648308463,24.8384359738392,24.9365080301626,24.8916321493778,25.0755223056796,24.867414247019,24.9331805364409,24.8789779093276,24.9009974264924,24.8919127714207,24.9453220107727,24.9171453096719,24.9259507643502,24.9138108690438,24.9125207636874,24.9055708560924
23.6870370210954,25.3561546690099,25.4827302565734,24.8191799660761,25.0600340604716,24.5911554615185,24.5639232140417,24.4257704634511,24.5996734953833,24.6928348977843,24.5838258432438,24.5875750068003,24.487060871875,24.5392255541713,24.5493074530222,24.6435669250564,24.5350607537683,24.5633506966138,24.5164062636231,24.5992659711884,24.612327045617,24.6320771002458,24.6058080813207
58.7435050109672,54.6452818812949,52.7597044168323,53.3618096616638,53.6037614805871,53.2154634142981,53.5367077676106,53.6794478051086,53.2745082764223,53.1751935884838,52.8438384389582,53.3696961122685,52.9252842280778,52.7360253226864,52.9870660192858,52.9407539698849,52.7465281608383,52.9716935821944,53.0310183462055,53.0773388406094,52.8410870589584,52.9592090121927,52.856721833116
20.0695763594678,20.0470855504493,19.4045229825048,19.3134582092544,18.5150741116815,17.9655944017511,17.9524249954085,17.7733273959328,17.7744191717695,17.8843106389712,17.7467523517618,17.5888306304992,17.585409389948,17.5679324091756,17.5853357080988,17.6116710101694,17.5813753096543,17.6030346144632,17.5304058691677,17.501135909596,17.5024538798553,17.5781633525315,17.5292851630363
30.7198701398461,31.038240498685,30.4028000746278,30.8102341325342,30.7239824834387,30.3337416680647,30.1143513115831,30.4928575617171,30.2842700024578,29.771875408305,30.1822512178739,29.9139753854498,29.8151166115822,29.7331477565382,30.1163223540185,30.0266569211822,29.9841090599757,29.9277022385925,29.9594335673696,29.9240534331123,29.8522331846821,29.9328538307615,29.9320763683603
21.4001363735235,21.5985419917825,20.5217958750728,19.5654330691793,19.3070711231106,18.9781385831561,18.9907725050559,19.1103768888854,18.9534577466491,18.8589046400968,18.8389421453551,18.9331163268699,18.9610557138708,18.9187821243703,18.8788824269749,18.8873412492024,18.9607997976844,18.8898507400556,18.8869528165771,18.8959833537546,18.9009995494554,18.8443307082235,18.8831695995954
31.4881085266069,33.7256778904245,33.3826412428786,32.934397022271,32.6059650258486,33.2462938310821,32.6433453786527,32.9395108294646,33.040374537061,32.8761983462625,33.0292912301351,32.8253652030718,32.756262297398,32.7369211395249,32.9701765187888,33.0132555649447,32.9243112886984,32.8081741231518,32.9631659449637,33.0562032008543,32.9766825541184,33.0641107086361,33.0263020205351
27.2138716673828,25.7250885898561,25.2991017950936,25.6640526456166,25.6550005739956,25.3183778279355,25.3056797318186,25.5091707238241,25.553228880966,25.7187018952727,25.2991183220437,25.4602896824481,25.4466392549804,25.4026563145548,25.4371249012672,25.2641471169289,25.3604843515343,25.3202228051625,25.4530144622106,25.3264780875616,25.3721829906508,25.4167429724699,25.4147898963643
20.2000492334083,20.8495319181608,19.8678019492153,19.2305272029129,18.6592761631931,18.7873966350211,18.6014321540454,18.4728280106489,18.2780775852897,18.1651368500319,18.3676831089496,18.3143964205075,18.0856134598646,18.1968712425635,18.1669875452539,18.1254129215286,18.1696202660085,18.0941260428634,18.1376874443518,18.1837157907339,18.0698271085278,18.1542416621178,18.1509586493409
28.8681555366905,28.2732708413295,27.3815539046387,27.4643256388959,26.8791220800325,26.870121262551,26.7945422972355,26.9866262867377,26.7847005753349,26.9309548089652,26.6650441953579,26.8093484382017,26.7537555945406,26.7593992115655,26.6948599767704,26.8013448093838,26.6769695008078,26.6909971383043,26.7120641213416,26.7517500547639,26.7557271549369,26.7220985010321,26.7485401092569
33.7101657022899,33.5102773077616,32.582970578857,32.1978233978306,31.736763360778,31.2261296351059,31.0299094671348,31.254747848151,31.5622857331402,31.2577776493491,31.2250411156314,31.3461002032033,31.0819579941374,31.1595431661734,31.3461572364032,31.2474902984443,31.2545606855425,31.1237483272733,31.1827684957198,31.2451755017116,31.2399811663468,31.1908314872562,31.2364701846669
14.1800546223263,15.1778510581318,14.6330478765067,14.3156067239378,14.2046545595955,14.3078074788377,14.1537245904538,14.3211701529051,14.3257292233557,14.2670259414492,14.2186089351709,14.2043109284774,14.2180292886866,14.1991913570034,14.1881783245491,14.2529993683251,14.1870602281959,14.18751264174,14.1321984482984,14.297257837865,14.1942613092474,14.2540476690789,14.1940178037906
37.1087015193923,36.8124539562408,36.7529160079945,36.413824536178,36.3796055553387,36.2959627801836,36.2288354312532,36.1341444257785,36.2353738257616,36.1481433575151,36.1441757110509,36.0227850743086,36.1863224292347,36.1199861196345,36.1298892322764,36.1683521612977,35.9843728926538,36.0285661569791,36.0632526700615,36.0647582705545,36.0872525649106,36.0799349999529,36.0498997694585
37.2967781893141,34.7444228923245,35.3927770487576,35.0817155752671,34.7070318479922,34.3985888982659,34.5644900769981,34.3958331009789,34.6439703059443,34.5972790989883,34.4979544781195,34.5527564995742,34.5610547385472,34.3321040169477,34.4286542449298,34.462958568186,34.5134023301094,34.3809304672392,34.3809772282573,34.3570360756293,34.3149913636772,34.3880001825227,34.3233888814764
27.1482930688715,27.5283091309878,27.6678923652328,27.8951391290223,28.1338933909578,28.5750688403649,27.8550384028756,28.2775659187829,27.8851182122108,28.1216187557007,28.1920475650341,28.2372864985292,28.3241993121315,28.1690165249628,28.0476602070435,27.9951170416666,28.1361825104493,28.1285963754746,28.271046951606,27.997172163934,28.2508414827158,28.1988162164678,28.1665876390223
28.0359285360986,26.5931199858619,25.284133749285,24.709771772398,24.4564144742948,24.272985537963,24.0994971933598,24.0269561699868,24.1284375463529,24.0321879378124,24.0221311327072,24.0607113500868,23.9530071550061,24.0914222842025,23.981607475027,23.9417853630265,23.9499607693285,24.0610888234728,24.0050166397588,24.0307820545292,24.0209401681986,23.9031298525075,24.0234115124357
25.1444993946943,23.5838667733789,23.524596020304,23.5690704911303,23.2283473941616,23.472553986652,23.4504179121396,23.4568058161039,23.5432025413173,23.6983193027305,23.3630667915921,23.4021557454601,23.3791878174169,23.4163082951749,23.5753285226448,23.4880110218517,23.4602821513224,23.4138283291298,23.4928653274589,23.4340961611882,23.4281731875908,23.4274527892693,23.4503829584205
29.9983111559257,29.3623105050581,28.7496357464617,28.6787057782527,28.5341636379244,28.6000298943353,28.5344962791682,28.4282868705794,28.353800059061,28.1612495034195,28.2506805722533,28.4418325771736,28.430541549009,28.2512725589576,28.3989162043988,28.2569763911092,28.2899330007785,28.3386547857253,28.3344384040622,28.3218731371028,28.347037300411,28.3038579893082,28.3345889160273
32.9414249809869,32.0036151165563,31.9583187324471,31.8962001524101,31.8447296695761,31.8003856364403,31.6198137155432,31.8271429185061,31.9295830211862,31.8320733563833,31.7406403944228,31.9064293552674,31.8511354024031,31.812223967103,31.8792744910454,31.8779114919525,31.9310334677802,31.8844694986808,31.8320786627363,31.799700589842,31.8243529503162,31.8774822497418,31.8456524295327
27.7414700115192,27.0376136476879,26.894540896827,26.8096925024959,26.6739877995567,26.6276951910355,26.6818122840755,26.6364491379059,26.5662686582489,26.5677796113896,26.6110290071771,26.5286519138032,26.6407061511805,26.6257079179087,26.5884538417801,26.5724029123974,26.5851995232916,26.5963044282304,26.5463211223296,26.5594160470651,26.5682552325457,26.5505305632822,26.5732290732112
21.6334541783036,22.3099776541281,21.6076144363023,21.3641859858974,21.2171833809528,21.1636012194746,21.0600905745571,21.0162947387908,21.0100512253564,20.9713193079344,21.0797664121605,21.0106516090059,20.954998554868,21.0352772283149,21.0470456228939,20.9660419199281,21.0442641861245,20.9541348066468,20.9614461703509,21.0455648168717,20.9939649754849,21.0863762519165,20.9846957584386
45.6760826821424,45.6552193159258,45.5534733253116,45.3042236651019,46.055159870186,45.9108773578066,46.0733440792051,46.0269371581674,46.1219699131713,46.2154432278805,46.2771691363931,46.3408623259393,46.282405878607,46.4124900890726,46.1857167139763,46.3112317348266,46.2451037085449,46.2528193603543,46.129981489201,46.262147685643,46.3012034406484,46.2603171246303,46.2738769670888
21.2275115477234,21.3319610847874,21.3050018452482,21.0670646208418,20.8288141108729,20.6338712444533,20.7597339656933,20.62169628246,20.6249734053572,20.5592302803811,20.5244955794998,20.6369209089274,20.5278820124501,20.522925632339,20.6054729051027,20.6119014912843,20.5456647080337,20.4724370547879,20.4613803493038,20.4594055345283,20.4816702959292,20.4479174452184,20.4657218785042
29.8671329790453,29.1617815234007,30.1469822388088,30.2187830690367,30.0707696371461,30.3936963751771,30.0406373935063,30.1348877977072,29.9664586941924,29.9819064017442,30.209256588385,30.1819964573098,30.0284449310337,30.1471986238166,30.2021008092454,30.1264316387036,30.0656704561562,29.9835629829998,30.0503545875117,30.0297158345267,30.1113952133631,30.0266181500831,30.0498853597589
22.694476984436,23.1300480145521,22.7453065871227,22.7944316533048,22.7692611305453,22.7130530485407,22.7890054130054,22.7863427139519,22.7370043793076,22.7131873505226,22.7191861782727,22.734777892307,22.7624347126111,22.806518769041,22.7583791740124,22.7632077542198,22.7318169452113,22.7624276125293,22.691470877182,22.7206336099819,22.7346566933181,22.7150626254119,22.757402112257
30.3362543089862,29.6050207103963,29.3025300767768,29.0489085399328,28.9290712404094,28.87590802823,28.8333327818884,28.8573207778636,28.8863865672161,28.8403841687156,28.7920205301297,28.8138676857604,28.7743784162578,28.7877814584354,28.8268486598639,28.8112224208551,28.8403836756862,28.7928227607614,28.8513177851644,28.8090492394065,28.7839477954363,28.7884076310397,28.7954097887605
35.1559102119384,34.018496482635,33.6446941224545,33.2048801071223,33.3496852154274,32.9371402483037,33.064951654612,32.9610579533189,32.9137368760287,32.9616511289234,32.9562178552658,33.0252326620701,33.165543071635,32.9598995778068,32.9530628663662,32.9936747927119,33.0218110100068,33.0166552207669,33.0692730593283,32.9633879159557,32.9753038148586,32.9477351894405,33.0264646417557
22.2783009790387,22.5991879000536,21.6539243972975,21.701883206114,21.521738143652,21.8625461854867,21.60739175244,21.8623407449148,21.5605178803877,21.71921859101,21.5661509897744,21.6510339288762,21.5168778826297,21.7231762506602,21.5204584693818,21.6944823617796,21.7722573053938,21.6684592425378,21.6173762212762,21.5966567636961,21.7064971290702,21.6592449621401,21.6182569364209
28.1816873510388,26.5984610689558,26.3612184731752,26.1671232291726,26.2738326081539,25.8911558220862,26.0512348489645,25.9690124825399,25.9045054733101,25.7737441365426,25.8917453166872,25.8531006642406,25.9553180984279,26.0434488949093,25.9024189969851,25.9527713145427,25.8607989167729,25.8653742056057,25.8745092932544,25.8797416023377,25.9475851855976,25.8849238137245,25.8801998906068
31.3544469782193,31.1511944308855,30.3723382192897,31.1987725756576,30.553227561572,30.6706656329495,31.5927788927388,31.0841876984775,30.9137832547001,30.9909492706436,30.9243288726112,31.4434628788011,31.0642408611306,31.0223657705243,30.9802315024772,30.9639300452201,31.1964822815569,30.9762471570507,30.8383742091432,30.9371272348276,30.9769779375388,31.060265120845,31.055654086145
27.1214108903218,25.3973791861053,24.8501801170522,24.3144757901505,24.2426458735857,24.0067874029401,24.0019620114289,23.354919010555,24.081166600229,23.9626780556594,23.6038040705244,23.6460540739117,23.5713870924819,23.8532641191453,23.8395948405303,23.6615279452299,23.820688003684,23.5079516687187,23.6022312100433,23.7626263772228,23.7097422793518,23.6589788417067,23.7490489424638
23.4140463076424,23.1560756342116,22.6636943161293,21.9994661983927,21.5123437367535,21.2467864333343,21.0129728706756,21.0472177027839,21.0754026194934,20.881355065862,21.028200980789,20.890999056384,20.6998466511464,20.7905697314993,20.7147927877189,20.7780723467769,20.690694187063,20.7474877129669,20.8012315240814,20.660562331785,20.7671374914848,20.7644475026846,20.7432300102088
31.198957517469,30.9379978558243,30.873185924256,30.8549668519339,30.7481630770556,30.5704160508394,30.7708933900607,30.8299361438835,30.7365279420758,30.9725609130932,30.7962964404733,30.6816115082212,30.5905488361618,30.8169775858808,30.7286016794901,30.7902132008574,30.6826115074877,30.7282217287307,30.7402098657769,30.7593173729755,30.6576403022094,30.7190092700518,30.7058077093748
34.2564798285575,33.0993459487671,34.281466079353,34.1949981373441,33.7434750056101,33.2994389066163,33.9895058626804,33.9722020112694,33.9270540597084,33.8963553414317,34.0443071703807,33.7088808657092,33.9701256525455,33.950953153666,33.9047948979631,33.7961852558261,33.7406914012254,33.8624964727775,33.853334952128,33.9532229800885,33.868088862871,33.9095931388792,33.8407619538691
19.5169942320864,19.050068003213,18.7828484446182,18.7007423146825,18.5426773783936,18.520348880158,18.5359682125189,18.4873887364778,18.4884368317144,18.4432226140077,18.4728358829135,18.4423476834101,18.412179824084,18.4599037445098,18.4678321459716,18.4183730859305,18.410109482815,18.4654056628912,18.4377621802196,18.4593044187279,18.4630361921422,18.4727177977533,18.449587588965
29.7441247927957,30.5402161793301,30.8029732439588,30.8427975690419,30.4998241564256,30.6528793326667,30.8168911044245,30.4668379037668,30.641204803437,30.7458646849687,30.5425435157923,30.6322229359074,30.4726133519176,30.6295967675071,30.6425807459177,30.4931688817214,30.7174682748923,30.695987653177,30.7204618262189,30.6665336785109,30.5712366972283,30.6640881493152,30.6628391117588
18.660903484483,18.5025512823084,17.727639654112,17.5112254002494,17.3139704860068,17.2680729834473,17.1071040604873,17.1457116797489,17.1245318165688,17.0437064425568,17.1582463578373,17.1375001061018,17.1113669077376,17.1532220323202,17.051998774321,17.0799312948752,17.1111344643192,17.1097764660009,17.0943320273253,17.0535216335147,17.0716551446991,17.1356616242167,17.110371539394
52.5427766641366,53.1743442488008,51.6577847375447,51.2091662798739,50.5330701859333,51.7238887627824,51.3724458159913,51.046054903524,51.4945806526331,51.131436915047,51.0561061367679,52.1208498789871,51.2938911659112,51.6400651580726,51.6177607236928,51.2503216379092,51.4829167475447,51.3316996844296,51.016481838005,51.177657979431,51.1553747691178,51.2521372330362,51.273819658207
26.4854487503321,26.0809069127828,25.4637176619224,25.6961193609189,25.2995603672665,25.3488101835998,25.2108675885047,25.1912454234513,25.3128585345645,25.170133334426,25.1024363780421,25.142701436193,25.2278338107761,25.1956981521143,25.222676717565,25.1966943918024,25.1510263952593,25.2171011399626,25.1692343281048,25.2115208359766,25.1943986954245,25.2983767879929,25.2039591476403
30.8398409356627,30.1935355712745,31.0916720322187,31.2931928418733,31.6247612942164,31.6253914580515,31.666758598988,31.814036137163,31.9112847321941,31.5853085417248,31.9973230075364,31.6366176920495,32.012426072194,31.9109099274166,32.0306026152838,31.915652469912,32.2697216468433,31.9039970562836,32.0854243587185,32.0070869818804,31.89127001231,31.9506799344364,32.0555249096479
26.7224345370586,26.0347358496619,25.8768001932312,25.7118549482952,25.7928375763856,25.7712267691284,25.6154975034514,25.5972414039256,25.6706974378376,25.6361243427644,25.6664670788519,25.6119574228971,25.6427397844935,25.6391383456375,25.636740445749,25.6416668542546,25.6346535441784,25.6075263949587,25.5843058094414,25.6010664896633,25.6449427063132,25.6821048377547,25.6081878238569
32.3278069197847,30.775599162375,29.9441906020038,29.4155305251147,29.2714941670397,29.3443210496381,29.1906475906011,29.1831232736273,29.215660731952,29.0664233285452,29.0425775288731,29.176256895466,29.0547902600909,29.1727319435884,29.0236218189859,29.0134547067652,29.0330704684127,28.9691368367002,29.0340217431163,29.0087656083636,29.0118198755231,29.0695648432407,29.0334972524106
24.0708355271886,23.6994119471983,24.1528662442578,23.7082777089103,23.7259788836137,23.548729944331,23.5479645743849,23.3843115275319,23.6043563425071,23.445903258193,23.4359871026107,23.3403243470015,23.3177878086858,23.3814423040167,23.3445561993487,23.2855520685155,23.3370444790929,23.3211930811327,23.3221001126295,23.3049167897287,23.3757731255273,23.3378500801936,23.3147318541075
31.4634313371784,33.8846559478562,32.8963930364676,33.4472489706937,32.9870526643073,33.4551692571078,33.2148361538074,33.1806146613084,33.1582279927475,32.994643938025,33.1388618560503,32.9410363394906,33.2951979294632,33.0187983685955,33.089377725614,33.017706078483,33.0901282935821,33.1555801379686,33.1459809619565,33.247535954735,33.213814910788,33.2036120675506,33.1205052382979
23.1795554548561,23.7820827803319,23.8227550682818,23.7315363486224,23.6084627993305,23.5371991519739,23.4717913543981,23.387327124194,23.4143399645817,23.4422283715227,23.2930604583092,23.4672347287087,23.3029185201871,23.4125978208843,23.4025508202469,23.3687966711953,23.5836600538606,23.4803720149984,23.5006526840064,23.4200541748944,23.428647462634,23.4755811691468,23.4517425813982
27.6389099398602,24.9135592645556,24.1991487946149,24.4432097318059,24.3605208163288,24.252326800145,24.2942715142192,24.2024434192091,24.2890582034642,24.2783903771304,24.1919481769588,24.3119717042507,24.0787205076654,24.22218648807,24.1471754265753,24.2380706778243,24.2338879508245,24.1981247168565,24.2113062821285,24.2145384277454,24.1471744883557,24.2493451813774,24.1906795641851
21.92483280107,21.5826143117349,21.4972129752402,21.5094495550887,21.4103484278069,21.4759148945487,21.4584319986607,21.441384499735,21.455401751101,21.4306501827639,21.4249376178817,21.4602080539942,21.4468498041066,21.4411187729125,21.4355079441113,21.4257188798556,21.4313191361591,21.4103282743917,21.4296639099272,21.4408292906945,21.4373929580825,21.454631427827,21.4262569453208
43.2228208307736,44.0325905337885,44.2032946928274,43.7484161315625,43.8903351154818,43.8935273113769,43.6396540363014,43.805095793495,44.1058162109481,43.9647280428054,44.0090566048159,44.0302597607858,43.8516469311149,43.6140353522768,43.8858711145306,44.0139014138468,44.0515544825024,43.943758733587,43.8558544288426,43.8022389288557,43.8472498930828,44.0040048753031,43.9817645488118
26.2351589061776,27.3306978169503,26.5377587081952,27.5269427778298,27.1306907774067,27.2049188186363,27.4015267842309,27.1356257930908,27.4048458806808,27.0766353483004,27.4965095594656,27.4388900316772,27.1981707387696,27.2717609111886,27.3909313171168,27.3273304346283,27.4160792806432,27.3812007117369,27.4871201137508,27.3628899601922,27.3941245754008,27.3481463843096,27.3660397649164
25.8260522826592,25.6871103928087,25.6129564640866,25.5969024719621,25.6606975114037,25.5900151559682,25.5570084675605,25.580883013435,25.4930264093302,25.5673671966011,25.5667340320496,25.5577826670454,25.596067108708,25.5362899024205,25.5076706388142,25.5682769882761,25.5908476477288,25.6343790055106,25.5243130565268,25.6080368535144,25.5784112423886,25.5556159251178,25.5589507602342
34.7091705230195,35.2159674718285,35.2970463433038,35.1509153097937,34.9751673223692,35.5753892205298,35.4853199339517,35.2493448097204,35.4198594750186,35.4167538532549,35.2790322540025,35.3276480772415,35.3322381824513,35.3672858433638,35.3878998583789,35.3396632905528,35.3987618515569,35.5010557437789,35.4018876872308,35.3729239575043,35.4546781523764,35.4009310657243,35.3662499745784
29.7499428908741,30.095289191093,29.7607516443875,29.5443068856194,29.3555875646511,29.4347759550247,29.2793003644332,29.2930224448445,29.2752302936871,29.400906831433,29.2812802706332,29.2574106112521,29.341116091269,29.248013988368,29.2359832729961,29.2091939786125,29.3171169753728,29.28289027825,29.2883137859185,29.2324989177037,29.2918887174503,29.2880987633341,29.2813226694217
23.8373504673527,23.8594831030512,23.4176953488246,23.4318599412814,23.4292319545829,23.2067378813266,23.2128692794355,23.2310745033718,23.3168236586851,23.2377823509255,23.3307543869183,23.2684771954486,23.2867396612292,23.2982620368914,23.2836120226459,23.3124863339579,23.3019272173045,23.3158878527186,23.2738636761856,23.2492385484964,23.2385031278978,23.2979070341709,23.269245790461
23.4823123700052,23.9158124514229,23.8040528897597,24.0609499805737,24.0271092625456,23.4342432761298,24.1168159665425,23.7543892401152,23.9595213266239,24.036117185889,23.8653393771864,23.8825605943658,24.0179675413624,23.9657449111057,24.1831149668157,24.0628404999704,24.2121503721455,24.0576247926079,23.8631238855682,23.9092697215193,24.0418298147669,24.1670013777932,24.1357337902336
35.2787047826184,36.6155464577014,37.1841863407136,36.97843170149,36.722757674577,37.1135030593742,36.9624937946938,37.3433314913638,37.3422386884969,37.1914263695102,36.9343509044936,37.0746320438899,37.0213998638018,37.1664228652826,37.1852199041696,37.1404427183223,37.2704797900164,37.0382532125344,37.1381325760414,37.1697679590628,37.1947881827302,37.2166106687624,37.1451957870856
32.2363952682328,30.3068827908235,30.2970982056766,30.1378415636249,30.0708121486792,30.1479277758857,30.1583034136945,30.0270860976369,30.1281825622704,30.2786832646709,30.1916362061801,30.3225142596493,30.2248736755795,30.1628611192711,30.1236959990197,29.9896145581818,30.205842650429,30.1740741149619,30.137271345164,30.2306791588346,30.1523265048872,30.2262577211999,30.1995535188992
29.8501215795185,30.5955833172578,30.3170249842316,29.9848084393514,30.1315990271247,30.1910724108474,30.0240135637776,30.0609575820192,30.1426295047163,30.1843362097389,30.2228650602948,30.1355093623563,30.0724954024413,30.1481580002832,30.1299888215431,30.1725721280316,30.1355818871568,30.164396545551,30.1840141516955,30.1485548202177,30.2160516732962,30.1769107559681,30.2120070780597
30.7289580286741,30.6489461874926,30.627352388997,30.5971161547665,30.4367244451714,30.4569406109422,30.4004754185,30.4242971622959,30.3806990735025,30.460546776338,30.4211126159131,30.4278303829649,30.4570836918399,30.4270704475399,30.4077936955784,30.3389815379458,30.4260462976311,30.3651742346826,30.4102663095176,30.3879651996971,30.4026367589981,30.3994302749735,30.4463012538696
24.7763619408214,23.5782279026444,23.1280234924361,23.0894677715449,23.1834004115039,22.9594932162407,23.0080931734018,22.9038842349612,23.0527365081892,22.9544316531404,22.9355555985475,22.9228982171285,22.9249320771568,22.9766976665046,23.0321637221909,23.0177234363366,22.9508209144373,22.9045276189411,23.0250964095528,22.999715509941,22.9987192262829,22.9562955907049,22.9826360086951
31.5989130030347,32.8951505988549,33.1727894676162,32.5507531459238,32.2929476842039,32.2716876837971,32.33319642133,32.5861920662147,32.230921746568,32.1500246538101,32.3923367486994,32.351719892305,32.4652778168076,32.3709619756483,32.3518977270854,32.2813792149784,32.3146296759843,32.2763245196067,32.2880906825859,32.2235181298181,32.3298730114913,32.3410482830825,32.3584499662201
29.090095229624,30.4177270871763,30.5881402503072,30.4563963691301,30.6664937244345,30.7787792418329,30.8232372755543,30.9552775008295,30.5808372299293,30.9234025393644,30.8039623497706,30.6740987448844,30.6842269611806,30.9922346750584,30.8424084053557,30.839064670036,30.8797774275684,30.8905853247304,30.9170977630984,30.9502815781158,30.9579558405194,30.9367351751855,30.8178253285667
