"V1","V2","V3","V4","V5","V6","V7","V8","V9","V10","V11","V12","V13","V14","V15","V16","V17","V18","V19","V20","V21","V22","V23"
177.242783387308,148.362611464877,130.501390180954,131.152582896323,138.684564380545,142.520477182978,147.525039588925,146.058047856006,151.695049463183,157.791967077738,158.879018242017,158.234862836059,168.507129353895,170.815392286441,174.67993925721,175.137240937264,176.259366040085,176.135194183786,176.303548905955,176.313406906013,176.352287811253,176.385347577098,176.38187465383
308.75279748822,268.747069930405,263.527338599178,275.243535740358,283.674371908894,288.415722896166,284.506278164338,287.323493259158,289.271143222514,293.631756891508,291.821415326202,293.71491586806,299.165077093506,300.563386495328,303.609207307548,304.279500710349,306.528951796927,306.319321818831,306.295917460266,306.701746890435,306.924851712282,306.831677287284,306.86757191143
390.629019384488,403.726950361956,389.54041043946,392.513942834024,386.663851483309,389.178319924541,389.464359471763,385.895811430679,382.950299821088,388.560249047024,383.079621950399,385.871146213275,385.688138683161,388.754156421111,389.406278653762,389.512166982661,389.664663333826,389.934609565979,389.957082536539,390.045724699989,390.16095635647,390.186896544061,390.186425711568
461.834490586683,412.942100490354,406.138406559785,395.638394647478,386.672042467592,388.056915142446,388.539638885026,388.245658532664,398.612177303303,411.646864299266,418.584864363172,417.489061080212,439.365541520685,450.105438837473,455.568518361082,457.283338448879,459.153055240365,459.110457400331,460.466712455013,460.010436961765,460.362871277783,460.34801876981,460.343998402915
432.555585936879,431.66104730979,374.913512467611,369.081736615021,370.673013537182,385.106345713035,396.858534340224,403.541333994591,404.802181056806,411.595159037628,414.389213934844,414.476454007963,425.4397766196,427.56135575868,429.270419175798,429.647317421566,430.383256956751,430.628051563609,430.621431702221,430.764589494845,430.833938483428,431.026947232494,430.965920399309
386.718045370683,301.477854157349,249.156113739517,252.600376509602,278.308042536253,288.653218454929,301.482816765777,313.560135320992,328.390856902781,329.204632262799,337.471463697491,342.140344724789,363.208881476137,373.136610999874,380.68520120526,381.53041503472,382.306394026278,383.200273507285,383.481448313022,384.362655410449,384.308287490944,384.472092685609,384.373988980152
161.693854537772,144.760797297941,132.483891632734,127.309946698279,138.97919633604,140.822331195958,138.10290763452,142.447558973612,143.724513444612,144.436288199857,144.91565619982,146.387225291917,152.094841785714,155.105842080242,157.07689529627,158.280900529904,158.857830794583,159.064110619439,159.180165085256,159.178334223471,159.320545278625,159.257779022215,159.345324771908
460.601660820527,388.694145756256,343.366596144277,343.17841862967,374.451618809693,410.503077794164,418.974572798101,423.159470977787,438.127676400418,440.03778304439,445.413509879943,445.245295223003,450.280006251494,452.961946343254,454.027576490459,454.409356440267,456.271584729378,456.506190820738,455.744679258798,455.99611106738,456.533979758778,456.401943086573,456.432500184023
226.620680249176,217.765113405938,148.129303119362,128.217511751546,133.131438442427,142.768890431262,151.022223805155,157.9784713358,168.629608019262,175.693444979142,181.390700961613,185.869386516518,206.700197428495,214.480719966719,217.785088125206,220.576088583202,221.427106597274,222.289104464496,222.635304892997,223.156728563735,223.249917342734,223.349096820082,223.346739887053
534.305328412997,546.472990871793,544.603846139718,517.50765529918,509.555811181095,504.514342845931,492.71337578075,503.043270863032,505.774561700997,506.346116549153,513.917658636485,513.586906556755,518.243673667013,527.576523961931,527.545984941542,531.580707458647,532.775490718152,531.921027079717,532.949717436733,533.109348485466,533.199681342305,533.357126984785,533.363971361503
183.291823619625,207.422362143863,206.548556263648,202.885482167615,201.769732642195,195.749329090526,192.362528184913,190.240774737629,187.114468546304,187.088231245212,186.017257829295,182.743790117189,182.90859718211,183.27796002554,182.514200844986,182.796476360516,182.318894918703,182.276912965217,182.25640050828,182.200272886222,182.176680225934,182.221023255736,182.205115187054
246.127085944999,235.239472211515,169.27311925455,169.527783542001,184.191113587816,194.180024035947,201.621170006796,210.321788062414,215.217631856588,221.77087783735,223.59222844545,228.189128236298,233.416403575622,239.695263303368,242.112354560827,242.517284021607,243.030601880774,242.897138106413,243.460679494655,243.625855295099,243.736710949889,243.77766257367,243.814638190844
117.138811443011,113.097508169363,111.82854275475,112.454252554921,110.840957925785,116.126839546799,118.180724863096,120.184440700156,121.955339916249,119.175057770641,121.136088200892,119.859478597952,117.910958577634,116.727312959114,117.187291563828,116.587384031282,116.973720777115,116.887632916891,117.036843652704,116.935439139948,116.873163163599,116.882561085911,116.925935993882
344.841083083491,298.16010485243,239.138230358069,249.818399515938,257.533224983653,273.99722332979,292.365769656637,301.036779773809,304.07366774881,313.824542193815,319.203484261459,325.835008904927,333.12969496544,337.258550278017,339.159278615169,341.438119004259,341.464091892459,341.578676465438,341.410265910889,342.015886537125,341.981016012943,342.140273009765,342.068546336284
527.918827976428,527.71385385851,539.030169350364,526.218339331227,543.685687766445,543.886104321027,539.528993619596,533.015729041055,524.119029878432,526.201870373114,522.976961653116,523.092201951622,520.777664333331,526.405987501286,524.134743818919,523.642579443718,525.241485614249,526.027065317602,525.990551846448,526.511930467644,526.52157945161,526.732841448501,526.748713488342
167.646770290643,143.363440285227,106.900824214404,106.338504876428,124.558110870057,132.458002104028,144.926233319091,142.708410981867,155.034295289556,153.898368404118,150.542494251359,154.247689766336,162.047937547576,161.133353041968,163.510958781858,164.246452523467,165.951039202501,166.400535355855,166.375900686819,166.696540784353,166.758693241659,166.853668080322,166.886841488103
397.035869346167,374.43803267158,390.347164146361,385.061966163904,379.99314978607,386.87132411048,385.748353735307,388.872983785238,387.102406849026,389.078405560855,387.984650819205,390.018328769768,392.098611105934,393.728937078371,394.691468901195,395.706798037447,396.042715368582,396.136431167916,396.122575829504,396.136851849415,396.319904576449,396.458020948749,396.406200357866
753.558896074811,741.993893898704,739.308774877057,740.795059157217,744.841902923023,751.763936800527,759.908852908338,756.463441866844,763.388700220956,767.198558323387,765.087657861589,763.870353472144,760.215528938119,755.253397460418,753.904574411532,752.921716845516,752.842000005842,753.017237063874,752.91373042175,752.515015994055,752.914650939128,752.831497565151,752.868293981591
406.227542184239,380.100627177193,349.817504743112,354.515257492188,354.590635555413,356.192970914368,363.457667976857,365.758824911795,368.312600593157,367.919797494522,376.220466321923,383.280197003754,392.339548626422,398.728035577288,401.901355815965,403.391425923727,404.68533547072,405.131234193469,405.555912368179,405.456865723767,405.619847616829,405.638307228329,405.58795809757
173.687157371261,164.695586634018,166.938750578561,157.462143436972,157.736800478906,163.834530627916,164.422199612334,169.28018457461,168.733186559781,170.29558511365,171.678630350747,170.642467531519,170.922199832824,171.6848444342,171.104760699587,171.529587032867,171.579819730994,171.631954633848,171.882350987465,171.916589680388,171.958632553867,171.981475076607,171.936554899517
458.9763513494,413.912665711749,349.736145394183,343.69634176211,354.608931525343,379.234306530026,389.710163389346,401.289211226789,410.121194945085,424.212598481149,430.289126492314,432.357042730718,442.571010613043,451.355925519158,452.986761602213,454.038705967507,455.376542953492,455.560969373557,455.400435093576,455.851083295634,456.083383883293,456.058959198614,456.063448714593
250.883904270216,223.603417123429,183.367175737632,180.201521408262,181.562020021074,184.262891425264,199.513789113575,201.520370068264,208.403700371286,215.556628940953,218.554032323121,228.842125758531,236.997160068932,244.30512677344,245.686921109533,247.691661610734,248.286330125848,248.890962456297,249.058063402866,249.211942249439,249.302549539565,249.301977873317,249.329790731298
307.384812433394,295.922806764353,294.173964481269,290.1925626647,285.579870978056,285.678257339393,286.378510449216,292.547488513541,292.315164847383,295.602655493391,292.841785235798,293.414888595609,300.590627885661,301.209099534496,304.080929358661,305.564953001042,305.285739174012,305.80859803245,306.205723930011,306.198814022254,306.152722201778,306.18573807104,306.163955091711
272.084408272699,264.149153451533,233.99524755064,232.329620423321,242.779057219477,238.908334306345,245.520631660382,245.775271712786,247.186778790045,250.205220736823,247.315340550652,252.286241982865,262.112564612991,265.054833272843,268.25028570265,269.774451815984,270.959239845054,270.942282442879,270.910222095024,271.315921778248,271.193543204795,271.197277567428,271.25774837786
435.352556068062,405.985533758593,305.791731543896,312.311920447584,331.850686996223,348.945361056783,367.829956672811,374.487888668858,377.330111176678,387.656359467173,389.910996545232,395.719572176254,412.27036888079,420.716270310369,427.448625972413,429.696488185879,431.855916147262,431.629062940921,432.734718323895,432.732553303861,433.027797625266,433.234749002653,433.157020177786
161.984339401687,159.664318841342,143.465176450182,144.826648231155,149.475118847745,151.076499355284,156.300979782185,155.114822633492,156.689669819344,156.733246207533,158.553008291665,157.670393145678,159.818336561977,159.983827981389,160.033774111738,160.441441256179,160.914268762844,160.821032998959,160.711220648959,160.898979056569,160.863635565756,160.885301771806,160.861888740742
407.308969949245,365.40044041098,375.966734776279,382.196382019275,383.257491393715,389.830706744349,402.668095012751,407.67043093047,409.444678920085,416.70385218128,411.547089240737,411.245995245058,410.994480410707,407.276761586534,406.225087714029,407.022223793206,406.836984037247,405.849659726541,406.294847810649,406.029864611651,406.065822963778,406.061756869565,406.074682479997
229.174926853295,176.083394302485,140.633720832022,134.890389727918,138.343921983188,141.690330807033,157.265946246565,163.438272920933,171.398097955403,187.466401125983,187.699662105928,195.984865162644,212.038079261095,219.569482369148,223.837250982165,225.090782583751,225.433825259476,226.385348532464,226.538978142122,226.273505089392,226.906964964439,226.987548469563,226.974653294752
584.23659971778,562.240344115101,601.939059270058,601.641062701745,605.522729010474,587.626819347349,589.269420300582,590.026857976222,588.659647328247,590.505414950018,592.839975036326,590.370633544805,585.259700258453,584.584173987324,584.855626020279,585.056247073329,584.936580799026,584.484115846124,584.562383410747,584.192099767006,584.493563677545,584.568755764202,584.789253848624
414.555262392253,437.972825326568,400.35437507138,401.035417194881,396.084360902301,396.652254245828,393.988862561288,400.279336061001,398.576697470373,398.229512104833,399.654582312218,401.568334848157,406.311544652696,413.169415801115,411.690076518793,412.374830924714,413.219078467507,413.510926801831,413.591428054824,413.602142301435,413.725719277027,413.772231960225,413.742506890293
330.52967860143,338.748000971617,337.597528659192,332.553293223316,328.697159664783,327.985002629587,330.002374511809,328.022885962385,323.266323421377,328.99586210028,323.975608000813,325.518138208841,325.719885983973,326.093281318976,326.445904913737,327.027291237469,327.410333572618,328.15623067691,328.170697212737,328.141333738591,328.006026414366,328.100026524356,328.038884007102
372.130667053564,347.204829062922,255.932812838985,238.284958106436,251.714282122194,275.682557788057,285.125488463585,309.555452501126,313.290652406704,320.817190348922,325.312181374515,335.590309064624,354.940482485803,358.944264193475,365.274345955934,366.127940950895,366.970144773024,368.528816701866,368.961669660939,368.855018854317,369.131543590873,369.186314903279,369.19695511369
310.960935906153,278.852630563175,275.72022701771,272.804669722955,268.054154733014,279.844459170472,278.099117473636,286.798253723492,285.842791969365,290.454917039602,292.757752264889,292.619190347539,299.993453523332,302.873098482805,305.317275214284,307.680995921846,308.681846538254,308.607607797081,308.931809780488,308.798062377303,308.873962848588,308.927768049017,309.028003697187
233.697582887022,189.210617774554,148.022740676684,147.370051719636,157.927855333128,165.122252212213,171.467691139523,177.880145603148,180.405686225286,186.978791870365,190.057522082514,200.184822277483,213.54357736028,221.579654042567,227.120530119959,230.29055352657,231.303066134095,231.733963301033,232.135312884552,232.042909558295,232.477864177413,232.486243655287,232.545518774675
350.417211013412,302.291794224741,252.421947000497,258.165021020319,256.970235508507,265.790518967261,280.175586280038,300.856981986395,308.563336092388,323.616378353269,315.397136511544,320.643853132112,337.419127794462,343.268717621304,345.651664271232,346.340774826459,347.693937550589,347.954758054631,348.555399171836,348.5766684629,348.698752187096,348.896693403517,348.830064407683
327.843574564105,324.264880136828,313.408050735019,301.384291522548,314.205319765285,313.62668852544,326.330396151172,322.513851059899,320.571111031344,322.660140550219,323.692115799093,325.155776353653,325.417884214119,323.827583856525,325.039453809327,325.763189767359,325.624125140185,325.63752681365,325.553347701643,325.687129167525,325.67609658002,325.629522067719,325.617519477901
275.587135369924,256.155293257848,212.659268902,196.166771417864,203.125141539496,211.16678832732,219.542372151973,227.973575537035,234.479174649732,240.536357635067,244.457642467479,246.349750414686,261.07927717814,268.060866685245,269.402125276503,272.738671385178,273.098311549643,273.114581208168,273.70780759902,274.030960297771,274.028932488038,274.069652742134,274.165127169072
264.468151237798,219.502638148109,145.692377592034,159.519083272631,175.505045976514,198.577904581256,211.08702297977,223.264185164449,228.374645341037,232.415395095492,241.799757799705,244.013922203201,253.541501618247,259.45107992671,259.79013750542,261.689078451426,262.650665198971,262.54386471577,262.42480960277,262.709749705156,262.920133407113,263.055251344242,263.080498017751
385.739621669449,366.778282646287,347.329283387722,350.617593671328,355.1162080387,355.063853361592,356.617626596626,359.873331886247,366.74200323485,367.834817894838,371.190208229231,370.007911547199,377.62845760312,381.289826962795,382.245141345907,383.542358483292,383.99832379867,383.477412112062,383.988275620245,384.065963809906,384.12997229184,384.104854747449,384.117556220423
419.60883467617,379.446229846909,369.408866295679,362.313960927299,361.788772705147,367.659213842133,368.021067555431,375.533752719183,367.176671523681,367.241970192412,381.088974217777,379.834211464108,392.25846947673,403.385156375036,406.389334401355,409.81282361772,413.114873321728,412.697356081355,413.211809292738,413.512703907234,413.726082373714,414.011094773175,414.058382209775
248.079707904608,249.297833726055,212.394442487805,204.635863445425,200.411540057744,217.966860521188,219.610845391223,230.225539579847,231.448422698661,239.437403183649,236.563802532752,234.6872681614,238.333327385813,241.578258762331,243.272351959407,244.506032038101,245.718523709805,245.759598567339,246.287465492807,246.383505971193,246.432520984145,246.452824752029,246.543187387445
719.024449040421,708.224300076896,727.573792903882,724.18365229557,720.211451318303,720.925460337179,727.057315772409,722.633993489788,731.140823058163,732.124988278995,731.529671726051,726.377438188643,725.4660045262,722.465797592638,718.6060152473,719.010209344665,718.48920019332,718.160994683715,718.422177236308,718.70049917284,718.434311036729,718.317993217454,718.460333875811
706.169934359907,694.175473056877,756.22556578912,774.125075506134,754.805268377825,748.540512836101,732.897867667439,725.404669128774,728.627660338645,715.251156364732,721.367424965655,709.034010120944,711.219422774633,706.624549422025,707.361379253966,707.030591141261,706.184424555612,706.070602249486,706.027046422842,705.996948864526,705.999211443198,705.959937578446,706.016742353844
301.57911034575,236.789430531242,207.073340642951,209.694473231311,221.900606941562,232.457363642824,238.545012542061,252.925263462303,252.503668302278,260.257785557334,264.297566908176,260.41605246306,279.999488531061,284.449473376718,288.91720712477,292.952928874126,293.452282561997,295.341561545995,293.96016442115,295.243451258915,295.759409765576,295.910113749739,296.011176842861
383.335974845287,394.15447996518,351.881398682424,350.822631208772,351.692005941717,352.394876282024,356.159609067804,357.207151127028,361.816466147814,366.770779003725,366.736635402732,367.710514220184,376.036797896354,378.933006590616,380.50992294745,381.434495047923,382.341065478475,382.723031700496,382.459550704733,382.450174757244,382.708496083705,382.745943636284,382.721041270723
214.230773628826,129.307822132252,104.238337398375,106.676147661757,125.797930791323,144.595261974954,157.98088655155,171.905537666881,174.527622882626,181.574952730949,186.486112623418,194.423665258,200.552276936107,206.505900726282,209.90120089587,209.22105022732,211.101156901748,211.837546976913,211.849941213174,211.810324401811,212.266166430819,212.309354012008,212.316070468483
533.706403328148,550.189503324777,523.689423534125,546.224835563086,545.806451417321,540.634434321743,539.530409155802,533.056238008437,527.226284764261,527.792658760684,531.072689176421,528.534412062696,528.180592081626,530.580264722059,532.107576597863,532.291308307786,532.713839173002,532.849068651824,532.85239431969,532.93093744849,533.080860758272,533.089075302562,533.150634500737
199.501506419863,192.994942127794,170.856162100808,156.285388075655,152.22179656032,155.459512449229,159.164790201529,161.741154521824,167.785345068029,171.690518218784,179.295947586521,181.315160768237,188.050693550923,193.643009107413,195.098111348872,196.528460414629,197.345986839883,197.350754383134,197.253721543567,197.780105454871,197.913871351664,198.0292672506,197.957669813542
247.903832360498,246.112864525157,236.007818519278,227.843187520582,223.554712417377,223.838159608846,223.898286246275,228.152812974621,229.019694353279,231.397868467773,234.976874480055,235.848781319083,238.617659953235,241.942359966831,243.268233893286,244.215593242685,244.625757723065,245.306871801193,245.458172816535,245.477645738374,245.64625731139,245.656278679125,245.698286847983
394.520682950126,340.813938891986,353.168409287517,336.544795749038,325.93238612041,334.794814327725,342.051342727766,347.563700247937,356.641582786624,370.645607169013,373.070250592741,372.745421177945,387.779023134286,390.976012474059,393.811318725276,391.457809018784,392.687256755641,393.549873966441,393.1685180701,393.527512836666,393.816328949808,393.983821624476,393.909041663798
264.913681267177,203.675976398219,137.978042263176,144.799704173842,150.229349853141,164.075204363922,173.902458541212,181.040762404317,193.918772673863,204.423047497777,213.911506987377,222.785146908095,248.985750454502,250.715590749533,257.46895703731,261.751249544651,261.873122846616,262.043020782563,263.194076494833,263.540575622753,263.980698343017,263.973040681548,264.061759710128
375.560358041274,299.316317040242,272.71855616601,267.461739611708,286.367496144563,296.398707858991,307.309141219195,318.083339880002,324.780925525614,331.287924577772,338.136106314234,341.283967912416,356.56136802296,364.342899501886,367.954391736269,370.120909999692,370.69696391994,371.762375912695,371.634783473525,372.381099236882,372.555879554032,372.63115915818,372.51197935222
427.722512258844,400.603683130225,334.409999437345,333.781164330453,338.868099378605,357.383016708183,366.348282637502,380.113654645919,381.995896414069,392.770229200072,395.939210420714,397.461395800695,412.804850025262,418.392561755268,422.401836016072,423.16962070685,425.08729930773,424.818825822692,425.202879773552,425.170046796749,425.33462277612,425.416952882746,425.45065950949
172.515006172814,172.943667325402,142.349479288896,146.625147014113,147.359113533101,148.839088817205,149.765621551842,153.783155450866,155.077319552246,158.18074499812,159.840405055884,160.014541804798,164.783770977953,168.588349323456,169.799945011876,170.710988563518,170.866836247624,171.135003441519,171.515400008364,171.353316569263,171.439258911498,171.514005264983,171.506738016425
446.275374327723,401.325080704367,284.355464643038,265.973510550221,284.1632588872,299.473438295686,319.432267357272,330.878334950435,354.949250676582,367.240953521467,366.858759883244,386.898432281433,413.055640891116,430.290760553063,430.558510615805,437.199752699037,438.419628430578,439.456344746229,439.853447683184,440.925628277378,441.049847658048,441.241590278101,441.143144860378
464.290779385092,443.998876749255,447.013179286667,444.059634844934,451.202488427681,455.126879559936,455.599406018853,457.625379616264,453.490498059182,457.021537812596,458.492773554887,452.3193236117,460.063394839689,461.296841876861,460.867212544197,462.692869920234,462.40761011355,463.702668552352,463.016261558427,463.05101603527,463.568485635411,463.562741572191,463.51597797744
301.167362338298,247.211518388161,208.342044469449,195.111047647283,204.638098121471,210.244241753816,222.23553911415,238.248815301033,237.776798204426,251.980281846429,253.701563243295,260.127600869347,283.645577937387,289.38063957356,296.252685182615,297.334552096681,298.018584113441,298.445720046127,299.150637016819,299.188353845806,299.580852831781,299.639896973662,299.55329990283
276.760543733783,207.879553344889,150.481522014102,129.599398840728,143.853860636402,155.143450075052,163.493470957352,176.571929455137,183.434875617672,199.973203598205,208.766883675023,215.481667392033,240.710056849753,256.196604840442,265.193473436754,265.86091823791,271.906942622803,271.313528575703,272.993785475394,272.800003558231,273.33792156215,273.347956017265,273.384999429564
521.257338090712,509.395295599114,444.857618764307,447.245640442292,450.478402906703,464.210209451784,462.930809233325,458.068819240705,471.645290713397,477.334418747166,488.082510039627,478.518807902767,499.301286993616,505.973406111993,515.173172344991,515.689668034254,516.708725095276,517.283127452958,518.340945780444,518.391262515656,518.695299475262,518.750200162912,518.895242861469
136.230300279758,128.259380266301,125.566409335129,122.698291619548,125.978576405398,127.149625891236,133.860322639071,131.592545316704,133.247136227699,134.570368307532,134.630495745007,134.609396456167,135.35161383559,135.383789401544,135.438124919927,135.303110778142,135.357745334931,135.335916256009,135.281258166062,135.326679517905,135.322171175458,135.347797034475,135.303442434237
446.265624486335,287.106621874878,322.166001115066,327.474567541615,364.338103781948,396.53533376375,408.562436039404,412.169556746147,413.172780951463,425.721121189124,425.84097597617,433.821189767237,431.65130594097,438.255182730256,439.408224788107,442.034903246994,441.685326070802,442.328465798023,442.89491300523,442.994832435961,443.33875261053,443.739101638329,443.804731370488
337.282330121493,338.252717050359,335.190314950143,325.928531230721,331.346968364604,326.333586633704,328.220344791839,330.619394982044,334.236592621222,331.37487684094,332.455166882754,327.589474295671,335.563698457179,335.115562602949,335.787000281176,336.487152950777,336.880102234358,336.75740282785,336.745898420443,336.766828777378,336.894273031046,336.946802057339,336.981019616639
456.448107438446,373.386558256734,397.872717909658,423.57274287033,432.325055372061,427.568788473274,433.011816311547,421.017708593471,429.428203809168,432.101227487135,434.502710142588,434.029068571808,435.570724296139,444.36996916543,449.905946831443,453.405052105946,453.825007416125,453.428426583795,453.576933304177,454.212339362057,454.566982173645,454.593423193295,454.604674487452
320.499996388188,254.862665016314,172.831169200011,173.498922350266,191.352431587886,209.192332631089,220.874008061796,225.930754495438,244.378981825896,252.111647325105,260.897596467887,270.557056001812,294.549880519617,301.450410906573,310.745938015746,313.969370985128,316.046549352478,316.825071706544,318.249118206459,318.23487195022,318.572338372712,318.594578618731,318.549385348367
318.533608332721,291.755511890801,305.309930218876,310.837127720751,313.447806197276,317.548260900965,314.726719463479,313.779066863092,320.323836708929,321.536311656822,317.185597903182,315.361812242127,317.942072625135,316.193406432305,316.865869863689,316.851176903318,316.963282124399,316.622820706638,316.849800636285,316.803883432265,316.93051426693,316.878573266787,316.809208811385
504.039432605903,485.428331488421,463.581110769281,466.543301243286,473.722063887944,479.62148815362,480.984762046246,485.265920981929,489.955401139809,485.785268612294,488.573162138049,490.065543316486,496.462227265643,498.814555777059,500.356982439657,502.105410301118,502.992758868701,502.567216028575,502.940302930758,502.921719272738,503.061555021318,503.054374102606,503.030742271325
233.701582330984,187.974464535098,155.463150285521,150.693930557547,144.993908201139,150.11874536793,167.065854584385,179.254143432255,188.298675248225,198.484351219877,204.360328927483,213.450074176117,219.658690446954,226.06299321159,227.699576994751,228.631606335829,229.313848986012,229.767926925267,230.516033177533,230.342188683353,230.412438372685,230.418950806649,230.403914539221
242.865038023786,205.452974287452,133.720836356169,118.332456458682,132.087751212958,138.619950493651,155.094735722184,168.895031016469,181.287889130517,187.254745528651,192.710569713638,199.966006248632,218.488325940226,227.873324767832,234.802017286458,236.981768129917,238.025941188503,239.538888551667,239.923777033087,239.782125220224,239.935339292325,240.107968971898,240.07354490069
226.942524801617,206.74826800905,166.083281310847,158.195518185506,162.148538965064,167.436186815339,176.043961177925,192.377669576739,199.150949632559,203.318595923871,208.791184988437,212.263392836798,220.834294658727,221.949547380868,223.774286923431,224.984409491804,225.304256558696,225.447596700709,225.366734817615,225.628441743373,225.686701254844,225.775245780583,225.754050557945
263.990120026132,200.787629965605,168.218756191651,153.620730127612,158.76011748819,181.725173141244,192.729006713311,199.411685213199,204.212319385964,218.846120577651,221.368854901623,227.497064645777,246.428883730678,253.824502388512,257.287272209112,260.416312805249,261.215473296013,262.081196804725,261.961319725434,262.387314555887,262.905610732804,262.980434450887,262.98257688201
227.160957354766,186.75582160151,135.910631609543,147.361683177988,165.555877083095,173.225088763635,177.653813842994,185.520948362786,191.089868721237,195.351640994804,198.776933122914,203.902847469367,212.049729830356,219.395364142698,223.138239697956,224.093013893144,225.513464611092,225.439403978036,225.921791922175,226.167575475268,226.161009288911,226.217832857921,226.266147127739
112.383555073028,108.37531799443,116.559300356173,115.477555917381,116.891231175085,116.921379107784,116.600786012637,116.764241439643,116.473012021369,116.296677819325,114.61454966525,114.365390892081,112.78770045095,112.814158593848,111.872458650857,112.171847336153,112.072319609044,112.118324340782,111.927359181079,112.079558303335,112.093135510023,112.064179712839,112.097696987798
344.669465677306,302.553768682389,241.279041674409,249.636995726901,272.078664359632,287.290546439347,301.283276797415,310.203021440598,314.644296784115,318.148641695773,323.662962907564,325.776422508624,333.639250463577,338.120922761679,340.551768608216,340.726708218868,340.499419788623,341.213263537237,341.513015573332,341.397743791251,341.537035909225,341.674407939924,341.587971314992
407.490769013296,444.290872485259,436.791768231169,441.991398351757,433.441008862993,432.308882158393,432.782676441154,423.047981387375,423.036412951153,420.532632054964,415.657061395422,415.139627484865,412.534632599301,410.53999817388,405.901923379318,406.444776786446,406.64909596936,406.66768223579,407.166015113906,406.875067564377,406.820910255083,406.820873818729,406.908712638789
303.404549128878,228.575845094959,171.883730754489,157.662362762252,187.256147087737,210.361398893068,225.500974648144,237.898352418876,243.260544228008,256.788548368743,261.808841274652,271.801210770332,284.805627559543,294.614848585201,297.078086858006,298.567222230358,300.3091402986,300.764515126434,301.208068367377,301.100406105322,301.310056763008,301.393935890634,301.485716520316
162.940352313463,166.1494461233,132.967579445688,138.637961546767,132.007763473863,136.235437483536,138.380445419838,141.299553965582,144.364950069242,148.330898620098,146.135122249658,147.561920416799,156.138528017286,156.403238583148,160.18317824437,160.469859305912,161.180576692242,161.824585308421,161.568834170944,161.671188361701,161.963547265328,161.974075336445,162.043855211393
310.682691737647,313.609276801563,283.471472199109,288.275535570133,294.541685636026,294.814565980991,300.529045148826,304.934517031005,308.445630553254,305.659992450766,309.813503554302,306.37892885355,306.382199044239,307.961950166553,305.921901035513,307.424675725049,307.939437649585,308.338559866024,308.342970844941,308.189083698365,308.358031372795,308.340346913042,308.411035025247
250.793238060088,232.147427213644,204.836614840094,185.40348363895,188.548983053636,197.480534563083,203.475785033712,206.270347242952,209.385300175092,213.706340550439,218.803030364306,223.795690482786,233.927263941015,242.854827751629,246.256237449018,247.305034915666,249.116679399359,249.77971010992,249.67866200693,249.978901010622,249.907210116314,249.973699833771,249.971181167188
400.114458714571,305.409062026248,224.66000228209,215.79078210704,228.070916138289,275.44011200112,284.36097041829,299.04289189281,307.690704859137,330.67620295308,334.393618079897,346.634065284817,368.048862334612,377.739756480159,383.946401268218,387.587879658049,389.830484614448,390.186901712782,390.459149028994,390.968712409347,391.643214434109,391.726439491093,391.743966762855
223.105020964625,213.181954536058,209.164297954379,200.378392916246,198.922128155901,194.405241545334,200.056763739352,202.787475548868,207.575898673902,213.148448547246,208.242997238461,211.767260757514,216.917684892642,218.766859674716,219.476039286885,220.117838859972,220.636137848257,220.690862576872,220.996285459452,221.06308949988,221.167897174257,221.218082915613,221.174876152894
267.440202239579,244.170532941178,186.950445206572,189.656348884489,183.174455202644,202.502366367991,214.227684210931,221.338610156923,232.005816825986,237.315527016323,243.86491505438,246.558712481089,256.218360779072,261.193680924236,263.260003473873,263.726708939864,264.3181923824,264.860780456358,265.110942337744,265.056890126658,265.336941810586,265.404861526174,265.391329831465
270.866125124019,235.683773982313,161.70459175606,156.196486258338,139.646226582617,152.140238691995,152.878859310822,163.667769860935,172.706603779689,181.136942246416,189.038914010716,197.740001675017,227.03488991844,252.38505594844,260.671119071743,265.0547125903,266.08069340954,267.641383463288,268.786782705007,268.867569449874,269.144022239804,269.231561395178,269.131777975633
221.59522208401,175.590977528118,163.328865927566,148.155707863027,149.143957919894,156.797604192741,158.765360875867,162.065898099897,169.651041908385,173.929025822359,175.674268447941,185.109081593257,200.398338925155,211.795569796888,215.355306870387,218.385575172145,219.368406658329,219.255103844196,219.86510395479,220.25249894997,220.362810675185,220.342460048844,220.350521963037
81.648740755097,79.186757941626,68.9154130998638,69.6521745568597,69.6552726297517,69.3005786819809,68.6933262413981,70.8819482037449,70.5097714821379,70.8276733196915,72.825687601782,73.9567974378147,76.2590816145239,79.1402608836903,79.7195887877411,80.5867951585621,80.7242406201127,80.9476175337391,81.0005475558149,81.083099855082,81.1329022566788,81.1722315207637,81.105121901505
450.378575803822,414.124453348429,358.957453842233,359.109232009546,364.69304325478,380.873163709663,395.801654344107,401.098480106711,406.013911669334,415.644908517771,421.702560213554,424.252071303024,435.608043477221,444.807726726465,446.458667945387,449.308470891903,449.557754059845,449.656143543155,449.502552809808,450.055692636986,450.139596623503,450.0625515769,450.077842445795
348.178396435391,223.327055165131,126.316940849264,130.512197684614,155.188260204053,183.87506390041,207.017024792075,218.027329021647,238.894053984215,250.816482324065,260.80937172085,269.568998618166,305.985212907522,322.95317411505,332.453251807135,340.470772250208,343.75586076099,344.982354583592,344.095871074931,344.667565258624,346.107991816321,346.282756511178,346.245734226848
627.796921577067,619.559213682692,642.126379017306,673.484157454416,677.747991778851,671.572749122246,671.626957600863,668.142502001813,659.962557880029,656.773773312501,654.185777660475,651.942654439337,638.71774162149,631.994608086951,630.653862545813,628.003655218558,626.90950139073,628.543138563956,627.685273648584,627.600983828571,627.33393590951,627.325619691512,627.447712154081
219.880612418985,202.373892444465,156.606255490547,155.512932092877,161.523690211791,171.07382297079,178.738577052563,181.337272078527,185.621539188969,189.486955618516,187.496385888384,193.093694574047,206.388162035466,213.585379101569,215.243921414237,217.99035738352,218.984904229635,218.787411536467,219.059951370446,219.188205682486,219.160498862796,219.174720889492,219.185189176782
370.196006431454,336.813625865503,313.311348291382,305.568614402833,325.194678408558,332.8733224547,342.85094380201,347.202987923172,347.737411562286,352.584895427716,357.755930143358,357.116683629648,366.394319704907,366.935506785669,367.863960174497,368.717681532186,369.210404428253,369.010490489691,368.959602109692,369.547875482562,369.567658637954,369.503925776896,369.499621970538
473.600561988989,451.4613456834,428.278168892871,425.666479837466,422.640835708816,439.325303514938,441.987814476,449.474289547062,449.91584488162,450.684097199135,458.205201578027,456.863896075245,457.883734628318,466.527355985707,468.050356712423,470.241575184071,469.154733951673,471.653662552984,471.544658045041,472.05568096066,472.076149386981,472.147766488883,472.122707202965
363.698744891462,366.94869404186,351.490443646958,353.937862290746,357.879553453438,354.537787050692,358.320198191061,363.071330008126,357.818619663471,357.641828153237,357.669673254497,360.690097439713,357.888728131683,359.682981949516,361.148718451456,361.816375263083,361.330234912586,361.892200925943,361.645859480516,362.226828620371,362.212301794221,362.221143524957,362.234106378523
202.154078733637,207.850487088005,206.792899607246,198.709422270772,190.635866903012,191.425117336228,195.497979101478,196.29283587608,196.161948055161,200.379847532186,199.618217268138,202.691050683751,199.569044431983,200.985736167126,200.794144296837,200.878311455354,200.243763879703,200.739257694497,200.440488759078,200.554269941473,200.612790251403,200.643770832837,200.668364520696
164.671745955516,155.273198161722,137.313436927966,139.755866110224,143.646565663103,146.439496500184,150.867044374043,152.8210377079,154.585229169666,156.783058090985,158.062653696251,158.428897154432,160.211837449259,161.793074967738,162.489219062546,162.909876509152,162.992894472853,163.305079786639,163.2966445498,163.262849558668,163.330867195392,163.37946121071,163.365396916211
215.537000133718,197.172542710679,179.151817606099,185.723944140959,193.937541990825,196.239064651033,200.97452700603,204.75882367209,206.740563058092,205.774592779622,209.127298297497,208.047833169557,210.99305225928,212.497016460345,213.039176506423,213.331408271152,213.442057449622,213.606033270724,213.762802942762,213.730505791424,213.839593416632,213.721603029792,213.845447581895
621.680923695532,589.9531474983,552.384020192752,563.096959132171,547.679375080392,573.606045267577,595.897435921778,600.373937854523,600.367033395436,614.532972911749,607.564992293366,612.26922182889,617.523036951487,616.749611760645,617.187694687658,617.340369129076,617.512389580423,617.609886794223,617.616571191355,618.001600483907,618.001099633151,618.051926970215,618.063053815855
375.622723804979,371.143818671639,346.892468700292,350.367567156228,367.028979114917,379.101816161103,380.143663355764,380.949125049135,387.562363824311,388.563509859963,386.895423928386,382.392026320475,381.860797880871,379.195273372308,376.183896565355,377.343499108108,377.24988735396,375.499063544654,376.035504999889,376.099664195919,376.306395450433,376.108898030127,376.191602444259
610.915802931331,630.244796578687,623.789076662939,620.770262522002,629.680900539383,619.520875220109,618.159289173883,617.211716769673,614.887438900935,618.642233452208,615.687201575018,611.360561401903,608.854067976974,610.757466419371,609.504341311723,611.048797185519,610.023311143183,610.236141890137,610.20867701046,610.22451100963,610.227091740762,610.268241348107,610.269101331897
257.335593689165,220.12966897,205.133496496893,217.155979870705,225.429394539772,217.374026256759,222.583362805966,223.747306745761,218.198920095912,221.072987772708,220.707553636789,221.785405318331,234.725759153557,242.564010278374,249.224037659506,251.752164120656,254.10809355287,254.398422027122,254.372918787296,254.468420286964,255.216858218112,255.294199545756,255.347450173289
437.708398291982,367.131512356249,311.454084041185,300.860613518202,312.314440761048,348.487949161118,371.850870646823,378.481781255021,393.779292504081,399.377268750407,402.766530740094,410.389995960278,421.548300379511,427.078928315775,431.54308768906,431.37426905757,432.913886177981,433.470534926801,433.382139113602,433.533045482722,433.970749024776,434.202415970058,434.236663965345
176.088209936102,162.847079062055,136.963958911684,140.265880538212,142.363653205909,149.55890827013,156.531152427022,160.927594352407,168.316299020352,167.907733513592,170.751738205104,170.484384422268,173.162750595975,173.355824778701,173.808636043717,172.942534987933,173.439690656117,173.604892555556,173.586625742469,173.579239027543,173.44504842613,173.437025000549,173.41688151103
