"V1","V2","V3","V4","V5","V6","V7","V8","V9","V10","V11","V12","V13","V14","V15","V16","V17","V18","V19","V20","V21","V22","V23"
157.429930722651,158.17075531316,158.450209724432,158.631058501231,158.08009686376,158.056916066165,157.45076543712,157.171745334126,157.150339491463,156.93823230876,157.096791285566,156.85517184094,156.835090123793,156.981929049878,156.940588720112,157.13891562355,157.045975489728,157.121271556958,157.021617726826,156.99832104512,157.026823293847,156.966879870108,156.978707689527
158.838775438898,155.572924413077,155.568636737012,155.457890782209,155.312878375578,155.598762831464,155.7326172146,156.279140833267,156.347187799684,156.186426533738,156.389194749897,156.389483111044,156.232539106558,156.024844090942,155.52745956864,155.705374487208,155.792231363962,155.68697501687,155.848167493536,155.773746759885,155.779313778172,155.741336077957,155.924564202866
93.5647432319582,90.4343466425931,90.7486252573626,90.7032971340364,90.5589387997111,90.8105418150859,90.9349603560412,91.0615663277174,91.400196054396,91.5586180977442,91.4808041755746,91.7363238289963,92.2190106424398,92.7048206926884,92.8909892475376,92.9244354705577,93.0399780339755,93.0524810932748,93.1080143847823,93.1430675196742,93.2111575309186,93.1970298571517,93.2839126751835
113.22340957217,109.51286888291,109.791099016868,109.848038966782,110.293802064895,110.587260369331,111.384978673935,110.99578001621,111.384963924151,111.378631140629,111.372893929109,111.64821651701,112.27238078048,112.398112874925,112.426410012556,112.539997043643,112.396849104334,112.488247332049,112.466627197841,112.509424269562,112.518048518674,112.537062181419,112.554465991963
97.0150264944762,93.137267987185,91.3716283337664,91.3010515192808,91.6111065313205,91.4778867787435,92.2048182701518,92.8814307021079,93.7616221238627,93.5961913145762,94.5004010616987,94.6816792956687,95.7022936971158,96.3927859638912,96.4700702760988,96.6266409531983,96.6746621933003,96.7406781896577,96.8547137719971,96.8686634197625,96.8001163753686,96.7520387366552,96.8567857034361
74.4054778835861,65.0304949857077,66.036257486593,67.082235465806,70.0938029270532,72.3309375607076,73.566492322316,74.4637002764364,75.3039126995772,76.0202923282857,76.5499898587354,76.6924239972214,78.2294788784184,78.3955786608314,78.7156441009193,78.8507494371204,78.8747564942819,78.8576400857849,78.7969703262563,78.7468531797488,78.7611564421003,78.732849790569,78.7271787790115
144.958755922073,141.28988375429,139.954708090552,139.922613701242,139.13655158471,138.859194725226,137.849095302156,139.087006097653,138.515849781753,138.875857416689,138.489729271835,138.539241484214,138.274338997447,138.737621603218,138.56424961077,138.949222293752,138.775804384195,138.730886202981,138.931033923816,138.777816703899,138.914062132676,138.85359805669,138.946314193832
174.6558730459,171.464672036591,171.350934956564,171.101662878956,170.797122527272,170.866567849221,171.518648161443,171.499586447679,171.166806733201,171.597691912281,171.524575707612,171.494436675946,171.588986038664,171.679811142632,171.801755665425,171.872547723809,171.785460369062,171.842650645155,171.714777483481,171.77454856255,171.7586508636,171.904882450261,171.779208432924
63.6940308512755,61.4969915723154,61.2648433356606,61.2621278327615,61.2816894998876,61.5027412699118,61.7789321612874,61.4274359961194,61.8653518493918,62.1647261686894,62.3303325924655,62.5509699051144,63.3806329050485,63.7025623386697,64.1070032193661,64.2575427222048,64.3451323791699,64.3735987085113,64.485518235159,64.4064455360411,64.4400463870937,64.4846840845576,64.4829746995298
92.3759320589741,87.825336389107,88.5460978454132,87.9356906903134,89.4117155927268,89.731000590721,90.8374261253411,92.3979557272317,92.5384120917613,92.5932829970406,93.9099314454052,94.9389086055322,95.4414689156048,96.3001848739098,96.2917066359357,96.6062611359916,96.6547712233109,96.5182252251054,96.522325267638,96.8064284935582,96.9307932826817,96.7681900577316,96.8475907862447
71.0530709529424,69.0074941861883,68.4053047702296,68.4057277961679,68.3838700430395,68.5781383769788,69.2632391685501,69.753582874533,70.1850706312737,70.6254407728035,71.1217136398999,71.492468173408,72.4511169735946,73.03869520472,73.3736708478726,73.6199716941598,73.6221957430762,73.7113648941315,73.7129394613205,73.6716594899384,73.8654271361388,73.8683043580472,73.8924593803453
81.9570714003569,78.0629854933364,77.4733550159421,77.3132434133348,77.608532265281,78.0928831351771,78.5223530754876,78.8733260483931,79.4573245267104,80.2307995461461,80.2270433152672,80.6492241416384,81.5089040584909,82.0019125690759,82.4967015213719,82.4650682876456,82.5176748346048,82.5308563266555,82.4941160572532,82.5720813041317,82.5598979619957,82.539756940823,82.5685396689777
92.9063512648938,81.7548784042308,82.6364259112663,82.1823856416055,84.3382903843649,85.7976358931826,88.0449984117834,89.7539900019774,89.8113150413794,90.4983314113441,90.8611202099475,91.7150197096872,93.3641557951199,94.3937463201235,94.9809571755114,95.4155670783653,95.3436745835676,95.370024281827,95.5140986100843,95.4966088433214,95.6516088926791,95.5515634840681,95.6265779066451
203.276474978224,203.601156230809,203.754346773456,203.631200870786,203.447511652204,203.329838219116,203.400574057194,203.116857593891,202.876462214388,202.999452995931,202.753878266049,202.841728638048,202.474876504869,202.394873189738,202.409323228874,202.336787174912,202.314137847361,202.30175963502,202.290282003069,202.322159187461,202.29751922262,202.2981618032,202.292855290942
77.6465374517946,66.9445896727953,66.3983647116812,69.6031378688935,71.7011148994011,73.750586402242,74.7161001914466,75.6902544930115,75.7205732548965,76.2910074871463,76.3703657109502,76.6310686191637,77.6732970048338,78.0830652334616,78.4152725301474,78.2315401537076,78.448615151259,78.3447798590767,78.3863368256435,78.5007158677276,78.4281386374699,78.4858071855339,78.3938631690493
79.4177776124336,77.2685726010395,77.4326449256156,77.1897641569551,76.989158203714,76.875164921814,76.8745996898925,76.8426306327997,76.54149153429,76.2810042902076,76.2288863786099,76.0834639637523,75.5432337095714,75.364635464861,75.0697946619073,75.0899111357553,75.0255647535539,74.8757936827331,75.0056637575652,74.9408969529275,74.8071288489849,74.9194302499376,74.8854868403366
103.835979476442,98.2817674195026,97.9775193869746,97.2513930200541,97.4091372351137,97.7266200041526,98.3504620063273,98.2385796972749,98.9124044092469,99.1838761894217,99.6182759385354,99.7023856759535,100.338774467496,100.562200645889,100.477633846122,100.605442051688,100.514225646312,100.413586783714,100.567513766862,100.511218546408,100.521517503035,100.602796390136,100.482344425686
116.75338310858,114.697434754492,114.464984912763,114.895109997285,115.277695340962,115.6518622673,116.240579089923,116.459291731284,116.544874458733,117.192761785413,117.413096205749,117.460133601031,118.025610318035,118.58136645072,118.760281316943,118.777465521762,118.81344691371,118.848547937823,118.808545153637,118.941290753658,118.993012827119,119.067292067154,119.099214692308
89.085982578199,84.4378983019048,84.4877118563913,83.9825986209934,84.649808934384,85.2218031793658,85.5627065584471,86.138250981871,87.0573074141647,87.2781864586995,87.8029906698229,87.6465663546804,88.8738527119348,89.4324347687151,89.7767638231751,89.9075138228012,90.0313101495149,89.9472783314914,89.9960210165803,90.091975863828,90.1549189618187,90.1908787651382,90.1151385077386
65.677185932342,58.2746443045936,56.4897116622957,55.9986913417179,56.6684939927205,57.9217744618123,59.9978339701152,61.2184468531063,62.7278669392949,63.554878013444,64.6331857376868,65.6193456196174,68.0360969369507,68.9754903775851,69.5388365423439,69.6835988705804,69.9648532602773,69.947623752635,70.0446313148539,70.1308566108771,69.9568841474612,70.093847637764,70.1093952172451
122.647815545603,119.798652304101,118.329202358242,117.873678660567,118.2876156365,118.665152518602,118.829201250903,119.201878458609,119.297629885179,119.240761512811,118.967948498561,118.983018667475,118.76741566679,119.068139136746,118.510593819309,118.797064084467,118.710673417768,118.847690693008,118.718209439882,118.745146089602,118.666389284933,118.678975743479,118.725878250337
71.8682164072483,62.8169457455469,62.2867525534359,63.3348740960765,65.2093904932837,66.8519090124413,68.7987586000525,69.5320524327118,70.9165123692508,71.7870399403374,72.2810355151419,72.2227924442852,74.1896946353975,74.7152171881983,74.6543049510733,74.611725574234,74.6721234883236,74.5740586044014,74.755080989713,74.8010402422434,74.8608871265852,74.7313571528317,74.7387984189831
84.8896745795175,81.4481633436441,80.6423599823746,79.6400256760516,79.7998285637765,79.5598723712664,79.9885984937041,80.2449586805362,80.4961428299011,80.9165113095779,81.0093838010617,81.3429148944374,82.4964747557427,82.7119919622137,83.0314567420064,83.1523464837662,83.1618522096116,83.24828722611,83.2177246597499,83.2825123170673,83.4100920580038,83.4595669332901,83.5027926501825
91.5982074954706,85.8603164642696,84.3571209659391,84.7016034584486,84.6499370160165,85.7559842424242,86.7596112318981,87.1725047314116,87.8065262557373,88.3292342279689,88.821526039295,89.2812345953906,90.117647348607,90.8625659959409,91.4160160266582,91.4497965892904,91.5939796606898,91.5409496029758,91.6858786145024,91.6531487725076,91.61657670934,91.744035147653,91.7069829793949
103.523899283391,104.942208955131,102.747254826892,102.799464136976,100.861938044204,100.164021044754,99.8952703203243,98.9129164163234,99.4300989150204,99.7875675032548,99.4667668574168,99.3440172960007,100.857692607154,101.514905478306,101.872267318135,102.089779955798,102.361447225768,102.445038516155,102.523144206544,102.540344477683,102.475294813633,102.688664498372,102.683417432256
126.997367365067,128.803854056977,129.72479270594,129.408622609846,128.925443575312,129.057216415255,129.169416847685,128.897859874528,128.813379747534,128.998105111178,129.132614426492,128.954632233388,129.011006210647,129.310563851426,129.261257549412,129.384333891877,129.51154099307,129.580130335202,129.517165468495,129.620582825957,129.565708167775,129.698400212105,129.76222858971
75.0442494409213,70.7311318476008,69.8899061607496,70.8818185538675,73.3926041726102,74.6799313823091,75.7884255691036,76.6366361962204,76.533308058279,77.3971855293073,78.3949392120431,78.5137071118358,79.3776745840778,79.4842593767269,79.8077161689788,79.9579472551282,80.1057823725122,80.0195628551795,80.0120554471196,79.9475006044166,80.0633576169425,80.1087681053236,79.9944439137908
106.708224718715,97.6426615615518,99.1490970142677,98.6197937752926,99.8263502296336,101.284377571003,102.397678839504,103.578772998803,104.205461585197,104.794392026284,105.483054893281,105.343368715144,106.548291805061,106.863224794747,106.983024676747,107.221397749256,107.243585277237,107.166573473154,107.348718217482,107.206587895921,107.324146358263,107.359324536038,107.28986659621
156.576735971379,154.924223356465,153.357468932865,153.283984522475,152.72097630779,152.250076005937,152.172501524781,152.633604652234,152.318650797147,152.17742744593,152.235719611598,152.202463727834,152.176709669826,152.20028676257,152.114591306447,152.267771718037,152.35800506038,152.28433156124,152.273011873106,152.334541087049,152.286646721778,152.290336230684,152.293410821372
116.886573777717,115.736195500053,116.362418171066,116.796426452697,114.591440302545,114.946763397291,114.730379765654,114.75241882364,114.40553260816,115.540526136688,115.961055263269,115.078183622239,115.259035932233,115.415847932544,115.030758356972,115.343957532737,115.153563952033,115.32616578702,115.04943810327,115.471236263251,115.421631263753,115.549510835898,115.507485672083
121.934516654539,119.934473023953,118.840422309241,118.355691398139,118.027234188491,118.26968473445,118.675586649966,118.701830369989,118.952666496746,118.896422458167,119.014453812408,119.269422733215,119.621524787714,119.901751213731,120.190903080888,120.250633328688,120.139652180062,120.230754478846,120.21666740803,120.316133789242,120.448580431341,120.416046107097,120.480884185934
71.3830523493829,68.1990990668421,67.8218527103553,67.756864659535,67.904401022872,68.2075022748082,68.9984539795798,69.4472276973389,69.3805738608954,69.5863848669944,69.9678773811504,70.0829720195976,70.4558661026482,70.530792375442,70.6574685508349,70.565576275149,70.7225140667546,70.6520231932248,70.7604693883572,70.7912484208437,70.8093967312583,70.833776221361,70.7820592705843
117.933368313262,115.515658613274,114.771089858944,115.084539646648,115.137201710599,114.815723665855,115.042973783948,114.59873104629,114.919798863181,115.247115033039,115.365284429841,115.42046800238,116.243330207104,116.842051266853,117.168737014838,117.290591902952,117.396888094708,117.493979305163,117.54576917322,117.703525493271,117.851121629856,117.833459207107,117.938188511782
84.4529796934126,82.316743539286,83.2981374534785,82.9791547202901,82.8674020260512,83.4554079789008,84.740894416619,85.2896681255869,85.416092400458,86.1296206775753,86.483608806796,86.3831419032883,87.3343955686386,87.8374744029165,88.0860484010128,88.3378438004072,88.5939062325891,88.5743161478985,88.4568757823211,88.6044505211376,88.505647769344,88.4098384670668,88.4698986993605
249.341424113223,250.976067994274,249.963770262835,249.325465915478,249.371381176363,248.957809581457,248.094113495062,248.232860773172,247.800956224002,248.083288530028,248.287497477706,248.265532943509,249.088129392771,249.70907917292,249.876432962332,249.858024722898,249.935756744204,249.825872620776,250.011009855223,250.049255409486,249.993162555772,249.990311738717,250.074272384104
41.3532658873903,40.5786214480752,40.4678407961215,40.6551343227859,40.9306300091487,41.5416090386881,41.2653266204511,42.1251558749358,42.3859761766602,42.804293402262,43.0607304062569,43.6157011966172,44.0623412259146,44.5348498646238,44.3807969180409,44.5434792522244,44.5411546054738,44.5444564960445,44.5917343979347,44.5689895422726,44.6569633354028,44.6214139828865,44.7018754495831
84.2144705210417,78.9801051860304,78.4042921440491,78.442955208775,78.204707337407,78.7713782910131,78.988620852748,79.6372443964944,80.0559363818212,80.287292565346,80.7562243451139,81.1801093919085,81.1478057602266,81.6479121153925,81.8111480777523,81.7420033559571,81.7639413296298,81.8567390087893,81.6656202767796,81.7293880513933,81.6951600053514,81.6358815167695,81.6276550267319
106.329774589665,100.244198653345,99.5047604039389,99.6102533263619,100.148171728677,99.9958773940865,100.83570285112,101.545531246953,101.417785980115,101.991216755608,102.088019130135,102.859014838183,103.857646032739,104.898284494715,105.109827590514,105.572985695512,105.805852238336,105.910402162479,105.937480779154,105.991352379606,106.043751922155,106.12517253461,106.068234041461
69.7467589532765,63.048333854341,62.679267731173,61.548187291841,65.936491023908,68.4551977368558,71.6450679686832,73.537988328107,74.740403066658,77.0415928748647,78.5498609390775,79.3903147497074,82.5746518237941,83.9116832907573,84.5219543809437,84.5640488507393,84.8902857206488,84.7600674267469,85.1339790298451,85.004930459402,85.3902706514155,85.5320505074185,85.4089840508927
159.026659807893,156.941103773281,156.447861720659,156.191816903077,156.005849648183,155.79584736101,155.415273318177,155.695742416916,155.810277847959,156.433907858823,156.174284227563,156.538885442632,156.644793946966,157.116638339811,156.929380297075,157.15703977058,157.02497622572,157.136085054725,157.17517321677,157.187958210422,157.144851146065,157.128797616125,157.200565047682
164.650129716493,164.188812564878,164.544710145609,164.942984669622,164.175085168161,164.739097072465,164.34056474065,164.180189429546,164.280663968837,164.152338015264,164.003334280607,164.206474630121,164.237014253503,164.444268832449,164.321082072805,164.455950923287,164.492501413433,164.330419488467,164.437392629917,164.472752796588,164.541889339216,164.50051135737,164.463310205151
94.6013809011437,90.9220661699345,89.493632963865,89.7410574679056,89.2469243580916,89.9808014027005,90.4283425826194,91.3151476504766,91.7296307096356,92.1846116012273,92.9348513610479,93.4529570264403,94.7285170639327,95.4071268161051,95.4107592308239,95.7064508096212,95.6220065196535,95.7220849815241,95.7252790336664,95.7484079558038,95.8397771547959,95.8371383749068,95.8100394918875
60.4064147366319,59.8625282215079,59.6039700938481,59.9936656050962,59.4111232937312,59.6254249806252,59.4674692706145,59.4750012166837,59.4276850490921,59.2616969296065,59.2806337168696,59.5177466163684,59.3561389383975,59.7072190980303,59.6464378718687,59.664383464888,59.8105489519859,59.8032739759319,59.8082310489279,59.826113357433,59.8891384662091,59.7666057279258,59.9223020805397
102.126442178089,81.799538149371,78.1641880388325,78.7885949950303,79.7186419392819,84.8103394511484,88.1516430741945,92.5791625272955,96.7301707489706,97.8255264944141,101.500722344808,102.297883072272,106.923587767555,109.725676459624,111.105231001649,111.786349022918,112.162296524986,112.665140125513,112.668569620849,112.825181006569,113.331285297047,113.540193097207,113.5991035435
149.766096729798,147.313858757051,146.659144771098,147.003162249639,147.207098472311,146.946566772114,147.672327198204,148.52351552494,148.222211739993,148.91182091688,148.686456069127,149.010872679968,149.56213667104,149.708258036216,149.883095945364,149.913867766905,149.879405601566,149.964581650242,149.97092859596,150.029230145011,150.002401574415,150.115425159419,150.141647477018
74.5921763792459,73.3736932594392,73.0042330850867,72.7148487962046,72.1483006518793,72.0239131265188,72.1438371723567,72.0732340861123,71.8167942449987,71.8876783409058,71.6831763603027,71.7600792153441,71.6314654173758,71.5548175105667,71.545747485248,71.5244700240799,71.4514256982448,71.4284398331229,71.44210367844,71.4343210878285,71.4140395781599,71.3102642194739,71.4413178785412
92.8985539932992,91.3990098137249,89.9015022627263,89.9462638413872,90.882223591524,91.6826034032018,91.9609365073549,93.6152241543909,93.8137467134652,94.3386143874558,95.0624081659286,95.776146801885,96.2492234223818,96.3979693348624,96.4135965916293,96.343320821158,96.4720762529757,96.3718708408067,96.3428784191195,96.302114470691,96.3460120506972,96.3753804031018,96.32269972597
160.433897415877,163.006984879217,162.462082011815,161.826511913977,161.556943205407,160.755330544567,161.618506856529,160.122827183708,160.35293787383,159.995885927039,159.605498868486,159.6024105769,158.842747340462,158.715682330699,158.064428366918,157.848519288195,157.83394954575,157.842815198851,157.588266229554,157.661717611751,157.427986362351,157.367913573389,157.342908939813
103.963395172244,102.993038512877,102.148091291136,101.42529951953,100.689436392831,100.586382148262,100.430021104703,100.796279866114,100.98553558076,100.90949257729,101.39142422841,101.866273129819,101.933679429255,101.960364819103,102.339336348146,102.29468495688,102.284602308577,102.212857160031,102.290247186815,102.194172509248,102.180552527797,102.155271891822,102.150271296792
69.6414903610027,65.9779702264877,65.5625398968206,65.022217239546,65.0108669181599,65.4384979214607,66.041224505401,66.1902433460734,66.3273535400113,66.8968064534365,67.3501828771291,67.4376449462164,68.7378718282005,69.2924214057586,69.4803726163424,70.0074365388133,69.9459550739939,69.914701865428,69.9561094408197,70.1475150794181,70.2760489772006,70.2729730990692,70.258856756264
150.681420054805,148.917112644275,149.585510953833,149.842798591037,149.820296005028,149.639318434163,150.27209421473,149.759780650706,150.643838455375,150.854131943117,150.822318458968,151.056725866534,151.52223505318,151.986696332062,151.870810779325,151.932668659573,151.817416398072,151.830646319058,151.910391790359,151.918029369279,151.857813680026,151.802526681566,151.874530302106
109.976910593178,110.498085887663,110.825656960687,111.114034574089,112.094359154846,112.517840425899,112.74835225021,113.28673069088,113.614762679834,113.470174302182,113.507660629444,113.56078667063,113.781080612618,113.812515086457,113.918580277354,113.87347104634,113.843172997007,113.80764011846,113.77041769421,113.826782986598,113.841597452287,113.829152020261,113.887170590645
97.8364501452214,95.4714984676176,94.606917005903,94.2090420885851,93.437869106912,93.648560269277,92.9447070249538,93.0665975965086,93.2107114153661,93.0428149226584,93.2803875062083,93.6678438177805,93.9107246631998,94.3501379424679,94.3503254480877,94.6036716102365,94.6092785244418,94.7192761426378,94.6626648225408,94.7223560751694,94.7669427693213,94.8052323393837,94.7846546750671
62.3825290117617,54.6303716554699,53.5527235181099,54.9127294630856,56.595600800372,59.252670142135,60.9039116924179,62.567014938734,63.6601395199072,64.9320611654732,65.9511368583894,67.2615329960652,70.6211479320148,72.53323536543,73.3871679082986,73.9512192889696,74.1405112247795,74.2236402931788,74.6737725205373,74.6504956504238,75.130931616159,75.2736274428702,75.4799693084293
175.608200230053,173.554030481141,172.113619363432,171.731781149289,171.932651331059,172.067782086992,171.734529407965,172.511482298263,171.857178988754,171.315538369009,171.129446026702,171.160563427023,171.519222761401,170.93107194705,170.727113110717,170.675178466187,170.767983649312,170.700087348615,170.764474444359,170.704524417457,170.698169830342,170.668761584277,170.645010582399
88.6715529572191,82.9005581280011,83.2058826524222,84.2821118526817,85.3717189452208,86.6128952420778,87.9135644778949,89.1638771143709,89.0541317503712,89.2457925528854,90.1386643948123,90.130786744715,91.3061587852434,91.5670501943473,91.5423693197627,91.7711547912758,92.0366074203662,92.0088156372096,91.8516266520738,91.9166295479842,92.0483600172591,91.9606109453618,91.8620968119381
117.252663088323,114.902276964519,114.744497929838,114.868512831505,114.378494841025,115.124485781576,114.418061955053,115.044021703951,115.188636266681,114.981087840446,114.973192588068,115.20460910813,115.270027290236,115.091452145568,115.015462898764,114.817805125294,115.004718495347,114.911660220106,114.931171766071,114.925705549021,114.81053203387,114.854430766942,114.782419554683
126.200507320623,127.409394204862,128.917099819531,129.213669609919,129.255949481446,129.62128721104,128.73269914197,128.142979725684,128.939085045836,128.010381542719,128.767019704851,129.984626026118,129.796310647079,131.459158651838,131.961635868191,132.168100203717,132.701276481145,132.710509610518,132.873936864887,132.85918644533,133.120094620554,133.458914065378,133.551971000267
48.6587569245788,46.3283898831378,46.4761010084976,45.1295771319794,44.9817965384074,45.0614731750732,45.0194673847786,45.1343781619308,45.5340577679658,45.6957348356547,45.3319531487857,45.7732458145245,45.8248578156346,45.5906671924661,45.7589683509046,45.744415228772,45.7543911425634,45.7000761021114,45.9102324973971,45.717227334428,45.7541823945925,45.7058212009279,45.7960970519338
43.9897474902016,32.3867643181209,30.2285244107109,29.6413515961431,32.2045087368977,34.5612081419822,35.5531554168826,36.6450449245116,37.5054940500599,38.4174116588456,38.5320751586421,39.2174813164573,40.9265909971665,41.8651425848199,42.6125378428778,42.9795602732329,43.0555640478595,43.2249731348317,43.2234273153306,43.2341932898474,43.4745891099443,43.5855569823978,43.6265033682312
161.527676072036,158.156867753861,157.864104598082,157.590915504925,159.349391067805,158.766161267317,159.333673130225,158.962565851026,160.01049959195,160.469230074497,162.220657237713,162.478769117957,165.772993173905,167.608765432375,168.763834917543,169.170941933773,169.419995308086,169.714060487195,170.206316392997,170.036586949522,170.70100681297,170.928968358351,170.811879502812
40.5893314723571,39.0806383285615,38.3447160195435,38.5941071748874,39.3913623616021,39.6427616029459,40.5976440645575,40.9351868409113,41.0808964452107,41.5833181456849,41.7835904000172,41.6891701529505,42.7631393792265,43.0226083866161,43.1488261303291,43.093104122692,43.2039746029596,43.0978495775205,43.1469715549921,43.1827865457938,43.1467412888718,43.1221481325391,43.172870367767
87.6787343115605,88.1470618368572,87.8395999219519,87.6108080780226,87.417625894598,86.8009013648677,87.1733879622725,87.4078096798861,87.2341627950506,87.1934962798396,87.6417967118765,87.772824509189,88.0448633496433,88.2041743966041,88.201562612761,88.2174278686095,88.2681699054209,88.1937343575611,88.2989639679876,88.2536228522368,88.2152030876484,88.2430064380501,88.2588279311408
70.6934163113185,70.5125997640248,69.6491793247151,69.7846168982291,69.3360418126714,69.5283484246247,69.3927318058644,70.1150477483491,70.2709009408768,70.5247748750614,70.7925207326648,70.9126094290214,72.1408204378099,72.8054075407554,73.1366504629105,73.3975394147661,73.4878806209254,73.5270639565509,73.6230216436368,73.7104692162681,73.8810944416816,73.9015448866878,73.8380458229615
95.9631186957026,93.2796206069217,91.7674459530215,92.2643987571567,92.0639488208459,92.0520438125301,92.3046232587569,92.6107396654963,92.8820840554715,93.1650412066684,93.2312712030344,94.2787041507445,94.405353259225,94.555542888959,94.6744502971145,94.4640452619196,94.7240166860689,94.6184881743818,94.7306709950223,94.6883679313248,94.659219998007,94.735722165959,94.8123346935109
158.804790489241,157.888793853371,158.098801583517,158.997288554487,159.166551885987,159.848117731222,159.982866911729,160.186473860893,160.274764912673,160.914235013559,160.821708177639,160.586311340752,160.810052971183,160.464942221236,160.486135235649,160.274939192823,160.349616798424,160.406008152735,160.320100705931,160.195346040601,160.204496816798,160.026010801174,160.145317089892
123.469118874043,120.140603106316,118.075938390689,118.271118752284,117.391576173601,117.608786165347,119.139803748763,118.851815366611,119.969483555755,120.151799317161,120.868427821976,120.477567149254,123.277582930528,124.069652864655,124.650462954663,124.929210817511,125.122155532497,125.042937862329,125.217613006184,125.316279384098,125.301075092138,125.338979100101,125.523263706635
134.993963368088,128.081139192666,127.730804027457,126.837316537877,127.007506440593,128.216844265292,128.458479984752,129.58286174339,130.478448268171,130.339162196096,130.908556936917,131.226203991588,132.332087791567,133.220965632579,133.434807514951,133.614543250633,133.84850548631,133.828580779545,133.773465429165,133.809764207042,133.831693370373,133.896692744542,133.909179853296
80.7340052243773,76.6800643322036,75.845327740662,75.4981329053262,75.5671929923974,75.7909029478179,75.9820281371892,76.0292661691381,76.2405059322982,76.3840086399413,77.2618797605954,77.5689482210575,78.3778945648301,79.07339905323,79.1267217361822,79.0774868624091,79.1367626939787,79.1580350520621,79.1391720865592,79.1572310513159,79.2069769740794,79.2124597719107,79.2526017144915
84.2711734192835,82.7951060757033,82.2384795679935,81.7591012852943,81.7500406618652,81.4890670474186,81.9536403434877,81.993888678492,81.8814732459605,82.2138464784156,82.1790566506964,82.0824270316129,82.9527077061714,82.7033670136113,82.844669530255,82.9480152607548,83.0024390009717,83.0773422108456,83.0047990959711,83.0031017294018,83.0807615180574,83.1460848197131,83.0955161177396
53.8232809753866,46.8978395493168,46.1827528850977,46.4724104674988,47.6282300994167,48.6059580106524,49.6613027378141,50.6944866663929,51.4553320494522,52.0029810166257,52.5005183546832,52.8702601214153,55.3473489129293,56.7627923108068,57.6159954478912,58.1842223316673,58.3410148736725,58.6492963687395,58.7527426819779,58.6972682463494,59.017507898828,59.1830026524988,59.260511374561
123.855658044238,123.769523388338,123.114281737901,123.618331084601,123.432907455073,124.099053309302,124.909862580531,124.944373226429,125.613464032129,126.079897251857,126.624583544055,126.848295742132,128.165943683261,128.900050770601,129.280368723506,129.387308373975,129.639903489886,129.715857432866,129.779379878639,129.731773667151,130.008363677739,129.922556583127,130.010366542004
150.672656408945,147.865660818419,146.508543507558,146.742970530939,146.473933274259,147.016989366135,147.268805598403,147.386857921833,147.840831943194,148.477724915078,148.761553693087,149.072972953497,149.738515123229,150.012133652289,150.465748765258,150.43144329518,150.550568038911,150.603116407479,150.591950892048,150.615083355968,150.55957527596,150.571485686248,150.518973172668
56.4482742281461,54.9486219773993,54.9417853611676,54.1430758754089,54.6602005065127,54.5612638198619,54.6711813353981,54.6762091980786,54.9465599242161,54.7011789894906,54.7079893109359,54.8974839627103,54.8891266598109,54.8453494164694,54.9384007499616,54.9393221093134,54.9507120221058,54.9346144953481,54.9867251713435,54.9713072704104,54.9365810737721,54.9573590234226,54.9403879005629
124.39389126015,123.927993081622,123.540233719878,122.809383577389,123.041733962522,123.184582533277,123.94676230922,123.543469957418,123.701910242513,124.059760047342,123.890345548586,124.471754741923,124.812900573648,125.370779583215,125.513515113517,125.725302706046,125.578286729726,125.852244786635,125.808903845707,125.874756232307,125.933715665657,125.974412443452,125.937702723066
95.1565148845055,92.5468335115481,92.5543441249478,92.0966079679117,92.0945230539392,92.1146585905953,92.2101996756598,91.8725935072845,91.8975846007478,91.6928911134231,91.7388011842297,91.777987513093,91.7098488824161,91.8636998153022,91.9358252568588,92.1237272453737,92.0471557280223,92.0108631078761,91.950062683378,92.0073374540299,92.0017723415381,92.0503889761777,92.0082637463504
86.1708255970605,75.084852268106,73.0679882568417,71.8164735558535,72.4509704857498,74.2218981687005,75.9902765692859,77.961556063981,79.5565983836215,80.6566319456376,80.9790762374638,82.7403327209863,86.9202946535901,87.7857376499208,88.7824638667079,89.3827354842632,89.5682610311161,89.7568757484238,89.8560912685717,89.9317517763171,90.2851133351167,90.5771763251802,90.6233074193372
118.407532115978,115.11956964471,114.608087408375,114.366893095178,114.48982106387,114.576970947547,114.39765291724,114.372282807504,114.649032629049,114.588337148543,114.611932521259,114.613331314007,114.725991156949,114.667460650082,114.709103895361,114.7042367117,114.67946239252,114.683021546819,114.795552926958,114.733849939723,114.722959987233,114.711448572149,114.755079003346
88.1319114945113,83.3327382229918,82.3820821499426,81.8561074641375,81.6893879714823,81.5605257103516,81.5683235215044,81.849634676836,81.7695013458145,81.964587230964,82.2141316607908,82.269617449721,83.0809750181125,83.3000691870527,83.7614674666715,83.8894575960058,84.0580288464155,84.0779587639785,84.1464309049413,84.1022376415839,84.138643282339,84.125171725324,84.1655258977801
87.5103308758921,76.976704077853,74.7284903529352,74.4862602031653,74.3514397310768,75.5613755520384,76.3450386870469,76.9465004653838,78.3292326427493,78.5702930655649,79.3580355735393,79.4456824326156,80.7853731583674,81.2765368277241,81.4751053082895,81.5700052101187,81.372914897613,81.524489049813,81.5813851780769,81.5931706230039,81.6605351159997,81.8068588201692,81.7324962694882
252.415992476577,247.889224875427,246.96635656262,249.422589296134,248.221335078331,248.572291267358,248.324815219496,248.699287856421,248.380616201951,249.157515784868,249.209535842081,249.018358218559,248.761844065879,248.364862242485,249.010905080651,248.756193475047,248.883819873902,248.692563050747,248.595025739539,248.71298976982,248.690434396463,248.710900541604,248.664319832542
237.159913565221,234.513366097711,234.445477610043,234.814170340031,235.144137575804,235.045469005668,235.17807538808,235.79838728563,235.714275139655,235.573692510046,235.998907643401,236.283800679649,236.485941038928,236.737468395668,237.025274094076,237.140954194593,237.122254238266,237.232626887597,237.193412163045,237.289909496061,237.321211009841,237.327166103282,237.305979480395
75.4305557463615,65.8063135613197,64.4960683530745,64.1102926515007,64.7658539104577,64.5967382774866,66.3615196815372,66.2275314238618,66.7914811888764,67.259091476487,67.7634607600239,68.2510864956509,68.7743553682672,69.4688022959741,69.5826800922724,69.8313713047324,70.0211409962821,70.1625845883065,70.2026522251699,70.2175748806991,70.3469099897931,70.3874733824536,70.3645388433566
99.5389307207354,92.7742387484252,91.5463693706171,90.7216128621502,89.9960424620144,91.6411350473236,92.545445858719,93.3562844762096,94.5667914739588,95.0081435652375,95.2195143041321,95.4341700167464,97.1205723926965,96.8531999620593,97.1303604151169,97.2885526438185,96.951543436181,97.1340626115961,97.1119728576743,97.1174237350069,96.9068273728711,96.8086834668976,96.756149671319
156.909532294599,153.000725898757,152.982628478141,153.099188090582,153.452772851071,153.675532853125,153.666983553066,153.606335532323,154.022055091984,153.774793163529,154.465811931399,154.308231260804,154.623990418257,155.003319102072,155.028774918944,155.17331028357,155.231932126205,155.131582495375,155.271697310158,155.161761487561,155.264771171742,155.203994257937,155.214370042455
109.670542574737,100.602730794743,100.738895059704,100.522677657908,102.584471423034,102.847230003124,104.032941324589,104.822109421755,106.565624267837,107.217062805281,107.486554990331,108.544268767264,110.2171937875,110.705169385709,111.174510349501,111.44639099589,111.602927870045,111.509245864073,111.608394884191,111.635175219387,111.875581239577,111.958639680859,112.022555459224
80.7600603051904,72.4535956261669,70.1995847137447,70.255023618177,72.914620725853,74.5536037863114,75.6812182983926,76.7391773816676,77.9455019523313,78.9275953333212,79.4168699084853,80.2687142947476,81.3361758731552,82.0009743602185,82.2735095034816,82.4782405482526,82.4870590855134,82.6416809616402,82.6909108348677,82.6559974782206,82.6764391380459,82.6038976274918,82.6132184487113
149.446760405899,140.753361589555,139.040793695345,139.768854247484,139.447228996642,140.676091074861,140.822732973873,141.808937077263,142.079745353515,142.203877306835,142.595850643506,142.778199585827,143.949684853732,144.406287113848,144.735014055575,144.781556217379,144.803905548818,144.776920011323,144.822040625988,144.89488943228,144.89323152279,144.834616283046,144.732333733237
88.2772184204007,85.425735415215,84.08521979729,83.133381173445,82.1670021403198,81.9483089757274,81.4185736439073,80.8612221034371,80.9284160602793,81.3426974923982,81.156105699082,81.2054797411334,82.3705150203534,82.645603020022,82.9369832192666,82.997692744239,83.1495859269547,83.3242560025578,83.2026638305559,83.2617101573075,83.3039558841195,83.4495221796167,83.4844116978685
118.888941350369,120.245204218234,118.965613733907,118.946895328785,118.529964573756,118.750067880258,118.696454793993,118.982570129482,118.620908664837,119.244269270927,119.34445362821,119.587333608099,119.890745253048,120.189840157385,120.400630512347,120.510264338471,120.526344104849,120.521864782445,120.628729557732,120.556939777321,120.695947492009,120.746900752879,120.76112010223
104.302571703177,102.87210707386,103.217258185187,104.051280737326,104.133532768534,104.125446300415,105.221544135364,104.581001333318,105.008962355995,105.496490223473,105.964690494805,104.981396168495,105.723510069152,105.918910849138,105.804824501473,105.731776765123,105.780921481753,105.902656929121,105.89768187004,105.836171155144,106.018142512554,105.898027440578,105.772607842544
82.2950485613075,64.0113569550302,60.2005306552797,60.6925029161981,61.7756707487532,63.3220819211498,65.7418513099937,67.0911918050814,68.595798194536,69.2983693639816,70.5948002999541,71.6858275014048,75.8437080265168,77.4058365366156,78.8053212104927,79.7022475920167,80.3087788568942,80.4983591082941,80.5420955630872,80.5487972577334,80.9375811241671,81.041119786437,81.0018236047355
83.3533829705703,82.7092366706681,82.6791687024248,83.2861981048152,83.2423166491614,83.1705138366976,83.6339071163796,83.4243857332871,83.5134084674355,83.6347748074217,83.6575493206558,83.8363047730104,83.9071127901546,84.2897305551358,84.2251673974159,84.196630882378,84.196496842029,84.1669549796323,84.2244674693704,84.2197193976345,84.2584193139337,84.2592134390957,84.221824458491
141.60009390212,142.375395753305,142.4764136614,141.358390622178,141.474653293942,141.616306739534,141.954416695394,143.020661498649,142.874935009582,142.826762390338,143.172288342355,143.343903137858,144.38366735264,144.65578332343,144.722096349609,144.724172839404,144.601549622089,144.805471049617,144.675076765715,144.803804770943,144.770285585599,144.876046257726,144.823817562781
96.4985472839806,81.1959018406262,81.4951986066808,80.2812441610694,84.8739179210778,87.8654688031327,92.1781074253272,93.0841317375375,95.4941328722714,97.9209651468018,99.4535326903002,100.254996850495,102.834549985834,104.868624413065,105.323659147972,105.916098795115,106.543439148131,106.667080464586,106.666471278641,106.924592486495,107.453537467946,107.858996515967,107.965329359877
86.4972270878865,86.1990576537233,86.0838426955115,86.7930669251842,86.6211727153058,86.6918789395463,86.8796987060665,86.8744537077676,87.0390033557885,87.2894775719248,87.2923464824662,87.5247882101098,88.2829518461943,88.6953179381913,88.9347114748881,89.1919427004429,89.260142586202,89.2695686801901,89.2068440538508,89.2973564910212,89.3955870189537,89.4752222043923,89.3972662333837
158.540757430963,151.88020097338,149.748676441947,150.631673800084,151.637031596041,152.596736419134,153.152739345853,153.39001396095,153.799965038859,154.006811569875,154.467179752256,154.763882628711,155.076244064367,155.68015281967,155.838790993765,155.740440997624,155.923273392082,155.682891353647,155.762305457455,155.863250043011,155.96351927706,155.870128475142,155.873093390681
117.085704856953,114.173222555742,113.997267035435,113.814521425803,113.638598303648,114.002968040066,114.609682933471,114.478586299012,114.925722038885,115.241707772713,114.781420923321,115.464140870965,115.91860350161,115.86459802556,116.365308210821,116.173689562173,116.163651236464,116.251674890199,116.257373991506,116.380423441641,116.313267875876,116.318607929749,116.411546814917
71.4355048737586,63.3054766442678,61.743897320039,62.5874624210125,64.1091672362768,66.8923965911253,67.9610600007428,69.35636465668,70.3173951472573,71.4916466990932,71.4587155102486,72.2743332229972,73.2460380749511,73.5394141192107,73.5029516027428,73.5280841965516,73.5277719216582,73.5191968236659,73.5078078854036,73.5378248223402,73.5160353814553,73.3726086098378,73.430747057858
75.3511567834109,72.5183264419039,72.4880005326179,72.0364881353014,71.614374454219,72.0505051502043,71.7117823966887,71.5148358871725,71.8870276605375,71.6146793290026,71.4616878558276,71.3516311562035,71.4017789853311,70.9695093791574,70.7183924648315,70.6708919639339,70.6015054119178,70.715179171449,70.5736964998445,70.5074099255374,70.497133293412,70.535725779996,70.4820155625048
