"V1","V2","V3","V4","V5","V6","V7","V8","V9","V10","V11","V12","V13","V14","V15","V16","V17","V18","V19","V20","V21","V22","V23"
312.867496243461,323.89084690572,321.514080706988,319.91414235118,317.137443382718,313.167335760866,312.350034559717,311.382011181724,309.011930610413,307.791358134156,310.521668441651,307.599433259041,307.702512030816,306.328655841667,304.213935843584,304.118592083414,306.352129578276,304.529117893384,305.621079448383,304.147189416924,305.303356052058,305.270176604983,305.029710620467
327.208850645976,316.872991772299,312.4950113881,311.327304581575,316.325372280334,317.740089714494,316.702793330335,315.604243085483,324.891046853485,318.225767004773,313.700902838964,317.534108654041,312.487557577148,313.823846339902,306.7825995021,304.180625823728,305.254189745917,304.382419422461,303.922866422137,304.72479685021,303.167868473353,302.751809285701,303.098189842848
220.883233359842,209.743834424359,207.301262414803,208.3275502722,211.422149953071,212.620556250605,214.359350319125,214.068810025654,214.142813315956,214.916287745966,213.060716033886,215.583891385755,215.693441196543,215.762971276495,216.035588989186,215.832073816676,213.876236897747,214.703331213089,214.212428134606,215.031815672049,215.197665460958,215.453525992124,215.852095664212
212.914548784134,199.549956364253,209.838020550399,205.282665777431,206.23380062572,209.393070451159,206.051862340109,210.284354013994,208.222076764018,209.018951586756,212.83540064673,211.22314778711,211.175577088509,210.47598641234,210.671382624965,209.47541592313,209.219891430893,211.302317938723,209.28494657416,210.978947231759,211.201322433359,211.438054765758,211.596704236395
191.744874476876,178.674911780268,171.005595282541,168.467888361671,167.271554684439,168.415715733416,171.339732414675,165.500742263466,171.461269598862,171.279455791892,176.817894963783,179.122514107828,191.552706093893,197.394168476613,198.685058332078,199.204564702098,201.372273141551,201.3442008527,201.169307856596,202.830877354103,203.019909993438,202.883807727386,203.796848937175
148.000581898389,154.445592831928,143.437699781124,146.281738174471,148.178388261029,146.898662954932,151.475738767577,154.343809299012,151.500979393427,152.352269965411,154.942614540927,158.219374966639,161.646677729637,161.331509946687,163.507357257826,165.67532970925,166.157976664382,167.02470928664,164.723726181544,165.272057175323,165.950326697594,165.964778258147,166.273618938561
284.050021283218,278.579586158722,264.939465042945,265.17784579445,260.476675959735,255.925534548141,255.223711654843,262.896704340586,255.505299619111,254.999011589502,251.890009734803,254.512710283905,251.586037512448,252.581610488171,256.722942478653,260.719738490506,262.635871923675,263.591421106241,264.624569260092,264.620395844369,265.664804836627,266.878023174003,266.948570242005
353.543437469847,341.942925322883,337.884873967219,336.600288491482,336.60537129736,334.545992042177,338.737840838308,332.244918355045,337.394088001972,332.305609566315,332.88076228824,336.906204790862,334.648211576886,337.862948149385,336.173611045733,334.901993982325,332.25402824463,335.782282382738,336.588978778749,337.876902489559,336.872482074185,336.921386951114,338.239353894145
104.835182450866,103.993115959052,102.79689437654,103.059900791278,111.98604502983,110.516126825724,112.008477248439,111.626045519097,111.876536554285,117.002739694489,116.853786008574,116.635059138835,119.872120632332,124.958576297204,123.607510236832,124.113715678084,127.79502368259,126.265077275657,126.44918212084,127.136283099275,127.73989673632,128.674641395145,127.833536900576
200.432054187532,222.893069767759,216.644576943276,216.595127432525,219.521842372364,218.00874239759,223.377876178815,228.553555806874,229.070424604888,227.347636200571,225.25902391791,234.170282137469,226.510540276572,225.079416999698,227.335555965537,217.300508555765,220.215708468281,216.870184734247,218.489732873821,213.643269126044,212.638924966991,210.643440280328,210.310474827254
129.544978981529,129.134184361949,131.644809419683,132.147144212229,127.911480834065,127.452752424519,125.332830934087,127.525412538078,130.602864539588,130.529834675642,132.965516514754,133.618612367511,137.432703818246,139.448862989981,142.037876416855,143.064177621494,144.49898875587,145.365126628033,145.104178791132,146.711848871311,145.499721381897,145.474568415951,145.780130456224
174.141490852534,194.236237345226,190.072737608663,187.987210886945,189.311204615063,190.50346558927,190.24732908286,188.292436788361,190.432146091783,188.122760308949,193.062811527919,193.052829389454,194.185204811827,192.300694088618,193.811706907096,192.276701124499,194.235889546705,193.651527309871,194.232285808278,193.433778958512,192.618265144574,192.75494670003,192.28214826525
203.831587013483,154.087774065479,167.289961182822,160.185563031295,161.02875462895,157.874277545955,165.860007855803,168.579712134676,180.149701940095,188.414350446655,195.718142743007,199.526158827543,202.466375559111,207.262919379576,209.245810001985,209.355263504038,211.732848354181,212.978741919705,212.321969492721,212.09041222244,211.479605894134,211.460643458976,211.388597018441
405.384291601495,410.922043258618,405.79454449605,405.248368619754,402.082928657546,401.294762225174,404.668850461739,399.744043195169,402.441687247197,403.957335986213,403.337028861297,399.985512322949,402.845851577791,402.122811060594,399.939416038462,401.477196812902,401.650699532583,400.771744422306,400.999970784045,400.30132284737,400.350482649438,400.407037003503,400.508568883787
147.909316363833,146.338808988359,142.308465257964,139.821095975296,144.58240493847,146.317036360096,147.668104366025,149.369850071225,149.92454799419,148.073747981658,158.63394844791,156.887613395924,169.383780055804,174.483243640541,175.730688054403,184.404489144479,190.749280080593,190.791450775482,194.417270842384,195.018734574244,196.053873775014,195.563698835368,195.89269763813
185.770504668592,167.464493786577,164.006703793318,162.911710113154,160.215938141237,159.532786009234,161.671519821209,159.859436711705,157.538847159624,156.276745548277,155.803162714739,155.166046499965,153.037359604874,151.624688023933,152.769833932206,152.632300111739,152.803260964809,154.165602357331,153.722720487678,153.67119441915,153.115155786914,153.495522798308,152.67338623631
190.242198715265,181.882239162956,177.110888455673,173.02079175742,172.948476291378,173.998752420289,174.64143803255,174.79790624251,174.921305346769,175.384780971933,175.148919803817,175.98023423989,173.385172901252,174.682584148991,173.379316391457,173.491238400099,173.432080405668,172.615816015862,173.789169572525,173.711786103168,173.162795595599,173.458100687386,173.915749830334
198.500444250567,218.390515784673,215.54034134267,215.209419269762,211.881241459182,209.682420137343,211.686098407006,208.993594194182,212.148868384903,213.347095259676,208.875312356897,213.860542642477,216.322780201015,217.961002811789,220.029515806628,221.668865532513,222.616551481253,221.885210514261,223.585558349384,223.160468831295,222.734550644977,223.438482864223,224.033304909243
168.568333079299,161.264311130313,165.82363472321,160.052704945718,153.563013705573,158.065617743798,155.157529559672,158.309148116526,163.570869567514,161.477024131506,162.803501557629,161.334810931745,165.173509166535,168.25333399957,172.225919950078,175.42841467949,173.736189328084,175.324935984152,175.959965281614,177.211084811643,177.029240673204,177.718789497745,176.512544096954
128.975114895627,97.1226300617131,94.877040645111,87.9507848303116,92.9739004992702,96.3742181248283,101.226554975966,108.261069264049,116.0711109753,120.674321965745,124.282749389959,128.167855656134,142.465875929438,148.253366146561,149.423296815983,153.822392303179,151.18456457339,154.640444025331,155.746251544905,156.236964403257,157.575458764462,158.650857108766,158.870776647028
185.833094100677,176.971671361835,165.358711536602,168.781124262611,167.474246528337,156.213085027494,160.292161421421,155.600207058806,157.084001041916,158.232951377608,157.60034411554,158.840947247795,165.609139655199,163.758777980461,164.668033975164,167.331697253506,168.582649282676,167.513518898158,167.288249427683,167.650013276027,167.721343794708,168.43227527109,168.568261988987
148.22605662026,144.553910402653,134.919633690205,133.004267582291,137.351341606743,138.02387373355,136.317460147135,142.283665552249,142.515690711018,145.541181226462,150.619136743667,150.463469649986,156.490366924479,163.087670207593,161.416791004561,164.453446196826,166.33047361455,168.769734380906,170.531935136673,169.601027701992,172.805584538379,172.28190259242,172.258354202227
162.951106359356,129.309378594082,134.765097433293,143.199428587831,140.171185538973,147.807022088038,148.494924729485,148.808947155927,147.297717529594,151.257508546809,151.325109543166,152.228340718023,156.937090047478,158.126995153415,158.359973133027,159.357012145212,158.897881103971,158.766202780861,158.29869955751,158.069580602826,158.997352425562,159.506727786948,158.84591115027
171.399409681747,177.876398267835,179.810067425047,170.368401361429,174.067388469955,170.975658671672,174.478000009317,174.050724121237,174.784020903455,176.19905981714,176.487693458766,179.902013699242,179.486245438837,180.955044401184,178.540558754083,179.352190423711,180.16558244604,180.862431916823,180.15044507139,180.736699303014,180.437478002314,179.487195181734,180.427895154818
216.761128477427,211.458222714784,203.116061212705,209.383553136038,203.515165321873,202.384899182616,198.36829355091,199.147182000111,202.053251845823,197.731725103423,200.549285739075,202.967042137123,207.527812525814,212.872813477584,214.141230228071,218.216996629539,218.342037317705,218.693331932456,218.409690556324,219.798530361303,219.856741412362,220.313477127672,219.069154894404
257.091270289108,282.432815051829,275.63315442398,280.34014081491,280.273189872394,278.07533732333,278.022973986588,279.062752898149,280.500221376355,281.937011101283,279.455062770557,285.32530928617,284.460678590396,285.816571233267,285.772541594727,282.40242592883,283.777112521003,284.794016982368,282.914410817228,283.539037237018,283.991010540679,283.306320882228,283.402063275043
156.742705926303,162.589154836116,157.861697679269,165.633357605903,168.895345281892,169.823431690814,167.246669886013,166.860752925654,169.371523667512,172.666306097818,171.856167482467,175.480635804836,174.715775998946,177.248521145166,180.079567526266,182.69109707185,183.469996192802,187.60212909592,189.068320928768,189.69192878671,190.144719638836,191.538540175721,192.131699843687
233.673027541714,233.031418745389,211.864520293913,207.320125845598,214.345580713385,210.906524531835,217.950595450173,216.206032101455,216.494639920418,221.030703129065,219.48708797187,219.494633563557,222.378659892842,225.910978671903,229.342082138344,229.941810580721,232.211490498877,232.335612392534,232.710922793462,232.507346226162,233.176608422888,233.09685608406,232.960740286099
248.557417497478,244.714590498123,236.494018872346,228.186230054791,229.880310421042,229.282783667243,229.539020365004,229.370305208564,227.578633541447,227.181275214569,229.615352559762,227.447216625571,225.598919447134,228.905482259133,226.243993180845,226.687560323113,224.908204423322,223.896809643839,225.072565146386,224.121344049957,223.716198697418,223.533760051277,224.188439036332
237.684185934453,218.149666110766,233.58461403666,228.85803528234,233.048008346122,231.903605727433,229.209577489264,228.306442236821,227.241572810149,228.750740100137,233.142651250549,229.121441694323,230.189353148662,235.609155457901,249.927856166623,250.335469994984,263.181294016536,268.94105806691,270.051951515864,271.266482878794,276.519626425453,278.513645716959,278.479496468854
244.310920750617,236.988359188993,233.405503863219,236.637923036161,228.727363487905,228.107421295734,225.873020367571,229.141612183547,234.372134274038,231.909184733349,234.337966352121,238.687637272592,241.563389085441,243.28000332613,243.925254526449,244.056613480507,241.557277911426,243.8063591185,242.674461731198,244.577678384041,243.546165245809,245.330414334825,245.746615100356
126.083806639481,117.836443116346,106.023780759135,113.613281639087,115.484386659505,115.401432288388,117.498728568797,117.915749049829,116.97801996687,117.965281802522,119.395689488552,119.093305067543,122.967676948207,120.579686320035,123.32970777957,124.886663601244,124.805267311549,125.460713457435,123.853115717433,125.409394930144,125.216842823087,124.547461925326,126.084801625849
207.036734525375,189.256434947086,185.717948371026,184.779338686278,189.066411301489,190.064848481686,184.514433776685,186.548264906572,188.763865123438,184.92531156051,188.817181472084,186.226269273778,190.871850588317,193.31524383758,198.922352709043,198.463929597653,195.307427287776,197.783683230277,198.564745358316,198.958107710737,197.707088205573,198.155583384579,197.983194820276
147.465179930874,159.660668468173,161.555220013516,158.991387660215,158.452171686321,160.499989266107,164.340375149021,162.652685115347,167.78947641951,168.533951653067,168.395031740359,170.806464810481,168.393958559133,173.079413134694,175.153641475401,173.879074777015,176.016205477512,176.649762242845,178.48885822214,177.686817140045,175.748282566923,175.356576500544,174.17587076472
490.008906306085,482.163233223576,495.143533984197,494.888555317414,504.80919204745,500.73764762883,506.378592093578,502.048243776054,503.89407668348,507.469426385182,502.895973129736,508.977627130021,500.731813530589,496.523283581344,498.136176742913,499.598120094088,499.126702103021,501.689523532565,499.121437313815,498.594853828465,499.275941715702,499.438208329408,499.424175591681
91.8884056880687,98.2358855420821,100.328484857416,97.9270009206407,97.4380956039833,96.4765886085376,94.4986571948812,96.0530410186691,94.7531532030795,97.8923131409399,98.0986273661625,93.9914118982205,101.848843641857,108.863605494893,110.47953416118,114.805268325179,115.370243264091,115.504249741125,117.324859302287,116.178164519888,119.008510462169,118.560317312309,118.154274586732
152.813057309701,124.961548841518,126.380515810072,134.815849810365,140.160187495154,140.520189570965,144.532350897437,140.62020175254,141.60459671591,143.466408286689,144.72312959443,144.924618619488,147.725777468715,149.39101251274,151.129992655786,151.905505655497,151.871613125287,154.441912770955,153.873615450397,153.469572032984,154.739192478686,154.332256718176,153.947517093271
249.765378125851,227.589681855003,216.328323287401,218.871111781202,220.322910049928,226.612614731751,230.93032038616,229.400558018404,229.940341516048,239.534167579941,245.166932330816,239.483586447371,249.435264018321,252.84177627668,258.635660654077,259.048074921175,260.368070402182,259.535868451114,261.722941852362,262.234272535001,263.000111333199,264.122619493541,262.831255685529
219.906825363202,200.429055443172,222.072259825786,222.733147576182,223.829728967783,222.330272813151,230.317788732579,233.282763650008,234.531343254542,242.960044230641,239.756386740954,245.043091271762,255.013578050194,262.01601275743,262.400035427782,268.801092427928,264.432948397827,265.994708503566,266.814615786624,265.963625081851,267.353864128546,266.583109481431,267.720051209745
282.420176015464,271.210157666183,268.4639288301,272.046797248544,275.120478141594,273.301475356001,272.479542661131,274.79028673789,275.415288138459,274.004434573185,274.759078897092,274.732226096974,275.92240559817,275.268596909722,279.109299803056,278.503535864752,279.042010759997,278.621611128335,278.285735601275,278.735691356966,279.687268144531,278.536082221799,279.084881071292
371.155722244311,364.802199184943,363.376384928961,362.7753290547,362.709207752548,359.561433455097,358.519812068424,352.768754796174,355.379499946882,353.766650256223,357.688456439307,354.17155278427,356.334314512244,360.893513468165,363.366380498654,365.752738860402,367.398507660879,367.776867044129,365.649961692498,368.166259026097,368.593732159192,369.742877266259,369.110056529571
232.895457484836,214.10799473898,197.044298341474,191.437837614015,188.930518137063,188.833562434654,195.557193744813,193.642843759649,195.483213164256,199.769119672133,196.578938811202,203.971229394153,206.863079185299,213.04092036871,212.777168624421,215.987581878805,214.449142830506,216.585525476605,214.977599274511,214.688114833183,215.491726486249,214.662580476515,213.813527644799
161.206478833876,157.570639397356,157.394944076249,156.704654631781,155.87572572576,153.152209606469,154.853584836722,151.69084789431,151.736011098274,152.171454301938,147.806880619395,149.196375607148,153.220029916686,155.121963051682,155.200409594021,154.580413493082,154.14370493632,156.045539625118,156.220154307681,154.128788111006,155.800481461501,155.152626806016,155.866034372768
245.35657968569,215.137063136438,206.014017877194,204.320135310804,192.525612771272,196.034107412459,203.48440242249,206.368236393196,198.349099631214,211.845107804982,211.68974073662,220.461388686595,228.94649483748,235.370842655602,233.914406690712,236.666471106833,238.266559741697,239.366687129972,238.587054315516,242.099550076638,241.891933822141,243.226731727845,242.445375757082
291.379283679821,288.75465535995,289.540117125463,296.452683672998,295.075666713621,294.986660237728,291.007590554416,287.720733697438,290.616865135345,287.682428982909,290.502728538442,288.735159393977,285.259481739808,288.642268611958,287.485428356353,291.986003328699,291.447370227747,291.459984250219,290.173621035273,290.705429637507,290.317841100594,289.596906913788,288.527878724695
159.739303378729,158.761817346701,147.962792506391,149.903913579016,150.923921003481,150.491872237793,148.84319576861,148.833498591433,146.939074947223,146.64702071952,144.661306632453,145.783782698536,145.84807030044,147.186753387903,146.479353928976,146.756709624381,147.060418920396,147.288955458607,146.367275413272,146.404338191629,146.409376664228,146.805217219622,146.491491502238
182.141979707201,204.547299356924,198.289624456507,191.785302481731,185.298915883369,185.629734597881,191.368016144128,191.70391172159,193.818982677095,196.778020903105,201.990021324251,198.928409529319,207.340970335834,210.720954012227,221.846434053835,223.3775173044,226.367958988584,231.736652105087,232.48150464255,233.378606476028,233.410955407935,234.564520737107,235.118547288765
332.399157333132,300.086487778629,311.930618115087,309.860865236494,313.223022413207,311.380625304238,312.577389328995,315.199890405898,312.473396595741,318.509806242156,315.856587585645,317.080893422022,316.675643639387,321.038417902365,318.537975894194,315.054078215858,316.923041398887,315.667825242343,314.722794460987,315.275112667777,316.651528704877,317.667452347214,316.530112111341
205.248869128138,203.114532182382,200.674214487549,195.630997275897,191.042190322976,195.862710608018,191.233888638284,192.508719613192,196.609134936678,194.366129730795,194.780110594465,196.210180941998,197.619642538548,201.502619263294,203.29597274114,204.347460633792,205.008641616547,204.979265524581,205.128647648176,205.76831081868,205.14761006348,205.660886956141,205.213187196555
144.625642171088,123.106726153164,126.334497139624,128.525983015718,127.971601175336,126.907566208851,125.403242401573,128.12033436542,126.799217202446,124.99702301306,125.782877946773,126.458079534401,133.124088592499,141.407429466875,140.453281756807,146.235983764939,147.411202184491,147.66491047474,150.776824164911,148.357316990019,150.355178966023,150.130402075695,150.558285379303
309.847462404191,289.548948809128,297.45946866979,303.036270558273,304.441591978874,302.131564299562,307.764092867386,312.099760166733,314.067528654024,310.486883238363,314.714598449174,316.631617282703,316.096006666773,315.51033783649,316.239551037126,320.018219043327,315.440800588085,319.849184310672,316.625313363735,315.515966333728,315.43177811845,316.220883750457,316.531127258083
206.398772262873,244.491319134298,238.050955750221,236.400784300507,234.639365466604,238.483666740871,236.604762323972,237.414433297821,239.123366837031,238.684601429979,239.277108613442,237.41846449957,238.059826943175,238.65797884212,236.324847435905,237.633696467913,237.792806674968,237.408735203775,234.677719821656,236.16998148748,235.639576106363,236.026766197403,236.226243422733
197.458618055447,188.160278420912,179.728672801445,177.933885224263,173.412858745177,174.172829921138,174.10516017961,173.189126296352,174.181435958381,178.825207054903,176.284539041698,176.366796605557,178.068736952602,182.141044379985,182.753312997794,184.059156717501,185.961257209476,186.391264997506,187.695048492571,186.476947379759,187.73839984905,188.801135820977,188.217029370076
151.529596898393,161.319796007508,154.253891032575,157.269826083005,160.848460029776,165.224171178414,167.91678512602,173.593762145281,172.439042997269,179.925933932516,175.959627156546,176.757716513483,192.572022518303,205.622420547908,215.391444059992,220.850759722512,225.243162231287,226.455644785748,229.488051219037,231.801800177424,234.705020715006,236.51001459558,236.120725434454
383.956964230776,364.844021491975,367.138878820232,369.179878896719,373.574146996518,372.599256553888,371.967519204857,376.016527361725,369.435325563618,373.011455644081,369.871244632625,370.209518609035,362.734029855629,364.149645472458,367.357301874183,369.50884845138,367.4444301427,367.72902945062,369.094939986592,368.990232262912,369.62489424606,370.071495591163,368.570593321323
149.352890287299,147.317769712765,146.280270461671,147.902099750125,154.997697942979,154.56616186482,154.578730840155,157.229401697105,156.756803844114,159.419955925874,162.670548575809,157.971518428348,176.636699903353,190.169073202349,206.222109579657,212.602942461271,220.957127945331,226.487666532179,227.292347285048,230.558413001018,237.172329646907,239.59219395953,239.498599369733
205.045276374904,206.181287982646,194.142484146837,201.616363456298,198.975813167214,201.415519231431,199.124097503111,203.627216505938,203.598789758375,200.984590432136,203.179798830175,202.911135886322,200.580084768748,203.275818564878,202.69976389674,203.549071716536,204.459814945366,203.534716142241,203.77254758357,204.694271526794,204.274227244825,204.214215850895,203.308051984781
295.7394332949,290.17916491544,293.501648914059,298.181765378253,300.099267904585,301.242355362178,301.712393915454,300.893060689852,301.863754334147,302.307883758231,300.559550965286,299.766048036424,302.54461216036,306.556048173315,308.906235583944,313.569977780006,313.897498747788,314.034461579669,316.963717226639,317.774694805732,317.336158143372,317.947892437915,317.091092924033
94.6972903845723,96.0107290545891,94.3458475822852,96.4683645778538,94.7115498370309,96.6969877896352,91.1180003018096,96.0768140632941,91.2201714199133,95.9158492426587,95.3104604933095,97.2022075513376,95.4741455780439,94.049115387617,98.4737427063589,98.1118711647902,99.7299311176875,99.3701938983061,99.9052674816259,98.0346625699711,99.179457997435,99.0761870337175,99.3652025365169
141.37224375794,139.319883841552,145.245830932985,148.001161967566,148.108288684709,150.516498709767,147.830498171612,150.764238928828,147.856177143336,147.742367413568,151.234867629308,149.553817092019,156.038656710045,156.340213120024,165.020584928542,163.995614649032,168.849698874428,169.328517229988,173.076617440318,173.750296044285,174.480305593394,174.465333889182,175.302323040873
422.626951989346,426.570156674543,414.947387978047,413.258634181932,415.116444385434,419.682786627017,421.811659056221,420.246325427852,430.571802955663,431.137237845841,429.176589327865,430.433827790261,456.271668302784,467.822272692212,479.029044045201,483.857915118242,485.829151130979,487.581452841992,492.991268575392,489.423197905327,493.371083841971,493.604251881252,490.20639515733
104.269878156088,94.7964949928046,89.6902591856197,91.0201749809057,91.5362775829966,86.8629560181765,86.1491691506274,86.379583921603,86.8201040078398,84.8730245570278,90.0135906350707,92.0880201343116,91.9321266065957,98.3421186519693,101.262801937736,101.470984277652,101.493215565767,101.917254870843,102.815238617039,102.63651573241,103.277089160827,102.906008705264,102.917181205016
197.28517075068,211.90928227014,198.09911199103,200.008479560847,198.703183072002,201.004029110454,196.084791376723,193.456478000509,198.128088670022,199.673817888935,198.44143180488,196.764643256309,194.582619861264,198.968177532854,199.692943679179,202.825072044826,207.363398781012,202.583973210256,202.9393859264,205.643237865519,205.097386776149,205.8386692345,204.482970909073
127.410481505948,133.742631547136,139.89229900926,136.924450711289,138.346709608906,135.076583635183,136.376335432522,136.724620674651,133.194014424072,135.809247913643,134.804780695149,139.384832419499,145.633711641735,154.013897134543,155.854418254797,158.765371653868,160.917987478838,162.713200698577,162.454085485168,164.182844367989,165.059325199561,165.915856481615,164.547611874966
171.499174130579,170.95993755794,177.614155811803,175.72041870225,165.912418230879,173.62322430605,171.044224362379,168.812156006835,168.961318869331,168.442764024383,171.073653309471,170.829184455451,165.411065028681,164.23128307097,156.766352783169,155.296329528333,155.618603112182,154.240423606707,154.960720805958,153.017270929554,151.82634121133,152.169229488723,151.817185979843
374.767237240057,386.402654460074,390.587496961162,392.454105796775,393.374469910984,391.399734576438,393.365003442082,390.388076828129,390.237127578595,393.181462299803,396.501159019833,392.375622352708,387.712788595178,381.403770258545,378.571089231012,378.325895061179,377.07046151721,377.360042148988,376.060904261385,376.386037608446,376.968383593971,377.645489748097,377.249874416089
255.800520712909,250.334130385538,246.15271576444,255.709870466325,252.567439998208,252.493867625067,243.367750140299,250.103795826302,242.455291126693,239.243299339306,242.393172586466,245.895801307754,256.528797568891,266.952677087996,270.418021504019,276.548012029632,277.639227935375,273.784118586765,276.307874263896,275.296654704812,276.662213123984,275.224393167353,275.188785604
247.735602399609,231.933555853984,226.641534014114,224.231066155621,221.066568932053,217.599380357933,218.539592432487,220.102572803997,222.574633579346,222.90591727901,224.742683672232,228.787042404806,231.846989230307,234.375095538097,233.070776672844,234.113618855016,232.892298731611,235.966303138781,235.456502631317,235.377510899121,236.951212365121,237.986339258207,238.35426895475
150.242360440843,133.427949367511,128.608270489862,121.650932438844,121.691792161288,133.706736011449,133.781662719835,141.456042749019,143.180274127286,144.780750634524,147.375458481805,147.70523611197,160.104714219361,172.36751999107,177.134442992641,176.506879042208,183.419330971775,181.737780304823,184.395892588078,184.824227540684,185.284994435106,185.514815659339,186.060882195513
137.024481339554,139.467565738022,144.852298285554,145.69613361246,142.255339987315,138.578915009738,138.72633836739,138.270233296926,135.871496566034,136.798063097875,137.364746758528,139.139141905681,138.994297633643,144.214136956988,145.686270608197,148.967603318699,149.791593522358,150.277295198342,150.970695844804,150.959962488493,150.812515851014,150.600713264624,150.036185351884
111.968348573529,113.408343211001,102.886195293224,101.139256402302,108.214463265651,106.209361895894,105.847420972947,105.064059739514,108.475769609512,112.869085473473,110.727207033406,108.736735172948,105.567451274434,110.139181955997,114.643802688696,119.868970361695,124.493498796088,124.798157466249,124.956249875834,126.806133875596,127.657590142284,126.870937456405,127.98791066682
286.095974883015,284.703956440686,288.547887292983,285.274358970807,287.752343947912,284.179072349564,284.576567774435,282.027551281637,284.097687616655,283.896544265663,288.023391808522,290.191969614091,305.903868468419,314.028347548438,323.704909183063,327.879967923647,329.68750617253,331.383569056217,331.960153278701,333.374959739137,335.102463236325,335.526806468074,336.149904192654
327.996240638015,322.95853501092,318.274780285207,320.017392113069,311.531318510186,310.690641637152,312.383792434362,312.572755623411,314.366401598315,311.591789554514,314.704917415991,318.389661202938,317.825312490294,319.836631470036,319.393352945284,319.714714362291,321.439735220107,320.368831311253,319.837757161372,320.76280130068,320.339269453607,320.054552137374,319.956418689277
108.903031969613,94.1374931631287,101.989801365966,101.575605542411,98.6682319843343,100.487696827988,97.685766035569,96.8607375195724,96.8390186827794,97.1373103567607,98.0388122661097,96.82544055937,97.1747854986929,97.4244620591922,98.914044934193,99.7345820093119,100.922465276827,101.275061190459,100.979406816824,101.761707677227,101.944075961703,101.752912939829,102.359722356581
249.992346898258,258.140340211917,248.442320992858,245.930594074853,245.008187763245,246.469466179956,248.480367014561,248.291615901341,252.367599003635,249.015758000327,253.866665631416,253.607569018147,260.190019717588,260.995511692835,264.435851093287,265.284119617792,266.634850452516,266.845928044973,266.74014718437,266.23420407478,267.470454768219,267.251468726914,267.517854461213
213.816996565408,200.492053815909,193.483263747161,199.960376421043,196.02848534406,194.202859886561,197.104627242318,195.841547732716,194.430286698125,195.119150734591,193.950991642817,194.775928460217,198.611416366159,199.128577145854,200.613433619602,201.735099001382,202.598534415582,204.814515869419,205.582860722074,204.97063864665,205.295422926826,205.125462903938,205.709410872503
161.915293162688,143.74631874395,147.512131008862,146.302078386751,145.794768804717,153.936636131979,165.606726029401,164.514099239346,164.66573043351,166.795250236108,171.179034680072,177.817320030243,185.387150255267,198.272165095725,210.46604623648,214.51683727424,218.281395314732,219.066511055107,218.306369943139,219.998911282397,220.422267356069,222.043569332848,221.417249910886
277.508589511414,268.980131508911,265.42954484966,262.51016935227,264.531772852361,262.80705084102,262.475296237204,260.551298007616,261.363826006157,259.609554671376,258.401482224141,260.497416627185,257.367846332472,258.969557840446,257.820424137419,256.807299786082,257.253784227455,257.471071115336,257.427717969223,257.015030273332,256.705798127594,256.466674236121,257.284863434819
186.737780649565,177.603580477641,175.310540810251,164.984958992315,165.503999084415,167.604689762526,164.072797068896,166.657492409698,160.864657093602,168.602092931923,163.785413553722,165.242880731522,169.759070969618,172.127787998428,175.828523183989,176.184909132681,179.538793085267,180.116441725225,177.973246115906,179.44005172674,178.70356139831,179.729933110811,180.040658976069
165.896252184492,146.177277814082,160.587347107199,154.996710713748,150.224365901767,151.476510315118,150.297290110604,148.789918770884,148.765196856627,152.906652777239,149.645514097271,154.06358250092,162.991989428235,166.91275020379,173.601428169371,179.465448382166,181.955301041071,181.242277283188,182.245083294912,181.516096095623,183.854271791994,183.36757799788,184.0889500845
556.320237019695,543.514975601092,554.767107917657,539.965977328899,527.123030821933,522.897068253045,525.088201886635,524.451516807329,525.593095530954,526.062415228715,528.33911143249,527.33543170532,536.952474913486,539.290772775769,540.195297497547,535.049344245713,537.234361112051,538.378133870352,537.378775969415,539.143156111254,538.847368435034,539.256426038988,540.09057307349
405.144061731888,388.690698710072,393.812995342792,393.620732279226,391.464693858081,390.595613608464,387.283403945272,385.245767050632,387.102431799744,384.277202530044,386.191595209509,387.983369397797,388.578230895356,394.594271568001,400.939302967771,398.567662394033,402.261548427604,402.264266611671,404.276820478913,404.69146301096,405.369146456807,405.326842446663,405.265789619654
140.206794926077,133.39146066763,132.08342994282,130.563176214663,131.55866177961,133.72450693003,125.463193253982,128.560392131545,132.284271577224,133.373253083762,137.706283843591,137.435754362999,143.293490869719,152.200936812721,160.456776849538,161.896791529154,162.100904943914,166.268540313403,167.055986881768,167.621757984017,169.392137961148,169.760337232829,169.035698198991
156.886796196493,130.258927393955,133.218769326409,129.629212976941,130.042709281184,132.883006431645,133.142848425726,132.091150360154,131.086802149459,128.229521343786,129.989066833474,135.515035216101,149.581469017731,157.543938191245,165.478470734533,169.215557201099,169.954602722321,170.621948696928,174.180390886874,174.446744067885,176.014564967583,178.216260761141,177.476105739651
337.943542646106,317.422655943433,316.612474039002,322.686266315381,321.70264911926,321.240087363814,319.545378811252,322.75587393031,320.793350148929,320.315185617069,319.177103088812,320.487581663734,323.73286085225,325.024465121176,322.783371873569,322.917826735516,323.667457776703,323.552188770721,323.569183023918,323.932231926069,321.775367114928,321.422491676623,322.576797417125
226.863316003121,212.715189740468,217.457025091317,211.446109022365,208.712773994337,211.745357222468,207.468482609182,214.887927182776,212.290538427597,214.733664784446,213.891290375805,218.94453916765,237.879446599401,260.320054790813,266.850699353538,276.842121350865,279.701676196366,281.531462922091,284.40591979765,286.225999899151,290.314343887,290.420116251968,290.740913084364
186.813113309526,154.304668985221,159.237721052451,158.295541316254,167.70561493781,165.519528526438,171.168439618951,172.800769071386,176.335454203219,176.528814865421,179.238609434086,185.731028268076,187.182399395793,191.80368345995,194.127165174489,196.673507435179,199.961512411929,197.563505069078,199.51790033524,201.567485107999,202.695690833785,203.872681137426,203.413213928662
301.891324220556,292.490308130418,283.44162059588,280.526781110984,282.267200024621,279.787670571149,282.523578452697,282.612711564858,286.870026570929,285.9927812781,286.063623807253,284.852167063209,291.670923239725,288.697172803153,284.321312497613,283.163735912348,283.767357672597,281.755811746959,283.908327197961,280.513583918346,282.733005554542,283.002466200945,282.550127364414
166.147328692484,142.646255632923,140.35121582576,140.775106215774,139.841407596239,140.055063912612,144.00902683441,142.885679802028,139.020263586453,143.601354563043,144.526231260393,145.297244882709,146.365293645234,147.150749082226,148.661517670729,148.268230648317,149.482219149839,150.230024321285,149.841777120604,149.10427562855,149.567255055325,150.599943425857,150.273096790811
291.3094048547,275.86469038651,265.427465635936,265.244988411492,267.139257896071,267.897584864881,273.679884365951,273.203776389829,278.37461193041,280.252628064623,282.235129127111,284.021552775041,291.19834273117,294.76050808471,292.578900085528,294.916075040137,296.47526772954,294.820007905824,294.79817828712,295.618029087006,294.616917995208,294.142006359068,294.358851160443
178.539979190026,187.063358505555,193.415186779881,191.031609768011,192.040890330024,187.876088767843,192.722998462666,188.019713494399,190.147269596136,192.637444492282,193.405929184152,194.532120541936,187.942719223258,200.029066637901,203.967546893254,206.520310293823,209.951924181839,209.864490526346,208.400061855887,211.288042010615,210.176215675104,209.513670817841,210.541104453507
191.303187441005,175.619288445634,181.134232362691,183.163771236469,179.544262227549,177.51673120161,177.91714588547,189.596558202699,184.227616575236,183.614691696061,180.95808904916,185.265357758459,192.097987469961,204.314138095464,216.849988594371,226.768682847804,231.274909100013,235.044922794745,233.160155207792,235.05000126589,238.856952873421,238.425848349469,239.377491199713
172.492286539733,167.969763335849,172.339972741757,171.541465852241,174.134902487059,171.798358719099,171.912578980051,171.234812307846,169.870031372382,173.305102891248,176.95383084765,176.268975121046,180.215751312222,181.951852026327,189.419223821828,186.309599290592,188.12475360409,190.251078748578,189.329334201549,189.457505690727,190.9698495206,191.067631812517,192.937686205069
267.661164642331,287.776713459816,292.555309832162,294.013909798717,296.258816457173,295.071062748471,293.398418470541,292.354768350732,286.912053276055,283.464766464411,289.67334544811,287.008821937085,291.376693371679,293.120367746863,294.738216628365,300.75411180072,300.041423326428,303.229254001885,302.29264579337,300.453258858403,302.823318261789,303.91017518413,303.381529138005
205.623637340841,190.370312299109,200.157440442286,188.123433083419,188.483838267017,194.506248301424,196.821174262492,198.254323642737,199.411318556396,204.539239203418,202.99782953982,207.361030648444,223.521587680454,239.682187879462,255.123912746997,263.757435055512,271.747958572422,277.152416312434,281.123359954754,282.73400090248,287.12295853497,291.187458431681,291.850835675771
132.108007485488,135.717721652064,135.024273308779,132.474796934062,134.623572081609,130.933022982563,132.372233619188,129.007610510054,131.991912436436,134.84421795111,138.232357681547,139.632979641253,147.021056914781,158.456257182506,162.780645044753,165.086036911969,169.02318875489,169.932087849073,169.569824048386,172.37475259858,173.696653096304,172.364593943564,172.205476645737
302.477056358748,290.783089687891,289.439730095377,300.551351382436,289.821788850297,287.952749631588,284.607969925092,285.885200976428,279.881822204907,283.847369450774,284.80336097483,282.031276488512,283.443467795585,280.556800541245,284.034373890446,285.469047645636,284.692930124417,287.043724346299,286.428890045524,288.375094478507,287.993143249844,287.934933508162,288.228817201261
244.177751265614,249.819877023554,247.358988170992,246.254710693808,246.120471025819,238.317312537753,238.550148947349,235.536892270814,237.617634730459,236.158710816675,237.894986613667,233.211096652099,234.102814151025,234.653971493853,235.733543012254,234.525934418513,237.47616705454,239.234603500679,236.69868559864,237.895706752802,236.929542363826,238.013772644726,237.313405029725
141.526071970021,128.355219960428,137.076212434892,134.474711431808,132.907729306621,137.013072405203,141.625024531745,145.095511592832,144.616119445357,142.768415886889,147.072770045825,151.667508959959,149.025750267294,156.640936322594,160.668879142383,158.613493786738,163.410833192037,164.34997692777,164.489798843448,165.81123622162,165.752201063794,167.031840651948,165.665377621016
165.518296189676,148.667756513367,147.983546013555,154.272242165899,152.187965577632,154.808571172502,155.7271724984,149.972226649492,154.397069037157,148.98073436754,150.219048887729,153.577782426375,155.026071944942,157.071613855406,157.967413589498,154.161576902694,155.852958219644,157.159072173199,156.472423970007,155.77918129754,156.492357542452,156.335814792577,156.94100963268
