"V1","V2","V3","V4","V5","V6","V7","V8","V9","V10","V11","V12","V13","V14","V15","V16","V17","V18","V19","V20","V21","V22","V23"
647.266999463391,673.412887319085,684.057817197881,682.97802665212,678.273122944637,684.753028178785,674.638611805229,671.682409227352,667.338920599904,668.561230876898,673.176375435607,673.356124231151,661.914462586781,667.288200241678,663.751643918428,663.844707275956,662.302181607522,663.393199391175,663.573338369943,662.947889329066,664.009538110822,664.121958092448,664.980416026557
622.605249850449,584.77769943204,603.431405111168,604.169376939487,605.280308762021,605.809694649391,610.927767830327,611.753541473353,611.500141840174,606.599573630885,609.830665670196,612.526211392833,611.190426293029,614.00275583402,614.566742194679,616.028318443877,615.557608923576,616.654869305676,615.401380304078,617.240585428666,615.476723890118,614.920169103892,616.017260176055
319.169411407612,298.287396482834,310.464126103842,310.397516387088,299.710988316558,300.301502155867,306.426995090777,304.78427238026,310.581895533083,312.422234196304,311.520654855566,316.108069925199,324.62376682221,329.597126732341,330.473760477258,331.665517275309,332.290149460385,332.735087470569,333.838161002433,333.196515913798,333.62838768243,333.999661457595,334.471280373762
391.565413562373,398.819664144722,388.383701442438,387.057787536502,390.456100573257,364.918413239223,378.991335545007,370.756921766297,378.9378333653,381.505550713509,389.074454995497,394.753387524536,412.632898603744,421.033140077714,424.691407938822,424.845785485517,424.314975255785,425.148281161478,425.451881812878,425.476698931703,426.570509583815,427.202697447905,427.366257957698
300.087994369397,210.454209776136,142.980380263658,148.808409373659,140.179694648737,153.708265025326,185.71494990739,196.101404091533,208.268897595704,210.040232223031,235.946737530095,251.584902306559,284.419842816036,292.790542164565,301.604823798916,303.886140112721,303.492455221252,305.526030017548,305.610658612663,305.674285190488,305.830405002427,306.218694400845,307.129229742841
219.456489448097,142.178300494484,112.862741975835,104.691437179992,123.153562451431,138.81051832308,169.03306164486,185.659886369571,197.056646246925,218.564142138728,227.911566737112,238.771807859164,261.583709245684,270.295495852671,273.641919291109,274.917023647115,275.283208376673,275.491487440448,274.92473231565,275.917718727724,276.314521887942,276.420713205396,276.459190421024
497.3777380957,526.774081897346,526.145449389237,531.31874454573,535.483858313954,537.870823349309,529.801705520438,531.987159350177,532.707995481527,520.820360421169,527.475537807353,518.942453196525,519.173678761032,518.232077569805,525.47613069206,526.818861928065,526.36298285007,527.057180695138,528.906339933379,528.048019684834,527.179775171342,526.47605210175,526.414376802886
657.479025215192,645.345742716397,638.616701629684,632.457134796555,627.907237348078,640.073799209158,641.352603661611,643.064036876476,637.86829765746,638.111807842805,641.53968925232,638.047918347613,650.290405876892,658.708330016256,663.678851474569,667.510281357683,666.941297052214,668.11315518848,667.951331026542,668.154669286091,670.499752633005,672.29433708079,671.796974833575
246.263625600216,218.803587682056,216.44390347696,212.344545779761,207.327356902583,207.39118495933,206.961275591958,210.33229946944,213.188776350575,213.748716403777,217.148742357431,217.729825183754,219.144551443802,221.043750701181,221.167085918504,223.022852228423,223.919916534063,222.946866723911,223.110798091221,223.058825010228,222.922056048162,223.37049194707,223.276233356417
327.953252809389,283.764079293981,292.103790308293,278.818199406636,279.201677266494,273.865667693465,278.184345187127,283.098311280037,288.987652155612,286.895940046558,299.674361764286,302.88969278403,318.676114907855,326.022872937467,329.548656520593,333.007691006126,331.966972400055,333.746703256794,333.675309293825,334.503621625433,335.985287235871,336.649351430039,336.382254686222
233.258030977816,146.689872819654,117.976647519876,116.44757164886,117.092591580122,136.768871297031,152.420525409289,160.077085389684,175.365661171682,182.706829665506,194.271062669654,202.621013333476,219.69548915942,228.352364125336,231.551969813661,234.086067974757,234.474368194406,235.19261712991,235.718226096723,235.83083007011,236.462915820741,236.739597090555,236.723687283767
309.55062531997,301.306082400677,288.011565104676,283.973445897944,276.376974543549,284.606416556316,282.089886526895,291.063589174789,295.558128266477,299.05843775041,303.582629427003,306.333973381724,321.882288461115,332.318936298916,339.017705076975,339.303512416871,341.439649883828,341.439234372785,341.59417628835,341.806945135098,342.508824283124,343.211093259494,342.875890057634
185.439613972209,214.237427620058,197.215887419186,223.095417392204,232.262757953355,259.939448874413,274.76094221426,307.723040430364,317.433932870911,313.173491070592,327.311312551565,329.060834087066,357.855606452145,364.052339929298,372.247099844566,374.418717590968,373.139337337972,375.80963369334,375.143930231721,375.385053770878,376.248694797371,375.945795135485,375.779229248655
745.244364458234,742.742266055984,746.079581548907,752.418276698906,754.204697430416,755.178394118506,746.440962474951,751.074930151536,752.105262254525,753.268857575648,750.228985935068,754.395922948401,755.314461477161,749.951753445723,750.732019996299,748.94861920067,749.612940825578,749.835251797326,749.685481488684,749.191794393311,749.622679047519,749.530226124667,749.388785659665
271.273850258776,162.373392277739,137.385056746284,153.042596284302,166.968063407909,194.173162089762,218.813025653416,230.154343741941,241.035971896259,246.679786774046,252.683950362451,257.608566669144,269.464239693291,275.462525696455,277.90473604168,279.744273562371,281.000369703558,280.63672346871,281.579420822603,282.424518039402,282.708888541707,283.19229622019,284.123401768264
257.078249043261,244.82945558809,237.473268613833,232.065639943861,245.324224043585,262.115955479018,269.722188733521,272.504668949136,274.464897910455,279.463729247033,277.111461078327,279.898508726941,279.68563668218,278.849049424454,279.666907414433,280.102409119075,278.50998609373,278.188873631765,278.829274588306,278.801441056541,278.537911580869,277.811925628896,277.591932843736
357.964881036516,288.320214226818,290.364680393898,289.602577353721,284.00082719878,284.295203356041,292.447164403483,293.154167321563,302.279558666986,303.798337857479,314.453685057839,316.478304734946,345.266607963496,361.936868021567,367.029171844097,374.507239136614,374.690387369015,375.764204249885,377.591130848603,378.090816572744,378.121928013608,379.804359633323,380.44208988054
398.271804398521,346.565789243536,339.917468536476,342.75300077153,348.187871447594,371.186382840851,378.26259651268,390.635124877532,402.874657417494,410.025736954355,418.078312385516,419.366188213386,427.468916255275,433.787986726685,433.454454467748,434.014976680672,437.883318805322,438.17705529583,439.24578979365,439.48634319388,441.415428121725,443.040472018581,442.868072845436
324.191334129796,234.102837597226,217.319897527766,203.938573650379,225.370164855483,230.699518258216,237.811964533608,250.106782369168,257.743297516701,258.385032861084,260.38270187991,267.353466102209,288.76450663974,294.556858221243,303.534903324472,304.505882339498,306.219407850391,306.734314080923,306.860943346829,307.625691494695,308.158044481611,308.363563734821,308.609830766468
164.897190296652,133.726287674449,115.085605010895,102.608238657941,113.357328350836,129.064736288611,133.144405291891,141.103601578629,148.397141710545,164.928219421825,174.619254649367,176.522119498042,190.685217767417,204.219971510941,212.341079691233,218.515189445003,220.005243727741,222.09618444825,221.331554422668,224.181028588409,224.279034237886,225.555053449284,226.464903864673
533.650131610597,561.773660296627,558.017692412262,545.845146170865,545.347004312737,541.291114672977,537.287044869751,533.876787643801,533.228866717214,536.409015655549,532.056445075331,528.223350941796,521.971983616342,523.844725342988,521.811808310807,525.529561334625,526.318939385149,525.882375864802,526.242805992554,526.235888127963,528.185750817513,528.399143074502,529.159167186557
249.354576943381,183.276068642748,167.820822381726,165.65504047382,188.450770909901,198.507630047116,215.612492248493,223.49788280736,234.942657487417,251.174647811837,255.152702964658,255.371827970109,271.536781635477,277.247750717186,279.428901243884,279.986645522528,279.409229551687,280.343491698858,279.950188674476,280.499965833268,280.647611234273,280.297475604274,280.213262641229
278.642350294905,184.050635594713,157.579479519927,147.366848593889,151.071406164023,163.992602931028,170.105564694726,196.478477169903,196.743149620848,200.55376602537,207.67168609443,209.645923101129,213.399848401334,222.00468372123,231.668542977861,234.411647384745,236.064238393544,235.688829190264,238.088353536208,237.465044062683,238.070852966893,238.273366140324,238.281302893172
327.935569125897,174.665189751453,132.735109720866,147.72406377318,148.176812100647,195.28139576324,214.31786552577,234.043245022638,253.094421246319,269.838146046037,284.406350241205,292.834274878214,320.002135927766,323.889498904278,326.505115397521,328.470459749771,329.385025173955,329.0738583525,329.326355861199,329.212205636301,329.407215902575,328.240132168802,328.726747278971
449.014356169314,485.743661877518,475.986651237783,475.209748005438,466.24437448673,461.569696945678,465.028767352351,453.47555005824,454.361790244085,457.038032817866,450.751118526139,453.873376182647,453.091453202178,453.181099274231,453.22563645773,455.544274191099,454.588274302006,455.675820732227,455.113363863138,454.892324476729,455.173566333652,455.27093203549,454.845223321169
531.704274496651,527.686481613643,533.984489089193,521.302869850242,527.789520454829,532.1268538124,533.554567656774,528.518789068675,531.190860743848,533.815182071086,537.574077985716,532.815534905335,529.327841742575,534.560134744283,534.533627666212,535.258881947329,535.75620573379,536.188064323581,535.797289625826,535.794094942022,536.073227717821,535.828272312347,535.736857885119
254.022407940823,139.433104330283,120.297667837896,130.83245455886,142.482203012982,164.040477730752,179.08473106211,183.532367239234,195.563723718991,204.061521571159,217.266791162652,213.93877853059,233.673789719992,237.391163449367,242.750225994224,242.468838722061,242.383406856982,243.726704482081,243.090284925832,243.137449668769,243.111326359028,242.998748334061,242.790042911567
327.768502600523,265.153687240067,240.710645474029,254.266758936622,277.245644918795,305.275457186495,317.875441334555,322.68463354069,342.883321961779,343.128538528361,357.462656121179,348.980984496145,372.211927623357,379.991606084329,380.452301592009,385.895674837302,384.544387144031,385.611472461215,385.859587168928,385.333315134472,385.913558114685,386.09989287715,386.463224448744
665.04245746525,657.706639950952,656.481797262691,653.669075294529,651.957389378833,647.765655698593,645.868381506807,645.644277011941,641.194799010203,639.944716050825,640.874627592475,640.208469281644,627.801149751125,621.97128795877,617.044031984453,611.610759774777,614.215419477929,610.124521017578,610.456429377463,610.995026514488,610.406003443633,610.32005554721,610.149873089981
453.437706923621,446.408645417935,449.973178076285,451.792515798493,444.320930940664,437.473417253539,439.839809328864,437.823412054083,437.830644511157,439.899311565777,443.708722694986,441.14767535705,445.307442217761,449.307018778323,449.83151674062,450.23238289491,449.28695499227,451.445267649067,450.28616098116,451.766524820715,452.374034035134,452.924802042422,452.974707159609
441.036582268322,422.960441769731,421.172049322996,421.317929075806,428.848096453742,435.532823198898,431.023524870121,426.45503870209,431.754801580027,432.483826932832,425.509429115087,425.346611663076,421.122757747629,428.118612311091,434.876046725843,436.767757269663,436.258111751709,438.566659756688,437.309955478325,439.195441617844,441.001792470772,441.746557338523,442.132672447189
256.456062779519,197.421853704675,186.172963377084,188.218316227801,188.847864319677,194.410346837231,199.384388738667,195.05614708472,201.019210373051,202.293312296817,199.5495778044,201.43260068055,211.653157771743,217.339767100545,222.236136915038,225.011886888859,224.922655137686,226.519187650031,226.599683086669,227.020517726035,227.535543729792,228.149171158379,228.143012322753
466.88195017484,435.828727598342,414.986808050015,414.843688018639,419.802268982903,423.436155449264,430.788876729253,432.249276655298,438.626004350692,444.160970602215,447.376759542584,452.531741600979,465.294309808502,470.988998596249,470.383014543833,471.930364758638,472.607374902669,472.236021622704,471.511097089822,472.673726972361,473.329628252684,472.459000310643,473.294890023151
346.76217177731,348.986321372233,359.752341235276,353.267425143962,348.657647873566,344.815266572402,343.569756800804,348.352695650823,348.735976109395,349.91105227799,351.900625818712,353.03497100237,355.161653714412,355.646506812282,354.457077860765,355.411317474743,355.009086069023,355.532994187409,354.422704332562,354.569571789703,354.083518162983,353.61455011193,353.178848818054
946.074787734893,955.493836577287,977.698082201439,994.5710006483,1012.35546691616,1000.33308843465,1002.88098981901,1006.34572684066,992.587289243517,1003.90617689575,996.858625816541,995.260847096792,1002.58541100851,998.40632391463,1000.40658982147,994.767389602288,996.800784283904,996.252324815313,996.411615080766,997.941765563701,994.856964402051,995.383852964159,995.832068329617
146.50181115881,115.05103479495,111.810127173042,117.379794799252,115.662857012619,122.4739377032,120.897836700086,121.825036635909,127.873097885561,131.846500855038,132.345015668212,135.160869657155,142.757921187703,146.389673701775,147.541399315664,147.297347616709,147.558425775798,148.295888366891,147.918382207424,148.141761621542,149.925880443466,149.869383549242,150.29387357965
284.301517951828,150.406904173783,118.685438979736,123.547652619616,148.90161960685,172.428126654928,190.804363977774,199.346204356548,211.814119124824,223.128892442447,230.236085704427,227.593281711897,248.766057321225,256.621556485633,261.423619213994,260.613553212477,262.478324582608,263.445256578863,263.73360421939,262.486277458871,263.083753703665,263.372728212153,263.138957599225
384.99128072881,335.750781494235,332.114075729352,329.468338543386,350.345689051629,348.360731013596,363.033297607102,355.526223771335,355.783345167067,354.238128702907,363.613341738057,359.10606450767,354.792300572844,355.491054359159,348.370868217358,350.051371345719,348.576522268311,347.253120233114,346.880881489543,347.074030819984,345.755989575367,346.165602406016,346.091400873679
258.912977989914,237.154567899015,245.021282675044,236.579611558664,244.24342877564,250.282330356517,272.487711627994,281.233354769899,288.60621252316,301.717294953452,306.155147045532,311.634962956053,330.322059063356,332.200691925401,330.445883466074,331.885018890456,331.881502895048,331.747532356222,331.498529883937,330.258068446291,331.446359145707,331.981573372316,331.891712892373
594.157373707316,615.883378710044,612.803997628301,597.531894304486,607.228676045875,601.020261831749,591.129486997995,588.172274256318,596.836582039765,601.274409161272,593.289727374214,596.461323491004,596.934954606532,599.691890854148,600.605649445372,601.436899517146,600.270183060392,599.440630551602,600.797897206966,600.03237531005,598.745953653084,598.062439883447,597.603390289174
625.726829917555,626.743805921821,641.46663059632,637.228222213176,638.443372589079,646.914225083196,644.688487554496,636.349604342787,638.211846004481,634.148765793844,627.979254858018,625.360153108647,614.017319344349,602.223448661214,594.008342327555,592.75491556355,591.284670381183,589.980562441985,588.767680397635,588.927891814015,588.029958406135,587.260252691397,586.979259444053
304.030529574711,266.468362220978,248.329415098568,255.908531523715,259.946582408761,260.343648047418,265.346455867272,264.585782005201,257.80732873801,257.25346985659,261.557581198388,251.773631887926,259.362847811426,259.96923485544,264.835583554508,270.208341815074,269.020613338825,271.268954705845,270.547993427484,270.99641690492,272.032569457546,273.04876356813,272.839475438717
183.328546247072,152.910923469497,148.512204594551,151.95200350072,168.565800921726,167.648126488937,171.028242841502,174.770527497684,177.172096074313,179.420319769017,179.927079827937,185.890710618059,194.508983878936,205.883968466993,208.287728939967,207.857869281559,210.351595705567,209.870464362291,210.7447583304,210.749617741576,211.654566870117,212.201894092733,212.024506525619
287.622097629019,213.317702811638,156.560048058107,129.944858856522,136.620707750291,161.098121031101,183.697650116972,212.229740023024,255.945956257447,257.062628253073,287.167044100693,293.405557367199,355.708029994334,392.440787327246,410.276206570582,415.060832062022,417.700496771899,421.088934624342,422.269805715691,423.306379242864,425.869162970011,426.73615257222,426.909006987247
531.886770556349,534.228741325577,521.664201935521,533.962319314743,510.095660929913,497.488217926323,499.934831692472,500.97283216906,509.387674910129,509.391955990103,501.652300240757,513.346410299028,527.647753727745,528.625377186347,532.371805757558,532.48001392013,533.64425360109,533.920295260136,531.638954732823,532.82286303287,532.911592174849,532.363290257562,531.874732055852
262.651164779559,265.626052389348,262.835748982284,269.545304892878,275.281247828376,281.061174657317,279.588556241102,284.415314159741,284.935510648953,286.757190088852,288.676844760791,295.358837326349,295.212565506939,295.192402699816,296.12141854102,296.203953533924,295.805103912684,295.878519040946,295.78229227976,295.10206492825,294.466518905003,294.73701338949,294.771556596641
331.593198511726,327.198846118722,319.332280042679,312.387147171022,310.961418607369,318.554840014437,318.70083671765,323.257379153698,328.032650366854,335.614134494264,345.382735464443,354.998552830866,373.990711286552,378.976218177863,381.420577992167,384.11207468166,386.444930753404,386.775043183322,387.096755014326,387.450207392643,390.414208017031,391.162724012064,391.898295343573
587.095048132127,601.154797899225,604.615518581986,602.199973772171,598.618192374064,593.632942216355,597.147413815822,589.971060780003,590.022512034657,588.273685184052,581.808953092616,583.088533061075,579.752627265249,580.790511737757,578.305064140999,577.625885307115,576.989826624956,576.627805729545,576.398576863058,576.173131969925,575.9405214781,575.774306378031,575.109910777663
359.961836490004,338.92233696325,339.93957528052,332.238607971643,336.491132470903,334.5637442911,333.266545901378,343.364219415688,340.307332493974,343.448728964074,340.492173080498,336.563567605584,345.411337185483,347.578620213274,354.960695587632,355.416791296346,356.72139995512,356.486058926412,358.189937104823,357.399543664991,358.157308931315,358.132443084975,358.322513359761
216.307435132245,181.133833627329,181.097877896534,187.96518185868,183.133806951284,184.638948829639,179.848743886946,183.526663578995,185.907242536223,189.917305655504,197.146480410166,197.977331706037,224.418579629021,239.154258972372,242.445106956621,245.664902404019,249.392108808473,249.521554541197,249.373457263237,251.634953758763,253.906256031557,255.873849847976,256.241578979727
591.42120893106,602.651379318703,601.075124178267,592.247341074251,596.479600944636,596.107228033722,593.573608453943,593.017436949632,594.11488375701,592.323299039798,598.318147036068,603.162839900051,609.694415464933,611.516769341111,608.501923366701,612.242793104665,611.043757432036,608.938253084539,609.392206028105,608.524424325378,608.423887538165,607.431896510028,607.610971032916
406.478795370837,375.604358859079,376.09492304617,382.241212555421,381.048332178275,383.537679403656,384.925739170723,396.992930950115,403.829061346372,403.697442126796,400.902117092754,412.69678498019,415.657998060952,418.329240844515,421.052026330593,423.945213038112,422.985937808288,423.716277882304,424.725346753238,423.658013270089,424.546010039517,425.764115336508,426.087409047769
393.209955613424,402.54048330698,396.391448809132,382.660514888575,391.301745191038,384.108141417528,385.643991578172,385.227796486265,384.601921504882,381.631660780193,380.177956361849,378.884855004238,373.570635331991,377.004783754542,374.647270497918,376.205820017731,375.385832420107,373.58337450789,373.495233482548,373.136035722914,373.124233507073,373.099283527083,372.976306350624
92.8384479118704,121.273289744758,94.0909418514469,96.8360109648899,101.621721945419,123.078192921225,135.378398610424,160.439656873378,171.647044527536,178.153801565716,189.952726226681,194.541746915576,216.956905485118,230.046516048781,236.781867438501,242.44281995696,244.739798483473,246.509342408053,248.245378418301,249.606326716722,254.299118290776,257.496346194731,258.148318888664
649.590669248299,678.163498074185,667.217881493016,666.755971104389,667.777824160965,662.156022013144,659.853551777929,662.077800911713,656.935166602554,640.538881071925,644.81165511047,638.318303116848,644.459016057101,649.780928391385,651.090961729727,652.750401455808,652.156566822363,654.68321046939,655.197280728319,654.056859084282,655.605974604637,655.958019701053,656.164464462083
378.341170834027,344.184114421843,349.288897806815,355.438042650747,357.82219851714,356.165799363285,355.569689020348,363.174025304391,360.653555247651,366.201513834774,366.300087246456,364.500384075444,375.847554803834,376.518695503789,376.717725161478,377.819278745406,378.783943572239,378.41849414639,377.707037943368,377.700899021212,377.363777707372,376.737252265222,376.533592492598
424.600336504065,380.390514130642,380.218147716189,369.211949663085,374.220021845959,399.588090733784,406.016276412848,420.75585949536,430.805579042069,438.199124384696,444.585578650365,444.462119448024,457.634760631802,450.098491226874,450.620672008345,449.743184884567,449.672715549432,448.193946341023,449.335676280256,450.533958746787,451.089560523083,450.403347522935,451.125462618971
493.014762650391,494.630443198559,510.952139763043,517.414387358304,517.594679297927,507.046720362922,510.704868885051,498.156120921603,500.23860165296,498.24621847932,500.266235054583,502.044437023087,498.282587007258,504.111225608599,509.536148498869,512.957714660148,512.682019136601,514.561437557098,514.417766223052,514.320468244249,515.785489713381,515.899401838897,516.253279053258
174.093250351966,130.265559363584,134.693372243266,121.663334118546,121.803703546204,135.067593716533,134.597012913332,141.257018940756,146.578753791519,149.881149574905,155.182763816614,154.990869605778,162.979977446527,168.283691074602,167.839069223737,170.339503229804,171.068906101394,170.728145063145,171.393457179122,172.065092346714,172.641890455087,172.817065823469,172.874703203265
170.765018716185,89.1482699655408,78.3151207831096,78.6437808427026,92.7526420119728,99.2464553805053,106.374851756471,120.14218938173,125.534473537414,129.078210367825,129.841475952251,133.764821655182,145.43102332603,154.912752345846,156.677188677563,157.858521729812,157.340963920579,157.21699552499,157.059160697793,157.885329310301,157.318985198861,157.051201826748,156.924751252875
593.804578613411,596.320900544173,601.068372049888,601.941036070964,623.025538886056,620.713767589967,619.805580244732,614.921308693707,610.811122475927,600.699455895352,605.797363743556,604.529925869377,612.717040181553,618.163957357998,618.275464309055,620.754588696414,620.265855793916,620.00326770604,621.038099896759,621.241938255587,620.845431066424,621.713884121058,620.478570709875
114.171099227521,88.2853959127952,85.7913022820359,79.1284579288252,81.3190006094664,81.6905811171494,85.6129157549645,87.1998454604196,81.2341116602944,91.7461594495708,94.6660207840766,96.1994804608913,115.860928637357,123.902503630751,128.979718834014,132.295487910442,133.447069877068,134.328285849302,135.048204077822,134.796645061907,136.913678839401,137.211613657447,137.48941527132
289.272716454947,218.274002525609,210.487042964995,218.241617567254,207.994225109674,234.609894205113,220.34131114534,237.956768424642,245.587005098157,251.818952858832,254.178478375584,254.369633743368,274.452036526683,281.125550057451,291.186470632501,295.302621466671,297.810557327145,300.301811012093,301.091825153756,303.416243237098,303.96056635848,304.896138529447,304.887252545333
249.689982563903,240.634949607292,233.499854584803,233.08282114212,229.521101728544,234.770276474454,239.850245960229,240.404646163932,241.758812291286,245.973389522924,243.398934727005,245.820758778727,243.505335371309,243.791208784189,242.811806268727,240.967472050072,241.324296885217,241.002202701172,240.100445316873,239.962821231345,239.562860285515,239.398015973715,239.640766772395
311.916535832357,250.981529745277,257.243227281785,252.161458850456,253.969708974575,250.267914489429,255.455597473562,259.132707863009,261.16047847736,285.029755834136,280.975689579715,295.270430598739,325.775440697522,337.150473405375,343.227727152559,346.805679269023,349.151729462454,349.309029149874,350.331877947805,349.898344167884,351.913704158049,352.267206879025,352.145020274794
582.736137817437,568.161851889126,564.106569159753,571.320218262199,567.238431438697,567.372580770632,574.082475178357,574.218406698906,578.171782233326,582.540700546983,590.071447326808,584.089174783874,591.227302478755,589.883465162526,586.587974621742,582.029543841431,580.928834237148,581.326968649687,580.067960368962,579.338067012234,578.329030434671,576.594434574932,575.950229089614
417.554811420494,411.021264976939,400.70933293729,406.017280134633,391.975355030491,390.970851634961,387.523539470289,391.700174898597,395.701895196642,399.832307935027,400.299911101479,404.178909731239,423.808746933708,434.820666199058,441.712307638037,445.828192250809,448.180499399505,448.797929865372,449.219443467411,450.026513102957,450.128888182961,449.770637126866,449.806435410035
440.226328666244,447.733563544176,453.941756850527,428.788698063326,426.434731090835,428.745456244004,425.605384647983,424.894089031633,427.010570246129,429.590517772932,423.593704730782,439.755505567018,482.950321767328,505.245831593909,508.418187868535,512.114724897677,513.853679737251,515.205368355725,513.891402898667,516.294410456494,516.90516808268,518.691647990988,518.753288047727
207.120169443671,140.134304909274,122.162645892934,113.170870339142,129.711571024355,143.349927376632,156.488748351606,170.339046855548,172.126487042086,187.573078896161,194.398131632665,211.888872580749,235.900889347448,257.241570148884,262.792331968415,270.186634895144,273.177662465489,273.529788028867,274.058960807256,273.141009292567,276.199986296935,276.546884418445,276.193854968227
344.753007322254,317.03545292694,323.852514723418,324.974624867034,323.213289539066,330.980941848875,336.684226040582,341.289006447028,339.785447647774,339.36821101817,340.186729043583,337.695965381644,341.943397603603,340.068435345002,339.915554811148,341.922059252198,340.762873363062,340.557677038446,341.169946923549,340.672089266177,340.385545465323,340.404302292316,339.749690857249
188.392699807042,117.223178064109,105.508468627321,107.430529378554,115.25563413694,119.252908117439,125.410833451434,135.409076779651,135.94313338165,141.809028510254,150.1384958348,147.144678479838,157.778316540103,168.199305365103,171.1313353285,174.246716691087,174.810546293624,176.055569228307,177.436897980775,175.980413542463,177.092825760927,176.712853441321,176.753264255171
442.568086714307,454.71842157083,448.773725922325,451.820151443802,451.18788535047,440.005878175111,444.177015533911,443.077773304657,440.601057408968,439.597660296307,444.853642950911,444.388001481931,446.303239045488,448.088968321992,448.785506828126,448.382171919002,448.20497174192,448.083310487628,447.667243383421,448.052772216365,447.443236955732,447.125584592272,446.898583511608
588.248256751954,596.85887475424,582.279903401811,592.083291678043,595.785184915392,576.055152826779,576.1441231756,593.207429911906,592.060027747557,599.21821021433,592.429510904058,601.312626064722,610.190137756569,621.136917084106,625.117103109814,627.196407071012,629.264425971318,634.130458222011,634.392365565522,636.018706938135,639.72186941904,642.151804161538,642.812225869676
194.09403917828,112.53559876955,92.9058873332581,83.0824611269094,82.5149451155067,93.6994109920253,103.605980286666,118.125639642978,125.410826781984,134.367735636859,144.166893676274,148.952298107837,167.164285450301,174.838685870656,179.268284381035,180.860613176062,181.726521742952,182.896543055108,182.839308185174,183.432344891797,183.473151178051,183.692552451418,184.002085818049
452.545275369679,448.866500069533,453.282182579,444.651808702213,446.044178693665,448.537724326734,447.956625497161,449.324570828934,449.567540782163,445.940283668732,442.873223035786,445.071097434599,444.515377752315,443.569810128776,442.863504538603,441.889353802379,442.037974382534,441.627097526246,441.129094200607,441.291306427198,440.523245052398,440.107745217208,440.145307359187
268.179321124156,239.900747178286,241.372753508472,238.174558092033,242.331180313982,245.845827650554,252.930163252665,258.190558261915,274.674345963044,279.617339196204,278.53017406775,289.420290611594,296.077061433862,298.472362278079,298.506323391531,300.768109586423,300.998051224259,301.699566300795,302.147009720369,302.067673725017,303.293454905719,303.92344712033,304.3965501702
307.613003078334,187.80598542395,159.78350498364,162.573726815575,175.371201665702,185.319580490636,197.466681966515,209.536162037461,223.998026383855,231.063236041221,236.213787700601,246.769031401539,286.891665754071,300.009470796502,305.088493296903,307.155378272378,311.144414220192,310.297869903234,310.576322726564,310.265042215039,311.606576635183,311.393496362437,311.687707183086
401.371820030618,340.734599722876,331.337793386611,329.308006665178,343.965154613523,349.219392973575,355.649356478647,359.709715997317,367.865602339564,368.336418915785,373.427440807868,379.914616061774,386.314295616371,395.961539775447,400.87800129425,403.100729033341,403.201957859698,405.17566816046,405.574976901692,406.52005507565,407.951224813235,408.508248954805,408.285662385052
291.424501630116,215.133163895493,205.645446400309,197.795616137589,216.563074756486,229.934098683183,233.770076936503,237.85518201834,240.648669714367,240.148803559806,237.912278790453,234.68664186736,250.322648838402,258.259988650219,263.046521916499,267.86764855426,266.542192159797,269.717926487255,269.139339989572,269.373004155835,269.270220993737,268.796865273103,268.994015261718
314.07909829265,196.103426156532,170.137229924175,164.589468751338,168.558921435013,182.57906945961,198.631638841507,203.828891477476,219.164121787644,221.84451856684,230.734901919227,229.445260514528,248.232640525599,253.307770540152,258.3645518474,261.88977298203,261.99861221313,262.825622285973,264.629958149547,263.681205243788,265.572360393571,266.624799864141,266.90326495577
967.671847834563,982.107615795146,988.010624760171,1002.18045630276,986.045824084554,992.39373580552,982.156567348861,969.710371000127,964.488344027156,963.471331632632,972.74511506031,965.83436866837,974.2666530473,982.353082335179,986.298272240974,990.295992090393,990.107218874008,993.0653674732,992.918734998348,992.530885312305,991.149707023949,992.027534866671,991.967834181083
959.177209234645,961.304211510454,942.911905913355,943.072799498658,941.121281728163,933.250196330796,929.876783447555,947.508348755642,963.361719385348,954.888050962233,958.897525961166,963.130048448653,964.158075827073,956.090593467476,955.285181964559,949.276130467052,947.948212755253,946.122872157587,944.058840315524,946.946719741911,945.230224616793,943.554706528014,943.354572912769
212.984562817132,142.224473004522,110.406334282511,83.9391216889909,100.139631884126,115.670733045465,144.343605559792,163.424893203921,180.274510246645,198.50354101012,208.563269220493,218.621575447717,245.436881641921,258.54666081177,261.234632791127,264.356986876962,265.365430158488,265.55496337927,266.290681439756,266.881057152783,267.280232670784,268.049457603332,267.902900272998
398.402948628594,351.351377792565,326.536354170759,335.93749959871,330.770732610907,337.157059944762,333.693968428017,345.293136533947,364.49678696815,373.711723914068,381.292592047826,386.874932996367,417.003315786868,423.077165506008,429.406136669263,431.755422311642,432.643260669401,433.420280549409,434.256279764383,434.466041690989,434.316319303995,434.145164274176,434.462195912784
556.421133691941,544.163203408651,542.48043256087,537.373954408958,542.686776615968,560.105861279745,554.93598766955,561.384928124381,561.839092242365,561.816603270549,565.894123482469,560.946285648269,562.030908394094,563.88916473422,568.144388584633,568.546989851011,568.822308241315,568.072706299839,569.666973431164,570.349795870805,570.500394038237,570.682133340286,570.181899969633
276.208894948702,287.642699079361,251.388690646355,254.499075219589,262.464954889697,269.960208824498,292.454904524114,312.402363520772,328.574153337167,345.397340421175,353.99344026627,358.396096823118,389.851285007025,388.49077046545,394.002473881566,396.847558341932,397.028585366644,397.188710725174,396.00565421763,396.778022090341,397.379394859975,396.326763434171,395.654049415732
284.383281869196,179.901992080268,145.466856825633,135.024400008076,150.769811928691,170.105565752993,177.839356653634,188.915430848429,206.71876602134,214.978365214536,225.651073572915,232.901730329906,238.755930518246,244.183482779192,245.902085000367,250.632655322797,250.00427926142,253.119500252101,252.180631707856,254.140613491214,254.954867200686,254.160825590917,254.659538668532
500.099525513174,442.460018501173,430.732137344093,437.659658595934,434.027140543627,437.636515679249,437.195593424169,436.472461032369,445.165912062181,459.790570908377,471.240664947603,474.510288660647,518.465026258538,529.624556411111,537.207690122841,540.311774125862,544.214464171199,541.415037401846,544.602390247956,544.432514337167,544.132877153363,542.939749877335,543.141399999777
254.514959022218,224.241084630451,176.343996425137,156.718635123756,163.443161041615,179.023838014883,196.41588195305,201.260307639692,206.763648924039,224.228967274975,223.876970879647,238.794862593866,250.012172399012,260.583728309776,261.939591382944,260.066746299272,261.462099600254,261.039342540865,260.753870453151,260.083836110939,260.142795095315,260.103682493919,260.130276941882
351.864159498283,369.377302574549,348.139931195735,331.728855624937,333.332544402674,331.801632142767,339.729660644057,341.410626856558,339.514403172536,346.53490330146,355.590962078455,357.434635013267,385.563950279402,391.972093172738,398.671495811489,399.098005419117,400.334813346767,401.648079969891,401.462297387515,401.507532700055,401.898958000545,402.272189214753,402.279133281385
398.457069589572,395.899336329654,394.829643890813,401.485378934665,397.038877975234,398.792726294073,401.351357107615,395.084997691129,399.140561275082,401.229641892352,404.983404087247,398.057085380249,398.360965547705,401.575598038955,402.685230407827,404.385781989102,405.610952108248,407.286659599867,407.539221409123,407.49000634731,409.849585726434,410.760141747792,411.20417272577
298.133121076699,171.649963198094,156.750251233417,149.901254914837,156.210852706439,158.974184364668,176.073903397407,187.869686887208,193.924043200049,194.870498335014,211.893772579199,211.332611823629,227.783261965746,242.336056735705,251.288182349583,257.932031048177,257.793297560913,259.878314066886,261.731111828077,261.292202725593,262.819424137963,263.551688295029,263.783007262967
348.24967209073,336.321643192532,348.952544449373,348.711614828666,341.143978158759,346.186590016549,341.429164526939,343.295544528465,344.992973825495,350.809164826411,352.743035188495,354.375794587394,359.844168120293,362.483359613869,363.389616790424,361.546362075903,362.458617634276,361.582852845232,361.106134762624,361.607074730012,361.245141859877,361.375487151114,361.385502933208
528.000909100619,523.428649853354,549.280643930801,545.221031627102,549.38658949378,544.957340952626,548.953329634128,558.713832550407,556.277598391595,550.318221941858,557.068030028081,558.461140914409,567.570454625283,566.29493202894,567.086457354212,565.432555337768,566.785180465318,566.645367381344,566.73310004651,567.170367067408,566.4744663223,567.821698769623,568.887260807027
336.400297838096,237.429266639528,207.898988708417,205.240592990171,236.514316913052,267.880223840167,297.206379424942,318.495514324927,324.920738604054,345.630615109478,362.550356260803,371.502411726587,390.734317743947,405.641981103299,411.937811523896,414.452150333149,416.735173397376,416.964701187782,417.826368324601,418.908115251142,420.68658489266,421.089585327407,421.680374916077
381.13614377063,390.177487632209,387.957375393049,393.636133781274,386.261445510752,384.910898469478,386.895044537951,388.86395651153,385.149490180802,387.542382905608,392.413933083211,389.052353075636,390.463301791474,394.881798633809,394.693307156735,394.466541905276,394.779378202781,394.626890939147,394.240305359757,394.096573063907,394.513510706411,394.468173264385,393.9891635777
623.676033528282,589.768848303185,577.967928967341,578.299636807093,587.294278859771,605.831575912867,598.225046994919,594.969408132641,601.726498062949,602.786011449752,617.409384095176,626.049593917691,644.760470186901,659.479318785319,666.566339780143,667.795683043053,669.797867436743,670.257537535909,669.556794711887,671.071496366715,671.469457169814,671.496149889852,671.556053338875
412.934523887774,340.97525928165,328.546855604143,336.827224686484,339.274598304563,344.859703673429,355.848796880047,361.25925600367,372.018142275554,379.779592195065,381.48801710341,388.95611909881,396.449161486335,394.063566321715,393.362897819212,392.770331235023,391.962185281066,391.193612650714,391.024002370097,390.796165740818,390.594632006147,389.78458019856,389.558786643105
312.642991149253,238.805011407623,223.511281155321,225.749797730595,225.560539265316,238.882933341949,244.209802712539,259.223314431986,266.880307165666,279.203720000592,276.522830131799,280.556906113956,289.573645230289,291.059011211473,291.063618232074,291.557910356892,291.390048270523,290.85573254156,291.272795295583,292.070222937136,291.375041319412,291.48379699829,291.553019512141
249.512180444435,200.128832571125,190.934619833653,192.392617554002,201.700779770282,204.08487178156,205.622102052185,210.956003488193,215.688341830424,214.822943325087,216.126803174348,224.622784592109,238.8977873432,250.870272952618,255.869619129753,259.16154334081,264.257002717925,265.76683990601,267.057471633205,267.926819209687,269.263129953038,269.980961081366,271.051658299704
