"V1","V2","V3","V4","V5","V6","V7","V8","V9","V10","V11","V12","V13","V14","V15","V16","V17","V18","V19","V20","V21","V22","V23"
663.683189277665,657.123241143263,651.91559109277,645.913713323957,650.193222133921,644.502135628218,661.213023322075,656.065925407465,661.277968302372,660.42279669496,666.823352819591,666.212241637327,665.540432415202,663.291863141209,667.081058319571,667.119790362749,664.040897164962,664.73372765341,664.605980297412,666.328482740354,665.328597618848,667.224583689685,662.96933973233
623.627296770971,630.816256062427,623.708602131572,622.811302370883,615.616653502827,617.528836721434,613.53407101559,619.516296373468,624.351580002974,621.941025023631,648.340244708632,628.33629872116,636.665461474472,637.491522798387,642.264321199609,642.144234388465,644.956106254095,653.954757958625,639.547650382134,642.678853662133,643.575512202446,646.71576989686,641.515509338232
360.932896534041,346.949980214925,386.68587715181,373.909597555335,382.439009260894,363.746716850427,368.121413437917,379.425363329329,386.200016187157,379.666095621376,372.006817377657,373.90286586367,382.57182597716,393.563744499617,378.982226873317,380.396181904316,383.103528142363,375.803626151573,384.174447313117,384.585062047564,380.725263368757,380.928512059128,381.405885756498
434.943657667304,415.837356991072,402.073235830156,414.303243043239,402.738154864778,406.381263751584,415.214144882117,413.02309898332,419.351394713744,427.959288953524,425.216990700294,428.262390545604,429.89758777974,431.123996851696,428.31133832784,432.009024688072,430.550693676581,430.738829905452,431.857952742581,429.739933483581,432.07368517994,430.99457890183,434.229464027325
361.845952747058,374.121244950146,380.92231919135,369.274133656612,382.974818374805,372.189285994497,345.439583079454,309.156756628219,335.959883463092,318.029376426327,320.666506794576,338.225460043744,328.273840979703,324.977281252223,322.357567748882,335.596620444445,326.817122380981,331.79766110964,334.102202786793,332.210277089999,325.166333688111,326.541901082107,324.934143196326
299.422433950633,317.796656739362,314.19960887052,313.201156153495,297.571494427427,299.106984619251,286.603214062773,287.155539663075,274.160622118976,260.017315568834,275.669670816592,276.272781435567,289.551513954521,289.01625993075,291.246232636518,289.370680842103,289.15312534177,287.340301045784,289.115542254627,290.313471642035,287.051815545551,289.933234205432,287.721937923103
561.398226690589,527.460421985702,510.919070708983,534.414973537808,529.87497963032,511.350879236129,488.71866121148,521.608693239486,548.095819229022,528.064136904019,546.445612367555,552.51524869611,548.580541969161,552.628695450265,544.07835839673,540.938831144888,539.996956043183,537.328354302786,538.587457868312,539.120607005051,540.439536239774,535.672504162401,537.400429554701
637.599377714314,644.574341918644,616.41346417155,629.139533031484,613.27663866679,632.377365445697,631.874212166126,648.521734227634,633.481652254896,623.778682543403,641.735359686301,630.002447977482,652.035594435836,644.502859597748,639.722706657954,646.9685159294,646.111163410701,651.563167843625,647.844726276441,648.366729921514,647.096805541394,655.368389583478,654.592213974355
262.192497084403,263.467017582869,249.88465463685,257.489342329115,237.530170737009,235.682043431034,234.984759068974,236.490221240658,226.599364738466,228.657624337691,225.324553076944,221.419407965792,225.579034410652,229.051600280315,231.564290297524,233.584535716595,230.080981012577,224.801454422928,231.252139934065,231.20714336394,226.237800627076,222.096807369644,222.51354205838
395.429255014834,396.60413768121,400.445943071433,409.001874091344,395.710228287412,402.169624472917,381.266895257283,398.512513172808,390.077561499632,392.677912962251,374.476821666792,392.369550110242,383.161640645966,380.93785972072,385.116019759553,382.281782109839,387.372482766958,383.054685030874,385.729658108634,385.025677957231,384.906088866956,383.994703545084,387.702912027623
258.755916286977,263.925667925202,249.371480248586,259.665257122049,257.867375939701,260.569246916926,238.871077468754,242.330990581247,230.910589207922,238.747404039062,231.036579154839,230.810746415909,231.186662228942,232.093965935313,233.16286931142,232.187624151566,233.553888833319,233.443123828886,237.064146467159,234.881260150549,234.596939252284,235.505834539272,235.813060748818
370.062100051309,377.459500786571,363.63219227575,349.180321919176,337.058803842903,335.72809673052,356.841127344753,348.389124212629,362.631011360123,355.176303997395,365.646518578416,359.739523423382,361.786215543507,360.36994705316,362.793445935198,362.361367859234,360.449434551781,359.059540364243,359.314115385915,364.121468554917,359.656601139262,357.348199382518,360.193567661083
352.134320057272,377.539627523159,390.447762219255,400.372787251345,397.628145819457,315.219722895781,358.489429032901,376.232612589438,371.334307235605,405.686251950894,397.167153077312,403.549257122839,413.283979975732,395.200333741424,401.799262231361,404.084825202621,396.329008464324,409.087888952418,403.467084953299,401.512481277538,402.311581359213,398.265489446754,406.636839182884
743.326550629523,740.146133047777,749.327475906164,758.055088463804,770.447549911437,754.320630652069,760.849745002735,754.818085021821,755.503364543114,750.963670725989,758.091188285049,749.821206646634,748.376934494266,750.610501347555,744.718368927361,750.214452897958,743.478413441089,748.34169717383,746.808193484392,752.884477966835,749.69272576101,752.253425648815,748.260323072471
266.19018904681,299.320716411167,291.042015861017,302.108094480567,277.607399689112,279.984320057723,271.01385891538,270.067068866059,274.925305325902,279.125677617709,276.702194610333,290.343763492142,289.714566095452,285.450863919296,280.582469873295,282.11382089194,282.076414658704,280.835228284199,286.65385544727,291.840322840954,284.04719796185,281.741401736162,282.719043309695
325.406244624467,301.142002727895,292.329573323864,290.028844657584,283.021735472323,274.162925049462,301.924918517868,304.378626695388,304.167854128609,299.412250742889,299.625562252577,301.766578246761,300.797939214674,299.400657748866,300.928540484583,299.548218540218,302.600008723513,298.495712770634,300.770969558339,300.782614466277,297.512334558751,296.940671612747,297.920839872702
373.351760393267,380.065973873256,387.754730860236,378.68118801202,374.304468920752,361.242748281418,343.802251367159,351.858080249986,366.217767588344,348.363661250026,353.90300073435,354.626796275781,355.34181790278,354.198001124117,354.023471306034,351.153658799944,350.631616574015,351.838936710834,355.628671468386,352.771735630469,348.108432261791,346.636026448591,345.472564160738
420.591460856046,419.450997599174,408.374725638298,411.248112636932,397.514010303403,415.76020137037,414.70906041871,427.247819778379,431.98354594148,435.43953656965,433.589898150237,445.655492999236,440.728214841486,443.733676121978,446.330703215787,441.802464281576,446.697625276003,444.659364676975,446.256597779293,442.980375378299,443.991963125219,450.622293410463,452.672018786178
367.158751104766,353.662353503192,345.153884907101,342.85849363014,311.86503976666,308.131547733734,302.343214659345,313.590023059979,289.888762317059,305.010998792467,305.119854941984,309.768390198992,301.415006509672,301.829670186873,303.902596798633,297.26728974729,301.376686093363,301.362260168994,298.479681692043,299.728381079921,301.88977944716,302.471098119052,302.381915541593
168.567428000483,270.562158568782,294.329001330041,281.623993632905,264.288715502141,265.522202819553,234.461873026811,252.700644031746,225.274848718203,256.881845483361,209.512555392277,234.335763680221,243.551819345221,241.455657913449,253.320766204568,256.06488945757,252.043830212134,255.04931257636,260.015620031288,258.233780890633,257.310331001106,259.167521939834,262.690169243198
451.303505627978,497.346481345212,457.4373784978,458.195996307662,462.750515070516,460.693036963724,447.546057154239,453.870513703446,452.175767172052,423.292978210327,413.136005860864,416.233709529183,408.760879185804,431.530647797123,434.149385028056,426.776438371235,427.074585388288,424.422646040969,431.487582521184,433.710437809594,428.823804035921,431.589609086767,441.474116671896
304.122695446775,309.975488045414,309.671786937794,314.598789273485,316.462932619957,314.264263891616,300.605727365217,294.289284426334,291.252807410736,287.367082257403,288.915782862645,294.251294959596,301.517589212819,296.743552042813,307.342028572419,302.719993407402,303.289700944096,300.290075995983,299.798436886498,288.848733088564,290.774941329221,292.614895293974,289.750236938261
311.88024298146,316.582658349955,304.451940281382,301.140653870916,269.221249787606,268.193804430424,268.14149231065,256.440043289924,271.780263942271,269.298554652248,266.081850111301,269.823272605697,271.073782404129,270.274281246738,266.107336376988,267.300797458336,268.541017084435,274.523204266092,266.069918232706,269.547873435211,266.00988265236,263.822837633834,264.938920603236
355.453853688509,347.191984738358,357.225573822623,360.130999119558,344.47978492392,316.456809051223,330.787557918135,326.4920523532,335.003871979134,332.76475898652,330.083245708057,339.110442803042,338.953869791285,344.305196584688,338.143242733624,342.81859125996,349.231042940836,345.913681418994,347.123735345049,341.533603729024,341.876220852698,344.71355670558,340.871564211319
463.87879926888,448.025302677496,467.040321901133,450.984036875872,454.34665487553,472.442953607096,439.822681090593,458.559838552761,463.279814884201,476.679398115578,479.63183222161,474.197759836498,470.439667173479,462.528396509887,464.5468288325,460.737030474616,458.082476324708,459.557671350725,465.643654913577,466.14013583796,462.542698312365,464.705806457886,464.237224612932
558.723925311405,565.615764236458,562.116389548791,570.250559076552,546.395651567415,577.151994536528,566.98847288105,558.577048471245,561.875624215965,563.415427392503,566.660344564539,567.780294063744,573.763242588769,573.941052136726,571.819913918476,574.613324305737,573.718795968808,575.573242632158,574.765151394595,577.435548592956,578.06292461568,580.105959324914,581.155888180925
343.709699829446,336.83844931073,322.271975552708,293.315835322956,291.680678357193,257.950414455003,285.485741738642,290.906356344206,292.750702823712,301.61227796367,309.518786326274,302.321994884994,307.130609891075,313.889355967743,308.942463704729,310.771569585295,309.15047924277,308.611073840168,308.928258572907,304.441374517874,306.837788760419,303.467083125771,302.581090845178
411.049187952895,439.299408558464,423.154799642569,431.523478832246,410.799944202249,417.578652885545,430.785710577522,422.434918183935,433.523814898793,417.939845498086,434.139535306461,434.411053429987,426.305283319787,424.577569160929,433.772699410463,427.321648328279,434.447157964094,430.979119981946,430.888169774698,432.124784608903,429.51663773574,432.98292871306,436.890950187835
568.938657741543,569.595222304471,575.648548903995,544.082532114299,570.297878501238,539.667642037762,549.771777120439,515.88050816196,550.648289105472,543.347015296126,545.705756387659,540.703089882506,513.835771992138,519.090221487029,518.623099595073,517.698326442091,520.236200284253,531.091341161972,522.079674193394,524.972911228096,528.460408884809,529.305908176024,526.666292071323
471.410359928677,484.978910835555,476.047987822431,474.004820603644,472.231952056927,497.096470376202,470.044386824619,455.666114429608,402.059043809361,425.632462274397,418.2901713436,409.437322242003,431.117348928913,440.726825892937,435.515129775067,434.672737980514,436.566280730048,437.500634782335,436.911695286264,438.088970194583,437.333195045196,439.225723573406,442.230911102874
506.334973528512,495.235102333844,480.861406213747,468.451505349786,457.270767733705,462.376831450283,459.021920325089,440.259129736725,446.773252641771,447.143792624559,447.774791699927,459.444927302934,467.358360637371,466.222827165774,466.49849561403,464.522220367153,467.449462242427,466.24789187433,463.673701934006,467.005033145167,466.170494267502,462.600011651076,468.661963325919
227.867740399575,218.427024493107,196.121320846196,196.427730754996,196.9097245249,189.212319993601,194.180118176927,206.064419986942,196.39961728143,195.267251004417,206.10518880141,207.136322235158,225.179971957998,222.068637819179,225.704722635501,223.247223910595,221.015153895259,221.572382931478,225.151418472209,221.496674163642,219.561733080369,218.596518657249,220.524412441064
436.25337549257,444.937541460048,397.006423511507,412.169654681167,420.617320257406,418.508730368002,416.909840202824,398.356491148563,410.345483202603,416.076932963742,425.536404067587,417.910389737166,405.20655659246,413.029724210179,413.649108316966,414.120024020138,412.783266610751,414.797457154979,414.767408176908,420.086167522783,416.225575811772,417.396389451939,420.375236543307
333.70022860824,323.596886018363,338.583128168168,340.466910260974,331.261332147098,318.691220178144,326.701913444501,340.823525421278,333.754792882388,333.952392542766,338.02915589824,324.242428659468,338.077150563143,332.036377186272,331.750191714771,331.721697154324,334.77282663825,332.34867981489,335.646558913206,334.027410452198,334.023054970687,337.313548161033,335.582901388553
963.653521260809,1008.95125838331,995.676896667366,992.962548104563,996.470757755495,994.146955270517,1015.51525276679,961.381105211611,993.903508187268,1029.04360186312,970.865413587415,1003.76935012815,1017.53712794808,1008.52895738708,1011.80574848016,1006.23790430553,1008.65806727183,1010.96004493272,1014.94350505899,1013.61796199386,1018.75864937114,1014.84803029386,1014.92759270572
144.037365038893,144.279775725694,155.917983795987,149.781843177354,149.864469297015,157.574344535902,152.100951530712,151.961065007396,159.126214587808,155.222474010841,167.870409493722,163.890467020889,167.177123612319,168.850697928923,169.561337656401,167.187998077185,169.597096499848,166.373449488294,168.319801553054,169.396944594417,169.071477388959,169.003156566154,170.671877855395
317.369674147784,319.189090397199,298.377407323752,288.691024271314,281.075909306489,283.45447635796,256.616062998685,262.178669484283,259.619450102154,252.73852215952,250.673862075172,247.740865575284,256.381205381986,256.1741547312,259.88996567361,256.882946275886,257.726399989781,258.560008363604,259.326506158179,255.996618946552,256.846684719116,256.812271492046,254.313436475279
440.408973694395,444.004404957512,446.157786541864,461.749151399351,432.427353486329,423.253584189187,430.170417163665,433.86986082654,423.177890242526,427.938996207398,428.036094520413,424.682933993098,432.738491954887,435.092011041372,430.526748535254,436.040159120488,430.854049281964,434.951292069962,431.487263252532,436.501414183104,433.594900137506,431.413334978199,435.852030031201
427.833046032,443.508127765821,443.623838421367,441.566824908214,439.078975151672,409.874728922468,435.530664696709,432.698989940376,434.35046020147,434.058629542333,420.9953479598,424.137211911336,421.708827834761,433.090977102321,429.415762027065,437.977952997536,430.832478557642,424.444185897432,427.360877394479,434.39682063395,436.831855369737,432.0153468963,431.209981431417
575.027673223533,569.585136004694,563.405544944341,532.369651844735,546.013259619373,547.236773920944,553.080318564084,561.468591632369,549.672647094359,557.859511267236,552.719523037245,563.232042896305,561.39281788653,561.553827250321,558.993542980236,565.392613593858,561.590222538226,561.768090482476,564.646210434205,563.260253910749,564.509495497478,568.282904416778,564.838637118543
672.754200318663,650.540838462748,653.451320978802,642.113831050884,630.640375948772,688.090942906644,648.228275172873,670.205451913609,656.251222753022,635.543744291094,628.141819388829,653.767730698362,646.739228939111,643.754808955124,643.293800866786,643.772182814019,645.626776350754,643.508312543231,642.261404519162,646.716148119422,642.215189900333,646.505937077134,637.881774696566
370.605046770543,378.277206684699,359.975214591917,345.609560052694,337.092295299243,317.897989462443,337.233920235233,330.55843110986,308.904345688432,300.473278527142,306.978186682907,311.735849881401,331.451644107689,321.168911552561,319.877436532949,323.221719504338,321.269366835632,324.594780894094,322.101785258133,329.73143515082,332.841010028804,334.491895636161,334.141936293669
257.787816801789,264.88319107172,256.029045033206,259.334915039059,269.516774214152,246.415356383118,256.228727809846,241.026805537999,241.800844609425,241.900285538408,253.960288141301,248.035221344987,234.159552267667,237.131108843,238.617678047558,237.031720972348,236.323573972419,238.599389423836,241.317961242717,239.598102214405,235.599055461092,237.498096543149,238.662335701141
480.629105985771,463.284833061545,461.687439753249,463.217401467485,449.462311535317,431.504997469837,470.384913799855,404.831448515356,407.0056369924,403.561517317998,423.739119015359,417.53213294919,414.671621078985,416.823755773329,413.434271489233,410.892701897243,413.086559046867,411.591774519587,408.520060745313,415.34416120386,404.868521303782,409.408793416785,408.452000712698
582.461676293442,545.215525675766,533.856156547956,530.561960068278,533.037178897616,524.64563817259,536.175139661636,541.737528545076,538.93932433575,544.209662720571,542.576870511268,537.937876879426,532.868999197002,533.448363270116,527.820948190819,531.006903815422,530.659345752754,529.376340055169,529.481816864581,528.298213709276,528.940630622835,534.742018957149,531.904011554621
329.280929238575,315.29893325911,321.484291287572,334.329606976456,333.239482170386,332.562096882927,350.270637718053,335.007646032366,328.867440577869,338.629434299875,331.606407861518,331.151980612482,329.224707916862,325.838590688831,328.813880852877,322.805400397789,325.163398776674,325.875336909731,327.182766117439,326.390065021135,326.057798652921,327.169146641594,327.690964411977
358.180302053024,355.406688769464,390.521081837516,393.256924996585,356.668990267734,388.105341596208,386.309591091527,393.733134937777,402.307182625845,398.992920177251,408.650243740944,397.15092204643,415.657775215924,411.962986417959,405.337710288939,406.764268500005,413.073595642689,413.368002537241,411.069475989449,412.995533103906,417.345883950598,422.491628116793,418.993746117718
593.376590589612,610.552283798266,595.125110653886,564.997126428203,550.094501189058,563.427945865195,581.939740486884,524.166218847968,557.187985053453,563.379777401373,571.051200500702,550.51557174714,559.677970700925,547.377588975394,547.146567415247,543.218837019101,542.884534044837,543.787031903299,548.561338360321,543.519586157945,541.130623559755,544.704450349448,543.794269202946
403.528979310237,385.705736246572,384.93726119077,374.276461037355,396.457354607353,375.422852322632,361.202508407061,364.996967646021,354.762502745374,364.32454750898,365.011613321176,360.400687517095,364.416416831718,363.743351604074,366.419558752782,360.833015080888,362.12935854056,365.577178660245,362.37268607319,362.889679937712,367.87147966639,369.361904290805,364.357720099605
256.962942299543,259.278985767988,263.820683776036,247.768144017399,235.514964294568,233.185345607625,241.602546876444,229.264909859039,233.198741068095,239.495570958443,240.115626679553,251.091581646344,257.367571448955,257.817441146718,263.735586350471,258.36667767974,261.254031993981,256.364816885574,259.363252472306,262.026565178276,255.05045050429,255.188214071083,257.744635013432
605.153834089574,609.77388761258,596.589341908274,612.689987994396,596.163264919316,588.896223550077,645.263142853558,629.483707294279,601.238384002479,602.658884782929,629.837021437181,618.150521815482,622.433679622082,623.212695357681,619.607276027898,618.78352628721,617.171358138698,617.140291393613,622.715322410899,619.165538826917,618.731997942037,617.821893021112,621.250166870431
440.104988019718,458.324476479104,433.320395708132,418.353240191615,437.85893102812,433.345290607124,425.395093609221,434.945888415299,444.750675757,449.123764208151,423.766655612881,448.847456045586,437.004769425267,440.257135055762,445.22518764537,438.175658181622,442.864667041017,448.847024548214,444.942075526272,450.370116806238,440.664156116746,443.961632007166,440.674636507917
389.437588373278,383.834482152837,381.354122737895,383.59556588668,379.76966585841,399.030414420032,357.129549240404,364.787565564199,392.911218881532,366.162507334096,380.541855232844,382.401661998917,384.605688306574,381.628122233081,393.572683750841,384.907344763653,384.490796232414,386.571518008018,386.263836600048,380.506083405947,384.868106898854,384.113166558642,384.237619837008
220.065828937504,296.575061318412,372.065014406615,370.392127201116,370.20946136119,346.522062813788,293.843050590793,315.136608443873,291.164816975035,308.371748936271,313.709300345207,310.298547920242,321.063739088962,327.894556786638,334.66129191798,330.13618317792,334.302380996375,332.070165288344,336.457403154767,331.650442835784,330.695805258783,332.486797918172,329.892276858133
729.877909836381,720.078878613053,707.311207684418,710.028449203959,707.121692075319,696.646725230073,712.419404540321,713.467528259335,727.138857992688,719.600331701371,727.607900983937,732.158926535336,723.704809032636,725.937386055479,725.748789632124,723.333619867299,725.084478941146,723.523031913351,724.541364867106,725.575471747482,726.614006597677,726.035792090607,725.165587805887
353.365585808496,350.203548620657,353.533603096107,359.461279361023,343.796989076432,381.755670232243,344.647553217436,351.117074026314,363.337723061925,341.31716329045,349.461583335167,352.415804315809,341.295235935765,350.250070909159,337.177833299539,338.652083400972,339.989967830401,340.59937660494,340.320452430965,345.322071108683,339.450212208301,341.174063599185,340.0395469807
440.235179426542,466.965675168647,424.61704698635,393.369816641791,375.513497943355,427.66247588796,426.491753089043,436.416533839828,427.36197043397,421.927611364488,412.280068322972,416.081695298437,409.733263740279,414.446757469072,417.914964469133,416.353097387569,417.109028495974,421.896247081153,424.461944988201,427.11353479683,425.678326333501,433.752614667088,430.103015945267
574.178547503869,553.117407667176,587.977699120776,570.342306988313,609.953842312732,578.704697478777,575.597201077029,580.632192771698,561.066333539557,591.185569257955,592.396934331103,560.090900932437,571.513746245557,567.308654173024,573.716352232228,562.96032459945,559.975002777776,561.490859873062,561.231606357903,566.296824053278,561.394544590866,556.651247693757,548.474508077097
156.13020621037,186.121422069996,155.295051271342,139.944005985988,154.58898304959,145.781278638772,146.462343438901,160.163973342982,143.60890778628,146.877164615753,160.56054261823,158.333839722689,160.557429219115,155.192829240396,156.316995079723,155.950123651923,156.472119310422,162.631010262511,162.458861094039,159.258250920403,160.462613529028,164.537459093069,165.53005307208
166.830530408855,177.283843000623,207.686264870173,176.536408218566,180.346937257681,169.34354422961,157.253824841509,181.144620815709,172.000039402587,172.747268947012,175.586014811398,178.5742250385,170.622859997859,177.484859640288,177.83251569989,176.215050380412,175.708701995379,176.581743672581,177.068426021571,174.400017367659,176.522149908171,176.130816103926,177.657567187386
725.041425112569,730.921468684578,756.327178141788,793.233463227054,771.475977599539,760.824020065931,753.222570707714,734.474162260745,754.85160677786,756.99624394708,766.811729236549,781.926019411398,782.87396232827,789.68853130567,787.441808324867,791.936767958764,791.834440911431,792.344828189258,787.203013064898,788.734120006619,783.661898180743,789.746708604695,784.634746980882
188.526962807849,189.639835928745,179.690669697742,165.635830640362,187.827806130625,163.710586370556,161.794611196846,158.994904232959,160.515104464415,166.062921204826,163.678882593073,162.125550362409,171.674824615965,167.708915159712,169.042295600751,168.94246098121,172.596833129962,164.304232117074,170.987223163064,171.22573554987,170.425769298144,166.460765223411,170.655162077688
339.337569079958,359.580155357151,289.517699738936,327.617956235578,347.806761644788,346.760990053261,332.74790292732,326.187626039436,327.211253060959,327.344117817457,343.132138292318,357.805990724687,347.908992139303,348.356514080345,350.041415012556,346.185118499823,351.921116827138,359.20056226203,352.527489354875,352.386586943374,354.562377699619,357.854793964223,357.533298147747
254.197002739213,254.080138056033,256.342599914735,256.662616797042,246.647685122964,246.81002527623,257.990554411011,249.846131115095,255.843591559004,248.400282873898,255.120427190382,252.040021997766,259.925483280661,266.884125502714,264.779198122474,261.411894358818,259.965302763963,257.757881868612,260.458737498249,255.558167264874,257.996204011027,252.923841272163,251.888817358064
340.006015546977,347.447719919251,332.043057727806,319.898867309407,310.426124518024,303.881851293515,305.535525342631,302.541176143928,299.534069248432,299.963706703069,306.095116155504,293.801946722127,303.724902396876,303.491785883025,301.509132271569,301.982205575012,305.970512672485,301.596050225464,304.943733218921,296.980483526126,302.78389593761,301.251812370616,305.194692905434
678.883348138061,674.380637243398,657.962194125059,685.462310204284,671.200493278925,658.089181693179,666.431423489084,665.037753429967,671.249398565733,667.233578548877,666.0504631887,670.080575590349,668.532001545759,667.463669429431,668.854284548133,668.69189860134,669.980446984311,669.821878374966,670.086265220471,669.730701609202,667.313655454225,669.445844219083,664.514641949508
508.129553009742,512.07207380042,506.305502243228,497.512085102509,498.575739298612,480.206931638662,471.879984239418,468.90017050249,491.154920466775,498.885736980828,497.727099486954,491.923832576415,491.844479983091,495.325022582722,497.249231672755,499.106432215977,499.456926817731,493.227113683891,498.185645334978,495.644804459545,497.875995904226,496.45944714144,492.904048116289
523.706945352154,530.001496084652,515.213842176618,511.355000134867,503.381709323763,475.958771833582,473.297765783749,456.898513342146,469.911983649319,481.821598314248,479.816753383082,480.797728698466,496.724423663617,500.00521487596,494.450969230329,491.21258418709,494.993482490667,498.893603403967,495.995559815652,500.588489806745,499.382273783224,500.020638253325,499.302220415775
294.970724270497,320.479325949706,336.908533643111,316.60367803161,329.505077681647,304.162543980533,312.58334991991,301.290758786913,280.611807193981,293.738187485359,291.970967350888,290.193209061622,299.978839585395,298.682055140808,301.745629268899,297.727435895475,294.913891604376,296.211255296125,300.174470774559,297.772824355856,299.373640225646,293.608846334241,295.477651915096
343.123951146423,322.454765074763,337.509040180728,312.882973850318,320.799835630549,328.577944742541,330.674852337143,321.08650719778,312.821085758874,334.928096998632,329.810077550123,340.83329912854,338.682205751563,341.014882975552,342.546934541218,341.411263635218,336.109611034273,334.952718866745,342.050007597693,335.512994152738,341.837082828005,338.627267180351,340.83407313532
188.445054653916,185.014874563106,187.238776887351,173.355226495492,165.131769921041,178.466828063509,175.632013913545,185.717645365859,201.139897179934,206.208477433262,209.235484564879,193.974830632626,199.598338601091,190.657621762917,196.090942155056,195.446594177878,194.744274461067,194.057840800958,192.268874366447,191.528283415528,194.576700863249,192.99205407798,194.120818031646
503.677211143965,550.23835355134,565.387249301911,566.959748789138,539.549792079346,544.273365771942,502.500480724499,523.317538785762,522.442572265936,520.618750688002,527.33439429428,515.949418100981,520.20074056976,529.758674268205,528.262725976506,530.320285872713,528.996215930982,525.227913732437,532.934358103199,525.589353132485,532.189810569695,531.295735083217,532.17775886892
648.178634325386,624.804519718397,645.96931975231,645.871776741371,646.285486863028,652.137805745235,658.086700213719,650.438621046526,633.33888048232,630.059412719202,647.571714722672,664.314912630083,652.305198231263,648.226907954864,659.463079414936,655.740848623877,657.632935048605,661.127957967808,657.743085602152,655.344324039175,669.332122888148,665.393089191821,667.883182245677
189.168775561168,193.360015883453,194.184172808753,173.109824114388,177.470299129971,184.36035631066,176.902846660483,175.330936810187,179.277585657287,174.508695215449,182.227348396401,183.516079957098,186.411090759438,187.1409876501,187.673200325069,187.360500336341,189.601949654976,184.460589176193,186.944937336818,184.668450433053,190.012350809734,189.396473817089,189.663791319934
457.912145038067,456.444633485243,477.769934733992,445.845433023034,477.03947195847,480.060631012448,470.161826266876,468.379722925089,467.375900858767,463.826299967892,459.032633614337,465.589372951545,451.205744202511,460.541029471611,456.004564314338,458.418132738574,458.011307868016,460.46191654183,457.284392153888,460.373292269714,458.653334240713,457.680220048357,456.463235554657
291.915518989965,313.30723713264,303.553779205935,294.583286972999,294.605851240556,304.259774576071,303.836026948755,310.248743505136,308.34770302679,307.201712722288,315.15401986231,307.007987616151,298.357937968999,305.954406653293,302.004197379109,299.757211426695,298.4628530168,301.020395415619,303.611382217924,298.973985384475,305.83158184534,306.771664455496,311.386246102323
318.590869765393,323.426991934656,362.511448946477,359.906859541746,351.994491709997,320.295144290729,309.088142619559,331.64056376378,315.832298589597,311.873742870562,316.174402536653,304.947835671743,313.106476860199,315.467937373727,307.964674481623,307.804270506717,305.456312044906,305.830206522122,307.261171224203,305.937177382259,302.793346827803,314.200816388772,314.677457197929
440.284431385639,446.906268295574,448.272991339801,438.670264183019,451.934721790003,441.621113061049,431.650543995107,436.27582728574,444.154647568291,445.700781056892,442.134086536466,432.323961317754,431.3063226136,431.844740322235,434.448063064937,432.591096283341,431.679564384689,435.911957069977,431.399671078439,434.745796505429,435.602421841247,439.774132273483,436.364855354073
302.560870135882,273.602496515558,298.544216989738,298.211877336792,279.7995475602,281.150155393476,270.374871339244,268.10420024948,280.106216054589,264.566064655174,279.979391572012,279.392120980663,285.804196554458,292.218122093108,289.386349101063,284.763890360039,279.879534391849,282.690214302731,286.79564606649,287.571845790483,290.118857433523,294.358978681762,288.657750020682
305.868979629059,296.650615527114,271.918981205483,254.880505042978,241.709125043217,249.017461418641,242.971657507658,257.041681566774,248.084718208746,265.285140869415,251.026425100925,250.967305911055,257.208240406373,266.905576195073,256.857491734505,260.321963148233,256.204180450979,253.434257643407,259.808064445271,260.011097144979,254.620950226529,255.635066714658,253.096380242504
997.318099171988,1008.7187638775,1037.95214107621,973.886878010215,999.148614355221,1020.88159505972,987.33106051627,985.916041202872,1008.5082406448,1009.94932710003,996.463801472463,994.433649702879,985.652300458456,991.994042949594,982.986956287303,983.929268715343,993.06318003781,978.8183857525,996.06346236451,980.509637634288,983.25086795014,991.753845115727,991.819039005315
856.687504977885,872.712858233787,857.033626423322,874.847503519742,884.133553745999,857.260799215535,867.661846096524,859.497457210323,863.647982886837,849.671915386111,838.055604347572,850.421822845874,860.54210941468,861.707479161072,860.016856646181,856.228904318095,854.704047624475,852.363697664265,851.962001477024,852.2108871115,852.516271508418,857.75574311693,855.535225777891
279.774601770604,274.947817119991,306.934430993069,292.576555321633,264.693778917335,266.220327780739,260.54778870545,257.799185337622,264.040780547306,259.574666008845,273.227451680474,276.131428804338,274.634255529654,283.363205251852,278.817677909016,287.340207277436,284.190517008352,281.740861030972,277.021799100133,277.654571026237,279.857111219871,279.396703385798,275.720200564096
369.785684533643,385.802554115986,353.455495215809,318.217146276368,317.582958968919,308.58264250027,310.933607723191,321.07665622353,310.086483592424,321.616892020827,308.582874438856,321.066493481212,314.266262772411,310.484441259426,310.607792629489,309.065707130193,305.403783591882,307.161528598274,306.894362581963,301.648710833878,307.271478639398,302.595091517399,298.551496705059
605.125107482556,601.592552106678,583.666723898995,600.091181973675,594.939341741456,575.948672163225,563.149467770291,568.876054119088,572.918788874467,569.074090114501,566.644654482113,564.927523415263,568.075877829723,568.575127878449,568.996600736045,573.18613380026,576.02608456941,565.263961380978,572.974140067206,570.96777807128,570.246898747012,570.144769337275,569.513570607126
386.161903461711,418.13793822425,516.629253500999,523.746539129209,473.570829591307,452.46385155507,403.785231349655,437.350052201887,444.013998440456,435.809621412817,452.138494266815,444.59282407383,433.584628879204,444.69235617576,437.385989678289,440.315897649135,442.997521828045,442.097145955481,448.20911481496,443.067909683303,441.992905764329,441.370840588415,438.345688848515
304.094629314586,324.897809815423,308.972102618732,299.207817823348,292.72811976323,289.498684444179,265.259782082398,279.414324337325,272.475193171192,273.710410524849,283.030962842931,280.298654084356,296.450200740171,294.133858034613,298.842046811181,297.247074935797,294.533473853439,297.123468336434,292.088790769495,299.714363911121,297.474702796484,296.872736545774,290.424313780976
560.294632715731,537.23769155731,544.808106127938,543.022258727447,540.329874058281,535.305866003456,527.866134200718,536.42651054719,527.213045519082,521.362070048093,549.409386713896,526.268931973767,531.107507127249,533.569283805604,532.951103213961,537.144704145617,529.009348725034,527.891321813003,538.381776978289,534.324851902558,541.033064221597,533.768688231286,533.917754658393
315.281119594288,343.325620533856,327.489298136238,336.273885020192,330.856322747478,305.801024785948,300.050288395509,286.773880847032,256.344922041922,237.660353300853,239.616081277458,245.121946276004,236.82115365451,241.178235414318,242.088255917629,239.142667965798,243.50876024519,244.108652959118,248.399857744524,244.680660847822,243.64959297198,242.33322025534,244.545053468343
495.8050351576,482.821883836688,461.906457801557,474.367323820215,457.016400757777,465.231351722951,461.720442489117,467.456282840136,466.828474873374,460.366984094676,471.435668556882,468.285794361572,476.394752156319,478.85779613698,478.943537576545,481.188208488107,480.964525396355,483.992493726185,481.59591017201,482.708461043264,481.064667448878,485.090039342192,487.472010925554
367.224052542826,390.660314253377,373.525975761544,376.980190048923,375.159157570405,355.648742070969,328.079761060195,370.388241058577,379.732610242893,389.076449485354,392.758685582757,407.078586537928,394.839311337774,402.551156359099,400.892374979983,401.032152699675,395.015769779305,400.770665088062,401.793352445797,405.874286766404,390.379374577461,387.905540421466,388.122565866412
336.31607720067,340.757744304662,319.710418779713,318.090390063425,357.459617320736,299.503497586553,291.310762966742,309.981372028136,289.086059153282,303.623091196399,297.900465157951,306.528170109003,344.309410296586,341.509859355121,353.208538203055,352.077969100115,342.009011137096,339.157082555012,337.583288844707,343.006547188407,337.036712672544,335.345052192467,338.07023324861
381.494292964731,377.906226560837,399.033053092659,377.910356877299,383.053978291956,389.697444683903,387.49262458774,395.631873171031,392.623037639046,391.220568695463,384.948536116062,389.626192263777,392.641465984125,392.347985209107,389.4333787637,395.568192363468,393.468718047696,392.003940747387,389.210511615246,394.246190153769,390.413178668037,392.672559060277,388.347779276911
542.92688627771,546.230392224623,574.739671374188,578.548267334438,566.441587204005,593.931677590286,571.03752086969,579.51520002984,594.964978671118,589.562971970363,579.048730861146,575.012912529554,569.96486619743,569.004666540412,570.239509682611,572.356435146676,569.810381436949,572.685623270083,572.109668556436,569.302219983643,569.701174082081,572.658831907214,581.727823157597
411.676195531344,429.03983384074,486.397275372954,475.545847276487,431.194811585868,423.020387239361,412.865475442866,417.006424030345,420.502276449437,443.951735260834,453.488036845478,457.64016568101,460.58493993366,476.07235461915,480.446135286695,474.915815558332,473.826315870828,470.075246158293,477.920349158376,476.594947690053,463.376608229976,456.195666525228,450.312285948663
323.779649838445,338.949411698339,347.073418824856,334.807492636518,347.565581094194,351.950775740966,360.011676829497,356.43736718101,361.610044804558,353.825857222642,365.484292385764,372.161442981215,379.358306767627,378.796361932874,377.01621435213,382.313571068983,379.783386818782,381.990929183957,378.007236301541,380.572144340941,381.296211364326,379.354009759389,381.508790881401
650.108590816674,642.160893045649,632.625396494919,627.629633653779,644.300632314732,639.462187282488,650.585312267431,640.715681960771,663.7303724989,623.488127652368,635.654638349101,633.478158688659,639.954984902123,645.218653942735,635.770248685811,639.369881318373,641.232709482578,635.871872867287,638.15121886754,636.048694914464,640.170347651659,633.268295263535,635.807906470166
433.724197486199,442.640396577526,433.028070084618,403.035858351225,417.538508287336,416.071385545873,415.107437502525,417.182336274707,408.846532900309,412.831852080697,424.454570734788,417.997972566905,421.487965217926,428.776942497873,427.636760188138,427.595166076608,423.919538100131,430.080121403027,418.441823642062,426.742028810253,427.312060334942,418.771902574389,417.052417003745
328.457603026636,325.808854054046,301.209360538678,297.620955971207,284.943696498036,284.598468618543,289.363084521967,298.63263745807,284.81740425065,296.988274971373,282.442892194377,285.42006273941,294.890127455571,296.423454762713,296.133614864643,291.733441464534,293.643448412992,291.127109642802,288.774396860089,289.309514543685,291.609221107055,290.647860706155,288.967383265662
315.985909856165,316.31276311893,292.858036537203,291.224880662812,254.102078707756,277.811024321314,276.352481702031,279.003629981253,287.984490937575,298.814992120665,292.424784997216,297.085361488077,299.474619746884,298.235858472612,295.540425869282,298.106536462329,298.691678484313,294.360617019426,294.801764658148,296.326795064702,292.2221258666,292.188459483166,297.894162960156
