"V1","V2","V3","V4","V5","V6","V7","V8","V9","V10","V11","V12","V13","V14","V15","V16","V17","V18","V19","V20","V21","V22","V23"
306.212307423464,320.874802544816,329.090855883243,329.223122005479,330.961718935788,328.880282082766,324.972064842274,323.314253460653,321.12346103552,320.164726360196,319.476346983946,317.338509220366,313.285346035543,313.631698933845,315.313467323576,315.880328194918,315.75255290172,316.250061710479,316.602794498692,316.482584764673,317.047774249769,316.935353355763,317.170420389224
318.056138428352,298.96076561868,302.659326789851,303.48920632167,301.177983135061,305.959578702224,308.30149926291,311.552521541961,311.796620817045,310.440913423984,311.065667958168,313.57005777056,310.582294034615,304.174755182914,300.695374695576,299.84892465901,299.391399615885,298.293617392741,298.354496462846,298.305517628931,298.152943046689,297.484195826477,298.369058824132
229.025382735729,218.111457972352,218.200919787633,215.474636964091,213.929144833948,213.869694659452,213.923103538929,214.347778789197,214.390182605802,215.275838694957,214.929871028883,214.424711263101,215.248838968408,215.470499602694,215.414800414058,215.765252860916,215.457353685086,215.445014893161,215.294452359858,215.571660903898,215.341333286016,215.417898669131,215.844251369159
201.352200350677,200.854634892507,196.719855550063,194.045382904653,193.970337580954,184.536166996674,189.617614097855,185.862840028522,189.427186087981,189.416111090717,194.746180550018,195.946512799623,205.386953586529,208.628561315298,210.864051864677,211.879870866079,211.379933209383,211.551318807992,212.237955820009,212.320098239957,213.263322953484,213.754365149295,213.975356518868
176.134266105902,153.249273579721,144.74194752135,146.24908307084,151.804357348833,155.002882200402,159.255940281043,165.939819197065,172.142710882162,173.718240475558,177.324814699621,179.906185151922,187.510750116586,191.250479151231,192.413650058199,193.335055648069,194.380452638805,194.59533068465,195.021271514236,195.108428873976,195.500490332959,195.666383159002,196.007066239811
149.295402956855,125.347654158027,126.418587211342,126.813108353594,132.803585030002,140.737877060059,144.472320279933,148.312703867873,152.343668070885,154.676746585637,156.867947273583,158.196333114966,164.115973194227,163.865861430588,164.53812912533,165.453258421235,165.725148335614,165.473262500425,165.0020172783,165.543069806375,165.317175866489,165.51467304208,165.575484403919
288.60648861919,270.162630606637,264.053309239103,267.43191817603,265.716159540543,265.198066638997,260.569318938842,262.558770258828,259.349683805436,260.645883841886,258.332236017188,257.655250393059,258.384812186432,262.476116746152,263.674685695545,266.033011637066,265.734528895918,265.756778129965,266.665910030545,266.210743244357,267.459921129082,267.179374415645,267.48224703798
353.92776089482,337.275969567737,334.626910806376,334.308187609384,332.324549121828,332.658299259767,335.861072033596,336.158550344321,333.554362153294,336.147583347591,335.654151225887,335.932058260359,336.451775312719,337.121509584751,336.946093764363,338.015143204152,337.497418597828,338.156174785275,337.437979913424,337.609179619898,337.308519576004,337.901354866649,337.091412032187
107.931323277693,104.105229591849,104.365168936645,106.731860276766,108.803846922078,111.41388127655,112.89213809106,111.698924814807,112.640758656715,116.038117181076,116.341436748588,116.559314189163,120.473029954782,123.142513604089,125.873578539237,126.918168059745,127.068779101225,126.924701637162,127.654422205901,127.166048519525,127.481000789508,127.238064948689,127.69794981139
201.848131649252,189.544147694264,186.976058058276,185.623158478634,186.666203806836,184.755981571249,186.429284272697,192.125333001609,191.325436576048,186.843012086411,196.509409468677,199.776416372693,200.561951784824,205.427380562476,204.933948058263,205.470872808425,205.554662851954,205.438017362352,204.039385163487,205.393280796835,204.777654264172,204.343270466136,204.289001093751
129.239918015269,119.929093226068,119.081660754128,119.692114150406,121.349096489818,121.781771623962,125.462323786135,128.94465290882,130.097862485689,132.485608597795,135.21804448819,135.435644503058,140.273524769063,141.14579623783,143.482160343406,145.33430609648,145.291602483536,145.966216097998,146.051014112251,145.46309448641,145.723297288488,146.01196511326,146.405775851394
174.59793163255,175.704282670258,174.70277482469,175.235487085351,175.746836290257,177.788403356045,178.649963535689,177.905302287847,182.167951083317,182.853219097573,182.115796014158,184.252815960529,185.30143820347,189.098329678074,191.579744157935,191.250567981694,191.529984940682,191.823673463252,192.015684056489,192.313104865916,192.50367591969,192.356302814361,192.185682898651
193.964274206086,149.77496323438,149.576252110332,152.335170477488,159.673852229553,166.190259841659,175.699227808832,186.280791268037,183.602221349183,188.568053422555,190.51948931328,195.430179769107,203.460951781379,205.747138593685,207.444037926267,207.658167977205,207.866878321098,208.16858284019,207.469556151841,207.990573936156,208.197939038884,208.326651605905,208.594402912581
409.565208962144,406.937625192339,407.275438515923,406.70725689704,405.459083610122,403.727088472358,404.573687090766,403.146357394952,401.501662590899,402.22676926608,401.97046610197,401.513350467321,400.549502439673,400.386392695115,400.116219007461,400.081024962697,399.879634895806,399.995777572016,399.982232896669,400.15081374003,400.164521147976,400.250834159297,400.204392783589
61.1224081856337,73.194075810564,74.8135941518295,82.9083726179213,91.9222358638669,104.636920391959,113.195328639033,120.423035420121,127.668153859881,126.389396789046,132.518956012275,133.777487161017,141.08996204815,146.489796019564,147.858275268162,149.518057119369,151.392741579093,151.065888896144,151.385058319294,151.949619776122,153.498089414994,153.157869692877,153.273626736816
185.830424741523,167.238262802361,165.565154810169,163.891800057034,161.878901961067,162.176203736614,161.622669588758,161.268307992511,159.612571577919,159.103684762179,158.154457475726,157.931733944312,155.352193456939,154.643044928148,153.606611159994,154.39319532404,154.317200528449,153.715868562845,154.101780961317,154.069177102252,153.497494628913,153.985662393613,153.718885360614
197.155202088148,171.426316806657,170.666002090505,167.560476865084,168.031934004332,167.84129431852,170.013506221816,167.177726743603,168.06023184909,169.931178024193,171.130319390259,171.047031303458,171.216382512726,171.781463114476,172.175102248973,172.574969605278,171.756243737095,171.1158247524,172.317733379678,172.330048937763,171.964181650294,172.743156843817,172.234578842206
203.807814494149,202.809217496585,203.042573105179,204.787331674179,206.714125373867,207.842755010565,208.981101414675,208.101925317136,209.016570371377,210.778005112154,211.992906610375,212.988328590646,216.253650391754,219.995749998995,220.855372349858,221.691301112375,222.095422004773,222.447882799618,222.420390054531,222.740721016904,223.309320556338,223.322527812722,223.579114376716
169.237230675132,146.004743072324,149.103678657186,148.148465854787,152.497987458473,154.325067961851,156.206755231669,158.59691546691,161.922649594718,162.590859165513,164.908457671443,163.546300591673,169.012340559212,171.891518733892,174.527263233896,175.746893692867,175.740319989488,175.974606780246,176.116941897671,176.622874165887,176.768190846549,177.347237261565,176.867794709287
36.8808798196365,47.8662698982234,46.0327116801227,41.5545759162965,50.9634705021295,59.4659149437315,64.8958411385856,75.1718546071131,77.4442514092488,84.0026751040749,90.2202804226739,92.9138382117719,105.703548218982,113.699247592188,116.653741941128,121.185073614478,123.262001830959,124.630106751163,125.107360099924,125.120940023255,129.147123851528,130.609566262315,130.889498640691
180.061068942404,175.725661173197,170.073782392687,166.111842324046,168.880620731104,168.457629926098,168.744188462126,169.044212601956,169.151769280892,167.323089962176,166.119838428272,164.751513221593,166.556618243517,169.89109294415,167.042764561153,168.249605531829,168.138461537434,169.237201711771,168.668582559734,168.4076411199,168.355753951816,169.078891023652,168.568399022183
117.542167108121,89.3495816798748,84.0780504981995,89.6769081702829,95.9434008384727,102.844019944903,111.788864581289,118.017308870782,121.465869800563,129.574247767393,132.494729067845,134.785591307783,144.545114717887,149.578882929804,152.921485272644,154.096184134684,153.942985702382,154.836173438178,155.195543135449,154.487353220854,155.229793940283,155.55112322085,155.568830261935
161.039043532889,145.054097860636,148.241882857461,146.645485312913,147.902398154505,147.532493356883,148.340165044489,148.657401417715,148.723499385269,150.660080736272,150.052657298827,150.967297878624,156.576738350641,156.832085344213,158.6668935988,158.824588731052,158.956980168109,158.645144077044,158.506190435158,159.120940763148,159.041666582998,158.973369227178,159.03940965739
174.695588368764,146.597520500264,144.387523682955,149.937274567366,152.912193652549,159.04056050075,163.364253405236,164.471172168764,167.663206390931,169.063922905923,171.004899629511,173.293592484168,174.30657449754,176.173179326696,178.127890219518,179.065013204246,179.458971077542,179.322221529391,179.778857503445,179.518463826993,179.666890115044,179.705560298823,179.588606094125
215.234917727218,226.204315423261,215.662428767167,214.23038592416,212.36401440518,206.216974732131,209.048693539718,203.334150230965,203.376161161237,204.125092689236,202.437719461869,201.252200652703,203.410474603406,204.907730462399,206.092334257915,205.960893316616,206.724942454772,207.661971228929,206.489759237186,206.914713834441,206.515079996243,207.217175792638,207.156367476622
257.131280288876,257.696954224605,259.544199817942,259.134001040603,259.983777447153,263.415319276288,264.835231066597,264.306160154168,264.369264564018,266.348121255667,266.066498473479,266.996786419921,269.627700624861,271.606795107569,273.038819269755,275.240511293936,274.688485625976,276.328456739635,275.779253247731,276.071618426871,276.380932710323,276.802791598243,277.254615009101
76.0655164215324,83.4670706778463,76.7456221232459,82.7681749509291,85.3796609433252,96.7990003818402,106.646007958937,116.607652202264,123.969825263019,133.161391772806,141.19468882959,140.668748313156,156.299118082381,162.186408117603,166.354520018579,166.444077652457,167.835464736835,167.942162383944,167.806574560977,168.580802904107,169.703198891288,170.167435615817,170.41819144825
231.86838476748,208.44438742243,209.695434239243,205.992998319901,214.172344858088,218.093580495011,220.669735800835,225.75252730527,225.919482550697,227.723305457437,228.955968153897,229.194343069703,232.178017110905,233.117972724605,233.758006458404,234.484332017034,234.554384184518,234.304497298566,235.486444391964,234.846167306672,235.890666995232,235.544649016096,235.065195395809
249.533165718114,239.625406944743,229.730776862829,229.752365816042,226.349185114887,224.646568699549,224.189391832038,225.964000431606,224.889601018985,224.860283064106,224.785457063739,223.867990373462,224.081691104017,224.635346683016,223.434005153697,223.504079467228,224.464739086566,224.064796714833,223.762901444279,223.950461708017,223.261897961002,223.299842703094,223.113764103224
239.134981293199,237.948958463275,237.624761155702,235.650578173666,226.424538409889,225.898496155587,228.298521009652,227.416697052025,222.125341161387,226.580103232939,227.288385135001,223.963351568925,226.779887014357,228.6194711351,230.25014843929,229.543809799226,229.803967304166,229.570017972199,228.739581083991,228.316268855141,225.963953702256,224.550035197776,223.928671382358
248.953918952537,225.566278721708,222.750413813959,219.675374288685,221.592650201199,222.038694698363,222.95805221662,220.32637649173,220.930226228025,221.360316206968,221.5438161617,225.422697811179,230.773250072305,233.459344101011,233.639824579281,234.066965899409,234.086010118956,234.577975826373,234.097612155106,234.583052935473,235.012875034543,235.125361869616,235.133814217607
126.923159845984,111.689361950876,112.500044633779,112.912083305703,114.1967465886,116.225403809173,118.277286803503,119.721455270603,119.199443056917,119.842054177555,122.151917272805,122.492940733439,122.9074616524,123.698969112994,125.076083640963,124.355767517105,125.035746073386,124.594096950667,125.24690555086,125.132720010897,125.438261820884,125.695611152244,125.398306300281
202.765178334111,188.979794068899,184.999106047414,185.758673754947,187.362180217971,186.126289721777,190.101638836284,186.773014413531,187.883194153542,189.02157867847,189.797853548727,189.48240839509,194.821070124442,196.460789608248,197.415441679012,197.587235769921,197.606733108139,198.027489067546,197.942766730405,198.148676669288,197.797829231457,198.093840505408,197.912638507825
144.716908083545,149.861515711012,152.164539931019,148.036819568924,147.473529041938,146.238090180374,151.507671241419,151.876768698851,152.910422933575,154.852000008725,157.711732650941,156.66022627334,159.945262603979,162.607923770323,167.38621762464,167.909398640295,169.464927408346,170.116940525886,170.379966383217,171.754195977226,174.029767991686,174.808271762823,175.438041909778
492.767790948109,500.18690102624,500.885173737266,499.811221094462,500.617095509268,498.735412146602,496.121220357264,494.63792703565,491.375741160647,491.6041643289,491.802552526876,493.570286471637,495.436992178023,497.304656019912,497.78218244878,497.161225090815,497.753268308522,498.048285612702,498.538344085898,498.602741294866,498.763556390012,499.040681215319,499.242980921206
91.4542001207744,95.6426109861779,94.9685667565673,95.2093077141973,94.329780434988,95.3187688032494,95.4181464473607,97.6476342545888,100.146972270714,101.842720607695,102.653579621858,104.927022398822,109.965464861395,114.356636139847,115.574808087533,116.756352876401,117.494080615086,117.610767784509,118.098015222601,118.19760825971,118.573840007984,118.945499224943,119.128577086132
159.547454842697,139.150481960697,138.658291073114,142.044414517601,142.853494210307,145.492802222276,145.411049251894,146.71674749191,148.127703034821,147.80772740464,149.385667176612,150.432238926086,150.565289438578,151.825405397053,152.936674850474,153.408283906946,154.086868165063,154.258641477989,154.114447306542,154.44095447145,154.119719441621,154.41873809818,154.555542720714
243.473883217211,220.229499712466,216.784147561266,218.742035347412,222.501444885635,222.380032717111,226.346594893899,231.764973752364,232.662786156497,235.277296555953,237.694074007428,241.567634205915,249.08429631204,254.340815082431,257.289010468969,259.596225864608,261.002745063533,262.050643903876,261.840250516187,261.791649529604,263.092888042465,263.100832915582,262.280367036424
206.800959916371,204.781959704301,208.258382743478,207.25787850631,205.054791899861,208.358919206609,208.123850858817,206.705684526775,208.885155455323,208.979361021238,215.546406743136,212.511179474007,224.08961443567,229.16158168456,229.921831708303,230.602939130906,232.640301604924,232.861332591095,233.883946851974,234.170224796053,236.639499594797,238.12368133949,238.801914868934
290.620758314912,277.678289780001,275.914386424769,276.233073279103,275.524937961283,274.201003759997,273.537929675556,275.430448008263,274.922504299645,277.000957306124,277.648741474996,277.585497386664,276.591752932612,278.811279662734,278.38220487498,279.419552037787,278.765753002023,279.36220142681,279.165135883368,279.663714065172,279.233710581614,278.994792964947,279.537996507707
372.559571578275,362.362592392512,366.67316817931,369.981570746675,368.450865860475,380.632027735645,375.861588353939,374.039665549871,371.721349171333,372.445684746311,365.759649885133,365.791083085634,361.214076009359,359.369612496394,355.958418601577,355.884897208872,356.501253247557,354.241191789642,353.944514992942,354.672017593957,354.226297965169,353.908100408306,353.960351963465
217.102525346675,212.178535943333,202.759036863945,205.352419730769,199.72335372118,198.313309683757,197.607419293118,199.352124428725,198.163430489341,199.597824513923,201.300989935772,202.204946385343,208.547831658873,211.558286901121,211.729141542786,213.726110486278,212.769923022517,213.275831010883,213.599240743904,213.127157910117,213.638484454679,213.830881011445,213.494599550179
163.400703715195,161.720385324813,161.067204830293,162.959255230201,160.929292928329,160.260312576876,159.8876666407,158.866106834159,159.144531455387,157.527770827344,156.501343982704,158.069052365108,155.514874728111,156.717072660204,155.420746236219,155.215762807583,155.792145125168,155.911087780849,156.034206239467,155.797133933532,156.105587193759,155.566889278708,156.051939841955
185.083557064075,132.168198347913,115.413580497847,109.771703118791,114.168910450638,126.441649237771,138.552567852774,149.662169050543,164.916659165745,168.19457792642,180.155108080655,179.722803198876,192.831073341785,199.190311331369,202.940648882179,204.16220347444,204.990784278018,205.353450828897,205.14322000919,205.480251263335,205.946020657464,206.275629295278,206.658359638574
296.348109874262,293.831248669447,293.344609330922,295.564202754999,296.358756615685,295.89265715248,297.414783519871,298.04364047477,296.459654439307,297.673747002181,295.375895669061,295.310194882579,293.662096491376,292.609383452797,290.995715144581,289.732311340242,289.163904877317,289.230947990809,288.861910370879,289.427999339459,288.520800517409,288.66960802527,288.741334267496
157.163661970912,149.007046716303,146.238207098693,144.287715696997,144.07560063791,143.631937765172,145.948669183958,147.610116961803,147.907385952558,147.813981947118,147.484114694859,148.258399581461,148.439601649232,148.499539475205,148.283024582091,147.92871255735,147.849460450633,147.744821769391,147.862758957061,147.708194404165,147.676215269751,147.281243563341,147.578811459606
167.132470265858,172.467174391258,175.489372739585,169.254652943343,168.005161603178,172.972442134604,169.608555054184,172.537533902639,169.585315279747,173.910635438271,176.016532445115,179.416405188657,192.769306632645,198.467425400139,201.006024079775,204.161253325762,205.461297290359,205.966363730632,206.231094001693,206.485419742822,208.113886771657,208.48223249414,209.283931285495
316.790758834405,322.850182315277,324.105239144635,323.088231021412,321.515479103733,320.475614251352,323.280327095566,316.180454972708,319.470117409158,315.380852151834,314.233355743984,311.92818171073,310.247983791354,310.872037638723,309.690836961261,310.067251426112,310.423989043463,309.667637894005,308.95759751901,309.932356914003,309.489214749762,309.609198652169,309.720079242933
196.621696558977,187.32434909184,188.642522324937,187.334316444394,187.450982425948,188.058256193827,187.469181174983,190.89038417623,191.509247356079,190.606303423805,192.307556795564,195.333427463846,196.653669484782,199.210545769166,203.724812178266,204.551227624014,205.320104677671,204.216370276692,204.857177528214,205.006727522477,205.250436049748,205.405796865688,205.348390128455
138.001049371137,125.294495444097,122.696463620969,120.934792659961,121.71578058054,121.698519236148,123.142909282627,124.61182554465,125.148709560958,127.931058749381,131.300144881883,133.606542901784,142.066202645852,145.826721721926,147.704553800307,149.993499881988,149.841087140619,149.719758020557,150.086103215333,150.349300141645,150.753515879487,150.206503103586,150.49644827949
302.295349480976,305.773790905248,307.870770216178,307.175819833851,305.980274020106,304.624953000534,304.878077335879,301.556269512989,302.359249907154,303.766053521064,304.024502939617,304.990016480929,309.349571162873,310.805776732478,309.782124078169,310.756133061537,309.086621590115,309.653165427728,309.648506837686,309.521632836182,309.365077620136,308.970891267395,309.726287380815
205.628393091421,213.490166362327,213.310368178483,213.171160091862,218.295653697221,221.917953991908,222.532098662202,226.960678962434,228.924547334404,229.631921645745,230.553568785777,230.961889305353,234.324230816073,234.799915272014,234.929127724668,235.232480291041,235.198464765118,235.179289240525,234.721915160633,234.783351688789,234.916491975564,235.005743588463,235.378159506068
197.340272575971,186.718904808418,184.217205275474,180.522281042501,176.344350798373,176.64745630852,175.506074426827,175.209601774038,176.331241571838,177.183864847965,177.284919905027,179.317602360619,181.809889306152,184.868564903166,185.669045821861,187.541837285219,187.990883179532,188.451016459503,188.077013733682,188.294916658803,188.289881346104,188.468281318981,188.490069676213
87.6924845938404,93.1943898152205,82.4216636545658,81.4938733584502,87.2540494921203,102.423195050572,115.597512343514,123.217711588957,128.286894608386,134.404219490935,138.155875179592,142.369423847562,154.391004899451,160.955519922732,162.452856700962,164.106244848854,165.119307258885,165.415232274671,166.77935093205,166.947847086835,168.799746907979,169.867488792197,170.450233622052
385.813405645248,381.046697532676,375.96548278853,374.556589015258,375.334702012188,374.684122237785,371.934784751684,373.886087488532,371.89606287296,369.254553655561,368.19920977407,368.206669595511,369.930753124856,367.983102654399,368.010069793429,367.997479984603,368.70659224439,368.589354247866,368.697786195262,368.87207329906,369.076256637339,369.064583522017,368.588303911467
124.364925334882,121.174267077594,125.778140937555,132.101738678438,134.414591228982,134.671056660347,134.744831462691,136.787719722419,134.963190895135,136.343400495159,140.299332676802,137.947377060935,150.134317614335,150.969225372225,151.43289060148,152.170130501296,153.962772329825,153.737308804341,153.223679719311,154.099345833713,154.411533127598,153.923581592023,154.019877472968
207.138458316646,198.244271670625,196.587421936073,197.012430000879,196.44968490728,198.66367662443,196.684910767744,196.948458453195,199.661056578682,198.770295632349,199.405866568783,200.974475306054,201.189892157293,202.581270767611,203.62278941667,202.540778274148,203.82964617522,203.930155159893,204.113567055939,204.397367742148,204.177355212301,204.287722992348,204.15116578388
282.970707938481,287.522299629966,294.294073718028,300.480646362779,304.505828215806,302.009535820191,307.669411303347,302.233988161042,303.352286580663,303.107754197586,303.980657107089,305.592177928754,303.259324258588,306.132508670548,306.258341437721,304.892989455353,306.969918118044,305.892487920393,306.282668668051,305.452897269285,305.116194871219,305.180986044611,305.445441028492
89.6063727500603,75.6312513288367,74.4977555821213,69.6461075017316,67.5834863928869,70.2200686849088,67.4728538237805,68.0473850494949,69.2056898026382,68.8704047214413,68.1749209630221,69.1707611489751,69.8327485613468,71.4011651402397,74.6829301842322,75.5842583536852,76.0298630790545,76.3285358984603,77.3676391335637,76.5520882080874,77.0684865354033,76.5966649803364,77.111032191111
130.735193685962,129.975488584625,128.295282008888,127.672803263065,128.04192918031,134.20145722027,136.538627950335,134.207971525122,133.860143815502,137.780610753464,137.834670292227,138.482051551927,141.828509352402,145.704682285948,146.108430390419,148.886464550142,150.008035023498,151.337908562631,151.286452342935,152.22004728566,153.742317453817,155.617118481803,155.952319778484
446.280330606841,446.907425375827,444.123389337643,440.649172512097,448.043908946801,449.257055336838,451.71221014245,454.551923212905,450.74372620298,444.249598870853,451.41037387225,450.62340003458,449.96287935778,446.00453510429,444.837029315611,443.74384252661,444.559991191073,443.508944058446,445.237971531153,444.371416886437,444.516420553986,444.457785971579,444.844355046662
67.0722108708038,75.5065340951652,74.4472249597959,65.622367334995,68.8124875916174,71.3533960742886,71.9235170067757,73.8684875894558,68.391580888918,71.7539908769033,76.6534721407036,74.0145104668049,83.0152622479838,82.2853549771449,84.7996493401394,86.6262404266919,86.0787277663443,87.1773361922264,87.1439264143951,87.5092628276415,88.5613925227537,88.5900533273341,88.720927351962
190.360870008694,188.004976186575,189.732744044348,190.268375153875,194.521085357953,193.565159186744,196.699459678298,197.937497076674,199.583912164982,199.809719258538,201.123322987431,201.743199862188,203.468923820029,204.51358777439,204.160177988751,204.151190748623,204.559767417913,203.925663778823,204.501217782311,204.315093486932,204.352485415053,204.441103707172,204.115298426333
103.197101349216,95.727789161458,89.4723141874461,87.1380390000295,84.5494250184116,85.7764696023595,86.8652973428034,90.7318417720623,97.5267652499539,95.1105559253799,99.4556210526015,99.5268401518908,110.328395739061,116.110119679881,118.738962126896,119.793560454115,119.911725001477,121.181840824817,120.151041347296,120.307536797051,121.472078969386,121.81894765922,121.323243618497
174.039568124435,157.241179017764,151.515165631032,155.856957736465,156.800282567501,157.554750736563,160.000242655214,160.558293999567,161.427880676814,161.797027488893,161.398264067368,164.507504098727,158.134318417783,154.378908283842,153.17670239747,151.929549335822,151.751581793506,151.742072462977,151.615552329207,151.50998309052,151.235376359063,151.103877494153,151.795888474247
380.695141859035,380.125630390008,378.564681085899,380.919874105859,377.023079511871,378.471476126552,383.201736054916,382.835673174692,381.009143173241,387.568855272209,384.330821820951,383.949707376643,388.806347346867,390.555984594903,389.868731519071,390.450535799013,390.695539462892,390.830389233953,390.970022213543,391.793343627153,391.999996507735,392.493625988023,392.562746584225
271.073882276053,254.682316685435,245.047679280514,241.988387212388,238.720388739494,241.239104537536,246.831644055455,244.601962860775,249.536490384557,253.480776008382,255.225363762284,253.414941400159,267.54863903435,270.601494805637,273.926222553222,275.473536941565,276.436787823441,275.666323171653,276.280601004699,276.489394369247,276.517134391587,276.838387955141,276.474718042659
246.707011908469,213.775585916171,209.174311895257,205.540436205474,208.382445040231,213.769897262062,216.09702586439,221.911252311649,224.92486372311,223.726490896916,226.527950728652,228.281865827432,231.50056022443,234.178461092076,235.301341917532,235.678242188335,236.867832450819,237.33690379056,237.175769997071,237.325478534508,237.830359863188,237.887475549021,238.2920706229
152.22666377497,132.966818230347,134.207734484639,134.129786660551,136.704573779629,141.839335453724,145.086894027428,147.132844004487,149.166054470208,149.787236502657,154.774876197951,157.743256593827,168.404896589632,176.158586129841,178.439622618728,182.250390918431,182.463985148801,183.94197906491,183.238794594848,183.977414177559,185.255817478793,184.739370164596,186.03880734056
146.500578626882,136.095279312409,137.300759071024,136.134895470277,137.490090176528,136.318811665127,137.976871569021,137.947319591106,136.969427943053,137.281365934902,137.316686847679,137.716368562469,144.373391839483,145.204855017825,147.820099376881,149.026854864674,150.082157464334,150.25812027191,150.437540716563,150.266598430504,150.936853848642,151.182837148169,151.012747469054
100.451006673805,81.6076486044806,79.6947775693294,81.0282407239163,82.1262136695876,84.0637685140453,85.4588244848406,88.2987315876353,90.8152209272435,92.4820774334642,94.1700195752197,94.6275723747072,100.986234982722,107.327255790802,110.585437186189,113.427871661575,114.10969446245,115.311845471869,116.048850928406,116.145274999376,116.795911224882,117.271327800526,117.389115469518
292.30841286516,294.472502567761,291.035660590081,296.785747183437,297.076953402764,290.804840082338,295.250122942818,294.140617588015,294.361948877959,296.780375921828,295.829634057995,293.454855986521,297.333362541871,299.656536542981,299.403519369642,299.261906943359,300.560722760552,301.884483205219,302.250691959669,301.33288541139,302.335702678662,302.097632644433,302.379432477981
320.18350153379,317.062635973338,311.807674002276,310.591152852699,308.054775536129,308.161541874083,308.393855697764,309.539067079664,310.097876009708,312.683099687756,313.109944643498,314.370818199778,316.875142765309,317.990450143719,319.425672381076,319.684859286639,320.018494596614,319.99136575254,319.902725086305,319.833895001014,319.870211071065,319.737290638909,319.843294689395
101.064275211114,95.0047929905071,95.2263077699548,93.8130375236568,94.2639229750845,94.8233521365646,94.9994780292742,95.8295470992462,96.2034194541726,96.4194792058504,95.7229262917677,97.5187417158099,98.7380445893896,99.6770523205756,100.652058937465,101.234491527566,101.649227137492,101.776657813369,102.352813337955,101.980866279892,101.961992569377,102.012225208969,102.098283124661
255.568620787654,260.147319873736,262.065395315388,257.788494960873,263.184412985989,259.773792364004,259.924121338958,260.224854967324,257.041656920867,255.35592543721,255.601488433792,255.740883729169,252.367527965434,251.656498426404,253.165744562767,252.155233260879,252.04931640945,252.197068383118,251.971261372653,252.058556098996,251.948367632972,251.916816124119,251.872073362894
216.37410264148,203.666551076013,200.500309174532,199.573704033194,199.319222181458,198.496298415634,199.106096978984,196.739439498552,199.084010828331,196.634528987848,197.473487804627,197.76611450366,199.878306941078,202.150266956745,204.348292691022,205.601916631151,205.318222495975,205.96090614467,205.575408631318,205.859955883071,205.968322921717,206.027152946824,205.618877945537
166.616774104228,137.972821847598,134.94475815948,134.472613158613,133.94037028375,139.71243706608,144.944823932422,150.31342953043,156.69234550667,161.748357406132,161.904191423868,168.06222432656,187.546150111236,194.041473532772,201.095914898574,205.445836483712,206.275196839627,207.559195887321,208.854925287599,208.586122413567,209.661343883971,210.358904226647,210.645825478606
285.615062637106,272.714480712199,269.056395494668,268.113725879495,267.666213124975,266.794398517093,264.999771962276,264.33006813712,265.232238692957,263.980697395765,262.529636932394,262.367003219584,260.083255826306,258.91973073715,258.030666904967,258.03337618127,257.633329395293,257.186770673378,257.785326782153,257.192038379598,257.268701796654,257.120612563783,257.266769492397
189.731994819527,159.439598390562,158.839489497463,161.060147520699,162.207987745239,162.528182622711,164.10605140497,163.249611157695,165.018270369337,166.087266038887,167.987461448494,169.423586708682,172.976603178401,176.078052956221,178.313565813096,178.262787881449,179.270991029146,179.116147617026,179.837526079419,179.731434711373,179.538302810677,179.199876928675,179.87847901079
150.204008113537,101.905729950076,89.3504225961501,89.4279345974585,86.3597628264922,88.6610731683418,94.2100164138637,95.3035375212989,100.574655324556,102.79412597613,103.757329585587,103.876387932697,112.831079680287,117.783935854005,119.054452411434,120.822840046852,120.549516699761,120.904416736449,121.163906061031,121.711653430872,122.175062786873,122.453198151782,122.247000674019
549.733963048287,544.428652707584,545.17453421394,547.400526990057,542.311450959202,542.875741116419,538.544210520595,541.457974289116,536.995101423007,538.761028685232,540.518689818266,539.092034424426,537.475855167337,537.464428469589,539.973384712419,538.652914823711,538.819945581888,538.41630543312,537.52695391626,538.577620834537,537.598776489308,538.418228734736,538.149837320417
396.164105531753,383.36789736323,380.476334496538,381.944126645569,382.274015274566,381.419645228563,382.504624047295,383.536130054764,384.366631921819,383.727825185846,386.805804762745,389.122116935307,395.939758425839,398.944889304718,402.718078811525,403.434113094029,403.773004097909,404.40444738397,405.080326398115,405.581027861797,405.570027656544,405.811542137116,405.531774780456
47.6638228522997,54.5615227984502,46.4070946188251,39.6517463721809,52.1142336568315,57.0919728439456,69.2217192537926,75.2548043569385,84.073316459722,86.9441681170792,93.6422493926156,100.951129885393,111.340577851911,121.244286813379,124.982104302594,125.990677856261,128.421195427433,130.117062670674,130.996535196238,131.765513070326,133.929028975933,134.944401530717,135.34279599073
74.5899801007272,79.6408791440858,65.4229325492758,56.8964858730222,54.5399827344098,62.5114595700759,69.4249185299014,76.9142604953019,83.9196828327442,81.7800264631911,89.2092650002877,89.8585523075262,96.3430680057691,96.3770143256124,97.5541506971101,98.134705284263,97.1355040176042,99.1061392424271,97.9510226554932,99.07054823461,100.097670326092,100.009736678458,100.395093664794
336.510959588289,320.335515756954,318.818611475545,318.633058506513,319.312252239673,319.190470874197,318.331632920435,318.63165001011,319.604487452533,318.571006356434,321.590481576028,321.069929794224,321.689948492171,322.587733756218,320.957668222205,321.946825586134,321.959395901663,321.26692956648,322.066183413278,321.62687470633,321.650281114641,321.392255702656,321.667708070905
147.362949754521,143.377027337712,133.784381023542,134.366211108719,138.802711640904,139.432455590477,146.845829949667,157.664415574991,165.496728149979,171.754272251989,175.085509041696,182.588171399895,196.672413641958,199.70253747057,202.934087900496,204.819050283627,206.280796492242,207.056980251594,207.04221619663,207.893359411326,210.39701798554,210.824975774411,211.24895945785
165.941069655422,129.423119072885,119.813311849891,117.498355191997,124.585576170597,129.490227106654,134.033418869816,135.648686374057,141.821176448783,144.566961325726,146.017445332288,149.416728125579,156.01534886793,159.09979760596,163.955808272708,166.086388405164,167.118879474209,168.588433830033,168.577457157476,168.760107221807,169.361281657204,169.160857896883,169.007004874478
282.849121108419,266.520812142794,261.633943093884,267.219572371589,263.831696011702,267.293215063962,267.388355148795,267.915995086096,270.049676590047,275.292980227438,278.684024354512,280.727832430202,291.755445367072,291.667717498139,292.371259077976,292.389909116147,292.663018849457,292.740042845781,293.625922945269,293.444153246397,293.597289286263,294.113123475511,293.834866468077
163.673507999095,139.865708595523,131.742783063724,125.392269516655,123.471769742727,122.695263126975,123.511828820358,122.721360945292,122.012062376237,126.307313937565,124.76019438,126.580465932296,132.270613656239,135.739076773002,138.144039225658,138.885715636527,139.838196983524,140.372552624843,140.419696208116,140.428648274416,140.702397496655,141.411256005078,141.096724091861
283.405145055403,290.354552356894,283.982523676506,282.464484156617,283.454815391526,284.97163749191,286.461866876619,289.07801566271,287.958347996903,290.054061909469,291.735529042759,293.007576079349,294.450697806418,294.572934047713,294.715126142978,295.022700382465,294.507079938701,294.146243094551,294.012275349014,294.361736234179,294.187625051258,293.872350925948,293.662785029331
178.247173097979,174.957626218525,180.696581924415,182.832444477815,182.823604891175,182.335261940326,187.386514583201,181.950746155018,184.048250662418,187.938223461237,187.717523143361,183.381501545568,187.362572624732,189.399465482038,188.113885818397,188.905471449639,188.312132375592,190.591107086636,190.277239324208,190.609377323638,191.19125248685,191.863237840559,191.820858998844
124.714044661672,121.121733208498,128.245634840904,132.397023436027,138.968124324729,133.141075370907,132.745785818431,136.829683683772,134.742232530192,136.951253623239,135.492788121798,139.855030929484,136.647535141505,132.436314140111,132.486545692707,132.290776007766,131.436859258592,131.421413706281,131.09510224352,130.324499795195,131.059406482898,130.467641378531,130.276091319947
150.253212834345,150.626834950069,156.659317528613,163.702241389585,160.855257108517,163.623536270877,165.135534704314,163.674060396295,164.900215558378,167.016318397599,166.207978149654,169.373881097656,170.365611947189,174.217330498553,174.597685268726,174.10052178694,175.077020101517,175.093982147274,174.889057806355,175.021533887361,175.538124983991,175.822023574808,175.868813477634
276.288368612517,278.566962385124,278.096151648649,273.597774050159,274.434623726333,275.812151557627,278.229098832244,285.454371977279,283.065388223402,282.85732309071,284.548360299843,284.56808366269,294.761228654333,297.96928685268,299.936761599312,300.622178600669,299.84033648009,300.911816251352,300.334065384599,300.704620867229,301.461176015794,302.143268226566,301.973965444745
116.026115029326,122.625173306679,114.553717902604,104.098932106759,118.744086321618,128.616651079074,150.408093783014,154.907376540439,162.245715541608,171.299978658308,179.010377603426,184.129700638696,197.79324790059,208.071871554729,210.269921028569,213.054231157962,215.577932096924,215.899197910638,215.493076498284,217.734156720008,220.060411818172,220.678783772686,221.701267232247
126.873559185813,130.607803067354,137.316972293446,143.98770218065,141.048008421483,141.380964886618,143.776975088432,142.477447372105,142.292730537613,144.541148026356,145.898073691768,147.232489196304,149.414649094923,151.078411456881,152.025847550534,152.085261597663,153.652056946692,153.496171406229,153.144104875296,153.72299586818,154.433453387519,155.386337233056,155.321413426388
289.399680560033,268.084606395363,255.865745885109,259.760406451011,262.707920209889,268.46287372519,269.660095125548,271.677021994001,272.366181709462,273.844806653733,276.599842086616,277.593835486112,280.575626425753,284.340718459628,285.666910622131,287.219323820568,287.650156928963,287.36385466032,287.504255181207,287.385389320682,288.194992798956,287.76165178926,287.725092484012
241.069471130594,231.915979943049,230.528709284797,230.78544650857,230.338700580615,232.195734319582,234.009602100526,233.424478162165,233.60961221159,234.471397500532,231.924024011922,234.201662075776,234.777087532922,234.546204975687,237.14224988516,236.855506618862,236.718409494166,237.021904566768,237.073065652581,237.692460638917,237.251920119849,237.725512697226,237.704007656865
143.850804115742,121.005238394249,119.484087218554,122.851203648916,123.693831530325,131.293026283245,133.423082321891,136.199835571701,139.142962139177,141.428616807339,143.22426916966,143.302271143446,150.673456424712,156.303162550295,160.278175462529,162.782172018274,163.507779182863,164.894888977956,164.637731968672,165.044497328838,165.575517963943,165.934999370745,165.615818262008
168.939905256481,148.858587519069,149.561424867159,149.695592884527,148.469001653297,150.534159690899,150.461671778243,148.684907997218,151.995192722015,151.328862733253,153.855984073067,153.314764066532,156.62287139333,156.687917241845,156.642588662367,156.855919289564,157.205025775749,157.603269159292,157.046956053529,156.898671424853,157.128945593594,157.71961054818,157.374758749467
