"V1","V2","V3","V4","V5","V6","V7","V8","V9","V10","V11","V12","V13","V14","V15","V16","V17","V18","V19","V20","V21","V22","V23"
67.5469491948337,67.5450875796483,67.5496098476805,67.5412003076454,67.5312103409542,67.3477454482106,67.2425410410115,67.1915807515161,67.2054054877932,67.1688095815203,67.1625509254495,67.1476415744983,67.1257541360387,67.1080586647842,67.0999014927982,67.0885725821445,67.0963021060945,67.0944835549644,67.0798857354581,67.0800227876323,67.0547567707729,67.0472241189094,67.0547853121261
145.397823273227,145.393622588058,145.395748595876,145.394691824944,145.382036271739,145.227777630458,145.225806592924,145.142247130343,145.136791221615,145.075082111833,145.064515525875,145.042522647052,145.023582152011,145.044337280821,145.025986153495,145.013383468809,145.01341529755,145.017478908542,145.026918387764,145.013337594003,145.001275082989,145.017621914761,145.039698506577
62.8556960427819,62.8534470716496,62.8498326580407,62.8490780707471,62.8504076061635,62.5911876147011,62.4552608489365,62.401031016977,62.3589657331736,62.3250024142454,62.327852840258,62.3220355393715,62.2462242890913,62.2387608009662,62.2176593943531,62.198504081834,62.1836815872084,62.1828048450561,62.1819255211397,62.167496955601,62.1330256833733,62.1088314803343,62.1076502051024
39.8783697660361,39.8740021568123,39.8772186504248,39.875403601352,39.8751146201325,39.8081262681595,39.8119698546136,39.7723759052625,39.7795261199152,39.7722082345826,39.7854942256256,39.7799357221265,39.7705791152729,39.7728092120858,39.7634486805394,39.7628367960979,39.7587443217561,39.7673323137559,39.7675915402403,39.767893949565,39.7613535185067,39.7565603111054,39.7429780752599
88.5953380650591,88.5965842647237,88.6036654775051,88.6065561385878,88.5684318586847,88.3697509689358,88.2901391429469,88.2737997632765,88.2465518292335,88.226218330014,88.2228751918506,88.215964763753,88.1769020781841,88.1835462202142,88.1726293763646,88.1753071295661,88.155127025587,88.1761936519754,88.1690318459804,88.1406022296853,88.1647102339346,88.1294391807,88.1606376119131
76.5605677078965,76.5557071641565,76.558806158618,76.558419250927,76.5291372019264,76.2692214345815,76.1450202073391,76.1189158380801,76.1234418196905,76.0759869375263,76.0640510019416,76.0720833593739,76.027309188352,76.0205354366065,76.0178270324319,75.9933996591107,75.9876297690188,75.9949064382738,76.005976838257,75.9788789508583,75.9685400058068,75.9588311523711,75.9636579051717
151.516706350379,151.519555696787,151.515654292412,151.521196532585,151.474246368258,151.297036410062,151.210986631903,151.200102942618,151.196734344062,151.144382245227,151.149652074951,151.197231851002,151.162898849728,151.175123040902,151.171455705403,151.148569111971,151.175610702921,151.153749320961,151.174551796024,151.149395281319,151.165848406804,151.149448760675,151.165117419343
80.5706343876223,80.5824705749872,80.5794353331834,80.5854381961948,80.5732125291178,80.2436783932658,80.179230249965,80.1593355095938,80.1870202601464,80.1612372817056,80.1469124247518,80.1554814267259,80.1119195523616,80.0856085170055,80.083893076808,80.066272389811,80.073845774377,80.0528507990616,80.0486066968054,80.0426361804732,80.030613115125,79.9978953968196,79.9992130308829
107.808580812771,107.810939329112,107.807636468005,107.813305486784,107.802400970143,107.626399462698,107.544366833161,107.545446803176,107.554833298716,107.571602332253,107.563911075793,107.546104022498,107.539887903023,107.530076896374,107.505956336655,107.541343785744,107.508089913004,107.508301065168,107.520561971686,107.50855206894,107.480320559016,107.500688204575,107.484548626114
71.8308802275882,71.8315259081539,71.8311222482261,71.8301902830564,71.8267123341842,71.6418580555173,71.5991300064086,71.5745864055768,71.5550876481552,71.5359290585267,71.5368076139432,71.5244136836208,71.5158456862546,71.5060616252944,71.5042030833241,71.5010929594235,71.491963337144,71.4981739338104,71.4990784611876,71.487212766643,71.4844796682023,71.4937946616605,71.5000430611654
56.4879504529443,56.4870445777544,56.4905452441613,56.4928711125915,56.4839660738285,56.3791700874319,56.3189701042647,56.3033556019573,56.2887936835035,56.2909040952189,56.2646526186698,56.2740593387313,56.2451900939159,56.242475931264,56.232277682187,56.2348321805843,56.2313160007936,56.2256027649458,56.2129986297643,56.2072591148139,56.1894208019267,56.1879168949604,56.1664089440724
73.1391653910194,73.1366724751193,73.1362413950997,73.1389772675578,73.1381112009891,72.9789028790968,72.953899023828,72.9671936191456,72.9589357819522,72.9593849918252,72.9433786333359,72.9323823079605,72.8956475529479,72.9048553602097,72.8951121268513,72.8903255473251,72.880257936147,72.8882905376614,72.8869961199504,72.8777726728224,72.8623333416787,72.848868967954,72.8280197306847
98.9423832059934,98.9491861367762,98.9500226003838,98.9421856731401,98.9297166810292,98.7881421024629,98.6523911393364,98.6603334653449,98.679661742007,98.647868715495,98.6701855472807,98.6545774034456,98.6356415853278,98.6348795902664,98.6342654150095,98.63925421732,98.6264766867569,98.6221605999309,98.6433883252335,98.6223251831262,98.631989833469,98.628115843135,98.6165557412677
130.909258904752,130.902492893325,130.911323012586,130.898792576566,130.877057658417,130.839561012464,130.776306406146,130.67282927429,130.72549392754,130.663701339738,130.67659940975,130.660235781826,130.613428244474,130.541394344641,130.532641375233,130.481995048881,130.465642283413,130.4663240872,130.433586684306,130.442216690525,130.33879970269,130.285699000757,130.260112886185
64.9801324367196,64.9596059163589,64.9651477629064,64.9622183104439,64.9614323268788,64.9162338414536,64.8987253556579,64.9047952796082,64.8900145583268,64.8905363181404,64.884965183489,64.8906090971668,64.87849485633,64.8711971974062,64.8767195408824,64.8787910987485,64.8762975126337,64.8678241324932,64.8749280005845,64.8734049667041,64.8760553922966,64.8733842368528,64.8763761318867
85.6027257481678,85.6153037264506,85.6147798525766,85.6151967898708,85.6230034220623,85.4253545484874,85.3750821545629,85.3754335243487,85.3832166599668,85.3799112041546,85.3685387370456,85.3859151021907,85.3279016576457,85.3096746463633,85.3040757412131,85.3025090427484,85.2921794308337,85.2946902664098,85.2953513455394,85.2727701942263,85.2773051336123,85.2538909772506,85.221465394231
83.1468665619438,83.1451757318725,83.1418600303056,83.1401119441639,83.1327657950532,83.0291342915151,83.0220487887329,83.0171997278931,83.0230587665226,83.0166251024444,83.0238050258382,83.010598605211,83.0083336627068,83.0090599177718,83.0075968880307,83.0102587121005,82.9994156466819,83.0052305548416,83.0081021385404,83.0176086212394,83.0105246940231,83.0256550555739,83.0089581281431
118.228253718586,118.230164990005,118.222514983197,118.229542626587,118.229584999282,118.096531861728,117.970936487726,117.95967071183,117.944539862266,117.963761602617,117.947569158987,117.927667066475,117.915515950699,117.915427171259,117.9071821693,117.911487916582,117.910250260846,117.91081360473,117.917866273359,117.906471542754,117.905413024256,117.880138121619,117.891361651693
29.5515738823186,29.5427601363113,29.5441610346232,29.542279346696,29.5470844059379,29.5453864650971,29.533770452161,29.5337158104811,29.5327117162328,29.5321839972796,29.5302817076895,29.5323123055792,29.525408710805,29.5293154383392,29.5277967287706,29.5241800221201,29.5250277608296,29.5258768066905,29.5259674620534,29.5292226162018,29.5297189373942,29.5257649095131,29.5288281789535
91.7863971021093,91.7843251524007,91.7834589577019,91.7899890345157,91.7790886731463,91.1419335808959,91.325824753846,91.4874475534489,91.5150668237256,91.5965088749098,91.6167152156515,91.6089720961313,91.6352500294166,91.6240141614016,91.6064752866474,91.6238058749844,91.6028681209831,91.6149139649492,91.6205535710103,91.6299037103761,91.6463977978617,91.6461572124829,91.6369503793799
103.797603011873,103.809554817081,103.805958301461,103.809353345923,103.803605469358,103.628508498879,103.586603368149,103.565796765178,103.530977857197,103.529769528252,103.536077536492,103.523954958034,103.511838483588,103.501348897398,103.49685601335,103.494459688111,103.497854248114,103.499475251825,103.504197120544,103.509226919749,103.502820009211,103.506901475716,103.505530320825
107.601287627685,107.610914438586,107.608317281021,107.604607837451,107.604037891007,107.478929175452,107.440098279068,107.412301083642,107.412963673233,107.408449687661,107.38855454507,107.390156024659,107.38616454855,107.382928819716,107.379838857187,107.374318754674,107.365856017616,107.36911191754,107.383690606611,107.376848040123,107.387571075892,107.365914897006,107.391310881312
58.9514266745896,58.9536035817104,58.9493515361734,58.9476893425051,58.9313298164752,58.6665843849568,58.7088944837236,58.746878883255,58.740764295872,58.7151473152978,58.742730251942,58.7320429161893,58.711397676113,58.6818246902488,58.6886619430221,58.6609323647629,58.6619972941083,58.6478904484236,58.6394345617387,58.6487164536935,58.6158346905199,58.5873380960766,58.5791109576322
85.5418989050798,85.5405796935835,85.5415737515967,85.5388101557539,85.521922648603,85.1947494057907,85.125296791891,85.0678904596067,85.0551043340056,85.0255813342746,84.9725728269644,84.9863928690257,84.9462038523769,84.9293201849896,84.9180056995763,84.9168743951356,84.9219268569728,84.9061297771604,84.9028654581711,84.9016997648351,84.897062451711,84.8528625484426,84.8443573510221
88.9200478431082,88.9191424782293,88.9202631150316,88.9145611617455,88.9033905955037,88.6885458024749,88.6084618565878,88.5575201304889,88.5527319714354,88.5514432036669,88.5361840028202,88.537076585707,88.4849559728326,88.47186829409,88.4864883948863,88.4543357022388,88.4634393185046,88.4713717644348,88.4484659754393,88.4506075090333,88.4419076748485,88.414099267763,88.4160708717516
80.1902959015146,80.1836795266413,80.189574372476,80.1830886416889,80.1747034881103,79.9211214286399,79.797022679776,79.792333323361,79.7378950970159,79.7387495467843,79.7173959498826,79.7098356309258,79.6739699974743,79.6412192138897,79.6371005520692,79.6197241315871,79.5909651482231,79.6254488959642,79.6100851748285,79.6058755099968,79.5777697015112,79.5480183614893,79.5670827337625
188.191609509509,188.183081500762,188.183340068192,188.182915840635,188.169670735169,187.919032212158,187.832249773935,187.771157870277,187.761882397064,187.700368733206,187.713194330905,187.75417448147,187.673156741642,187.680720160874,187.665549867048,187.668543826657,187.652265024069,187.659539006809,187.667517761437,187.690097124678,187.67387554729,187.668243680329,187.683453062327
79.9428385451987,79.9369354932119,79.94282545093,79.9420751089436,79.9229403256231,79.676118473426,79.6293455359736,79.5856084052893,79.6487651759552,79.6678775034768,79.6244298545445,79.6103925621403,79.6213085003049,79.6167091550372,79.5963544703639,79.5867953798771,79.5849699266888,79.5802143666884,79.5717000798767,79.5748841060422,79.5655254997787,79.545650249114,79.5602428756901
91.6213960736056,91.6238713515215,91.622181811812,91.6274118984306,91.6183778303251,91.5556113706288,91.5116501187921,91.4918854442327,91.5028634423777,91.4789599374026,91.4875265944784,91.4926036706866,91.4719309619471,91.4732549249834,91.4681792353485,91.4679433505182,91.4680964795394,91.4557208180906,91.4630450515694,91.4644829680394,91.452139511433,91.4568528376095,91.4562136551951
59.6100482820955,59.6118050646559,59.6111829005251,59.6117241192403,59.6276148118867,59.5974402290886,59.5764911365062,59.5697516981233,59.5671288874616,59.5598603840168,59.551536481266,59.5479592545739,59.5446244190037,59.5480083618917,59.5488089329698,59.5482836134588,59.5431340824325,59.5465033152374,59.5428233616141,59.5487955786993,59.5419442672782,59.5465757184407,59.5488015830701
121.947689006111,121.955029594121,121.960843370053,121.956957315803,121.945099160211,121.677533310207,121.575608592119,121.542159671123,121.592118232358,121.482565852718,121.538283240717,121.533293456865,121.492157512825,121.425042171516,121.407335316815,121.413537592621,121.407760623489,121.372069433318,121.399547548037,121.350405562669,121.325745309913,121.29421632616,121.275649805815
70.4837457320477,70.4891709709774,70.4866521503811,70.4835104817723,70.4766211671843,70.2948407651775,70.2400540973752,70.2380573974951,70.2150407350316,70.2022887352264,70.2029306404559,70.1994349338032,70.1742793775334,70.1578964588546,70.146219260272,70.1457015448261,70.1380028771017,70.1454029989145,70.134272654323,70.1187366463929,70.1094811203281,70.1029702813663,70.1091189069869
79.2064021945371,79.1973815316396,79.1977960713778,79.1904622056325,79.1972527715958,78.8571965642573,78.837601690811,78.8908208279199,78.9240871257649,78.898252533499,78.9379976766139,78.9298674981124,78.9004042910216,78.8891004641552,78.8882232172182,78.8659711495571,78.8644791907182,78.8409478432188,78.8539120490032,78.8382051557774,78.8293284790341,78.8203836072688,78.8003575604686
106.676777029444,106.686416795071,106.685807359986,106.686925167744,106.694190805434,106.519540807445,106.475257110614,106.4593300334,106.479376305359,106.424581571864,106.412404270951,106.407469072584,106.383480358958,106.348264551955,106.351146038215,106.329617226742,106.330339695038,106.30733707486,106.334931131986,106.284486607665,106.272159907543,106.27178976386,106.227667608488
57.6566752781117,57.6501858047652,57.6483953368406,57.6424647316762,57.6454423902081,57.4016517375234,57.3542676923271,57.2825799449631,57.2794095114867,57.2369688073284,57.2330172204005,57.237181349021,57.1790305890155,57.1742898676877,57.1587209030436,57.1552685838569,57.1503906251952,57.1480819622452,57.1394097379742,57.1405278867419,57.130493265872,57.1332994035846,57.123552376516
103.626016475301,103.622203811806,103.626846897042,103.622631794841,103.594513768105,103.395837193307,103.287653953802,103.29880659849,103.257033294615,103.285711285584,103.282318748192,103.249526628432,103.286391083576,103.24774656447,103.238761827558,103.241949643019,103.213094077496,103.215266038244,103.217229658519,103.224660167071,103.180430202193,103.169555103583,103.135561004622
134.790827958782,134.79499721072,134.79647017211,134.796770736876,134.783704521735,134.162723387448,134.067863921972,134.097323270676,134.008808176684,134.064321089483,133.96011633812,134.063938485278,133.990337331862,133.929475829492,133.902014324808,133.877672674618,133.885411657393,133.87401970813,133.83903575078,133.800704999695,133.774777171717,133.742351551192,133.718929573069
115.044217437419,115.045147170499,115.039684836406,115.042303522647,115.029202757197,114.908075274352,114.870089296566,114.867494682719,114.831043928076,114.825581269483,114.828917039124,114.825616089017,114.815566969585,114.811299556103,114.797119701343,114.804760298862,114.795893378315,114.810580847597,114.797317894871,114.794023033387,114.804817186162,114.778508246955,114.794488024489
111.554103073247,111.549142792301,111.546817749585,111.545773786126,111.549108765703,111.358250669987,111.354806577566,111.305652279732,111.374303021141,111.374209671514,111.396987856616,111.383855086264,111.357122132558,111.359444880363,111.332651695887,111.338439072665,111.339597142964,111.330403848043,111.314784290977,111.352114576157,111.320637736083,111.293654349019,111.307277394738
56.5091695835206,56.5025646772047,56.5050483876819,56.5049679257725,56.4992355679364,56.2925486395782,56.2452012448756,56.2054317523553,56.1942602570585,56.1836171395248,56.1873732160102,56.1966083496988,56.1631516572051,56.1571390720506,56.136138723633,56.1331593857754,56.1541434870525,56.1346625748785,56.134519343496,56.1333785038275,56.132603170997,56.1290507328689,56.1124234706733
80.0572547237272,80.0584473377114,80.0518311312182,80.0577126486582,80.0172499990726,79.8216406876516,79.7556585183333,79.7264128870787,79.696414834034,79.6806215590543,79.6678017452206,79.6586437901252,79.6170350109474,79.5932359904906,79.6083335897538,79.5816138619974,79.5684027258297,79.5663399172659,79.5608227141625,79.5806813857758,79.5514956187204,79.5445803669731,79.5330022643257
223.720638292807,223.718168142051,223.720644706689,223.713569673663,223.714133659111,223.441354566615,223.427653208322,223.366933155565,223.424040062223,223.412928023575,223.466112231452,223.47558904593,223.435656970869,223.405864279004,223.410782483314,223.402227827055,223.411685785199,223.408543258602,223.427421613187,223.40161295337,223.432041632152,223.382869542506,223.421049421325
83.9036153473698,83.8954812851015,83.8997105495376,83.891978549713,83.8690195335482,83.7181640790543,83.6843943153893,83.6199359400224,83.5841347054998,83.5639508235717,83.5677303946234,83.5414069493255,83.5062792638211,83.5007578860606,83.4715023443521,83.4676180177512,83.4731978379617,83.4683744454756,83.4742855665911,83.458825017997,83.4473672845123,83.4359755639367,83.4240704850733
54.646552745555,54.6454771067486,54.6412794694137,54.6456077450942,54.6438287941651,54.527353120784,54.4111551950227,54.3893117665806,54.3422701273455,54.3429186350676,54.3226712586119,54.3129326302759,54.2358533442472,54.1921421010806,54.2091027759173,54.1820594391565,54.1721277312947,54.1665260815409,54.1780601762838,54.154918721483,54.1462420008881,54.1299097543049,54.121381331272
107.625387755762,107.619323868009,107.62323554203,107.624261864173,107.614638367278,107.357772892591,107.295915690653,107.312104125838,107.251777900647,107.251750054579,107.228590764292,107.233671557261,107.190833364128,107.172157395013,107.192385223136,107.154113866518,107.144162398699,107.152855878034,107.149433215018,107.149054917739,107.106608493529,107.103503300048,107.078661853491
47.2542265654474,47.2546724793744,47.2527044714564,47.2531784993588,47.2563383826511,47.1992426349964,47.1788157834698,47.1526112933625,47.1512242773353,47.1377130472287,47.1317209166449,47.1314664950735,47.1205128889674,47.1076368881082,47.0984186354282,47.0974186666121,47.0896738305635,47.0944780040222,47.0970780866743,47.0850468246383,47.0936235406001,47.0856698693524,47.0844299195976
117.183899939148,117.188445399003,117.188186351864,117.193842142322,117.163780630719,117.073616381212,116.986387025995,116.959016689073,116.971332722623,116.942223646486,116.974752668864,116.936014345115,116.956568767423,116.962436154054,116.948670091104,116.970367385334,116.944409932376,116.93736324809,116.933635666553,116.941062578028,116.959225204775,116.955544930806,116.953682652657
188.851437624603,188.856926964785,188.849883941966,188.854802731689,188.824000933081,188.639933505034,188.620605557098,188.565184643136,188.584128257816,188.594978465662,188.497856418713,188.564242744583,188.547792893379,188.54360312038,188.56359900279,188.569422575957,188.571872010242,188.560302356986,188.57083556175,188.570097167005,188.57186096095,188.564453905129,188.548905654718
48.1689044981606,48.1596735701216,48.1600159313024,48.1629245542869,48.1608520866044,48.1414689208026,48.133338000163,48.1349315742503,48.1264647650833,48.1228272500279,48.1239314954743,48.1236568601676,48.1271443111877,48.1259455656659,48.1226109999794,48.1169930952286,48.1161336223033,48.1232180176215,48.1244178181006,48.1257645155044,48.1160765461408,48.1165299092007,48.1185998398165
52.8155099422236,52.8049029617801,52.8061349924468,52.8000279960986,52.799437816927,52.7230056917814,52.654769217353,52.6567871111792,52.6311948425964,52.6162973870648,52.6225240534882,52.6061612126515,52.5865685314447,52.5732778548614,52.564960900991,52.5691612057239,52.5641524904841,52.5600581773554,52.5504428587431,52.5505164933776,52.5481418220791,52.5423559162554,52.5430383742885
22.3034410836276,22.3095640688161,22.3091752261572,22.3075839077464,22.2988446824765,22.306109749586,22.2856407823615,22.2796532304166,22.286477137245,22.2846449751595,22.2880887839586,22.2798448053028,22.2796171231414,22.2771179084906,22.2742787396756,22.2697361399737,22.2741100759361,22.2742316177351,22.278182707847,22.2787519815579,22.273107716026,22.2759762454452,22.271233213925
92.038845206617,92.0398894385362,92.0431348254018,92.0347584539234,92.0115248003646,91.7932099550249,91.7186437758194,91.6735974993129,91.6523344824591,91.6435952630565,91.6309740353492,91.6052717698424,91.572266669737,91.5656198876764,91.5761135689665,91.5604331842952,91.5560629900186,91.5423668493288,91.5628103801427,91.557457755718,91.5661029891668,91.5158017116568,91.5335935971711
69.0660021907227,69.0561778188432,69.0507405987642,69.0479264001594,69.0197645341405,68.8425723525569,68.7855935634755,68.7273122509484,68.6862924189992,68.6745088826614,68.6574319458917,68.6444448852814,68.6106753930628,68.59588921434,68.5754332804434,68.568303380676,68.5791392017938,68.5590032322761,68.5675679240115,68.5411141586526,68.4905406396573,68.4866789783388,68.4654632101086
35.7058947484501,35.6950571424445,35.6971255623574,35.6939675808398,35.6945148124275,35.6646922533399,35.6551626282284,35.6558035577442,35.6540362671908,35.6492759580572,35.6462228376566,35.6494755512503,35.637482628755,35.6346828039717,35.6328715990381,35.6297793075217,35.622566290825,35.6354856845292,35.6346774380263,35.6301493816119,35.6211848624208,35.6266603511414,35.6214600748201
55.3557454793019,55.348976492094,55.348710529317,55.3441266096649,55.3430291449608,55.2545203294057,55.2214614996098,55.195462175642,55.1997989352003,55.1947061095767,55.196370302365,55.195073029018,55.1813072077201,55.1655314075647,55.1697248757885,55.1645834357527,55.1742578854972,55.1699673703735,55.165516059188,55.1713884503445,55.1625118960026,55.1648559388448,55.1616194320272
78.4034671650477,78.396411056569,78.3996272809341,78.4014443278543,78.3814135414264,78.1843894010239,78.0338257077856,78.0253274765973,78.0061894682638,77.96888326967,77.9586197546882,77.963801889071,77.8988047245104,77.8922945338238,77.8420542211043,77.841340534777,77.8339837547658,77.8178703495535,77.8051047756222,77.7982266019155,77.7758104504667,77.7544398338762,77.7346548426206
36.8166540842357,36.8127113465835,36.8164010808322,36.8120224600454,36.8095466818117,36.7788998250593,36.7719589063715,36.771406631557,36.7658619903303,36.7576270680684,36.7511232332198,36.7587082708378,36.7592947635573,36.7577156143662,36.7523021263676,36.7520915690574,36.7505402209359,36.7558311717576,36.7532654797453,36.76115547619,36.7561810876397,36.7498066526164,36.7505460354196
21.8790778348608,21.8796932585969,21.8781616240263,21.8792890745614,21.8716702004039,21.8728488987014,21.865454484858,21.8725271646994,21.8704934147382,21.8706023154696,21.8714355377649,21.8703462507667,21.8746727642351,21.8734881248966,21.8708627097159,21.8697654416794,21.8727578309255,21.8681947963129,21.8663787763204,21.8707114822329,21.8697547225131,21.8701818089191,21.8675802464236
73.6604223064096,73.6568255952559,73.6574600413479,73.6518845479189,73.6460941577762,73.253942697798,73.2275183969177,73.123134137388,73.1189398649626,73.0583997365259,73.0258595016212,73.048188576038,72.9982982549413,73.0186025130644,72.9821037886147,72.9967619399705,72.9872997013036,72.9778760049539,72.9966326571915,72.9896878723352,72.9755892702579,72.9777795124733,72.9725387735635
65.9240966262191,65.9252635599122,65.9218751388654,65.9243215922381,65.918110168889,65.7986559150495,65.7349172388584,65.6989630027071,65.6825633489206,65.6809397318107,65.6677609909906,65.6659032096502,65.6476992784783,65.6425423258341,65.6197155554313,65.6086173304702,65.6140574061845,65.6241852985073,65.6166767367179,65.6090280111485,65.6126862279432,65.6027297901201,65.5940285905468
56.1534590548194,56.1565572465479,56.1551033113652,56.1581500900077,56.1431582827596,55.9449785894857,55.9151430112163,55.9202517487735,55.8933196468934,55.886709667711,55.9279966920112,55.8984174697386,55.8907829939125,55.8861683865249,55.8881489916111,55.8753744272092,55.8888036358216,55.8781636200847,55.876888668761,55.8723076112606,55.8524852953671,55.8494211811221,55.8262877570605
170.748109452145,170.74412020296,170.741579061015,170.741169595487,170.673898463177,170.282279391458,170.290535709521,170.158179502575,170.226252009991,170.239342415648,170.165985946158,170.292633699615,170.214011972878,170.20252424583,170.191308848526,170.188187004359,170.191362574936,170.218052840719,170.208401598645,170.195801007136,170.195925537405,170.1958965686,170.194112183407
49.8091218155507,49.8172873510678,49.8232419771329,49.8214653734074,49.8323660644249,49.7836298737619,49.7751984916869,49.7636093582293,49.7679955635336,49.7666431130137,49.771283292195,49.7714018032712,49.7650613694419,49.7597550558196,49.7677728135903,49.7660031876545,49.7668482719408,49.76791288039,49.7738809005854,49.7734321644577,49.767605034639,49.7674403863217,49.7712741539235
58.4882859881471,58.4840196407183,58.4853758941197,58.4807108236817,58.4722297384798,58.4117366372146,58.3826837473357,58.367275253812,58.3448858655646,58.3330934973398,58.3250111356399,58.320652633376,58.2982961022854,58.2912171868081,58.2830218775811,58.2826103428916,58.2894261622197,58.2890179383921,58.2816585639636,58.2865161083075,58.2881771218153,58.276077498945,58.2845586771352
94.494018142935,94.4988643816882,94.49548057191,94.4982039068655,94.502264200584,94.4359390052995,94.3826058536568,94.3962597939658,94.4158651766212,94.3991726326898,94.4206239012562,94.4015503101327,94.4029768594073,94.4005992238375,94.3958471093397,94.3948743222604,94.3892441176151,94.3766733982395,94.3951649915259,94.3812161681707,94.3670662125116,94.3858300694213,94.3871802930586
63.9680752576155,63.960673539264,63.9615272422224,63.9637793038251,63.9456445768998,63.9059570879297,63.8935671772913,63.8659593088652,63.8795632805297,63.8756348864136,63.8532270835037,63.8354868444514,63.8476248754869,63.8226254192119,63.8139335549972,63.8236086934123,63.8165577316582,63.8277619418201,63.8280751150326,63.8296879528769,63.8196831087544,63.8069874751607,63.8083376978256
62.6495728830723,62.6477865582365,62.6417074839378,62.6448419392634,62.6110619575038,62.4637736278649,62.3508717631533,62.3468250141067,62.3378231756232,62.325556398214,62.3185114458155,62.2965945294794,62.2725653350931,62.2441796797929,62.2315107299646,62.2427834159665,62.2266900469768,62.2207379413294,62.2220232975796,62.2036044701427,62.1839031673154,62.1679293648837,62.1610692986768
44.171296467069,44.1639809019937,44.1515176662638,44.1674289653677,44.1513194916497,44.0934761686254,44.0663091407843,44.0526330340387,44.0412631927851,44.0234049993568,44.03010932118,44.0065612429786,44.013212400935,44.0040912027857,43.9971885007275,43.9890786668641,43.9886598180987,43.9975375767517,43.9940971761885,43.9906646175051,43.9871778779796,43.9837048320072,43.9817029275865
125.069004784705,125.062256526538,125.068858617677,125.068357962338,125.049986719936,124.901687869002,124.876097489973,124.885312289206,124.882193681942,124.88010295679,124.875419236374,124.881283555262,124.88360513775,124.878317986295,124.883171878477,124.874426840224,124.860867615642,124.873182643128,124.86240994342,124.86769385744,124.858977960651,124.852513105701,124.86741870803
56.4421142505559,56.4361722422679,56.4359491548103,56.4296998160265,56.4342064944343,56.3110621235698,56.2531485061294,56.2299247996324,56.2109040631578,56.1967972970205,56.1769824183501,56.1619318597455,56.1357397548811,56.1282721509598,56.1174764714008,56.1142406298625,56.1063813705052,56.106288940415,56.0901263049439,56.0831768358592,56.0741937210373,56.0794826768191,56.0741685221158
145.226204979051,145.237037233801,145.236624054976,145.257168737898,145.221618365716,145.046800546725,145.292250974097,145.361201574573,145.512529712483,145.688724672032,145.563684464542,145.585241036802,145.66101010538,145.703139290384,145.689900583967,145.670646099074,145.709041294919,145.676415064256,145.685740204138,145.700800419061,145.669727391161,145.67158496705,145.665443151903
201.106019525481,201.103341229802,201.091804047423,201.106438963005,201.115195534925,200.795771059265,200.814863636755,200.799538577601,200.71092414781,200.772931549427,200.757594663356,200.656764838742,200.687756462062,200.629136663674,200.579799316285,200.565990276395,200.486243964841,200.499192687519,200.47655022741,200.496891074673,200.397898030115,200.363217483197,200.308812645672
91.1783441743136,91.1805885335484,91.1787264004274,91.1829144287809,91.1958507425643,91.0361939184926,91.0115119624705,90.9325774803829,90.8886376230809,90.8876848649395,90.892095172102,90.8655750309116,90.8313979976096,90.8102255810637,90.8263838044986,90.822450340976,90.8121168883912,90.7984983137775,90.8208371855644,90.8058273427684,90.7948132372337,90.8094242227329,90.819899821281
60.1166155034139,60.1058024694922,60.1066119321743,60.1113054269025,60.1090654481958,59.8320249762103,59.7173806207316,59.7270398806937,59.6989356547286,59.6889137943572,59.6833194052453,59.6717977118759,59.6572298786146,59.6609262129869,59.6410035116167,59.6468087254792,59.6365659196437,59.6282850733301,59.6388226031845,59.6381143045909,59.6315216245653,59.6120214976499,59.6105243258799
43.571357291195,43.570496498801,43.5766107519905,43.57170621287,43.5625393074394,43.4820488742743,43.4581680935752,43.4387077304032,43.4246529571469,43.4117889983352,43.4130985672283,43.3933142034493,43.3788816672538,43.3720161945886,43.3760734185693,43.3666263190487,43.3612744320894,43.3615347039145,43.355023027507,43.3539491934334,43.3373118436632,43.3306472040984,43.3276728143486
62.1588919163589,62.1584363229753,62.1604743939776,62.1585307266445,62.1485444521697,62.0569415596701,62.008259398852,62.0220731574722,62.002634917272,62.0060198686981,61.9866983144594,61.9955252212858,61.9813094252788,61.9601475751435,61.9512837768254,61.9477079233761,61.9465899648456,61.9464916483618,61.9542755347686,61.9476731199393,61.9313826926008,61.9304639557611,61.9207558402414
90.8091000447879,90.8123197972176,90.8098365425882,90.8013975145305,90.8051839133622,90.7688756442319,90.6765988756789,90.6831300897445,90.6943896805713,90.6800632164254,90.7106568444621,90.6996185726323,90.6728008822368,90.6794433784557,90.6655321840764,90.6658218376675,90.6793530219269,90.6857918547884,90.6806560207637,90.6740954474406,90.6687049046402,90.682524756074,90.6922347446423
68.847050654236,68.8443024542407,68.8484668612421,68.8466357586017,68.83315532069,68.6924194575836,68.6762953532726,68.6585422782773,68.644628406257,68.6505453951691,68.6282617531226,68.6289946546657,68.6318117248858,68.620920620896,68.6273757388503,68.6199765778353,68.6224520775185,68.6259337219743,68.6180637611558,68.6233021944649,68.6201652420691,68.631868951298,68.6284462596533
68.7918102510872,68.7895247218647,68.7931560202618,68.7901291909795,68.7915185009187,68.6067468013886,68.5692848139071,68.5735009145624,68.5328076832878,68.5649650125471,68.5643680889743,68.5689539843702,68.5573301203233,68.5582053388561,68.5399127419104,68.5387578584095,68.5453502607903,68.523717718008,68.5435572314504,68.5467717522019,68.5131723338729,68.4971837509871,68.5053722979306
59.1459943162983,59.1317560684846,59.1378234205697,59.1342894114349,59.1206004562384,58.9800352127648,58.9181810259161,58.8914232413504,58.8670325675291,58.8825355746632,58.8697103674518,58.8615259910898,58.8501981790581,58.8494465026119,58.8468702087431,58.8296425603092,58.8339021142308,58.8316886007485,58.8440402276703,58.8305071467736,58.8310611849854,58.8206191622311,58.8222626873326
59.0247012926419,59.0325127573603,59.0298012732983,59.031118315272,59.0162267158903,58.8281154068876,58.7700307571334,58.7695145967771,58.775405692314,58.7345596982881,58.7554712190891,58.7351254983611,58.7360169828458,58.7190912595086,58.7090535339414,58.712714176046,58.7030630779567,58.7103923487206,58.7060823623017,58.6906574045596,58.6789023286033,58.6838501503336,58.676184214024
123.211301030977,123.217029547496,123.20161781975,123.223726645564,123.129282740177,122.581625869418,122.618821935526,122.668062296809,122.663801932752,122.639038216341,122.717325804357,122.632143998616,122.682323837924,122.629690580395,122.609509212078,122.602657861101,122.580320909133,122.556825149944,122.572700162915,122.578650397066,122.519234948417,122.456933719974,122.439926415029
81.1219106588633,81.1171376120205,81.1256977881103,81.1227792993918,81.103394932328,81.0396551336294,80.9640776389068,80.93576877998,80.9330934899215,80.9288001510442,80.9313462771766,80.9198229938718,80.9179896888477,80.9162444560254,80.9133472013029,80.9151593535331,80.9089068719972,80.9164994788526,80.9138975698571,80.920527248884,80.914496323929,80.9321397643836,80.9243212699916
88.0185547914311,88.0137517315986,88.0139387150489,88.0201332645575,88.0175556996481,87.9179611682774,87.8610327726623,87.8522648910639,87.8497875693655,87.8422978656037,87.8218181617421,87.8171507352264,87.8152005021244,87.7923247397254,87.7865537419099,87.7974402220789,87.7955146426088,87.7952597637628,87.7858987127131,87.7993636902207,87.7833393283046,87.7806164132516,87.7799805267159
44.076152435347,44.0803153329791,44.0752293087739,44.0786963880361,44.05816572022,43.9102233726226,43.8684718809261,43.8285657823264,43.8151549673914,43.7903253997513,43.7807298230978,43.7747143802177,43.7348555629112,43.7274910036312,43.7191815604429,43.7006097199241,43.7090652204397,43.6933642716953,43.6958164382431,43.6928826724567,43.6831306951813,43.6757917616987,43.6709918778053
69.3712912251879,69.3641516515173,69.3680869890483,69.3722584968547,69.352032788699,69.2227840833496,69.0796668874579,69.0662923160469,69.0262054661749,69.0190966843696,68.9982859514514,69.0043333797381,68.9877046013129,68.9617939638096,68.9785368352307,68.9681639090058,68.9619140237945,68.9716990068694,68.9672226965627,68.9694434806687,68.9668037977171,68.9614100314857,68.9653167438502
147.831798615078,147.828101530516,147.827052696522,147.828531996356,147.843020262291,147.711518682877,147.656059630868,147.660337612738,147.654744510249,147.647127846776,147.661822852348,147.647434634815,147.639425058199,147.632980691459,147.647308300464,147.628182531746,147.627412335482,147.632374076692,147.619941206373,147.628946483608,147.629432518389,147.632994080674,147.622092469225
93.359708823315,93.3575305719718,93.3584518511365,93.3520898996977,93.3637410872161,93.1928690986811,93.1076854073948,93.0635054581626,93.0533895140827,93.045182987556,93.0479575994468,93.071380641413,93.0425702254528,93.0440747929843,93.0481929517346,93.0534806283242,93.0297640844598,93.0402389775448,93.054086349114,93.0466156876461,93.0420765627339,93.0489774356224,93.0563151071842
36.2422555097239,36.2542227094165,36.2477095614428,36.2547784764403,36.2480739099635,36.2412306065566,36.2196665553028,36.2166328599364,36.2142813794657,36.2287909458288,36.2132731836594,36.2241883315832,36.2191224243149,36.2157027179622,36.2111351764821,36.2118628302698,36.2132537594494,36.2162124324574,36.2184396945266,36.2183131346216,36.2163849324008,36.2155707934781,36.220623318759
90.455446109511,90.4589340270355,90.4589739395208,90.4531840135035,90.4332682756932,90.3190447379941,90.2852526786987,90.2462782775629,90.2329421445973,90.2428259794538,90.2407754618451,90.2345757830172,90.2199410751501,90.2077911776538,90.1906066599552,90.2038432824539,90.1936433514072,90.1899941002811,90.1932675316268,90.1746250933553,90.1805483838214,90.1639263023769,90.1691533889888
64.3924599814031,64.39427521969,64.3895885228905,64.3954223944198,64.3947599436549,64.1515056495256,64.0371254342783,63.9893664280173,63.9465928555503,63.9355991339335,63.9244049050147,63.9267058007917,63.8920296272288,63.8867568241557,63.8740891316316,63.8710239221256,63.8582027307743,63.8589230699306,63.8654806402459,63.8689877301337,63.8462887357797,63.8531593174355,63.8397144732832
74.1503758023253,74.1476070220602,74.1500331005367,74.1528469350423,74.1436509505101,73.9726538495836,73.933591355312,73.9596491293328,73.9486053903989,73.9689594671235,73.9552757694521,73.9779122161081,73.964769852495,73.9659476863856,73.9812305768146,73.9543580759372,73.9546103893436,73.9578404990404,73.9537352781582,73.9607277350232,73.9459243746297,73.961177772451,73.9513071327992
159.311381950434,159.314674964143,159.316499034711,159.304571815652,159.288822524177,159.089557372182,159.062366691623,159.072237577291,159.052715644868,159.083679796387,159.075499556632,159.074939543958,159.040931184792,159.041835818033,159.009341876353,159.018976901528,159.011326587771,159.018698544283,159.006082104605,159.008808349484,158.977492001107,158.967884116679,158.925888159164
50.7790655222618,50.7836250769953,50.7806055219686,50.7809843206267,50.7732606080808,50.5298498071819,50.4673947850564,50.4548860990775,50.433237418938,50.4254080533298,50.4167936037402,50.4141810885846,50.3980481545358,50.3765589869245,50.3895601182556,50.368082542615,50.3795178695345,50.3726234491,50.3717662362562,50.3762325238704,50.3794651357326,50.3682794466712,50.3605736357186
96.9089013400403,96.8955463880046,96.9037921247217,96.9031563644454,96.8419652793807,96.7736252215335,96.7136576907509,96.7314788964407,96.7162743471449,96.7069121227719,96.6845139515511,96.6859586320559,96.6901956573432,96.6611397593618,96.6630697211205,96.6392363516947,96.6537315987685,96.6185545826618,96.6327415030895,96.6407207071704,96.6345875786377,96.6265636009544,96.6133741516869
36.1023722918057,36.1052432922486,36.1010312080188,36.0935948020226,36.106546560438,36.0717833819766,36.0521417637728,36.0449380884508,36.045313730916,36.0371552331191,36.0418654491832,36.0392115986081,36.0393739172611,36.0340173932007,36.0317513781415,36.0305357523767,36.0312351380313,36.0403745959574,36.0330052484465,36.0359990683421,36.0317492323209,36.0223216614349,36.030877473372
144.376866762983,144.375498894438,144.377069711969,144.369977998061,144.334160657744,143.885522680486,143.806279414519,144.093600138999,144.055233579832,144.063355929318,144.100025652265,144.155616706164,144.119647367828,144.148603749996,144.137014398794,144.141030880784,144.119530199706,144.119374949786,144.129125904761,144.114787155127,144.099560984231,144.112203425389,144.090001909313
109.84848073675,109.854279583927,109.852956232117,109.853690643922,109.832636411871,109.715088160726,109.613339450196,109.575497085201,109.549447099995,109.587807472848,109.555882498194,109.541130315776,109.514183606213,109.50147211082,109.490369217209,109.470901312361,109.461813776034,109.489221617087,109.459691104267,109.445435710375,109.430904528361,109.403896715209,109.421153452965
113.323060584342,113.326407693508,113.319894246317,113.316919836877,113.296471148012,112.813221875521,112.803891439066,112.815649338939,112.842599209767,112.877919438608,112.866808329281,112.913740404135,112.880167703328,112.839174779627,112.810262499637,112.808794014259,112.782952757252,112.762891057173,112.776511503142,112.746808262856,112.750831654106,112.701188187382,112.656996618163
78.4700407513778,78.4694635472637,78.470669494004,78.4676805522517,78.4273130865129,78.3718483746093,78.3335186704357,78.313623214228,78.2772779024828,78.263935279014,78.2603700553809,78.262829365342,78.2350681556977,78.2136420445393,78.2196238467434,78.2113108295229,78.2098491564961,78.2011787554348,78.2064876960619,78.1989784729483,78.1900121273518,78.1987411165918,78.1815384259649
