"V1","V2","V3","V4","V5","V6","V7","V8","V9","V10","V11","V12","V13","V14","V15","V16","V17","V18","V19","V20","V21","V22","V23"
71.127193208971,70.9949024415913,70.8707426696428,67.2075760837755,68.9580520682839,69.5318361790124,69.9846169134297,70.2056988290523,70.5138747724703,70.4845250452492,70.5912214043709,70.7864258799479,70.8465210917777,70.9053682541808,70.8944304269886,70.9070918014881,70.8974758345048,70.8679986957545,70.8875627734672,70.8995655345258,70.9032394111549,70.8762539797119,70.8858968993138
98.1284774832816,98.1268243095749,100.436928329954,101.103833003754,100.925244922316,100.05889417926,99.1794855719584,98.5661263001847,98.4140175319827,98.3673732987288,98.210601884538,98.2502312814294,97.9782875873825,97.9625811989736,97.9795788005617,97.9715749390765,97.9540764435116,97.9768601322451,97.9795768951739,97.9724507183371,97.9604018313428,97.9746537694414,97.9719334113534
54.0291917000043,54.1523261943767,55.4568644666556,56.8071196088697,56.299905160379,55.0350059081603,54.5136002596834,54.1303072878664,53.947762559624,53.9103322121883,53.6361013029477,53.5872081681498,53.4422674207776,53.4170959106656,53.4300240945406,53.4427059744196,53.4101948466559,53.4231996617802,53.4445189497038,53.4223590858759,53.4134120699822,53.411600398272,53.4130072843553
62.9425428698921,62.9167998343455,61.7299100821742,61.5300677157778,60.5108475007859,60.8008612430855,61.6206758256888,62.1545692758758,61.9675962159979,62.1280509709355,61.9238746692542,62.1655131629733,62.2646445331747,62.2078766252566,62.2316060480599,62.2570961555741,62.2467511133393,62.2247047946324,62.2543164768107,62.2410517896079,62.2343759258597,62.2489123966959,62.2418455564841
105.188123440034,105.207846500852,106.423965468273,106.370583944831,105.377253085293,105.379681036047,105.309445153048,104.951933449613,104.975546965635,105.144646261848,105.037020779255,105.139338315806,105.057725396886,105.087568017868,105.050100823779,105.05009860489,105.058409579132,105.071815492956,105.065684974282,105.022259975075,105.051611429021,105.044234037612,105.038763296143
94.7764407095973,94.795002284365,94.5095704781451,95.1693940867554,94.067584080086,93.8856755923834,93.9483064947012,94.0245107116908,94.0399221205386,94.1759579970041,94.1687491452045,94.1425338661503,94.1538995487346,94.1853376771072,94.1902715377705,94.1643971011637,94.1698509443427,94.1936660020738,94.1932110028498,94.1898837181494,94.1586918737526,94.1872802073332,94.1739744450929
175.941340957482,175.838333740142,176.994624355703,170.892396149934,172.208777237026,173.927193716446,174.30794814602,174.59790821675,175.032294205764,175.129550130527,175.206044372703,175.485685904812,175.450179073565,175.45315508939,175.479637994517,175.46285229828,175.464455223622,175.474855874596,175.454128235713,175.441511279966,175.467560856874,175.453631097408,175.436205565317
106.797226070552,106.611378267178,102.948744804654,102.635702484692,102.862054032407,104.09787922358,104.842049180223,105.34844387903,105.601441892962,105.925224506766,105.971940933878,106.24222631964,106.319787111213,106.286113598582,106.307172608217,106.313858808362,106.279342974231,106.307941205102,106.305567626091,106.310764706456,106.317791936767,106.303597529197,106.305253406741
126.240626894461,126.300384947974,124.141733595852,128.820231232525,125.614120740478,125.765716025896,125.427811253576,126.335958106182,125.816474715251,125.964552659393,125.873752586614,126.019019739574,126.002821080676,125.996516901551,125.999174839991,126.026065566955,126.010977100232,126.016201299742,126.040255632758,126.022876313314,126.023613483239,126.018921800903,126.049116931837
103.425501003567,103.413276876588,101.718396958669,104.294043130174,103.950116480504,103.555100739423,103.462229283775,103.259483516209,103.268932738232,103.3626607536,103.313847116634,103.247171651066,103.241392960483,103.268558722003,103.2779627623,103.249972962358,103.310800841377,103.225644822808,103.257561676684,103.26092035264,103.254712979384,103.262280113422,103.261187732763
30.7631470698145,31.3563353204609,31.3458505328006,31.475139496066,30.0592686006857,29.6951361932755,29.6586114845766,29.5446133187526,29.6806175010009,29.7082128784682,29.6727161587623,29.6892647134508,29.8147032443388,29.7859121255373,29.7944943293002,29.7749135620079,29.7764679263803,29.7817001243377,29.7903940400525,29.7879244382729,29.7565599596711,29.7689443003856,29.7500682240278
78.7691870281933,78.48439953073,75.1270963113566,73.2908590543951,72.3136913299463,73.9011185608673,75.6793345489787,76.8782694549936,77.3941537801904,77.8794725579004,78.262949055723,78.303180276583,78.7928950052171,78.7791476263166,78.8230853259067,78.8354645708282,78.8087111445639,78.8351572084776,78.843458490071,78.8138296151417,78.8428956111711,78.8357818431652,78.8306999521151
92.6349222569034,92.546778883848,91.1756984633919,90.3896137994046,90.2574270429939,91.3379449406629,91.5559361168276,91.8710062197527,91.9685123983595,91.9688423228087,92.1612913197517,92.1913440175806,92.2446395560206,92.2585413960951,92.2178169832257,92.2437686726098,92.2060742436813,92.2063046921709,92.2205006177804,92.2059627326898,92.2156857682203,92.2050420101184,92.2123148866132
150.724917528457,150.653430579828,149.331046069131,148.414410224856,146.993165276417,148.121894454013,148.560618580264,149.237794089242,149.705005155815,149.894005216063,150.274350328123,150.234180619971,150.381257357173,150.398656643095,150.422222723673,150.401183377809,150.42573816615,150.411921356839,150.394203932151,150.375376703859,150.398238131294,150.404432149677,150.414368405867
84.8406208283996,84.6592863355024,85.3558232592575,83.5989781188405,83.9657171270533,84.3500625442024,84.329709458567,84.3459606790237,84.5676660008356,84.7233172439615,84.7027991059917,84.7042968535306,84.6493320102062,84.6794871455007,84.6705690501673,84.6719299468733,84.6746590885807,84.666444779374,84.6682561226046,84.6859112730441,84.6684074170814,84.6738420083414,84.6698554394413
78.4664871991571,78.6005965566469,77.6964147289754,75.2988727456417,75.4636440608366,76.7649724616499,77.1010284830189,77.6073000420218,78.0072388235744,78.1798863567999,78.3869080106824,78.4682192316691,78.5810836223541,78.6127433060855,78.6330288059036,78.6256733450041,78.640878773363,78.6160357645238,78.6249042633526,78.6214089673535,78.6497269647862,78.6377617558214,78.6275282991226
77.5097436936194,77.6261321581493,78.2969149073514,78.9737444990289,79.114221922275,78.5813371898465,78.0643704535034,77.8460124800803,77.6618811923096,77.3947615689505,77.2701820704407,77.3308980459239,77.2382077945682,77.2130470182072,77.1817153257156,77.1866588822519,77.183009890689,77.2010531042632,77.1875685367938,77.2310553482032,77.209936642564,77.1720545818684,77.1994840928837
144.147563788758,144.421056148337,143.78887224069,145.466196210023,144.468808560624,144.433350676407,144.240715335978,144.047242605812,143.954519661162,144.015712837563,143.995612405123,143.984320376166,143.912594130265,143.893219645427,143.88171172431,143.885689705203,143.888603003664,143.883037248677,143.919959002152,143.913852860588,143.905317285728,143.900354231491,143.911449344581
27.760547533333,27.7517283820152,28.0798755882588,27.5072263058165,27.6973211190437,27.461623659055,27.5246300659124,27.4795876701892,27.5156196365766,27.5394737697742,27.5224216273519,27.527456200832,27.5694142368035,27.5715381567353,27.5607472328771,27.5541096450373,27.549778537725,27.5636047417536,27.5590654236352,27.5526115654234,27.5527803654368,27.5569383255486,27.5503192893292
105.286058466404,105.288651641053,106.842547249168,106.804572023799,105.383656291524,105.212043804073,104.525602526333,105.012718371272,105.647415002871,105.494212503228,105.343324725795,105.36660769396,105.465290798561,105.507428588328,105.520160241864,105.538485112614,105.534736881099,105.539204453419,105.539903665583,105.552668155862,105.549041777009,105.543724020725,105.558830316965
114.426379323433,114.440760534672,113.871742238945,112.000562028285,112.568936014588,112.963668783144,113.393644941481,113.690808350873,113.932461447414,114.105588218389,114.113625138615,114.198273837685,114.297443593939,114.310230522114,114.295233490322,114.312533519938,114.317494532117,114.295363167158,114.316817502713,114.310654587538,114.32179192765,114.322621848572,114.300543623226
91.0929286671971,91.1112116750644,91.7111901067297,93.6800925072662,93.4232546763953,92.3302202845788,91.9766464007194,91.4738432231248,91.7319397843218,91.3205799671279,91.1223817043492,91.2097357216949,91.119841151997,91.0935949599454,91.0820580331051,91.1089261482903,91.1217676970589,91.0793001182429,91.1194332698522,91.1005716828045,91.1055463573664,91.1067595092152,91.082223185153
77.5229932030778,77.5369945204189,75.1358382268139,74.7847210035473,74.9435534925101,75.5127099376043,75.9978284540895,76.4421387088867,76.7310623781815,76.8234773428306,76.9864988238481,77.0509340859105,77.2304690264259,77.2406292448484,77.2405017838662,77.2280067637799,77.2295990444987,77.2456298911641,77.2380942908072,77.2419879231699,77.2494606275585,77.2525993244209,77.2521610264274
92.8573895179765,93.2237795346808,91.8450850682148,92.9084021883275,91.9393611117848,92.0574476283045,92.2744791126897,92.2941565908107,92.4828342482973,92.4337597449721,92.5411451922282,92.55414426155,92.578621353302,92.584772189605,92.6035912898811,92.5765241361566,92.5872362159285,92.5668910913444,92.5832031603329,92.5829991777297,92.5910908041467,92.5907074810718,92.5749943231023
80.6264644344949,80.43621811477,80.6621167377321,80.1491271546885,80.5974175941076,80.5900113382966,80.6321675678232,80.3567805563144,80.271882407565,80.2541692675414,80.2041034989704,80.1539174082848,80.146471282408,80.1559126001869,80.1253524385749,80.1295161887559,80.1295218199196,80.1482555263709,80.1539657429777,80.1244271536255,80.1157688202068,80.0985694142967,80.1031058163153
89.6822215845223,89.5171102693745,86.6746887828249,86.474408618613,86.9337831046136,87.3830821104765,87.7735535536383,88.2716988529424,88.464574871161,88.6668102638405,88.7894158006276,88.7786524595584,88.9578987883969,88.99162277789,88.9572176057363,88.970337159896,88.9920051000592,88.9620847284222,88.955696418684,88.9501307401603,88.9554771117297,88.9469744232259,88.9560738814147
184.354879765433,184.261809187396,186.366245196205,187.197758644071,186.976198741066,186.092005478553,185.48114985321,184.822455609099,184.258086346747,184.387584547518,184.187672062086,184.192948046742,184.060304092731,184.007905438349,184.012720296325,184.014859683687,184.017471981445,184.013663423032,183.996437979245,184.006585991536,184.011919384973,183.992280851564,184.013829220578
91.9285300134728,92.0743605219331,92.2014132008997,90.3961453568008,90.5061937107773,90.5532797148996,90.96761509338,91.1885315599237,91.4370360854624,91.3872373607048,91.4728917779836,91.4438607491665,91.5153007085368,91.5174270653466,91.5776196876112,91.5727985168094,91.54863783278,91.5574986166517,91.5556094714574,91.5505801615792,91.5690515694341,91.5530641868636,91.5575521043097
80.4688397005619,80.6337465427517,80.6196099818861,79.4664847175664,79.7660441347896,79.7290338888678,80.1147789493528,80.2688131987274,80.3636386175733,80.3519976385961,80.4049107399915,80.4768881280319,80.4880297557134,80.4908434708525,80.4891461565543,80.4961506967361,80.4968637419918,80.5138466303843,80.4881450684634,80.5219961814206,80.5015953311457,80.489057826575,80.5014820681922
28.7650038518425,28.7723674302978,29.0813666375572,30.4162459352706,29.6459839801425,29.2550901805726,28.7226261330816,28.7883187494479,28.6807527911849,28.6425222743156,28.6189276368563,28.5677397756173,28.5562272797545,28.568795526495,28.5506551357821,28.5463819710663,28.5550826372992,28.5625581710366,28.5485327977831,28.5637820321681,28.5561757894212,28.5531745067198,28.5518441992302
147.14641422013,147.288326082806,143.91979059479,139.763551282932,140.567934049153,142.74521218762,144.016529763623,145.500585719577,146.156011031955,146.367101825271,146.716654719671,146.985061545619,147.218620492081,147.285917468577,147.275256329898,147.279154770231,147.286542120829,147.314763690057,147.301826716251,147.300961566982,147.283576011605,147.284365161937,147.29951306905
87.2409143059411,87.2074234318121,84.2965692369911,83.64415054237,84.3349230548606,84.7774304595861,85.5416483130574,86.0101060601313,86.1961342458534,86.5659966825138,86.8024956326621,86.8613227682221,86.9090118556154,86.9498755232158,86.9572188627069,86.944279214976,86.9647190043404,86.9631998256754,86.9371921152913,86.928282366529,86.9448515538309,86.9625928043618,86.9533530167096
50.5085417697713,50.448474697029,51.6195187812985,51.7843089898947,50.875083642713,50.4796373006463,50.2353051572787,50.0119566526669,49.9859303292269,50.0198234130937,49.9286168313865,49.9343917684702,49.8987362629764,49.8701560895142,49.8487871380907,49.851545642758,49.8700636171012,49.8544279062432,49.8520633139292,49.8761250367466,49.8383892067031,49.8583539785357,49.8597102080012
139.590682308838,139.437983915618,135.304866243426,134.308740391699,135.427214731009,136.759662265803,137.349341919429,138.189892777322,138.781968743115,138.7540968234,139.085559503175,139.221427620499,139.297541107856,139.332443598071,139.355930887617,139.347098328027,139.361982123358,139.354461172429,139.357287778282,139.339793795654,139.328104594499,139.342579415307,139.349306431838
69.5312817053381,69.2909548875104,69.0661374721599,70.1954188774535,69.7760824553249,69.412069043446,69.1486035521574,69.2807232546914,69.0649831632091,69.3042580366162,69.1860560211814,69.1052662000856,69.2041325299321,69.2236059650351,69.1820136351733,69.1995664527198,69.2001747145521,69.1984035884943,69.2007108377724,69.192190639891,69.1973857073848,69.2066108727159,69.1914297467168
101.353532692845,101.229703601859,100.129498107185,100.378581052502,98.1101055079504,99.3246601101481,100.21400230933,100.247841443507,100.686989236995,100.90751326937,100.908455413886,100.990014379099,101.091078285257,101.083852384063,101.134887906533,101.116611853232,101.112855630248,101.136670908401,101.110265091128,101.119286614108,101.128956779774,101.124605170083,101.116417763932
141.481306071772,141.49633484579,141.813358185984,141.484997659329,141.826662689236,141.73609182356,141.381038195201,141.160938441655,141.158734231592,141.076282771615,140.89598950047,140.967659881284,140.923228166799,140.904606727697,140.910052859831,140.91944823856,140.908521246155,140.905246834779,140.912900294769,140.910708091723,140.920921234214,140.918932074682,140.929380369028
132.375227943372,132.197406329014,131.605798715087,131.027978127755,130.738417182682,131.272910731054,131.422907592989,131.617688379172,131.848641745739,131.899867386674,131.967432237974,131.97813693063,132.014994766193,132.034113391304,132.05101301733,132.024166125259,132.015392796474,132.027309007882,132.009118832228,132.027012186223,132.019228167308,132.01402248579,132.024027928865
133.230141269342,133.183535510829,132.144127554366,131.563163260012,131.421258011053,131.921395761246,132.285157602589,132.581374636688,132.6717025174,132.850745892294,132.908021173277,133.012270999442,133.08074199372,133.101423780989,133.0889583153,133.101199134387,133.090739803245,133.099043649401,133.105173725334,133.097755567122,133.107734656826,133.109852950589,133.109044229587
60.4145410754141,60.4754169842184,61.3910024245497,61.5677175889105,60.7381142093665,60.4818775069136,60.3571993703242,60.092383379491,60.04979117131,59.9667806943769,59.8995113066175,59.8893622153915,59.852764506356,59.8635685764938,59.8561726125434,59.8562988121285,59.8578930291858,59.861267697405,59.8523311880464,59.8462699819874,59.8624277003033,59.8415002620079,59.855376423928
102.475451361354,102.414002454969,101.759039640134,100.770312748098,100.147064160037,100.643772860446,101.258021538967,101.586035138606,101.83446889842,101.946401745727,102.070294523372,102.142617575599,102.208865130697,102.225373921674,102.238590604891,102.230366352004,102.245262156596,102.236833647305,102.237513060933,102.243851844,102.232811161456,102.23120581067,102.258910800723
158.861223654393,158.789428532377,160.801148418215,163.325660538835,161.842424014381,161.327336919216,160.515476899497,159.649054760911,159.306552346105,159.026179832702,158.984897120035,158.855185936409,158.716730931128,158.68351954775,158.701430972139,158.712258799969,158.682315926169,158.678697182544,158.701811829888,158.698642026742,158.697607200231,158.686065517911,158.693143047296
79.5049555232177,79.4147134439474,78.2733146003839,79.0699278130092,77.1826742647509,78.1443139933894,78.0019995052487,78.5523137004973,78.8673006073882,79.1923113804658,79.237148436468,79.140992630846,79.3773752680817,79.4160754774187,79.4299058146866,79.4055330894001,79.4328305190628,79.4359630012343,79.4226787957939,79.3941600723165,79.4363602176028,79.4525036370501,79.4318432950463
71.5836340118624,71.8518545905301,69.9618997545971,67.8722163713961,71.0388629179576,71.2401298186821,71.0527625385931,71.3666372631904,70.9810013612375,70.9821938845573,71.1740459305368,71.0878718706723,71.2233636091687,71.1617243279227,71.194118309976,71.1868248581264,71.1709597108586,71.1953134639939,71.199230442563,71.1945540843984,71.2016156382564,71.1848524702113,71.187439501704
106.464936555803,106.343232509592,106.369862591073,105.63776672287,105.446696358654,105.648263888694,105.76586073756,105.758030884769,105.95159433671,106.161544705107,106.233116437706,106.223457602872,106.275176065772,106.286167060643,106.270959062793,106.276009922491,106.276966735956,106.285134287737,106.275411541555,106.277598895685,106.282654537625,106.270102875103,106.290693856033
58.8070237577706,58.8803973073128,57.780996272694,52.2882822742462,55.0553057134524,55.7683108847117,56.8904532310976,57.4109673644009,57.9499729874408,58.2227209497273,58.4513875081128,58.4205576277471,58.6294123339769,58.6218403075438,58.6409686509038,58.6506838506043,58.6157011709162,58.6367433122181,58.6625358516352,58.6289733370696,58.6377960555444,58.6396231518777,58.6352452194563
110.983272100094,110.819960813072,110.454163914268,109.05369015899,109.999032931228,110.070629858995,110.402343431559,110.5221073888,110.55934040621,110.730194135332,110.790827099532,110.852637605968,110.956100529118,110.946354453603,110.959841112729,110.949320813529,110.940118329336,110.950669937727,110.9652045119,110.973701775671,110.934406465606,110.941058645607,110.939496356496
176.492616091865,176.52777739372,176.565993087812,176.495078050432,176.534054443103,176.508336271916,176.540452090586,176.379125593047,176.542960469199,176.513337371153,176.530202089887,176.455757269089,176.530420732112,176.503703015926,176.509428385459,176.52872004546,176.511200197736,176.520860032251,176.522049531032,176.532089415435,176.535789117434,176.524322912298,176.518579266153
60.107891075941,59.8255474126318,59.3987761149084,58.2303895920203,58.37404292163,58.8334670331866,59.1255313602441,59.4342792440454,59.3678793860545,59.5553941151391,59.6007891443366,59.5989834887196,59.6791295798196,59.6754167418304,59.684384609125,59.6875047909985,59.6786159298142,59.6823088582305,59.697508479687,59.6773635785727,59.6872091705257,59.6671139386973,59.6708635389904
77.140970461852,77.0596598313912,73.0290994668049,67.6111301469259,68.975884015665,71.6551045485042,72.8393718506796,73.3969803508166,74.9218860400941,75.2402228699534,75.793731504188,75.9196899859221,76.2217932489331,76.3532957238603,76.3487651513374,76.3384617877766,76.3881726166837,76.3497368746511,76.3607088881596,76.341666522885,76.3490919340361,76.3522350013128,76.3793217347446
48.9818435761494,48.8458244269446,48.7217690096071,48.1224782198829,48.3523486175017,48.619850532873,48.4973768992667,48.5051292080479,48.479120704084,48.5527041315411,48.4997497668394,48.568405692929,48.5851322628999,48.5994855032623,48.6001361135466,48.5975086035017,48.5930153381208,48.6045431203756,48.6018728958298,48.5809916872949,48.5961833242214,48.6011535157692,48.6012832026675
63.5302654734004,63.6926888460516,63.7594582555379,62.169130264986,62.0335031702018,61.840080173201,62.0337568787218,61.8801598834749,62.2806285200407,62.5368984298824,62.5124955581924,62.4447065369582,62.5500702174788,62.5838493629836,62.5742499581699,62.591195148332,62.5840912324857,62.55567168503,62.5695757242459,62.5561513577697,62.585703847667,62.5781815413849,62.5562315024965
71.8053238802188,71.7260401154826,70.7636745358265,71.2998980554553,72.0190322247579,71.654781726717,71.7190943674524,71.5283625014763,71.4996518620037,71.5491968134643,71.3128973797062,71.4153695282215,71.3976482997761,71.3955379366737,71.4032035850948,71.3879843795571,71.3901091737016,71.3892656944416,71.3918728431344,71.3837902251356,71.3985931331945,71.3895257222559,71.3805718867759
45.6719721439875,45.5881081304052,44.1569221759239,44.0785522000958,43.8681999377425,44.2424748621304,44.5250353879872,44.8154374910613,44.9472639298695,45.0277516743482,45.0529076845794,45.1363398569922,45.2039131313128,45.2036416248685,45.2198574607961,45.2175293003124,45.220420789988,45.2132758078124,45.2355821289635,45.2225673415319,45.2307321143258,45.2245764434331,45.2170475481224
53.1738861675199,53.0212248516359,48.806675210526,49.5421810874439,48.873563054517,49.951317001504,50.5041695294819,51.3218319089034,51.8406912281906,51.8966019542648,52.2417786871976,52.3924269675489,52.4834826132976,52.5253284518068,52.5343412476981,52.5455169010902,52.554890584765,52.5602788154749,52.5565807609467,52.5686106980584,52.5376548691971,52.5716521045111,52.5720363994055
85.0982752374016,85.2063006341682,83.5736851557001,81.6363319057873,82.6755451612369,83.1897314824489,83.1864323189305,83.8631015260322,83.8833818101141,83.9547867098448,84.0979797517677,84.288971992189,84.2459314616851,84.2602072084642,84.2700680273623,84.2913304244566,84.2431563392113,84.2633321288984,84.2332968657366,84.2317773068151,84.2611276741845,84.250903777071,84.2507426472039
64.8384756351115,64.7020979564674,58.072431524786,59.0121271595963,61.1672856158288,62.6473482569661,62.4361613257716,63.3311462918758,63.9764965386136,64.1820629078676,64.2032121803987,64.3165410151655,64.4945081709931,64.4531853541522,64.4907620263278,64.5085310372117,64.5127016647758,64.5223885614585,64.4894863674376,64.5161458692746,64.50164739728,64.5281841966507,64.4866291598417
39.216238851973,38.8660820546095,34.1290968268846,30.9825701176832,32.8088663687387,34.4660574890015,35.6025244169269,36.9202250385831,37.7239370268185,38.1442890191991,37.7384736528135,38.2603122226926,38.5761188590244,38.6267295170069,38.6458848488527,38.6576800981188,38.6624905655767,38.6570999887892,38.6500845000956,38.662859447306,38.6398918966383,38.6510413969525,38.655128291465
68.822980371437,68.7617565629466,69.7503942343459,70.186951239974,69.7717695836118,69.3546584209573,69.0560327182727,68.6791216494429,68.5201773998035,68.4961590834412,68.3952664204102,68.4250664986655,68.3426606122547,68.3611438351667,68.3564402653147,68.3670930639478,68.3469153127,68.3679190337844,68.3636105689369,68.3691281187185,68.3532952658878,68.3664534225657,68.3654895441917
51.1479798918562,51.2405634832774,55.4173117133721,54.6328288621787,54.1147449428488,53.0977279633401,52.0171250483512,51.8564841525996,51.3925542789142,51.1513816923579,51.1077079788059,51.1063503161352,50.8905481539007,50.9240273805026,50.8952403354583,50.9184636993019,50.8919981436628,50.8996943941434,50.893984549185,50.8951445894859,50.9086868402013,50.8994806554895,50.9064014754992
48.4980433136875,48.6140635669294,50.728691740123,51.8244259335428,50.3308682618198,49.4785029778328,49.0685759861178,48.888992876681,48.4950541744473,48.3861205521915,48.2679544193251,48.2334358246962,48.0655050643052,48.07154540662,48.0724328017886,48.0670653254633,48.0621360854315,48.06071737272,48.0504652019826,48.053368489918,48.0616287383949,48.0589971943076,48.0511039321047
181.380610807894,181.35366701176,182.543206062516,177.341000194051,176.944477529753,177.73072379363,179.05156487624,179.521295627541,180.189193553421,180.269406481957,180.876718527639,180.714377886582,180.89872473918,181.022251720275,181.021759364008,181.008092699398,180.992207983992,180.991775602544,181.003269598221,181.00146660984,180.988218665223,181.006846289172,181.018608579559
44.1769550098974,43.6947612821805,43.543341204033,41.3367306419434,41.2014969442526,41.7593170936252,42.492489537731,42.8909676745472,43.0654342436721,43.2281839629259,43.5254771292934,43.5495819454705,43.6912275462858,43.6688262509873,43.6622276411806,43.6838503787073,43.6956488600959,43.6918104230269,43.6900580719882,43.6674399247085,43.6849877579217,43.680330873861,43.6986246137377
43.8854957039305,43.9313104468353,44.5953068845563,45.3517288930824,44.6944060673504,44.4333913758523,44.1915193359683,44.1025480894549,44.0192198090011,43.9687245488938,43.9367797077725,43.9085669505587,43.906653868787,43.8770501681345,43.8940253772504,43.8834850001829,43.8855372264884,43.8865359684707,43.8759494892989,43.8937538764982,43.8886363630834,43.8857278195308,43.8949659913792
85.9146815388345,85.8617975998377,83.1762873572391,84.2655765526586,83.8895542383265,85.1493425520126,85.0661992611692,85.403381833437,85.7101479736867,85.7425160330165,85.666211123474,85.7529085711656,85.8186508536115,85.8501718479005,85.8402303147991,85.8710670912453,85.8744714344632,85.8528905551742,85.8672736793018,85.8697553882937,85.8605792679598,85.8689161603603,85.8773266956365
92.6218915460409,92.4924632424642,88.5023111064738,84.0715404018759,85.0785748510634,86.8215907463811,89.2216818742431,90.2712512677434,90.6762020342767,91.7043536501554,91.9359549814535,92.4588867878675,92.6494174881301,92.6585978659637,92.6844374266844,92.6832207471351,92.6657825650427,92.6398643862106,92.6757782177277,92.6723762550927,92.6689872974472,92.6745874333626,92.6706198082693
75.1315808418834,75.1284019589072,74.6301663358472,72.0486203841195,72.4412150612858,73.376244100707,73.6715673692016,74.090518879448,74.3065399900291,74.3405460524721,74.5426737302083,74.608704479429,74.7046873860078,74.7411564969582,74.7168213994421,74.7289157141983,74.7170763646742,74.7301049020269,74.7378060631807,74.7309997245734,74.7338404632604,74.7428960234208,74.7373654865931
74.5314292161234,74.354823399095,73.53442814614,74.3529095912766,73.5806987505174,73.6900347461234,73.9104052250173,73.9842773793782,74.081891965788,74.0632325310679,74.203035419188,74.2701310580886,74.2646295477901,74.3056595389832,74.2993943619983,74.2938020658891,74.3094845316412,74.3155263628497,74.3021857066037,74.3118432480722,74.2982923735127,74.3184063043437,74.3170002206085
160.36752641528,160.402928294865,161.141450588636,157.758225225116,158.996882408502,159.487760710542,159.589225913864,159.54255796623,159.805692974109,159.907751876967,159.938422270002,160.01121758869,160.007979982216,160.085582509371,160.080884300567,160.062603464634,160.076206806766,160.058635037942,160.074563628196,160.056324549284,160.075791666192,160.076798350986,160.085226608299
73.3497829009914,73.5009127505236,72.4778091266799,71.2500441541515,71.1356793470829,71.6581441409756,72.0655753399263,72.3724020592137,72.9160959083198,73.0239723879868,73.1654987557542,73.2748899071606,73.3873312281979,73.3750579974816,73.3804159204046,73.3558336510924,73.3825822786599,73.372412951144,73.37447571054,73.3827816589803,73.3761576651322,73.3730412348037,73.3805203515987
148.401273782791,148.329789134765,148.574306816137,148.084563788698,147.961222436728,148.047368376751,148.455739442475,148.379447480807,148.717253277173,148.832667394523,148.80343155682,148.802221593431,148.864569504644,148.823484489179,148.85462693608,148.843925129429,148.832809305398,148.837311605232,148.865853356321,148.849214167112,148.834542474414,148.860726376065,148.867252030362
198.127162367154,198.088384814738,195.171478286185,192.195899337169,194.159412381472,195.238898540954,196.007500598209,196.524476275371,196.530720531545,197.06161425441,197.029333736353,197.214996563089,197.280966128089,197.335311077143,197.354904521436,197.293324983661,197.313573554106,197.320207749162,197.341007784701,197.346556809656,197.341122374975,197.31127150241,197.357745395756
120.560749315094,120.50925427399,122.039996406295,121.491843170459,120.41369322675,119.772750107232,120.387783102891,120.305480298777,120.138568625817,120.277673664624,120.315952522641,120.241480147231,120.354144065503,120.323064675626,120.339398551208,120.347783418071,120.331406177637,120.335697768296,120.333375973031,120.347269654167,120.348254812652,120.325423714506,120.33648273682
83.5585609389699,83.5610084768782,82.4463796584667,80.8192514753186,81.9677062443571,81.9223235500128,82.3896116255371,82.5798305832598,82.8169022625538,82.8933099356922,82.9969913163239,83.0635061885513,83.0387558550075,83.1377485686018,83.0899764682894,83.1051118648697,83.0794518388594,83.0739935306024,83.0883669654349,83.0641462605513,83.090722670581,83.0941183339459,83.0969050608539
43.2369120166949,43.3006148731627,42.2844680561386,42.6034281757899,42.4102517656585,42.5575360623857,42.5776837076658,42.6270132598044,42.6546086357524,42.6453785301329,42.6901450595849,42.7083534730534,42.6595414232074,42.675608345437,42.6632923179564,42.6706284382332,42.6746966620297,42.6592159530232,42.6745687735777,42.6684039032687,42.6665081436136,42.6621508099003,42.6625060223702
97.6074763301379,97.3095697022558,95.5547145491645,96.2975585385609,95.3018197695781,96.1551073193309,96.6450475861968,96.7815945688765,96.9594544704502,97.326981421634,97.479169273317,97.7042542856551,97.718588508954,97.7065052710897,97.691779684063,97.6860671987254,97.7148667558048,97.7240027508768,97.7117105891538,97.682473468417,97.6958155677911,97.7016578326434,97.7013356939141
96.7857115438838,96.8102591285432,91.4885095972748,86.3629153677434,88.2813297134806,90.0618281475125,92.47320085179,94.5295432688005,94.6800905564662,95.1029495724447,95.930130224828,96.3293518510558,96.7490411560962,96.7841880052826,96.7369344871954,96.7815616166185,96.7976550439929,96.7964250044805,96.817941393687,96.7742193501914,96.7697051644041,96.7918480590933,96.794214057918
75.270891207359,75.1775292603686,74.6029595535562,74.0695845941143,74.2892586467047,74.4289350146415,74.5785321517478,74.6286160615657,74.7380738525159,74.7155546739592,74.7443822261577,74.7712263397014,74.8099935685793,74.7840548495198,74.8083987063973,74.7918123766834,74.7879354811922,74.8093395708925,74.7907276859932,74.7926191455376,74.7708859727477,74.7998538161452,74.770853050302
93.5444778036486,93.2921956570341,88.1277846364333,92.1331571409794,90.6811706374987,90.6757386851656,91.7084538070273,91.8905679604501,92.7459177667904,92.742361327501,93.3549124104053,93.2453887781387,93.4054610992617,93.4723531798964,93.459681932857,93.4498583400307,93.4841883131153,93.4738128732038,93.4797934431304,93.475177612483,93.4638571140495,93.453035889648,93.4276486497392
79.7910134852983,79.9542666806389,78.1078274113482,76.8608358626315,77.8710841305398,78.4337298423259,79.1450797509072,79.0838846238455,79.4662408006423,79.5251065407336,79.5562302568365,79.5595996595685,79.6214999044853,79.6371910579862,79.6385486038209,79.6295978152656,79.6305628334615,79.6431246589257,79.6125188750206,79.6250953796987,79.6195792138823,79.6307433263965,79.6356540804269
76.8513946009794,76.6513959103441,73.503217411277,74.1596389352081,73.7070489091638,74.4064727112432,74.710660883475,75.543926356993,76.1225452010647,76.0992483756573,76.2637604949005,76.2860469118223,76.5119931432897,76.6004849628509,76.5940144455966,76.6075949771323,76.5922079281836,76.5774587182595,76.5852853294409,76.5882377866473,76.5825428947379,76.5871552035252,76.5983645977013
141.420351036482,141.459551388,138.036276395748,135.751258486957,138.194696913851,138.694560216872,139.597304112713,140.237161460233,140.289796822004,140.377370364033,140.845462525826,140.790235281753,140.988425083064,141.067237098765,141.048764631717,141.091751158523,141.058558359418,141.062849316211,141.078820425056,141.093905022852,141.102433544278,141.098807030896,141.095251840702
84.7591410958836,84.8277747051664,85.5141382252481,86.1303090749374,85.6715679480486,84.7825040794468,84.9877479167581,84.578849020902,84.2877852746873,84.3387751013565,84.3178160450197,84.3619189419529,84.268986366835,84.2279808718161,84.2408114882271,84.2416732774836,84.2333627273664,84.2659687310616,84.2527980245082,84.264123263791,84.2585696633413,84.2394126210005,84.2422926336452
108.1598656121,108.21334411321,108.194739059693,108.934123094853,108.754963384155,108.10315859768,108.443780209027,108.435245434743,108.338624955981,108.368301125863,108.299024995087,108.195369599208,108.288614035148,108.241138847362,108.229782910078,108.243910858317,108.24615289906,108.233669203324,108.231256335171,108.240447424705,108.240415858634,108.237196846225,108.228135247296
49.6259305049178,49.5880457355493,49.2139107208593,47.6006597537825,47.9152151064062,48.0668424226198,48.5445094644318,48.7872980871536,48.9541957213279,48.9652361853688,49.047511846574,49.0570053219254,49.1461021343497,49.1477645656591,49.1500903720925,49.1555257198445,49.1662967692014,49.1518767360875,49.1504466920046,49.1513210641991,49.1558402694019,49.1570738591586,49.1496175540665
82.7885233645455,82.7182482827497,83.1744380225696,81.1553326558349,82.0895379483424,81.628693893354,81.9994513037495,82.058135120347,82.1439274015785,82.3411111035636,82.3239014814674,82.3118868608758,82.3979090357782,82.4425087987234,82.4584719563217,82.4547179856189,82.4460869232438,82.4510844810228,82.4479521042156,82.4475589185425,82.4356333407214,82.4316321976392,82.4440346454485
162.441061510267,162.026159968564,160.893997418773,160.549756232042,160.996189110209,161.018637823955,161.577703007775,161.864241660236,162.25879759388,162.303293775403,162.42091982818,162.297753090783,162.462622554497,162.457485008078,162.449192500625,162.441642442711,162.452540365509,162.451044302018,162.45299241194,162.450720884477,162.454452506419,162.473185767744,162.45063829644
141.869516082766,141.896809110191,141.419840334535,145.020081884012,140.662165783882,140.842269653787,141.429851001492,141.362954146907,141.137214879966,141.223289548935,141.243549538502,141.373352215871,141.51628152271,141.488724571743,141.508382170436,141.502168064355,141.490690296982,141.464108910195,141.512194277019,141.50407512079,141.493832463056,141.507260359013,141.518771019427
65.5174297677912,65.507209759348,62.1358306994391,64.4453073977986,62.9670055045673,63.9296181909811,64.1971584646236,64.6899103144508,64.9022332910439,64.824637116926,65.0839249990141,65.2165099403213,65.312695021046,65.2964266056079,65.3046498703823,65.2996472557641,65.3150731170958,65.2918225834551,65.2909155004917,65.2911199789429,65.293959198773,65.3081421929372,65.3062489830588
93.341890083372,93.3735401018125,91.3134090273909,92.0006012850358,92.8384609825666,92.8752855726559,92.5213992684037,92.7995852782238,92.6005959069148,92.6859318553019,92.7214647522025,92.7570185122572,92.7235323347268,92.7206047618781,92.7383171397503,92.7431479609488,92.7352563127907,92.7593275677627,92.731383009952,92.7397887756883,92.7451858287684,92.7282454964246,92.7469867194087
61.4836034119402,61.5897652668165,58.2887169103102,60.2897182088213,59.0910869850556,59.1493628894899,59.1793817018363,59.7754143135078,60.4582709473245,60.2558882456725,60.5897654279495,60.5481308961829,60.79888765995,60.822211938285,60.813254695342,60.8334354780401,60.8053193441436,60.7946879514978,60.8368813754695,60.8427863978672,60.8317064360913,60.81648327277,60.8227461606679
55.4014504019743,55.3630064486847,56.1940902385223,56.5652035960624,55.8514446515401,55.5088016366751,55.258899467593,55.1013522372515,55.0257038197235,55.0084415146314,54.9658943125997,54.9258653341025,54.9003317439003,54.8843547792356,54.8780691381909,54.8846661774532,54.8817889465425,54.8792894594203,54.8947627899201,54.8773691357665,54.8690468505693,54.8752309031631,54.8725135928583
185.938394888839,186.042603109369,187.907937749947,184.596950480347,184.216919194255,184.575044941443,185.358244359472,185.164193763435,185.618358212508,185.453498340395,185.777750934284,185.79411385331,185.90869476045,185.948239793677,185.891110417005,185.937585321484,185.940649196613,185.952461882357,185.894578417988,185.915324270631,185.897373900975,185.925504879336,185.930206268563
54.1354019748125,54.0382901240324,54.437599946009,54.8306548848361,54.1353698352086,53.7195415672631,53.7268892586135,53.5709089389919,53.7377910572315,53.5674497712746,53.5230807421977,53.4048574559685,53.5148193278886,53.5347449575278,53.5300765796934,53.5177925785544,53.5158231728076,53.5327099624243,53.5551482242608,53.5061535157211,53.5321726399789,53.5276801633261,53.529565338705
76.0944607343091,76.1739867309973,75.457598189674,72.3553444333699,72.5392570686961,73.6071222206953,74.0189829521943,74.3879834020517,74.6564536451467,75.1414502893285,75.375886568343,75.5502906614178,75.6764732554344,75.6230773943491,75.7225441832511,75.6457751541326,75.6729310340419,75.6959126849314,75.7139136768447,75.696861127058,75.6931512055885,75.7150290521397,75.684516973305
70.0081022652997,70.0150409942606,69.4829512564747,67.5030749437976,67.4001466008052,68.3008220628049,68.8046592465996,69.0854627755449,69.4543527142139,69.4407226453481,69.5736813612847,69.6100907738869,69.7697587949593,69.7393366983969,69.7566535540352,69.7534388567889,69.7410378635867,69.7361711597358,69.7714597903811,69.7315318062075,69.7575934038742,69.7526329945731,69.7493362901675
153.171165152648,153.044815966146,153.362361416095,155.355661124273,153.4822099998,152.880417164007,152.713406736293,152.472479244925,152.58331420063,152.549775267723,152.512712470284,152.458330726988,152.481518867851,152.477519170638,152.467935668979,152.486372777368,152.487404621823,152.491588701182,152.469643826506,152.482849711713,152.478647998916,152.478920982387,152.483863971017
88.761959867726,88.9774639632325,89.0738562077557,89.2970885135368,89.1851214351726,88.5615508002583,88.7856717023465,88.9684255519179,88.9471220613478,88.8445276713439,89.0122841541974,88.8425323146923,89.027680004001,89.0103252887351,89.0420575391327,89.0115916527656,89.0396073230461,89.0165796886338,89.0143954914848,89.0180355390204,89.0199624738912,89.0198281571653,89.0283542350994
140.529290966792,140.576614117359,141.705410745318,140.121883234377,141.024147408181,139.664242111172,139.768502000738,139.882315453603,139.739938458047,140.144274599307,140.135180944214,140.239227765496,140.448016976951,140.411344428296,140.463647216205,140.451293167251,140.447263556653,140.460228085636,140.436302257189,140.446566746463,140.447084136839,140.448505734008,140.456243524535
105.25596889277,105.24692605595,103.499204957269,104.934319428463,104.932456078653,104.64642926265,105.024620563021,105.016583951537,105.039347712369,104.980771693033,104.918098593854,104.961877269183,104.947084725291,104.960892113284,104.990260245276,104.960414369419,104.98960831101,104.947278319402,104.964743739384,104.945827858736,104.957398349863,104.968517738384,104.987650292803
