"V1","V2","V3","V4","V5","V6","V7","V8","V9","V10","V11","V12","V13","V14","V15","V16","V17","V18","V19","V20","V21","V22","V23"
193.458300275566,187.662033613268,184.110566395081,183.855881856553,183.313807038976,183.463436675374,183.130414151683,183.679783677463,183.573144794027,183.756844574946,183.526643623469,183.545705589682,183.44261270809,183.463321245009,183.416326697397,183.546564622922,183.455442401682,183.604631177067,183.44552509016,183.422101760365,183.144896638996,183.637323499327,183.386504441884
332.103743011512,307.454985727288,306.92267951913,306.929666642336,306.92736969768,306.875201957589,306.490434577972,305.950726614528,306.419480974023,306.210887865513,306.046326314966,305.711843738838,305.791594111678,306.079891060724,306.12180134372,305.545791624462,305.724747041619,305.765606500848,305.357987197881,306.21857056329,306.366925513604,306.030079223442,305.834917420152
455.430294732168,458.132053815187,458.096812032343,457.76169092441,458.099813565914,457.894108223229,458.173425565018,457.845610087356,457.745557112246,457.819566623034,457.771030890581,457.64162159476,457.742836023456,457.775445430376,457.748979966042,458.041225624662,457.3021075769,458.092431756841,458.011230519939,458.11726432088,457.702517664503,458.04218754761,457.998462758492
474.783518554247,463.205106626141,463.195311570795,463.239901267956,463.162636494672,463.225231940319,463.104621855094,462.907194919282,462.945609413977,462.599609119771,462.494361354121,462.534790459366,462.680106577232,462.638100421721,462.796206009536,462.645374242221,462.894204463125,463.047278863557,462.618411111996,463.271040162322,462.77279050404,462.334381223576,462.797484362984
418.248297164117,405.017283241635,403.223657825134,403.104540744449,403.082059991266,402.511084290145,403.352065668972,402.684480522726,402.510620840552,403.25155024321,402.884445426305,403.062464393472,402.945129009547,403.133447559188,402.369623177508,401.986419616934,402.696475621694,402.970251502235,402.58044425225,402.329240365355,402.636463897161,402.741266847798,402.125395804522
396.162747332612,397.619598207344,397.98661450541,397.889969508847,398.276945015416,395.443781594615,396.549146474237,396.715136453651,397.337805039511,397.252452533898,397.248949007071,397.354821533429,397.29865284724,396.824251100089,396.808153896893,397.558937326499,397.770028593125,396.330796311938,397.709256658814,397.137053318142,396.891906365956,397.133962042787,397.559775869624
175.560645557917,161.241105577328,161.097002842798,158.491574809184,157.368039381474,159.347498820402,159.333065957295,159.342109022878,159.321714640525,159.588658455382,159.449042920397,159.446918043983,159.355848102789,159.404833035859,159.41508546793,159.571409114358,159.217174723443,159.479021472393,159.51589585548,159.192127916115,159.425909536775,159.17482291029,159.255379797594
456.426872857294,432.457999275429,435.687002200036,423.267845080169,422.541646499625,428.15765611823,426.527175042663,426.175648347043,426.395380574557,425.747180866715,426.705800534603,426.393666124271,426.051417509149,425.76397735629,425.521936014848,425.910037721642,425.946812274052,425.704059743933,426.789157825246,425.660250377242,426.38827648374,426.291821651352,426.95095579592
280.190080715284,261.097319321954,249.994182718485,242.773217907178,247.574640373581,240.806824954073,242.853027261343,243.469706963308,243.610445249004,243.303663255276,243.640607109006,243.534762550456,243.543713743217,243.059085589859,243.301975272808,243.394970783099,243.071155923586,243.058633547614,243.487517481348,243.451797923041,242.861575846631,242.816711495937,242.580774600088
528.988712714078,517.147181579585,515.14254986974,515.248982805925,515.12101399716,515.078432403596,515.025759129791,514.983706623255,515.050431757708,515.164743229911,515.038786420887,514.975126544641,514.770219465711,514.67577890136,515.260127122393,514.26821501834,515.427070683824,514.602770889311,515.144235446417,514.579445732521,514.968772620888,514.873608486603,514.339622951315
160.355985434846,165.233552476038,163.8076971141,159.030438709862,174.12192388481,173.549035855239,176.880520870333,176.933797753974,176.905353678965,176.967089796948,177.0350234804,177.002462692681,177.002118053214,177.025753655865,176.905792020132,176.957250565725,177.144735119062,176.937862230783,176.963683699457,176.94169834359,177.139173000476,176.948772655971,176.884706526836
240.793489833981,248.99605912619,247.760058582824,247.86036764049,247.416980256658,247.57621412813,247.675320839001,247.569181947403,247.369543331378,247.417560488545,247.728169447834,247.468646527444,247.470970059399,247.314512530287,247.356919515111,247.432942333758,247.582214445557,247.15604312875,247.20105909924,247.393161611383,247.248447069269,247.758208906344,247.700771148949
146.651070294457,134.157675089068,140.379786107888,138.790764767764,141.886444260257,141.974372448886,142.369758130312,142.395184997322,142.490965536661,142.439905330118,142.505722716209,142.378518362718,142.465188753903,142.376276902759,142.30921762113,142.309768182018,142.458851618918,142.581077884274,142.388733841279,142.574956227385,142.373852949202,142.509176481906,142.339270858223
379.673923954438,367.955713060123,351.348175405928,351.336515116004,349.968648054072,351.321277728541,350.935295522677,351.277107522282,350.892454969688,350.841687225083,350.962123653383,350.821157748563,350.861090496582,350.58247032801,350.494725311729,350.763470203206,350.259091998896,350.188348295804,350.445489573995,351.090691459049,349.90995338929,350.192447601733,350.484444510111
520.200629748905,511.968846828252,514.448147241492,514.392104166115,514.258750756667,514.009581595117,513.858255662435,513.356483168192,513.264527604962,513.498854259625,513.516197163114,513.373162621325,512.909992324206,513.130013953875,513.034986800724,513.056396136993,512.652955329519,512.383815755041,512.616757808565,512.709645724748,512.997091178869,512.990318097682,512.578073591216
162.272029361838,154.596541681046,154.663936629462,154.474907991533,154.289384169037,154.414607363961,154.253753642146,154.12174314821,154.230874612518,154.225287257892,154.647089054294,154.335887549841,154.207699520487,154.372921113543,154.432482418923,153.980713486541,154.462221290251,154.419266619806,154.60798465254,154.638723811347,154.303668508134,154.443884779679,154.265669086979
509.144171709164,516.843823487891,512.82594426745,512.073170830672,512.065087625129,512.083402504528,512.075872457131,512.689133368593,512.290938200668,513.395890089296,513.201251530744,512.414184911812,512.882467155412,513.042745341614,512.313357329428,512.186824427639,512.409717842771,512.858691626669,512.272961865117,512.519867532045,512.302422634066,513.030957142451,512.479260139789
801.161190454126,798.017009045815,797.926490583707,797.913907351383,797.770969054735,797.739309566639,797.505304540629,797.604722283511,797.398335615171,797.405649449348,797.008873592947,797.259303084677,797.186954861395,797.022001863796,797.490864696558,797.704096863068,797.659618158751,796.867716921757,797.586491669637,797.561864772517,797.149016065036,797.657418981135,797.143987864741
446.96525540964,443.821507655524,447.658591090329,448.703118996155,448.738786852721,448.742264157378,448.750282869271,448.688752449917,448.681847538606,448.617110959516,448.548380104545,448.501174170429,448.330844652835,448.543756831408,448.576064606048,448.456988329593,448.535939878551,448.558531696926,448.313590751477,448.79041590359,448.604360726654,448.903244046318,448.600608324404
198.690759245096,202.685779219684,194.894396727447,195.985914851887,196.065867313555,195.891111721007,196.169244686063,196.132673821816,196.151118257589,196.340407113783,196.244601461347,196.201925285186,196.150338263465,196.314754016397,196.232877016098,196.011404130849,196.239635982897,196.27835742331,196.307855565896,196.272546229953,196.288889470641,196.212452843508,196.170461466128
454.205021014696,459.444077068337,460.881454716161,460.466278196516,460.193839183087,459.741822590909,459.617314223792,458.891447975699,459.170599178868,459.620609461756,459.586441599536,459.274527118496,459.583112494595,459.523035617023,458.92908836108,459.407502855565,459.143137804543,458.789121739579,460.00213199807,459.474492841468,459.800244531934,459.496171544002,459.532742866354
281.350066245173,289.916104796602,271.639079824692,274.421763181806,274.475807808831,273.793424618384,273.995568100805,273.730499521548,273.5210865184,273.469257203259,273.75792899779,273.66738983573,273.899454529601,273.857488668359,273.779080108883,273.902608402917,273.83628467801,273.636873547384,274.072449279863,273.509456278869,273.293491110948,273.611129341586,273.544285023861
323.223050422565,325.076807539653,327.460105099383,328.373591381273,333.25303325414,333.458871446462,333.10214002466,333.303672533699,333.170074533828,333.210110185775,333.462590689654,333.380299381354,333.283604932119,333.363242360144,333.361645083914,333.458614938365,333.787668766915,333.160755213156,333.626124404562,333.685126635618,333.730129390582,332.970977282873,333.95579385914
249.202270646694,249.800471791955,249.401259598094,249.643288452065,249.294776464253,249.683935942358,250.025015133359,250.528469501394,249.550897863778,249.733463220001,250.101178646984,250.01666267242,249.998578697979,249.701535570577,249.847199997342,250.004769873579,249.603798753615,249.621762097759,249.713388886653,249.965777593021,249.674089274741,249.891611480909,250.070707972774
474.495832638195,462.700193791788,447.647882175457,447.639388245445,447.380803778483,446.86809683891,447.038977538348,446.985121249177,446.239502489715,446.756090709934,446.597261158683,446.673871167299,446.680007328869,446.305228940459,445.989485140748,445.566908242081,446.088935773802,446.066885434614,446.146931586793,446.291727121568,446.469463526268,446.408859702457,446.468585121605
164.453645377175,118.309492403674,121.316525500857,116.207685577093,118.367071626628,120.640123295797,120.667364014576,120.864623619162,120.738435637356,120.71676482168,120.781031067048,120.762929921121,120.765129856202,120.783891769708,120.777683445571,120.686663537717,120.7405493114,120.661224729145,120.805269568097,120.766551589395,120.721387962575,120.716280419632,120.671253774922
388.771507375445,404.354087955331,395.201173947777,394.440339781574,394.391462661892,394.576256597674,394.476395307084,394.258576929139,394.713922671047,394.115121447998,393.982355972472,393.93737902344,393.894239833708,393.947929131088,393.789263388517,394.413085468807,393.894214951308,394.069059687439,393.683629689693,394.243200679757,394.007061209086,394.029326719369,394.320055343513
210.569948797536,207.25388441179,207.206762431339,207.03676436475,207.095761169061,207.048771817973,206.835567534564,206.789514249192,206.589354888799,206.536983892581,206.573104693843,205.998007863924,205.995035205881,205.771408878332,206.085077054276,205.78788914491,205.976781147861,206.298911524183,206.50529325226,206.349096817292,206.591721405687,206.444989738501,206.707233758077
591.711060956228,569.594173978301,569.383507660014,569.300265189047,569.609086809472,569.230478396276,569.431803464567,568.789729001241,569.290667589173,569.191972150382,569.429734373676,568.940913078971,569.444990770045,568.494328247486,568.961015367383,568.874935350062,569.386881070897,569.548848611431,569.127299365125,569.137354425147,568.745002096629,568.732773495304,568.988531187791
379.540992436777,366.191761082983,361.633624088934,358.340950443747,355.466602286269,355.411521350675,355.269622059313,355.296470691714,355.350506642318,355.312181979894,355.389311227365,355.429215025669,355.325631242525,355.142989564771,355.060276192352,355.297125287451,355.25879468143,355.516431406692,355.255769503876,355.186004349851,354.794146044739,355.216546057335,355.273445198959
322.868183171454,309.05785141658,305.775342054476,306.378327111582,306.01364056548,306.189932633331,305.078109961689,305.171397883805,305.322220624007,305.492793857495,305.656075034317,305.271534642456,305.451552673183,305.365334708182,305.658300821899,305.038848287357,305.245056440586,305.308311011828,305.552048287842,305.122898495158,305.218592806726,305.148169975768,304.975490624618
354.484481386167,359.349782671498,361.386064283673,357.342625002246,361.079433620551,350.177081407095,359.539427641549,360.62569234576,361.192823042902,360.857967308951,361.845897250025,361.661676683473,361.239427111992,361.435153600154,361.347278072926,361.21802777225,360.842070997836,361.746044842519,361.730536595684,362.236635843033,361.910355216554,360.909748095643,361.525590656827
349.75759014485,353.579098029094,354.19741757447,354.20648083265,354.064205074123,354.142768277487,353.327756867765,353.216664085543,352.896530368442,352.751040052348,353.131366004375,353.451480462251,353.611534301749,353.20631848954,353.414576955751,353.42929743273,353.439340953578,353.932222824074,353.43952377996,353.536055734852,353.551182020792,353.050874265915,353.666972337579
229.539425003514,218.891481410579,223.964455998171,228.966403096856,228.933868053189,228.803038882956,231.098869489795,230.730225737918,231.743818867574,231.575477648821,231.334008665212,231.633584566831,231.782312850029,231.607271468981,231.833993205135,231.652200552796,231.792636935491,231.887025765944,231.872603171385,231.753133731793,232.078405033063,231.669897169682,231.617540172691
362.631823583182,364.352888842665,358.438452441661,370.913577900092,366.12788987174,366.23549645951,366.892901869513,367.238683730704,367.103387212581,368.095628791223,368.067546488878,368.259675726775,368.225051793242,368.459353914835,368.561145141951,368.159664862328,368.385688824098,368.962270523573,368.062153898179,368.98821743895,367.728707897597,368.447569076244,368.570039367474
360.245594824685,367.710545192016,367.742895004731,358.971253232245,360.861874504623,353.184228308613,355.983650680803,357.515603711611,357.533562827982,357.837751328488,357.975973029492,357.733760122523,358.577458284181,358.133366226327,358.04895359096,358.249877229969,357.993636186681,357.88769909425,357.506501805096,357.691266371858,357.792400553874,357.858990171342,357.743222758188
279.681010915846,274.299422843015,268.184039929501,263.557258598213,263.671839421773,263.848164115532,263.989512923205,263.462862026703,263.332539764515,263.239187678191,263.188167435,263.076188597839,263.506327084968,263.464360088684,263.270621827219,263.025211867318,263.24725078722,262.822488099909,262.820262171173,262.901245345554,263.637729077588,263.453988971145,263.286488914937
249.690753323752,256.814452654472,256.768161922441,256.847365468548,256.766242303531,256.442356012459,256.427373278323,256.365530336701,256.453711759853,256.244395023183,255.951193881415,256.253750317034,256.191088313918,256.339096890887,256.413611946069,256.075074622589,256.539702333574,256.717194643858,255.588718999574,256.209314926054,256.731452334818,256.297565029619,256.338588731619
340.687312064323,324.049675872282,326.53190863001,326.344852221581,326.295127448838,326.27586420571,326.03860323996,325.973686898221,325.787038920791,325.962631281456,325.612607919426,325.68451991172,325.932968982571,325.822182025376,325.71129733745,325.823481495631,325.781982142613,325.723487191641,325.739304213734,325.749484772138,325.717176674447,325.762863499223,325.761768192203
466.199524297407,488.449712383524,482.689817530152,461.54883112783,460.211696172777,479.361441279378,485.854471261671,486.815445947042,486.930849505346,487.189950349672,486.968569664125,486.572297124505,486.643447240059,486.285012551164,486.36882509281,486.436498750736,486.728491091305,486.754670318688,487.297157985668,486.732746544066,486.669838800755,485.140330352861,485.277106935035
253.288823465341,249.681220971011,248.44301178175,247.177947548094,246.302535723138,247.865481181909,247.033253421507,246.77557585847,246.551541045237,246.91470016647,246.807466076878,247.30196689537,246.715456645664,246.713192421488,246.871122124212,246.882103347588,246.732033013284,246.538038048634,246.491806451866,246.865678018739,246.864685962871,246.749305966157,246.90110380326
685.389705475431,676.191033200131,675.968282068761,675.803634816708,681.013633696592,673.99100626717,675.010140146065,675.760135238353,675.005805633576,675.552931215997,675.568396101694,675.703080604608,675.918441424676,675.123811685657,675.522043768084,675.907584012478,675.846922826228,675.538706661012,675.966783662605,675.503228121651,674.789743403661,675.284931918386,674.986367619349
719.309091027915,734.020345701911,733.672134470196,733.603593693122,733.727211425516,733.480952066409,734.014209788712,734.197735781994,734.063584639446,733.675733418502,733.695431305703,733.486617239679,734.55279643604,734.783370160083,733.509233467845,734.114943417842,734.865164971821,733.742439290219,735.127777292873,734.428270936188,734.79938134801,733.526759564231,733.950517781856
299.348887504167,297.315658165504,293.717109631579,292.072196256052,290.412240209136,288.63019920812,288.316827608948,288.695075472791,288.198155556447,288.602732932305,289.073297768663,288.618955286908,289.012821672838,289.011015017111,288.80391812142,288.573896074706,289.375161775646,288.575976848646,288.564051336592,288.755654475834,289.29532008501,289.196651700195,289.032574201826
381.487936074079,431.109365391893,423.601165880105,431.112480856739,442.404135093937,441.776211504916,443.757112431194,443.980549760896,444.284972680529,444.201003649972,444.026520212108,444.229170042794,444.129998904588,444.194745348578,444.407226866867,444.243823756832,444.250378323105,444.349657511928,444.265681286491,443.921645758833,444.467646735016,444.670684300244,444.496630966202
221.589169686504,215.874476533211,200.901284275392,199.403061103055,200.725543184027,200.53436303233,200.483604452527,200.611087762657,200.601741992976,200.659158565995,200.724525040368,200.428771658607,200.679093008989,200.550318608258,200.760195645399,200.87696315821,200.5739919196,200.235177163657,200.32428265589,200.549110828102,200.542813711113,200.453136525008,200.340820479681
533.188259010287,533.667471809777,536.529019008736,536.546851686871,536.50116925951,536.516642535775,535.956696140341,536.379683522077,536.347550687527,536.188077388838,536.280510615158,536.462955305123,536.399754708548,536.398263506983,536.46361033185,536.156162440773,536.421000039668,536.478243605583,536.237304451459,536.12495062762,535.923821042349,536.062855071447,536.402184041673
208.811402878311,198.695319639933,179.923763591763,186.173027524422,198.129714147166,200.71852773447,201.397179626972,201.087562730773,201.443693129097,201.269509849254,201.194188009974,201.296921865912,201.211628911708,201.312409378751,201.296161057013,201.300984024302,201.133456859331,201.394560006367,201.288506881576,201.15908977791,200.972185258502,201.314561287833,201.057626775518
269.370520295299,252.141775153255,245.58387850242,244.886714495307,242.428020650475,247.024927148535,247.201168099571,248.091680997876,248.877616141732,249.183767155009,249.160449912533,249.168892627586,249.177651148216,249.4216720877,249.34030870106,249.272383139019,249.498152188836,249.278272990801,249.234350351493,249.36310470725,249.144707853566,249.139447818084,249.293541239744
362.081382556943,382.338410549445,383.250788540022,383.277179403592,382.771422581356,382.251924870142,382.484970031825,382.3921723938,382.221477822688,382.684147358241,382.479287788554,382.727733201892,382.241761041529,382.785641523042,381.817653114856,382.47815765731,382.583401552368,382.256491244524,382.465550020103,382.834408322786,381.972521507981,381.991976581261,382.966639109698
261.703014136439,260.780408018924,260.788200661041,260.790039757107,260.767222987522,260.780694921297,260.819330201238,260.829297003966,260.639220773669,260.733001478327,260.721919895561,260.66319938481,260.655182645151,260.353229115243,260.664630792811,260.38392181891,260.334742277829,260.668734317675,260.725321362336,260.362594845214,260.502928331378,260.692468332682,260.496231547789
383.456815496091,374.75474328447,376.185028681213,376.22443177074,376.027243868487,375.997109561251,375.72941948834,375.744701019669,375.218609687901,374.789849556853,375.23983905705,374.768544696692,374.590192300803,374.264378048231,374.497633732974,375.330551467214,374.850570616816,374.355803962288,373.755903645142,374.850070756492,374.461843366512,374.740410432076,374.461033257908
498.097865139546,472.929909680452,473.271688410967,473.285720082366,472.788020815901,472.813047285794,472.617189653084,472.014085785991,471.494250345897,471.632033264131,472.403291999697,471.756440672463,472.800900385263,472.441446629856,472.320108849061,472.685343643972,472.549303578925,472.472336272462,472.665215386692,471.843640212537,472.233722112516,472.355884420854,473.23605718507
138.086125420217,137.66558335648,149.188497724884,153.288063285484,143.379722139579,142.130857373961,142.762847301494,142.500948745453,142.681987380936,142.740271625357,142.718669693031,142.640191591563,142.855269358604,142.565941479168,142.528534741869,142.447494645812,142.578120458176,142.599018663036,142.896568392426,142.591710277834,142.655062774633,142.636182830066,142.714945885642
454.533129512739,457.594798867145,461.288316175153,461.292679562243,461.072937650296,461.01478021498,460.654278203162,460.433265903158,460.490200257929,460.861242279537,460.503367637617,460.618128599599,459.737898412529,460.50050858755,459.799350992784,459.553843624569,459.727948432749,460.190620997292,459.05312746413,460.391621463614,460.877917108555,460.512345229683,460.46964524278
522.996466482337,510.084997939822,505.52627629176,505.328527414433,505.354734446313,505.279793763967,505.411084371409,505.517960457912,505.345045325447,505.540156623998,505.565282842833,505.587010918536,505.515195989088,505.256393015316,504.960681992841,505.451627730602,505.451461604986,505.436516726047,505.138718903321,505.916780216347,505.258604296814,505.75151267945,505.104157048165
291.182712371625,293.82618594648,279.384198104462,279.122710229691,279.247137418305,279.137292610182,279.121643042311,279.266008107271,279.192845201637,279.204536036332,279.174032569378,279.318067190865,279.24271156552,279.469851845769,279.430902712743,279.107373792735,278.849441640945,279.348635905201,279.177920638665,279.175031459595,278.895586390681,278.455967683664,279.117665718665
336.282695352877,307.673230526806,307.320095208562,307.254563266053,307.124724871073,307.103578194194,306.749590850576,307.074036574799,306.779440938727,306.812368054793,306.929164409319,306.793451547264,306.493462438665,306.520274380523,306.466324439924,306.815106891709,306.200383857996,306.04288762358,306.760344797803,306.605665695587,306.92305840032,306.153711083834,306.634411608921
532.70640130992,497.486659928111,497.070236220094,497.065141940104,497.062439364881,496.944568429385,496.82753741351,496.774575749915,496.947237273636,496.552408979783,496.603242136315,496.508253659164,496.565335075606,496.330659849285,496.869090108476,496.619344938674,497.160492589382,495.637290547193,496.274222579152,497.242179525005,496.861244927901,496.073804933167,496.287590537848
129.622753386679,141.588362233079,138.629218223783,134.433708959258,137.272038145577,136.943067637603,137.261982841232,137.304624706086,137.260961401663,137.301194991333,137.366685258228,137.288625449767,137.277809751502,137.399612848928,137.388241118131,137.426662692897,137.303493657359,137.332893958877,137.313735233305,137.329915577779,137.401825343611,137.338721458395,137.309695996817
450.111585356698,450.064764540728,444.263698029158,444.304075567118,444.113695919407,443.73480389072,443.715986922729,443.466990678993,443.322721867725,443.851858915698,443.312381282602,443.423764743519,442.583286499409,440.811898152649,441.446762024648,441.873117507924,441.538872567127,440.972430938162,441.117249515446,441.135564141641,442.378534953612,442.61079199925,443.398788184506
371.747885791129,368.755339845615,371.138888760636,371.072583252889,371.082577903826,371.103738741256,371.082168447234,371.065513890469,370.995923510346,370.953768408966,371.070228088172,370.84718637904,371.052325854676,370.892609821566,370.815752478265,371.027563230201,370.629113953605,370.938381819465,370.789322126363,370.616620624846,370.784246532321,370.980135522085,370.796353587055
505.825023063909,498.078316844117,503.052131051564,503.214246750597,499.161652194324,502.326261619731,504.641123335808,504.156645016743,503.878758040006,504.378084537527,504.203564818944,504.23426504107,504.255121290469,504.190629044482,504.479929647854,504.648748063376,504.388177845939,503.578483376922,504.580635936882,503.967130248151,504.350677949569,503.891636557902,504.075470211843
310.062488309678,332.310522530784,321.80888152932,321.775065014394,321.983704436762,321.797278974238,321.883339489639,321.779585096106,321.699198099572,321.650025695451,321.269660642566,321.67731836903,321.338211755634,321.241705533847,321.284601603823,321.182809344637,320.502561641009,320.937795277499,321.134301078714,321.140722885673,320.794045607368,321.858188739291,321.236372487224
348.120923392673,349.890368629594,349.691411583738,350.862195513379,349.936844945583,350.22199791667,350.478947251421,350.177997054394,350.352583981507,350.352623255924,350.630776167235,350.43281215245,350.045792849698,350.447706210148,350.562071209865,350.531957885697,349.978214978381,350.477195977711,350.392967751905,350.222977599733,350.537923322658,350.628946768869,349.983029407935
502.751893041019,454.540379690705,450.468020440456,450.681248658683,450.675900661703,450.733000109022,450.749286494341,450.811777287957,450.95183993008,450.917930102388,450.882634401802,450.892089938802,450.85610098551,450.889095699393,450.907597583052,450.466894614443,450.76592599681,450.78471432024,450.77971811428,451.28624097039,451.035070188678,450.601765461133,450.533014506545
280.608425554944,287.9648814781,265.700393255109,266.776506929749,266.67883258844,266.588262580223,266.663487370795,266.66982318984,266.633027967235,266.530612028387,266.484628763762,266.565600736481,266.629472849932,266.472480902835,266.448256322934,266.67111550219,266.554407895661,266.80457837366,266.20162992934,266.732442134055,266.052711687645,266.778006997979,266.059296566644
258.384692552454,249.714893081671,249.639527849375,249.636949563326,249.4977238266,249.224275711326,248.860264021766,248.267417236981,248.531430741548,247.958092777573,248.046515213182,248.489817110352,247.992589169399,247.838327463992,247.966178345984,248.034440469042,248.523760515979,248.364902869267,248.192803551539,248.078653296628,247.520566686866,248.430636593387,247.802372007526
228.811305630096,197.90543515361,191.277471358022,191.475461930626,191.489676207844,191.506131703423,191.439401945792,191.225608259172,191.373055189481,190.898397468317,191.120532456058,190.636432221563,190.876376778373,190.966482710103,190.713584328337,191.114848084406,190.978565293857,190.821474039354,190.797749820812,190.870197924934,190.765410999621,190.887859585406,191.422848586562
276.425574346602,272.957769441845,268.490178433083,288.927182034197,269.294283282355,276.049324103152,280.697876743597,280.807050255483,280.721692559666,281.094214187068,280.871058697159,280.973212160714,280.745577908668,280.870130501102,280.58648282617,280.714526719796,281.064183295718,280.919994143331,280.742718602052,280.398749150572,280.820984587493,280.595284538107,280.756399895623
231.21237640662,236.220185754175,234.582712932103,234.967129821195,234.905617556742,234.758789354986,234.707213661911,234.579142786364,234.285432291003,234.520544565749,234.367136005002,234.329037926994,234.595506878002,234.218183531575,234.510309274999,234.371702215407,234.319234870938,234.554181039601,233.880628514656,234.400419030652,234.329236917053,234.606984824952,234.744588937585
154.056845097069,153.254556201685,157.927316215699,157.847706030979,156.499280104617,156.28535742005,156.935769551406,156.965772838647,157.044102721874,156.997612380762,156.954248398545,156.946971773411,156.800887804129,156.850788975609,156.861077935582,156.791551664578,156.886055151689,156.842258810746,156.849979134536,156.91857715084,156.915197843199,156.883347965192,156.742115808505
360.335263716946,366.372110134871,372.263749987668,372.286798104423,372.238652811771,372.019016921539,371.774528132543,372.358952054731,371.052805538804,371.49516403049,371.483755960664,371.680786681384,371.663017560745,370.672921805177,372.008197851982,371.353867089324,371.980440080127,371.873513078767,372.052598516585,371.654796591039,371.804305489862,371.871095958916,371.372876049626
544.620594759002,505.142231265558,505.24674799393,507.201217406827,506.965682698426,507.518423501781,506.743102669698,506.469463734583,506.847503856732,506.460984944211,506.422555488425,506.697792330751,506.535054137239,506.53768204731,506.40048183654,506.253543584752,506.433598219129,506.338323633501,506.226934885213,506.171245805428,506.714905863813,506.687858597849,506.217776340947
335.892726105251,336.434426374347,316.991994863156,316.07686546476,315.841550399183,315.612845613991,315.815332383367,315.505447130766,315.720729127299,315.477022031154,315.74094800725,315.720918678635,315.425548576366,315.788533036557,315.330899207878,315.187775924579,315.074582761089,315.560058380259,315.534445317693,315.723183867714,315.897783731325,316.18436666452,315.739855933123
182.505216221932,170.405365290652,172.696789723658,173.998981595549,173.901763391886,173.869850745329,173.866053442789,173.846649218754,173.879529772245,173.835764456408,173.826736832051,173.773968612662,173.904391792843,173.647076326337,173.627128669114,173.762157047492,173.615575650199,173.894727054731,174.037515337086,173.97354424512,173.705274970619,173.855214947835,173.858974158541
353.901376099604,338.796828124706,332.741548893801,333.025939171365,333.092235559967,333.112421581296,333.084576309437,332.98433823682,332.790037259786,332.769485482147,332.90788702359,332.844589508723,332.987705756028,332.401330527898,333.028798266711,332.519998402015,332.625307302059,332.685320384219,332.823029313366,332.855149100694,332.774026082549,332.799172511558,332.372709073339
261.967089150608,271.603903847771,263.319015659724,263.667841358225,262.936087971864,262.746931213497,261.804990672445,262.110912212566,262.026661840436,262.023924097048,262.010295907657,262.193452525236,262.067567575478,261.735022207504,261.938943453076,261.783210501814,261.983424876395,262.350490970128,261.835800524535,261.738197548748,262.02753544837,262.016220024637,262.028820527571
388.276986809692,381.468797938486,381.634596344088,381.622916535294,381.585202321454,381.489239062144,381.397644939819,381.298221559259,381.084555067075,380.803129172269,380.760554845622,380.479743850187,379.471533879963,378.787254488315,380.056260264928,379.668606687539,379.210849116649,379.084293675876,379.931176601263,380.16738954102,380.266502139917,379.932722042131,380.46356561553
198.752635611866,220.511180898452,224.40128229593,224.259483187938,223.881487461029,224.943677438204,225.023013849471,224.796997313161,225.237024792512,224.707420657167,224.918963561428,224.649471715807,224.739758406869,224.637786661984,224.771808537162,225.274979040458,225.390238801903,225.037486824795,225.010372265521,224.75176217634,224.783205849549,224.425759734771,224.744600611663
274.469321794158,269.277564799035,271.772426081579,272.701307547595,272.670596080612,272.801076016821,272.87222699962,272.837407126967,272.819022663079,272.892511180002,272.269820105747,272.596772664703,272.315738434261,272.619720200381,272.590683143515,272.324723071064,272.817653057761,272.503967016197,272.329739452334,272.599675978228,272.052508296099,272.305702866199,272.292878411431
260.9589250363,270.603173617511,275.450191275255,275.305779237766,275.195789084555,275.107633248557,274.861149598793,274.784473518498,274.711047487829,274.182109280865,274.56433394973,274.134275505928,274.659159853931,274.6954761045,274.804905133974,274.3019094375,274.626284631325,274.424624499702,274.758247472636,274.677095130789,274.80245498091,274.623599233948,274.376488923654
215.430340283127,203.733987560089,203.696138765407,203.688369844983,203.681902505831,203.692109854688,203.724793077808,203.654707955082,203.654880127392,203.612190347693,203.461375252791,203.628336632926,203.38654687022,203.358600949303,203.308107761073,203.440494703847,203.296479374745,203.475489643173,203.1825395162,203.427108759211,203.69202514335,203.151876663091,203.424984832097
84.1966483897526,100.89741694985,94.881534145858,91.8166314178063,90.1265145712457,91.143062595504,89.667029342876,89.5948445489713,89.588230821832,89.6529656700387,89.6060354378253,89.6424879543694,89.5873907285577,89.6059100027332,89.6079625191738,89.5817918639165,89.5581287123785,89.564527544864,89.5766730779127,89.5884936482356,89.6502445165187,89.6534211474844,89.4666411781757
457.763120558521,445.850383867973,444.252465500984,444.337072695328,444.261699486175,444.115602287752,444.563449160627,444.484117691795,444.393786376511,444.812392045887,444.636661473403,444.196452019887,444.780905143339,444.647300665258,444.355223192249,444.576884371566,444.791328588575,444.566836073657,443.820492179856,444.106860271116,444.252934212817,444.411692192663,444.559018778981
345.692908970337,344.338575120008,336.650504762051,336.573269856994,336.600661045549,336.476686997584,336.402548053662,336.135188434039,336.184415532177,336.204743456349,336.180380383128,336.083757540108,335.651237447633,335.705598201035,335.699369973982,335.148064050234,335.518868323612,335.699530212873,335.532779206569,335.389851293408,335.749144955096,335.828002702399,335.508282560871
665.520361301093,660.507807887041,651.746174839272,661.812396304021,664.183385009109,660.420004009092,660.925833125387,661.471077635323,661.043847595927,661.243081084457,661.247012187422,661.136815914396,660.738637608431,660.871268482758,661.345826020047,661.260770475296,661.015554487859,661.02219649221,660.814485558435,660.814595929096,661.406739147258,660.973311419543,661.628351294243
264.621916242798,244.633896383347,246.958617254367,246.357182331885,246.189262337906,246.359516264835,246.342749740365,245.83004152889,245.55879886307,245.876658101939,245.885437669008,245.667158389551,245.270708285466,245.411566232761,245.478311261414,245.343474200651,245.226949380102,245.214407116253,245.643433191515,245.531891042353,245.384933407372,245.348364044526,244.877611846126
361.190604659296,361.322720986967,360.006095741548,357.842901795593,360.781311484427,361.0973582501,360.561788722192,360.785310633325,360.834854019465,360.862798438132,361.010769366651,360.951553805122,360.991493499216,361.001311093448,361.371343682941,361.100982189693,361.069119552136,361.19463707119,360.993391242352,361.17538387773,360.888842999642,360.854636798639,360.731604457505
444.938429931451,490.392551205511,509.111127447642,509.27741018363,508.860670105504,509.206988090927,509.375480973379,509.901086638914,509.679781645601,510.100102292455,510.637215268927,510.433363295104,510.641897956009,509.614033993015,510.745635184057,510.005183835368,509.650600569016,510.319235735582,509.582665104575,509.289617837398,509.645895799757,509.291020750126,510.363734971572
342.668990409775,349.279897765955,343.144736271758,349.111098025851,342.02596160998,346.88161038346,347.26193740416,348.234636344019,348.283086887257,348.005951882798,348.034921412214,348.229797135958,347.887137898131,347.908743018355,347.906686014581,347.526595482103,347.597963126409,348.097056696412,348.017366551807,347.982313575786,347.72813226902,347.494854810746,347.670048929943
217.10877561916,217.678082648047,213.929948114322,209.383821772066,210.660366155706,206.556870471594,202.569081336597,201.45834955926,201.649777955412,201.735682634142,201.513692862284,201.570241523834,201.676720633021,201.33239231936,201.341928479653,201.333026666464,201.101114326216,201.352182353329,201.324860803882,201.37984037674,201.397747912911,200.958420576709,201.241652385392
171.618594655707,183.817742587997,177.741141931221,177.971479118456,171.553137687775,169.859516349597,171.495399347203,171.480325854951,171.49510926444,171.430467026396,171.420501966062,171.491690074139,171.248663802744,171.281221888079,171.117944326272,171.052899408592,171.339892965496,171.055309428075,170.956793560662,171.094221075112,171.104343759136,171.088626672708,171.239278391748
219.144925401348,241.499408162272,243.229329895302,243.867881459928,243.399422421069,243.763812119807,243.680567323031,243.7218925255,243.765435084045,243.65811683628,243.833422917022,243.568564704049,243.397716082302,243.766301251212,243.493239076166,243.572315751996,243.446221673419,243.829286365592,243.726962501971,243.819447815365,243.538877635335,243.395486734085,243.599693773524
623.717526018011,630.848090132958,630.07786613774,630.072330627198,630.018098198899,629.88630297012,629.593533495799,630.050694620545,630.378947017142,630.847549152042,629.912006359643,630.503392911162,630.011278094125,629.924250346135,629.73339463312,629.175772637859,630.555201722413,630.291324083232,629.791866564514,630.106155896013,629.80739838145,630.276248706011,630.211336787004
394.435618872214,379.383569595996,367.914940638252,363.818622426878,364.847288677367,363.49810281223,362.669991750672,363.085272503921,362.426483492088,363.007041219984,362.768407261799,362.693386360641,362.480610671552,362.707971473241,362.523772042224,362.80712972894,362.476169470601,362.684758819098,362.40063162648,362.909541911051,363.002314521039,362.357227082666,362.449796938409
620.255996492051,633.434375551586,618.732931060634,618.562549872468,618.49402008438,618.295258553454,618.127012330414,618.292961814428,618.525162811601,618.394395585119,618.172867583117,618.265458545825,618.112285358947,618.005747294741,617.822064144126,618.042258318084,618.049516032791,617.795939311058,617.966757838626,617.71411755037,617.310743460875,618.173120266293,617.886905401195
272.614457294743,248.449057977708,245.263014857997,244.673545894236,244.6098452617,244.703767795161,244.590683873626,244.64507905067,244.653709289107,244.58389456188,244.530503110381,244.536680498307,244.381321715188,244.12207307751,244.31997680148,244.287048427787,244.639701598437,244.301103695782,244.48419614645,244.393936757731,244.22047262193,244.18342190305,244.253692193959
451.437885683478,454.47042673078,452.973993227499,452.89551815487,451.434879237629,447.836961602574,450.280291109878,451.561923360652,451.64923289838,451.682211588744,451.70295288185,451.669710844994,451.570286319494,451.953336873142,451.408955716179,451.382422400128,450.997103206467,451.607577451492,451.808109977144,451.37572378264,451.57368489596,452.060776572981,451.228108752064
192.67770887703,190.332322224163,190.31868775479,190.270359511378,189.736468985284,188.55579980772,188.872035508591,189.127626423574,188.97286533011,189.229320042971,189.03567247587,189.206230235086,189.147466914116,189.295159581785,189.428286144266,188.878481490828,189.182796287425,188.827896545291,188.943082421276,189.074146765633,188.785544841002,188.799530818565,189.003974515309
