"V1","V2","V3","V4","V5","V6","V7","V8","V9","V10","V11","V12","V13","V14","V15","V16","V17","V18","V19","V20","V21","V22","V23"
15.7215780546013,15.8394480234679,15.7884894188482,15.7372584508837,15.7848885853795,15.7271698380657,15.6517148514996,15.6844862472227,15.6922243711471,15.674611922204,15.680652642617,15.6576496622124,15.6417040735165,15.6715016906928,15.6542075741523,15.662583825426,15.6631898579942,15.6856719434907,15.6690060986981,15.6666024129251,15.6552269982986,15.6681177886992,15.6686271964322
28.7747116210768,28.8996998110297,28.9078117378932,28.8953410269431,28.8770555852125,28.9045270184707,28.8963878118769,28.8923896792842,28.8882365719309,28.901071635125,28.892316571117,28.8823369237097,28.8918038110964,28.8882155701782,28.8858212771747,28.9023171485486,28.8996453952094,28.8944702092139,28.9028564775313,28.8996588595503,28.8886050222669,28.8921564761211,28.8900532375478
23.1626492414358,23.1338019685854,23.1695071637984,23.1491157303884,23.1534383085884,23.1469724769628,23.1497459099602,23.147237233006,23.140267179575,23.1418151029043,23.1432369721087,23.1468824653679,23.1489712664597,23.1417745041964,23.1479003056628,23.1493192290984,23.1436302721451,23.1446734951688,23.1443631106362,23.145756352347,23.1377051534953,23.1440292331808,23.1511511882858
18.2247898114833,18.2292229607654,18.2361040498959,18.2273468437402,18.2200806529947,18.2229709623517,18.2172647978394,18.2346591005644,18.2224481371622,18.2177560244565,18.2284549778286,18.2185446595686,18.2188078619666,18.2138155132708,18.2277431580933,18.2253486938174,18.2237964439292,18.2132168195419,18.2121323658584,18.2186533956899,18.2270889047458,18.2239035311616,18.2257691245974
26.7101916197987,26.6316762515501,26.5603363075216,26.5804533102061,26.5690866880405,26.5300124266151,26.5512539880238,26.5539808304168,26.5605977570291,26.5479152409991,26.5329634804452,26.5495408072239,26.5370911967491,26.5529202267292,26.5345194502361,26.5408751535759,26.5588243842188,26.5333072305287,26.5433376975259,26.5478721657336,26.5500045205408,26.5344257569057,26.5413787206886
25.256498102813,25.3683587616163,25.3375864237705,25.3485800321946,25.341477295532,25.3454067673659,25.3479517792199,25.3344289832329,25.345789374083,25.3324350721009,25.3377406159839,25.3216342822762,25.3303400970258,25.336732207074,25.3435725792686,25.3292481607818,25.3330847709026,25.3415621961785,25.3323791933528,25.322704979892,25.3408110575799,25.3310606136549,25.3452088081489
27.6975376156152,27.7053511674126,27.6863217359399,27.6865036275222,27.6883573361201,27.6929480106437,27.6817761583766,27.6939472823963,27.7030632156572,27.7044819309153,27.6926464422702,27.6864092081551,27.6865503016319,27.7010533111148,27.6923296774573,27.6974192702953,27.6909645657568,27.703686728158,27.6981039686404,27.7074335449946,27.6947212449029,27.7080442257641,27.6866502020274
24.5371527926346,24.6706823568278,24.698143855337,24.6509259720776,24.6733578171773,24.6500388355587,24.6476229938496,24.66081404365,24.6707884521939,24.6445646782288,24.646986386128,24.650937886245,24.6500842906828,24.6454240366733,24.6443928586215,24.6505554286557,24.652317676272,24.653772349464,24.6556686625996,24.631760084591,24.6574728948297,24.6486931631752,24.6490346753485
26.430944533005,26.4870300612211,26.4570377606232,26.4710032433615,26.4569061413166,26.4606281712142,26.4611875151106,26.4562628788885,26.4601132469274,26.4611168880054,26.459937197012,26.4761272402681,26.4621167319481,26.4547935478412,26.4710741120556,26.4709269010277,26.4659308263356,26.4544951279038,26.4603198416331,26.4608838196624,26.4635558753337,26.4644391326023,26.4613498457526
28.5289687756145,28.5510764151191,28.5537602695394,28.5426676236411,28.5470641910678,28.5453543231589,28.5415208788353,28.5638022477509,28.5501867032605,28.5360952898631,28.5483154861443,28.5445227097675,28.5479109278244,28.5405705868148,28.5512884392927,28.5466029421516,28.5445765361757,28.5434636339202,28.5488197695352,28.5438340238852,28.5471478210575,28.5403102460735,28.532659043273
25.4385101286163,25.4231805789343,25.4184700780596,25.4126842477761,25.405689660568,25.4214337937693,25.4244505543375,25.4156696748453,25.422323375754,25.418521364009,25.415549585605,25.4214614175823,25.424023180974,25.4145567279782,25.4269284866635,25.4133882990119,25.4108813030611,25.4221891873818,25.413866368002,25.411659408228,25.4174385653473,25.4102063864254,25.4155776156845
18.8199896896136,18.8102902427724,18.8007389329952,18.7937940846626,18.7930195413495,18.7839596862122,18.788861666621,18.7881219102526,18.7934292880604,18.7846676205279,18.7853749983034,18.7863610863505,18.7790685040394,18.7799847817085,18.7856635173835,18.7765654783272,18.7785703915364,18.7800768064675,18.7754367060345,18.7852238524221,18.7868495811054,18.7763628688278,18.7821220732573
11.5890163998754,11.5256484723512,11.5188003111961,11.5087288897079,11.5130396155507,11.5116095917227,11.519784974497,11.513603601689,11.5301134103039,11.5150078400266,11.5353225239537,11.5219223560687,11.5263125108498,11.5302663358366,11.5389838174758,11.5473978988706,11.5437497263965,11.5331772517837,11.5461143911475,11.5411930280292,11.5519477640032,11.5495171348218,11.5319237584218
31.0151229135016,31.0375559590194,31.0245779662313,31.0169443656086,31.016076191122,31.0201416976397,31.0031667166076,31.0151661101076,31.0191666889245,31.0114574833035,31.0074819505067,31.0057858359031,31.0168119643589,31.0192976351337,31.0189495283947,31.0143563955835,31.0069933916443,31.0119799307386,31.0160847660962,31.0078568549229,31.0211616279512,31.0094820055426,31.0025776106753
26.9902902793796,26.9898884667217,27.0314779870662,27.0164879175945,27.029226277104,27.0290839750085,27.022807792332,27.0209625254182,27.0279120539728,27.0404169045654,27.0276567566604,27.0262169994129,27.029684652907,27.021692858708,27.028146007737,27.0193450835608,27.0102918711629,27.0245159255342,27.0195588358519,27.0110327053296,27.031086736393,27.0301203011376,27.0290251593932
12.7368734102128,12.8497255737439,12.8666908001654,12.8929031831693,12.8809713017668,12.8932583333547,12.8796624611146,12.8606867801926,12.9080455463412,12.886973725872,12.9050725216779,12.8934001098898,12.9064579496528,12.9096731793524,12.9052315191369,12.9042788619379,12.9107159497987,12.9038499881016,12.9039179721104,12.9010756049674,12.9061802417471,12.8984341828323,12.9071496208268
21.1781146145652,21.1950508844237,21.1780029229559,21.1641550857209,21.1607964685174,21.1688781720794,21.1687043434138,21.1687929031447,21.1690368320552,21.1667947016966,21.1624443804683,21.1617075381012,21.1721485287183,21.1634481099618,21.161026681586,21.1702097971249,21.1598786123515,21.165884607777,21.1606940860803,21.1588749917335,21.1618361246424,21.1644115422831,21.166158149608
26.8514715840047,26.8522868440202,26.8579077827029,26.85146969369,26.8488605268182,26.8476143325916,26.8786451555174,26.8569054613831,26.8574632730922,26.8720336906545,26.8634820128091,26.8734949028857,26.8615000672,26.8645031618958,26.8648165697564,26.8555706082141,26.8676791066215,26.8587436888006,26.8672139736499,26.8538692351752,26.8578363781338,26.8594013071532,26.8619318619942
23.0013648872514,22.9954603294398,22.968521545009,22.9613712080676,22.9394229748417,22.940854508124,22.9219219155616,22.9367467537045,22.9272426116888,22.9251563154141,22.9288452646777,22.9311269561746,22.9299147178016,22.9320137135871,22.9345568869727,22.9203227730287,22.9364003003404,22.9286659036863,22.9320571571696,22.944195814279,22.9358883000308,22.9386325477291,22.9310810335078
19.692593519744,19.7265761599117,19.7214530973593,19.721976181066,19.6948215074731,19.7048310897095,19.6828315269219,19.6827885948891,19.6968468252242,19.6895865451743,19.6892880161732,19.6974348605063,19.6899190205996,19.6864136958049,19.6846993319227,19.6839444616992,19.6936657544041,19.6841295125595,19.6811748142941,19.688245677659,19.6858950490227,19.6836938147494,19.6841015914605
31.9363276672142,31.974148267946,31.9809421745362,31.9899300839418,31.9646638006703,31.9536196891316,31.9404140578828,31.9619432020724,31.9508202848448,31.9463023763095,31.9480450894909,31.946458178772,31.927384764243,31.9455603850811,31.9385925905953,31.9500238260655,31.9390944299464,31.9480021543281,31.9304081167594,31.9451239433557,31.9443810924873,31.9406791005252,31.9384678737049
28.9551031975146,29.0364618599242,29.0405520663719,29.030929883138,29.0464740590836,29.0349880871281,29.0563920390306,29.0323081494223,29.0454782048392,29.0448944298603,29.0496574670138,29.0353034598164,29.0689466174614,29.0315107710005,29.0528263622892,29.0348465934353,29.0366398662944,29.0581709426576,29.0348607083253,29.0411241109925,29.0410737756688,29.0393455743532,29.0567013476403
21.365383835648,21.1373406039849,21.1562566344184,21.1417787483057,21.1738111712746,21.1325091976035,21.1474974096514,21.1373593479215,21.1316702992319,21.1234999076932,21.1271256425635,21.1248705238459,21.1167704928334,21.1201338125491,21.105030945422,21.1275622569541,21.1160474936372,21.1127757144022,21.1092600506278,21.1165870499631,21.1088403684272,21.1275338852778,21.1281745514552
21.8805670929156,21.9278604727024,21.8164358886971,21.7762634873969,21.8155281347579,21.7837150852874,21.7622766526568,21.8018281591661,21.7715688386263,21.7677002393726,21.7760855956332,21.7662003923847,21.7686717962843,21.7729887252373,21.7621992153121,21.7673921870178,21.7699826496926,21.7687385383449,21.7663629553881,21.7745836494037,21.7585489269769,21.7844552551383,21.7577703694636
24.9994798584527,24.9791857049449,24.9610916827162,25.0130541361125,24.920123012102,24.9460310615438,24.9383654412815,24.9440556272243,24.9593456646609,24.9477284810356,24.9416870509501,24.9621413653282,24.9473615936229,24.9493188825855,24.9790026403035,24.9724038288271,24.9446691713896,24.9492989449979,24.9448691831787,24.9524323475554,24.9586568708186,24.9536764445316,24.9427085835921
19.0597615132955,19.0759346162181,19.1292048053284,19.1092924874659,19.0977183569629,19.0886882169883,19.081542540867,19.1078543969321,19.0959196977878,19.1114203886976,19.1207561359982,19.0964985173554,19.0986228754181,19.0952527012168,19.1081820803056,19.0960893646214,19.0884855337485,19.088700308196,19.0931947552307,19.099632734123,19.0987036562434,19.0986369957311,19.1011476100787
24.5782559586891,24.6627413929633,24.6540081796118,24.687887533397,24.6702387209678,24.6738768828238,24.6713252008735,24.671547548341,24.6712192186439,24.6675235333531,24.6670343487548,24.6740626317423,24.6687185112992,24.6684340698705,24.6633264214892,24.6691254876368,24.6765383206359,24.6586250309003,24.6661171269455,24.6732962081058,24.6671933605296,24.668937689172,24.671195545704
25.19027804264,25.2637086119485,25.2326815183568,25.2075151418965,25.1840917035311,25.1718470094561,25.1810127479653,25.1787574310029,25.1812143228521,25.1821336443063,25.2039028553969,25.1838098266444,25.177167056061,25.1823151161932,25.1692875466231,25.186448243496,25.1810856979206,25.169528310055,25.1757464077571,25.1754467826697,25.189894478226,25.1768324833281,25.1744723260688
25.2906187057434,25.3421477641099,25.32782871375,25.3261344134447,25.2843918656688,25.3145933934361,25.3058308982242,25.3221147581871,25.3086219576753,25.3248200533052,25.3087493490075,25.3140121029172,25.3157645532605,25.3069671212967,25.3085656302735,25.3136250765227,25.3244492731586,25.2995801039417,25.3128968142615,25.3127142226237,25.3125120213573,25.3151105467426,25.3205202996989
28.2147429820906,28.1881859962419,28.1770791550266,28.188374176123,28.160838579696,28.1721010356438,28.1643778842479,28.1559450058036,28.1640294800659,28.1644534734157,28.1630429431922,28.1652110205431,28.1660642184291,28.1645908063513,28.1556458286641,28.1592259392559,28.1668761656228,28.1643514355073,28.1683469591794,28.1620740132289,28.1558341500533,28.1604482398393,28.1683665136792
27.5334836408151,27.6417859401747,27.6211370665727,27.6298437532476,27.6190181716057,27.6092818246839,27.6101081805628,27.6113805548327,27.616159467911,27.6232310624397,27.6298592487504,27.5925787883093,27.6111228743929,27.6229379269296,27.6199458063054,27.6247017830844,27.6134671970239,27.6234847230756,27.6361002180949,27.6261075595206,27.6122438242676,27.613092456324,27.6192610636479
24.4631053829125,24.4631428353125,24.4606988126922,24.4632303528534,24.4632473046768,24.461540830603,24.4564973786903,24.4588098157396,24.4655815327645,24.4576984527556,24.4595255453192,24.4670851394977,24.4604565507459,24.4623828454526,24.4647225774489,24.4586106170729,24.4595116301979,24.4628476841947,24.4638037065554,24.4611207172485,24.4579060377797,24.4595853383097,24.4578869460914
25.0804567949057,25.1546595738317,25.146319208326,25.1618109996253,25.1464862913771,25.154928251771,25.1422755865041,25.1406785474532,25.1446130454634,25.137033151059,25.1490381064494,25.1421353869293,25.1404330465973,25.14160060022,25.1354974187424,25.1390260719445,25.1505744044782,25.1433664838843,25.139545656034,25.1471983395775,25.1362499140606,25.1449672318029,25.1519162712803
18.1416396363672,18.1943485672851,18.1805373660131,18.1595033451493,18.1773518079145,18.1617351674105,18.1317756432483,18.1463361823992,18.1712681374956,18.1533565794366,18.1472244629155,18.1688883632694,18.1499912720493,18.1413731205372,18.1620951580685,18.1599785300069,18.1575113884798,18.1499399810585,18.1651978444014,18.1611741327843,18.1664491988322,18.1638161801231,18.1635667012348
22.8084924714723,22.7960341022558,22.7817258833331,22.7699722353712,22.7744159545432,22.7810719635147,22.7788634840165,22.7778117693712,22.777278304884,22.7754846150938,22.7715200814449,22.7828764139808,22.7689779607658,22.7733026559048,22.787235831308,22.7691741101249,22.7767958551316,22.7772615945278,22.778684252301,22.794240963181,22.7754128343017,22.771944098961,22.7764800185624
34.8280721249284,34.8272054390209,34.8178515595242,34.8190576002661,34.827744993394,34.8287179790971,34.8268210890913,34.82526085204,34.8205017946073,34.8378696525565,34.8380284981217,34.8284718057939,34.8295428122206,34.8255959921526,34.8246372790341,34.8318024654032,34.8255212082354,34.8261951395432,34.828431084461,34.8321335694325,34.8344847845173,34.8303691803364,34.8262483648951
22.9353354633233,23.0446387899233,23.0122779717372,23.0009867384912,22.9924172247681,22.9970146716671,22.9684564518949,22.9892710805661,22.9795757773546,22.9923995506814,22.9819592139155,22.9887061590903,22.9912382059335,22.9757733536901,22.9717654584508,22.9696493139843,22.9722790723076,22.971721619898,23.020257186769,22.9823871157388,22.9882022839155,22.9891753077043,23.0011036183321
19.8251382127221,19.9409281653081,19.942293758348,19.9117888478513,19.9230476553992,19.9287027774311,19.9206280389453,19.9071570758826,19.9211186611456,19.8987643454296,19.9104389644207,19.9051306146282,19.909520605681,19.9116519709531,19.9126490858783,19.912180820318,19.9064417098476,19.9101092428117,19.9155859582274,19.8938621748253,19.916620382431,19.9081938054358,19.9055625521362
25.9390491549467,25.9885774389263,25.7979691722023,25.8135155930993,25.8297951819473,25.8176197934482,25.7154125079659,25.7840388268669,25.823510996989,25.7645608433519,25.7915201704081,25.7456139556011,25.7615359288892,25.8052101290259,25.7540521083411,25.7682965941304,25.7450310919515,25.7485559694464,25.756618139524,25.7828002098458,25.7708386277294,25.7569540126631,25.7778646716729
23.478511824797,23.4391189954375,23.4270274592872,23.4196176458314,23.4201212310279,23.4268535481174,23.4254342434674,23.4138203925914,23.4203747628929,23.4240747711934,23.408291983627,23.4304449064105,23.4192717201676,23.4168323410737,23.4149539983233,23.4161125539181,23.4262005898586,23.4197002778631,23.4177273218255,23.4225484390249,23.4098317620698,23.4152548392627,23.4120714858584
20.3541146279372,20.4523675424139,20.4684611302753,20.4741564178954,20.4465203004673,20.450760155124,20.439645503106,20.4587707693295,20.45762879852,20.4613289892408,20.460910552656,20.4403766177205,20.4579925476929,20.4498999915021,20.4563836264936,20.4583243800762,20.4510945444295,20.455089780699,20.4495149353322,20.4551714573583,20.438513432079,20.4500368397905,20.4618672595276
29.3286757996553,28.9981750773689,28.894797537452,28.8722273304034,28.7876613898545,28.7590026359175,28.9092858621936,28.8382770410418,28.846193737293,28.8361657817925,28.8303089369534,28.8134886529427,28.7821194182834,28.7923673551495,28.8134613792441,28.7969290072998,28.8017525235415,28.7770494610805,28.7958968327086,28.8192405281439,28.7815258146048,28.8043305473479,28.7832778001248
17.633249725386,17.6957058553905,17.6799006712198,17.667677075191,17.6488219432512,17.655815290117,17.6226229033903,17.6263185704493,17.6228094223039,17.6383545576646,17.6237080496818,17.6123817344137,17.6260117399867,17.6054712212428,17.6114837533014,17.6106088018104,17.6083511254639,17.6246242986852,17.6069325185553,17.6137075758229,17.6036111563919,17.5984792733087,17.5951811313838
22.4315895100703,22.5144066426372,22.5005304906119,22.4557610025452,22.4960789041048,22.4508022146555,22.4532595481299,22.437898490822,22.4566412374977,22.4430631676736,22.4373061622082,22.4523533299947,22.4380222380617,22.4409077201244,22.4379182076635,22.450751354467,22.4457099947228,22.4415818696194,22.448888633832,22.4433264533445,22.4324247283538,22.4385629365573,22.4365126378614
18.1218286938002,18.0454286548235,18.0576917844056,18.0415357443688,17.9961662845338,17.9724996678101,17.9818022866096,17.987000049442,17.9789972076698,17.9522042072887,17.989854182703,17.9785216619631,17.9968415551373,17.9771847584358,17.9843741143593,17.983459793705,17.979488361183,17.9939796065066,17.9946306973987,17.9828394192835,17.9784750827481,18.0049680972798,17.9957452580838
18.7481684824355,18.9595038258719,18.8989381562615,18.9464632380552,18.8737341486267,18.9153370362388,18.9406324587464,18.9131233750208,18.9028004558818,18.94915324413,18.8939412111583,18.9124746146488,18.9337510940007,18.929688000799,18.9312727528649,18.9393906895427,18.9489567864533,18.9264877396108,18.9384870551905,18.9156910634866,18.9249044244313,18.9248570378585,18.9374412995123
17.1420468192798,17.0599078691512,17.0638095737508,17.061644716817,17.0245505670019,17.0295735548535,17.0170734599638,17.0440657159258,17.0366137000119,17.0382477824368,17.0558812010194,17.0579951805044,17.0396219909815,17.0385937711793,17.0301034851616,17.0423700790713,17.044322358081,17.0439330338792,17.0423637403359,17.0437385921642,17.044015278219,17.0477969120681,17.0483159557201
19.7625994409713,19.8915479147586,19.8441462825903,19.8315048714687,19.8231154501398,19.8061437544479,19.7880959619193,19.8104059736272,19.7899651593531,19.7701966373739,19.7848314804625,19.7961203538755,19.7789312397046,19.7948435882521,19.7978906077727,19.8111944274179,19.784723519124,19.7767153550947,19.7802498743592,19.765396445081,19.7927597944401,19.7772541655031,19.7828631547594
23.6663152553904,23.5670975788636,23.5299616583459,23.5454702770483,23.5292559425679,23.520033221557,23.5112321084821,23.5318691892478,23.528036706296,23.5249601539733,23.5210319923802,23.5170962938319,23.5121670158802,23.5127609405465,23.4947330899515,23.4967740982999,23.5215293323594,23.5012060535863,23.5161852108949,23.5185093406706,23.5161406253116,23.5201504737049,23.5038730670425
30.5973637269994,30.6895969673085,30.6823695968012,30.6303325132624,30.5986917552175,30.6156582297643,30.6035833779322,30.6071519970463,30.6073754337002,30.6064975330124,30.5898339566158,30.6008089504081,30.6024022465091,30.6125094355938,30.5978492646918,30.6001925986116,30.6128292179212,30.6156759483065,30.6317921519372,30.6051088636509,30.6220265606633,30.6156100664667,30.6061016707155
13.3132989584464,13.3810949416879,13.3773475136353,13.3962640231557,13.3681471313552,13.3716923225782,13.3572308503843,13.3707203582703,13.3731294349043,13.358337082098,13.3677870753509,13.3679412528841,13.3633660536089,13.3664789473209,13.360873782988,13.3596084509555,13.3578518457808,13.3616708476936,13.3700915372109,13.3645908104841,13.367203384964,13.3678003511041,13.3635881444657
33.2557019392821,33.2964495941746,33.2950602893613,33.2931433082382,33.2841140878352,33.2786028988733,33.286061849736,33.3048780575833,33.2759763466507,33.2912001289967,33.2875143952963,33.2883191704875,33.2865801565856,33.2811694334473,33.2769269439148,33.2955031739799,33.2777362737323,33.2865088651815,33.3001671495575,33.2843544115248,33.2973349181643,33.2845738474136,33.2868360230505
24.9708680051506,24.8816297343894,24.8746197837946,24.8550986117274,24.8495395512613,24.8648015423772,24.8501109655119,24.8438094502796,24.8399447740705,24.8407967902442,24.846489931034,24.8568804081515,24.856548663542,24.83467823115,24.8324420341739,24.8425610781983,24.8484144105282,24.8305754597495,24.8398025748649,24.831294614191,24.8319309330252,24.8457845421502,24.8366358855256
19.7442214593773,19.767866103129,19.7530838574287,19.6988687829665,19.6948267327892,19.7272031187854,19.7017978594747,19.7229023142162,19.7044337338525,19.7009442629542,19.7116971434177,19.7397629944012,19.7239159503399,19.7270301181961,19.7145098257629,19.6933372467044,19.7135621716509,19.7172030052978,19.7137481621565,19.7077233104799,19.7115171540013,19.7253135326121,19.7188933934907
25.2424673450634,25.2444588602339,25.2214954009545,25.220252738733,25.1740516077996,25.1900804924336,25.1847649786033,25.1745014396289,25.2076694418685,25.1817629436043,25.1732255972032,25.1775366489135,25.1651915546192,25.1796630929649,25.1723817398502,25.1596663595097,25.155607739707,25.1665530006992,25.1631268842572,25.1788643594733,25.1584256621869,25.1679175890146,25.1686437636724
18.4134815329104,18.3626343384023,18.3362197496502,18.3325788071427,18.3226938603588,18.3101734372709,18.3206300951887,18.3163316277941,18.3145153992736,18.3179137652898,18.3082312019583,18.3117750910138,18.3086996736134,18.306058237267,18.3200733053668,18.3049861883471,18.3186591614053,18.3112329996663,18.325049924206,18.3201854029145,18.3224448628976,18.3023134629698,18.3000222164802
22.5122701288884,22.5129586113504,22.5015886508593,22.4638543017556,22.4640512981121,22.4752008367089,22.4483651589967,22.4350415681757,22.4513646180858,22.4493766274627,22.4464571395595,22.460333080723,22.4497692428694,22.4419007659374,22.4527051024184,22.4477501880183,22.4464155428498,22.4479482561498,22.4419053282235,22.4522330688362,22.4445747839267,22.4511860274004,22.4409121021108
26.4469237881818,26.3795772118475,26.3893340449585,26.378972593473,26.3666576194916,26.385157185128,26.3750859401972,26.3653202250166,26.3882275281102,26.3713036321847,26.3781145986296,26.3690643982364,26.3798511204041,26.3728456376302,26.3747701770296,26.3827825408277,26.3849039867761,26.3736206996867,26.3803703530034,26.373122909843,26.3829577016713,26.375263605517,26.3822277305731
25.2252050791641,25.190335494424,25.1791873477384,25.1854396363561,25.1690241102941,25.1686387752021,25.1645220301158,25.1719238115803,25.1600522315793,25.1677837557959,25.1724612102864,25.1691696086727,25.1641142995337,25.1712399137181,25.1671636011781,25.1663754991462,25.1634733274314,25.1677016916374,25.1649157768145,25.1665621559394,25.1662260606562,25.1655209663454,25.1689366223811
20.8184880999498,20.8620513877315,20.8508768542593,20.8504243179257,20.8450930725592,20.8441058270243,20.8389806218743,20.8328832604302,20.8277403327067,20.8326893679135,20.8289425510602,20.8317299720188,20.8374291904525,20.8335942195805,20.838049056281,20.8429985748066,20.8279453995526,20.8217430874877,20.8313688981421,20.8315994500196,20.8326853765651,20.8347586059528,20.8331304546699
31.640368606331,31.6786114744702,31.75657688718,31.7395102636591,31.7785927305478,31.7888921163528,31.7995404740132,31.7756470240345,31.8206299220138,31.7892909182852,31.8211481952722,31.7756611334921,31.7970780129227,31.7967869291486,31.7919862035,31.7972374841838,31.786579883092,31.8036529685411,31.7886476978109,31.7904942302413,31.7845352074578,31.7994433109703,31.7927951961502
20.3007533696166,20.3315155391064,20.3412833288868,20.3350682527306,20.321856049512,20.3186129242084,20.3326439676994,20.3130290702309,20.3336343505649,20.3286784050255,20.3175354553386,20.3197443476651,20.3131726333901,20.3279573477441,20.3115629032109,20.3208491504576,20.3142674343211,20.3165450577627,20.3267431664133,20.3176278071666,20.3197602862552,20.3286598006572,20.3210752136273
18.710690801949,18.6684141175628,18.6947772600468,18.6882582524307,18.6926799990092,18.6874687607205,18.6814876798096,18.692006636338,18.6884709613751,18.6824812326336,18.6959818471608,18.6731301672993,18.6753216938998,18.6842865837989,18.6888948212859,18.6860659385662,18.6994004567571,18.6936371598476,18.6855799689852,18.6940387946312,18.6903550048543,18.6947111600444,18.6938866844778
21.4112129647121,21.4069876355689,21.4100355245591,21.4063550875921,21.4046791986141,21.4070044946751,21.401570708991,21.4050900377718,21.4033140077008,21.4018015890052,21.403059560099,21.4060553815484,21.4064006976946,21.4002780333458,21.4105412165889,21.4087969050516,21.4042226417985,21.4083117653481,21.4071714681097,21.4021037949368,21.4027987690695,21.4126261003029,21.4123835452892
29.1016771852854,29.0768609493386,29.0662532342674,29.0681388483479,29.0528380555541,29.0496049562509,29.0523653034429,29.0480217022074,29.0539740297866,29.0496478891973,29.0543696454537,29.0457891835583,29.0516751224804,29.060262723322,29.0496880069379,29.0443323438109,29.0444490176113,29.040111626788,29.0413888255805,29.0542655624729,29.052610196701,29.053420194565,29.0485151931188
30.0119012953053,29.9029933628839,29.8896674782435,29.8684599418472,29.8581804626663,29.8508267366229,29.8495138671042,29.8529448161042,29.8501919100338,29.8451702849426,29.8536606046447,29.8283537676619,29.8667117763003,29.8509483425809,29.8503192708368,29.8465915424212,29.8486636783041,29.8486639053916,29.837454697423,29.856332579274,29.847448461529,29.8480971553371,29.8380563079009
17.632020355184,17.6280262549154,17.5827983524899,17.5750100238335,17.6210182163661,17.5959587611038,17.5979728837985,17.601086034717,17.6491535604292,17.5943510271266,17.6198218154924,17.580135520772,17.6011789873204,17.6133901423959,17.6199955828166,17.6340595555096,17.6125626194231,17.6079861969431,17.6152291424659,17.6100389778026,17.6171775588548,17.6110433593101,17.6199330312445
23.024338825274,23.0004837908692,22.9789188908707,22.9544905545273,22.9616552546237,22.9566394764419,22.9691090527152,22.95459527553,22.9597420878502,22.9585502393359,22.9583791936293,22.9713773787942,22.9532532451672,22.9537666352311,22.9589087545755,22.9528996949326,22.9561568815669,22.951072662882,22.9562403194413,22.9614505660979,22.9642467266967,22.9582746693553,22.9582112215785
17.9149071691064,17.8912440350589,17.8683676144917,17.8683142822848,17.8867193110786,17.8667288112106,17.8866942079689,17.8655406377169,17.8891233166684,17.8771418373164,17.8758002456927,17.8598701619924,17.8900412992255,17.8769064803643,17.8974412515549,17.8775884315396,17.8872385336694,17.8774851268823,17.8915429265941,17.8904903834839,17.8935361220509,17.8794156548848,17.886227647158
18.2758583289547,18.2206312960006,18.1443663923091,18.1387149207604,18.1412593125843,18.1135718698313,18.1403863568238,18.1401643219583,18.1601427311655,18.1235858760392,18.1273236649988,18.1267804192701,18.1286028383531,18.1354148695427,18.1442894124733,18.1602541195381,18.1254895572762,18.1226635129321,18.1176882643505,18.1277132908023,18.1225723243883,18.1253241613926,18.1348719706023
20.2972600433052,20.4504921891487,20.436841024688,20.4390467610174,20.4111161426024,20.3829192748507,20.3977903101241,20.3877818623156,20.3835889358221,20.3954718838164,20.3772014193469,20.3912591086038,20.3791829758959,20.3752308378807,20.3755917461325,20.3819387561792,20.3760707185441,20.3871080959171,20.3984590349006,20.3833166572179,20.3836956067035,20.3840274151854,20.3882045345035
22.9012388174828,22.8932645503262,22.9015730806557,22.8903596968983,22.8772939372673,22.891214117586,22.8922194308065,22.8845888675305,22.8831544284961,22.8793441580104,22.8893198655005,22.8885167303959,22.9028774413602,22.8826785539345,22.8824341725282,22.8770324579179,22.8793086490562,22.8950845750268,22.891111931497,22.8851141338662,22.8879902149228,22.88793817635,22.8841836466352
15.4189778793616,15.3850190752758,15.3773734711408,15.3782197389553,15.4670962524624,15.4399495272799,15.4179928388412,15.4067028581744,15.4093908917789,15.3918808544992,15.4124991584596,15.4290896090317,15.4156299112724,15.4023883657913,15.4025736905423,15.4083513303328,15.4012265895386,15.4066187740395,15.4209626948351,15.4056526070857,15.4130605803412,15.4110240105992,15.4188390897936
17.7679653280422,17.7987705862836,17.7864412064625,17.7868392665534,17.7836510627878,17.7885691755504,17.7768436053317,17.7849782567785,17.7808780045926,17.7835806002245,17.7840711584321,17.7683981869635,17.790481403294,17.7944727540156,17.784307654784,17.7784558910259,17.7894436097696,17.7868563495358,17.7844778293683,17.7820424478772,17.7831687565245,17.7886981105817,17.7829993438792
24.8245684788918,24.8926709187987,24.909339755343,24.9150296001592,24.9359996163727,24.9292266933785,24.9262588184979,24.932007602731,24.9306488646772,24.9425655792697,24.924493249534,24.940990394549,24.9456722452219,24.9233020463078,24.9377088551938,24.9349428824107,24.9272138035309,24.9428866248357,24.9374952122135,24.9401058574768,24.939088244948,24.9341397468822,24.9483143631878
16.4475227654986,16.5188489189645,16.4794349181884,16.4692160157485,16.4502462679219,16.4580753073659,16.4613970838963,16.4602728182377,16.4569899248114,16.4522106499961,16.453584678302,16.4604969476794,16.4525781613065,16.4578214557043,16.4525411117624,16.4443132633458,16.4532523055365,16.4432927986618,16.4302232691908,16.4527522968403,16.447649334457,16.4493473988425,16.4522950046135
24.5414932125618,24.272335704819,24.1459670730976,24.116202962419,24.0855218285307,24.1522956027972,24.195260608288,24.074894328913,24.0865484942094,24.148762036772,24.0856670088873,24.1302700905522,24.1000981954574,24.093063337589,24.1054908297613,24.0991660446366,24.0687247098449,24.0913851424952,24.0843126156813,24.1009479472916,24.1085935052472,24.1090904399281,24.1001143769504
25.0084399679018,25.0484986156921,25.0394648668361,25.0399349086861,25.0356393703594,25.034564179786,25.0154048648545,25.0447293499633,25.0253999593799,25.0309476967119,25.034579041652,25.0231502637765,25.0311100270952,25.0250854341392,25.0289587852002,25.0151273505116,25.0307545619701,25.0384132578942,25.0380977685114,25.0249370449712,25.0226777005245,25.0357005107066,25.0271340146063
21.940050364711,21.8502820239219,21.9029201002775,21.9254525877308,21.9349244936026,21.9428411491419,21.9713787495511,21.9648320426319,21.9877154384849,21.9523461993441,21.9578765427036,21.9503573636396,21.9666189536809,21.9829390163976,21.9564046258405,22.0026324508692,21.9876322758158,21.9776882123275,21.964508280461,21.9842703694264,21.9734963084266,21.9776552939521,21.9757243593969
25.4186242319037,25.3463123922356,25.3520399379494,25.3525268781044,25.3393277618609,25.3520780274642,25.3424006950644,25.3518710802764,25.3336315521594,25.3432931026913,25.3406724504957,25.3433175548726,25.3482502229891,25.3451098732295,25.3454639911929,25.3471037580126,25.3402364778637,25.3415685385302,25.3512197811391,25.3494869320933,25.344660857063,25.3501613324936,25.3376279769337
26.965901826421,27.0382269090788,26.9989814791918,26.9813430139398,26.9558671804689,26.9623832810328,26.9609919928638,26.9656854640834,26.9731034239832,26.9496258246457,26.9637346136159,26.9655299068861,26.9646078135532,26.9614677105582,26.9519683461583,26.9579301555832,26.970038558756,26.9614960316132,26.9531769305862,26.9668368771361,26.9599348893162,26.9663520916802,26.9717083669768
21.8834285923201,21.926891419646,21.9469809479123,21.9240831481364,21.9251227071502,21.9362600771347,21.9286718222374,21.920801404283,21.938639920965,21.9254361231006,21.9252638834936,21.9365585891591,21.9199588499333,21.9222669168295,21.9186216417654,21.915469281915,21.9202251643747,21.9238112421437,21.9274230536454,21.9222225268689,21.912996736351,21.9333280898501,21.9305961366561
20.556093263777,20.4779298249086,20.5475908615786,20.4648704952296,20.4252828927303,20.5165534595752,20.468732343606,20.4573468336553,20.5070017641819,20.517797438872,20.5031334383625,20.4982593769112,20.4963294048082,20.4975139097336,20.4895125131793,20.5151307229819,20.4977794431791,20.4966231162368,20.4926656546908,20.4954302149852,20.4911608848097,20.5052408486914,20.4874550574089
16.9232781204404,17.0167051560489,17.0324943626556,17.017123312226,17.0216138342614,17.0099913586512,17.0110133655161,17.0057158012121,17.0086293204869,17.0068591677598,17.006164327686,17.011732756401,17.009431603942,17.0156807840532,17.0073238149257,17.0110013002518,17.0061787263479,17.004294729508,17.0129272819506,17.0140795912232,17.0077019922152,17.0021157689218,17.0086815529547
21.6252802987504,21.6139346850182,21.5893294250127,21.5666841572603,21.581851628323,21.5807066800497,21.5598916014716,21.5692983020974,21.5722551139826,21.5583367805759,21.5578910211638,21.5696617553258,21.5614858813235,21.5671210872896,21.5616292445986,21.5680912818868,21.5633967724369,21.563849513488,21.5613906414729,21.5641964706146,21.5681982682,21.5658543569739,21.5522663390261
21.399504192032,21.3810740231767,21.3879927546547,21.3853501882646,21.3888509297661,21.381618358941,21.3828125480874,21.3855348874802,21.3842781017308,21.3821300763278,21.3872082092634,21.3790517612693,21.3840736349456,21.3710657815818,21.3687611747013,21.3778678668125,21.3767961038316,21.3771617086469,21.3752590912215,21.3814251341772,21.3725596440842,21.3741610570285,21.3795160750032
27.3591585815604,27.4644590140508,27.3706787074984,27.4933673162598,27.3881321035547,27.4538085043248,27.4343396988474,27.4111641493394,27.3399086518879,27.4258471662011,27.4204692802088,27.4145219348316,27.3991167305315,27.3990616985561,27.4359217210139,27.3872006104582,27.4268450845883,27.4235547934571,27.3963221500716,27.3805777239879,27.3980278923879,27.4165317908771,27.4196460047341
18.2501236024007,18.3075945252302,18.2994486937732,18.256376320608,18.2741857393308,18.281275997253,18.3360721726531,18.3079949843176,18.3044123758387,18.3070076656986,18.3237985788193,18.304873994926,18.327613732207,18.3150074976758,18.3124174237212,18.3272190282256,18.3149276589372,18.3051368016569,18.3319761798132,18.3199694926351,18.326129310691,18.3195197219637,18.3287474401429
23.687475499691,23.6949028264535,23.687904426754,23.6938763276701,23.6849110263468,23.6879555167891,23.687127957194,23.6841460872657,23.6804185804907,23.6794159611697,23.6836684779027,23.6863978184024,23.6813291471131,23.6878716383399,23.6883077010207,23.6925806713253,23.6819785834649,23.6789107356373,23.6879116375278,23.6797571983998,23.6921170495821,23.6815475107797,23.677466172868
30.5029843296717,30.6048987450891,30.5913939052214,30.6145788587174,30.6099064649617,30.6266134489947,30.6142603890846,30.6080741575464,30.6034757169399,30.6240140868131,30.6186764110549,30.6133329095319,30.6076291618647,30.6286345602626,30.6044480689409,30.6188564202157,30.6199277334648,30.621472660849,30.6189215240549,30.6211667295258,30.6147673513528,30.6234029723127,30.61578252197
30.1158590515603,30.1865368203285,30.1937777115331,30.2104533692437,30.1934406180029,30.2140600105756,30.195448968494,30.1933466145526,30.2119177994103,30.2015690428087,30.1990619300185,30.2084065178791,30.20326549798,30.1985723583623,30.2006569585225,30.2068565192473,30.2087972952836,30.203090693725,30.2040050413904,30.2136145153158,30.1997955371806,30.204801555349,30.2083495869093
22.9299484925871,22.9245123675309,22.919238638739,22.9215928708523,22.9259682748378,22.9199360430712,22.9276566689604,22.918112246577,22.9293488721335,22.9325521370405,22.9387131951925,22.9306746957419,22.9253512399532,22.9285200368796,22.9225629948457,22.9304511738708,22.9347360132873,22.9250605417345,22.9321011930828,22.9193078005317,22.9209781927249,22.9304064911447,22.9336526422812
16.3559639251447,16.3775239203871,16.3425907158048,16.3649308520734,16.3654097110817,16.3441306160227,16.3641086011777,16.3575096554068,16.3489058811286,16.3703897249772,16.3751874665258,16.4093363467622,16.4006899981275,16.3949971974809,16.3683327037536,16.3845845527187,16.3832816114852,16.4090653782436,16.396830030015,16.3926280749839,16.4131895461932,16.3918867400978,16.3913579656026
32.4526151205079,32.5520572472122,32.5309901367854,32.5640802229432,32.5530490484183,32.563706866975,32.5486110219454,32.5522659104642,32.5597881050007,32.5622992083211,32.5648801323635,32.5464663115645,32.5579780277883,32.5466367130633,32.5494678493965,32.5760841239605,32.557899727342,32.5532826648813,32.5524809846634,32.5599086723238,32.5582288428974,32.5609541516709,32.5560437074657
19.7632339519219,19.7083592529608,19.6488075921815,19.6520413163431,19.6157145028365,19.6443788187469,19.6400228232058,19.6353970177944,19.6521300821595,19.6381638423994,19.6260792859104,19.6382448964931,19.6606957166831,19.6489194126991,19.6503352987872,19.6446184812356,19.6427619587902,19.6454015068571,19.6467838490493,19.6536381557587,19.6520638517413,19.6429000852077,19.6285902774599
27.5287593243188,27.5445532200718,27.5419896944639,27.5241923485081,27.528077442903,27.5389933890274,27.5318017286633,27.5390990965753,27.5428649758316,27.5384008533477,27.533527818093,27.535788853189,27.535967413109,27.5383095555706,27.5421148585251,27.5394942910519,27.5342943285726,27.5363270894932,27.5378962252981,27.535149677004,27.539933096366,27.5423715613018,27.5431072410257
30.8090597411779,30.9089261566085,30.9168276078361,30.9116997944149,30.9201844784066,30.9170035800158,30.9157616341797,30.9158302796068,30.9239670709911,30.9177990396849,30.9222934195695,30.9199673023195,30.9152429835073,30.9214193766219,30.9170883895469,30.925899559832,30.9194895089273,30.9173015590635,30.9195747633964,30.9201933435388,30.9238321524364,30.9186931044304,30.9147310709162
21.8141251879336,21.7165352991205,21.7040243388891,21.7140691526157,21.7064684485846,21.7074159871491,21.702553375418,21.6977194670531,21.7192092232392,21.7063340870052,21.7256934076683,21.7089740309433,21.7035715496924,21.708085506602,21.7131363653431,21.7192391848608,21.7041308327573,21.723708256346,21.7080815220347,21.7144123395581,21.6938471254141,21.7104602253604,21.7126911372778
22.4423119002542,22.6320665357211,22.608729295245,22.5942674554263,22.594692235527,22.6078653111338,22.5954888866055,22.587233484346,22.5749236954453,22.584136576188,22.5952658360796,22.5747559218088,22.5818928850809,22.5855136268454,22.5913921017691,22.5913855550919,22.5927539631096,22.5911789714534,22.5952144449201,22.5879570604418,22.5869741800639,22.5909657582339,22.5928254317801
26.0777751815231,26.067806435965,26.1194409024941,26.1006474372878,26.0902172115863,26.0953239531704,26.1043834601827,26.1139661589766,26.1014054211815,26.1145692894991,26.1101993231497,26.119661336804,26.1036703209084,26.1049255659325,26.116355938451,26.1067754824078,26.1056139583219,26.1038290593248,26.1127728599858,26.1207558100342,26.1067571788097,26.1073923805955,26.1123619967616
