"V1","V2","V3","V4","V5","V6","V7","V8","V9","V10","V11","V12","V13","V14","V15","V16","V17","V18","V19","V20","V21","V22","V23"
25.3848262429154,26.3012804858124,25.1635826690969,24.3776591273058,24.6072499107268,24.2460267921744,24.3890619096081,24.0610981344287,24.0275645726807,24.1107475847253,24.2707270321142,23.9486416936857,24.1427387386843,23.7677615381867,24.0225527427088,24.1343921182611,24.1817937822296,24.0000105239714,23.933554212766,24.1573230449804,23.980241193775,24.0078437480757,24.0332123507982
35.0690001049391,34.6780672168162,34.8278644863404,34.5636751835248,34.4779951120643,34.2804103169496,34.25297934225,34.4707987355332,34.2240870197799,34.3645423310023,34.5260537378616,34.3859954531781,34.2660985253432,34.227650434135,34.3963162888442,34.4202338843085,34.3961344801552,34.3755172018046,34.502061515065,34.4502959565678,34.4381475719188,34.5023933693134,34.4411916777029
27.5574344115712,26.8550826280812,26.7131753318554,26.5053360324554,26.7133406041721,26.5707875948166,26.5744205529034,26.5933388766693,26.7193372144459,26.5979702515434,26.5285556780512,26.5316964103009,26.6230152642013,26.5993254583975,26.5355559711073,26.5470338345665,26.5745822591872,26.5611301816046,26.5841401789035,26.5854217227218,26.5800314689053,26.5762306174844,26.5724874871476
18.7298218524063,18.2949446194351,18.1112020507308,18.0622298063556,18.148295581031,18.0314746856376,18.0046159894867,18.0503961768856,18.067156811274,18.0260431284487,18.0266480329308,18.0170600834873,17.9939834669931,18.0424627913014,18.0087581464394,18.0263478375942,18.0481947958888,18.0233722247386,18.0255216221076,18.0406738779592,18.0031300273527,18.0344900220865,18.0262763819548
36.5378821950653,36.925170406294,36.5562043303714,36.5701203855541,36.5036494865693,36.572660760553,36.4868363895137,36.5685753510776,36.3402786722441,36.2648327482269,36.5698351495346,36.4466853609099,36.4595464481485,36.278875094356,36.2753911971159,36.3084961060583,36.2335691376707,36.3679479505028,36.282401662187,36.3944578784919,36.3385383722642,36.3497766217452,36.2838239754738
25.7990420359611,26.7025428945395,26.2311581519859,26.458992430862,26.2479235621586,26.2068355613109,26.1966346426609,26.251579119839,26.1611441784157,26.1147171699876,26.2917387424334,26.2204000530478,26.2643216124789,26.2272886360782,26.219071879174,26.2326393003011,26.2880663698603,26.2696039599712,26.2715484544414,26.2623336458253,26.3571981776318,26.2622596975617,26.2279891816001
28.0707317952398,28.4322471452883,28.2246706017996,28.074140951388,27.8426272085201,27.7477469070037,27.7299400279183,27.8329218976684,27.7668025811995,27.7194781498622,27.7701980932563,27.6935333677471,27.7502297902421,27.7526664813523,27.8033035751335,27.7306898272703,27.7666081725765,27.7986034214947,27.7227363958631,27.7435442900103,27.7626666330546,27.7883602599701,27.7910218096243
32.5651209556977,32.7144554184366,33.6873303798811,33.5936205520715,33.4285290514613,33.6540938453973,33.2575793426854,33.5598310509317,33.4649584409983,33.363131592393,33.2567093645564,33.379887606211,33.3534938701411,33.3795129421087,33.4701674386879,33.2768909363957,33.3914841833725,33.3316079532911,33.2389351672509,33.4078833003485,33.4222630767508,33.43726724007,33.4027205696956
28.084147487634,29.129884662319,29.011528755509,29.2147759421167,28.8947871450377,28.7807060653542,28.7566624702243,28.8462334163932,28.7012988371491,28.8451658616037,28.9888646083937,28.7575863427758,28.7052149332103,28.7819238660497,28.74521363807,28.7935449555692,28.7215724344672,28.7264732214686,28.8252083195938,28.7217281718523,28.8153275954616,28.7901031918904,28.8075617108194
34.7481592074973,36.1419989548905,35.2939689709016,35.6307012553195,35.383049064488,35.709114006127,35.3628067270945,35.5609295177331,35.3797248440637,35.3697642257778,35.5314594505234,35.3254800352135,35.4911374909808,35.4421721463611,35.3990604891107,35.4607269936311,35.3817894393547,35.4758017486264,35.4862511348754,35.4523156796776,35.4817084349926,35.4198737549892,35.5029130248558
29.6963804335454,29.9341072127278,29.435734206037,29.43923521159,29.3312348508917,29.3586955128579,29.4679335588041,29.4040400375236,29.46769431935,29.4358164576896,29.457460367539,29.3569620140838,29.4347113165336,29.385339709829,29.5054309417728,29.4191936348549,29.425012487312,29.4323520586247,29.4269226853179,29.3995137802679,29.4180113319481,29.387762701603,29.4414967056689
20.4833484706257,20.4991851377003,20.2760636263168,20.3422188694942,20.2914626657451,20.2182907234011,20.2621163966855,20.2712635942507,20.2892963247346,20.3109828832185,20.2097126781839,20.2626306547758,20.2702687160107,20.3008714584658,20.2715730528508,20.273928273718,20.2609790562033,20.2679083272942,20.2381945431392,20.2425184943626,20.2352452464637,20.237234062903,20.2639796675067
14.8262415511173,13.4427327329686,12.9178031833634,12.8123651570132,13.0722183750085,13.1334527775741,13.2216586272729,13.1442728157267,13.1695253680947,13.3748065211141,13.1951338310044,13.3369159487284,13.3773511759852,13.5303453004108,13.4580706988286,13.6085347057274,13.6957759757212,13.5670523691448,13.6371544239024,13.6861031539946,13.6549623452768,13.7237449848135,13.7140821886003
32.7036900685473,32.2928004691961,31.8226560460121,31.8154211025393,31.756679700556,31.8646120679629,31.8757372180057,31.8037020808656,31.7901915880213,31.8023359143964,31.7785799492297,31.7666927260697,31.8110248035282,31.7995904402674,31.7772679536043,31.8070618431999,31.8181504122108,31.8278466222152,31.7651187294456,31.7954097176982,31.7868044903987,31.8094546017964,31.7881933093894
28.3647070826513,28.4106561249799,28.8821268066493,29.2866450583128,29.5649906329535,29.4820680237272,29.3345171542291,29.4761607197583,29.4475199192247,29.4853722026343,29.3496311681903,29.4130284248312,29.4312458559839,29.4737437795764,29.6084312346786,29.4934909936484,29.5663086196744,29.4821429911229,29.4967595049054,29.5588703082661,29.4992882750331,29.4343647387828,29.5933866617842
20.231639774161,20.4013506183168,20.3431339793147,20.8557171817309,20.4038287192678,20.9968638293941,20.8582450987646,20.650828538775,20.8150567899979,20.8350976306327,20.7710330494311,20.9331358660318,20.8574090372028,20.8743749441786,20.9468781541582,20.9557779346412,20.9384470457051,20.9633681845885,20.9448649600076,20.9794643932138,20.9878970488892,20.9847803130005,20.990599950522
23.511775083933,23.4114969071624,23.450598041404,23.4775077191055,23.3875330327856,23.4001394946646,23.4189467864521,23.3697568060675,23.3685436048367,23.3734033013301,23.3821262539494,23.4145696057654,23.3406324583932,23.3862246435023,23.3524616117604,23.419333739746,23.3557466786757,23.3605344980421,23.39649767215,23.357808476351,23.3779377891306,23.3874002096597,23.3790706522223
29.6540352659978,29.7031051626079,29.6324086144463,29.6576549180744,29.9018652388239,29.6932647706237,29.7158709136332,29.7101955869528,29.8210819753464,29.7051354505327,29.672359460578,29.7241434664898,29.8348917512205,29.7220432861704,29.7484815303111,29.7548300282497,29.7411346319271,29.6576576228997,29.7230924166758,29.7372052066213,29.7272039431814,29.6952590786963,29.736978238064
23.5995210327855,23.3961687760179,23.1855061344455,22.8015756051736,22.503311217295,22.4033992360104,22.3506338435171,22.3465913466252,22.2961911204458,22.1933871845427,22.296179638803,22.2462760494764,22.2041315339444,22.3091233960726,22.2101603167278,22.2152854671447,22.234453498438,22.2607465338249,22.2544773124406,22.2656708761442,22.2005045357961,22.2877164344038,22.3151417040448
22.0380504064756,22.1451093299465,21.8127684565224,21.7650927406364,21.6907221965843,21.5259980437343,21.529886110805,21.5048741248734,21.4908151434415,21.4693902799155,21.4657996474178,21.4211856164543,21.5232328464402,21.4626844643158,21.4336696159158,21.4271817630863,21.4016726333834,21.404520980436,21.4278079684997,21.4376730867243,21.4288719093232,21.4378550159925,21.3962716399303
33.3031787845439,33.2802351319094,33.0559253683544,32.8699002703311,32.794121140227,32.7983770810961,32.6149233084181,32.5433298434865,32.6106200486395,32.6020388342221,32.5072156955637,32.6226167435876,32.5733476852327,32.5720023349328,32.6102140775387,32.5473453514928,32.5600449905861,32.5323025311429,32.5804066909682,32.5434719211715,32.5229675343069,32.5978035900623,32.5937360839485
36.894202267145,34.2602828991564,34.1503302565686,33.4640312894133,33.6249964854076,33.7948293792865,33.6142460531241,33.4315445432755,33.671596555669,33.5303245606893,33.6837667764079,33.4224134792579,33.5389827791792,33.4612982459532,33.6089958103037,33.4305997291117,33.4459407352146,33.6443930826872,33.523664980291,33.5178655303933,33.5461746590477,33.4477406693274,33.4835511727822
24.7904245758727,22.7600193319304,22.6097865827302,22.5689638728392,22.3333258674635,22.2624307281379,22.4821868020054,22.2457869442355,22.3755387257536,22.458450170424,22.4329854820627,22.2688340761226,22.2475475686483,22.1997479935878,22.3282425175348,22.2645813183288,22.1627223146508,22.0983723529953,22.1834178948818,22.1972574805702,22.2055297542451,22.1427608476699,22.2635001886028
30.477680199051,30.3595901923028,30.6189431543534,29.7236350020961,29.5764231756686,29.6827396868219,29.820326335885,29.7941774663438,29.6949909728557,29.4633310304994,29.8096419008252,29.6662002644817,29.4364414607988,29.5919998238462,29.4414521410271,29.5297098776325,29.5449463581419,29.4727360311566,29.6134818331756,29.5110883498763,29.5948888059503,29.4605979401175,29.5058515002345
41.8194937610198,43.8201942524042,44.0846339640877,43.7743002556709,43.3890268303667,43.6042227449252,43.7876296165795,43.5531005000574,43.4353150429783,43.5982922277075,43.4999174555937,43.6945020111979,43.6320736639044,43.5282720556805,43.7036681343016,43.5322262772604,43.6633179320421,43.6193552333679,43.7476330682789,43.6380230101558,43.6472729521668,43.594700630308,43.6475775733473
23.2196448304692,22.2326750685602,22.1093698336723,22.1509532465613,21.8390545339851,22.5350536019887,22.3468523770871,22.3928321564071,22.3328473575139,22.3280171120279,22.1654508949635,22.1475769501196,22.5217341068574,22.3207857702161,22.1920978822063,22.2225234362425,22.284227268147,22.1390089275783,22.2187925768123,22.4026663918066,22.2129213703744,22.2849139677487,22.2673112631315
26.2166551230024,26.3390506751189,26.2043266069545,26.2513413427128,26.2564922544071,26.1727634158695,26.2358179300645,26.2011018868394,26.1808690303204,26.1508835864938,26.2564532405113,26.2322065530407,26.2192458358289,26.2759085171864,26.2030241778367,26.2478708558789,26.2262554013277,26.2187301647867,26.2137857770663,26.2149403652541,26.2532134222633,26.2243537174065,26.2323395454274
32.2546184166993,33.2395121494896,32.3177363185711,31.9831410496794,32.2538444872706,31.9940718900726,32.0426444737629,32.0686501984619,32.0962723833155,31.7236803410363,31.8631711479157,31.9624450172054,31.9474402293787,31.8213304716473,31.9489384812143,31.9133571294407,31.968420138657,31.8764825569357,31.9605043756975,31.8588038830644,31.8159043860389,31.8990358368302,31.9173129480099
26.9752790808119,27.2092011595523,27.0143592916025,26.8535286550296,26.6215217236204,26.666171809822,26.5854249517654,26.6823394588647,26.5735131167067,26.6309050587417,26.6694178238292,26.6426692068878,26.5964160823336,26.6189657316276,26.6574318236332,26.6355937223627,26.5793774570338,26.5866222892066,26.5920475598706,26.6173248295499,26.6108839478462,26.6242829336337,26.601966158311
30.2369879575483,29.7849627889926,29.6380267486994,29.4800887886431,29.5581252468487,29.4063814408801,29.4618599231821,29.4257245843538,29.3278044079977,29.3735426388733,29.3570145781637,29.3997163688434,29.4093874605153,29.3174027338708,29.4316488131783,29.3292957490519,29.389442051817,29.3949806451432,29.3463561099173,29.4096625236827,29.3441892026527,29.3780495601572,29.3789155726013
28.7571931976867,29.4594429949873,29.2295976504141,29.0170090962109,29.0016977039106,28.7831555188476,28.8523730873031,28.9023542607129,28.8187936846285,29.0704312244862,28.9289682792427,28.9650911842607,28.9090578723615,28.8233662055451,28.881549990173,28.7958571683077,28.8590683503634,28.894269404886,28.9194796218678,28.8441092284914,28.8528071801341,28.8989625183492,28.8819517025639
25.1741856729423,25.3065210333038,25.4252754697767,25.3745860667759,25.3108864767074,25.3161817607762,25.3194924573551,25.2877947225998,25.3121764217485,25.3040138764936,25.3248647115646,25.3359864012767,25.3236784016955,25.319161065141,25.3485309840704,25.2947574921375,25.2877144427282,25.2987702662334,25.2927984130596,25.2928411124796,25.2962113960706,25.306591472884,25.3141976943066
27.4907623810074,27.6283219102648,27.7990036272782,28.0093717075985,27.7728376188422,27.7819438910979,27.7857906649597,27.7294187351628,27.7723997752083,27.8338629755807,27.7062013059429,27.8096869471896,27.7808044236665,27.7392771656371,27.7250322916716,27.7095720212465,27.7925876453143,27.7242145188596,27.7234181886163,27.8241052668827,27.7149619376834,27.7254794637645,27.7396973470987
24.9096673314726,25.797995272938,26.3611068143898,26.7088355279485,26.5070174011386,26.1908938240016,26.2726758071011,26.4863280830888,26.3112903721314,26.0933619125674,26.4258972504794,26.4937308763817,26.4994240899787,26.4159486952822,26.3740017913846,26.4145838252504,26.4935564814327,26.3916727581791,26.4458932697714,26.2956843492686,26.4392830429507,26.4779380854761,26.4266260910179
23.2884706443323,23.0630798825997,23.0432561419656,22.9484650081482,22.8293522625169,22.7782583224302,22.7965016417473,22.7373070930376,22.7454934584115,22.7257724236676,22.7164607322058,22.7050847142346,22.6826065002888,22.6838232559599,22.7436586650217,22.671708346857,22.7173899628871,22.695744574229,22.7509608123932,22.7399651302341,22.6964322449075,22.7395821635094,22.7193969467133
39.2437789678133,38.9592391771242,39.0672801903483,39.3818272906272,39.1700112082686,39.1783327478271,39.178784142018,39.1985977407587,39.1502777507767,39.1685692108223,39.2355578561371,39.2176130666401,39.1149399045246,39.2211170232635,39.2324126886166,39.2166199130176,39.2540369334179,39.2298429153424,39.1734437332491,39.2002989508599,39.2109154244649,39.1968291440435,39.212549511038
24.7441107490252,26.0166701702147,25.7700063550805,25.2148789575135,24.8270979810061,25.1745191361305,24.8252708471943,24.7281853273542,24.8374763040649,24.6815559697767,24.7276879659109,24.7944275449357,24.6808419004744,24.6759011962079,24.7222928031667,24.7521768571507,24.7685406902262,24.7923035837284,24.7010680317909,24.8007720525942,24.7548101299273,24.7552719280047,24.7456736445885
20.6839837013985,21.5307436351442,21.3652689219537,21.0700409295075,20.7885677677931,20.7911130725549,20.7293548602555,20.6696791051988,20.7542966687659,20.7118585238762,20.6528095846845,20.6144352913239,20.7016969515108,20.678347010719,20.6247144262195,20.642640579121,20.6438778789041,20.7161212585963,20.6559052113767,20.7253303083369,20.6671733245648,20.6719147102848,20.6605943479677
52.5201662422329,48.642546821851,49.1635789801995,47.5561329890768,47.5298810646277,47.345337051187,47.0115322471175,47.8056838494188,47.6383961403008,47.1490305381909,47.1522462871523,47.0742318959606,47.0865460871574,47.4092354998517,47.2231549504577,47.1561269660595,47.1190012382444,47.1579128179509,46.9491191084158,47.0223175617242,46.9867462965495,46.974177063018,47.032441405573
25.8539312775102,25.0196202786646,24.7909909325903,24.891681645463,24.944484584911,25.0045919419501,25.008345562756,24.9078026878055,24.8491517099475,24.9123297070671,24.8621568664903,24.9779315386209,24.90740169358,24.9300543037882,24.8832393511558,24.899066255197,24.8966426071088,24.9326466013877,24.9122428571104,24.9253774466961,24.928577432077,24.9131598933935,24.8965232497502
23.3517079430199,24.7018177266528,24.9768578069436,24.7657019453369,24.7678988197051,24.4653917550329,24.5152226461809,24.4359527035752,24.675015500044,24.6400260082907,24.5704263212928,24.5291406378993,24.5262844777626,24.5947064967047,24.5398137544891,24.6254396402276,24.599648049261,24.6011634622718,24.5409086206548,24.6197355735389,24.5937970919284,24.6237839544867,24.6099253401841
57.8361014930533,53.8999515330679,52.2671998943704,53.4613201505676,53.325582202581,53.3412120624777,53.3448065037029,53.4661481284846,53.0996558725632,53.1271871536479,52.9427062901958,53.1537026047228,53.0010941037462,52.9567255233622,52.8033846850908,52.9230731317803,52.7119089878232,53.0448504169308,52.9410139344671,53.0335571674256,52.7928531601411,52.9269142626412,52.8480401664455
18.1788445093016,19.2107502704921,18.750570280748,18.6842977275935,18.160630056131,17.7370564466956,17.8007847431534,17.6422230821413,17.6769326848472,17.7662697227981,17.6809393165618,17.5457205345882,17.5343254337881,17.5081987003599,17.5514634945462,17.5824966513913,17.5740653459754,17.5703455297441,17.5228954736441,17.4928531834132,17.4989933792892,17.5912683267087,17.5463489011804
29.7654686493507,30.3894890947482,30.3258439757335,30.2719695252683,30.4713865622106,30.0953471650714,29.943937356617,30.2030981948396,30.0593458242947,29.8642250138719,30.1325539474646,29.7804672343962,29.8433895171537,29.7019913037098,30.0331845862964,29.969482339838,29.9433431378518,29.9087367178002,29.964758993391,29.9238373867155,29.8383615855509,29.9378569305951,29.9148006927611
20.4545730933843,20.2944359246536,19.8882324034836,19.2141647838811,19.1402920874795,18.7737362772618,18.9071905976399,18.9820672374327,18.9155587109365,18.8730396269152,18.7891071846904,18.9130925664064,18.9001699210042,18.9148623882663,18.9101940754952,18.9090467938626,18.9683833462091,18.8993766192339,18.8720267820551,18.8815278642257,18.8682928753556,18.858268387542,18.8942598985394
31.7617150685552,33.1956363327626,33.4327630599223,32.8353873500891,32.537140211738,33.0219280207666,32.8197931291148,33.0006590044921,32.93482159468,32.9921329813391,33.1287843860525,32.7535579000788,32.886740378416,32.8001690449904,32.9706065636112,32.9776075615308,33.0112285803574,32.787690231879,32.9855921684405,32.9759976703626,32.9815372561035,33.0992812537849,33.0307347230088
26.2362579329722,25.5493432971,25.3390465076981,25.6712852100139,25.5245532162682,25.4050765462072,25.3771257455723,25.4273437060256,25.4411557217814,25.6682236723189,25.4027225076733,25.4783786388802,25.4463990087796,25.3969136988881,25.4360259106705,25.3244835937453,25.3685200655968,25.3252423395789,25.406028439881,25.3354728222989,25.3741208130305,25.4060824414503,25.4381108608533
18.7156677470725,19.5832122778446,18.9907647336091,18.597296233471,18.3300659377104,18.4502870387288,18.4321591285151,18.2558171549639,18.2477555656072,18.0770539913385,18.3347888172955,18.2482900740414,18.046844335452,18.1001519392342,18.1530208816414,18.1233337557334,18.1191729673798,18.122153923172,18.1141684036336,18.1795051191714,18.0867897226832,18.1699475917343,18.1826542469826
28.4232532068368,27.6614297554306,27.1539697634887,27.325970687161,26.661118341425,26.8104755578779,26.6969475106866,26.9544361356069,26.6781916677407,26.9001990618169,26.5236813976335,26.7587562148243,26.7588877679772,26.7862488701165,26.6674501569342,26.7619416666249,26.704540745824,26.6710564241897,26.731714383413,26.7116584773204,26.7646163333623,26.7039561528939,26.7122800596063
32.4299605710146,32.6875704107928,32.2141131293445,31.7424485330165,31.5767884870381,31.0765961592166,30.9751412985653,31.0744132375683,31.5656868108049,31.27654547532,31.2528227712572,31.3369725929629,31.1145181124349,31.186867666305,31.3425437209861,31.3261734843106,31.2523555743322,31.1761424834874,31.2583130219473,31.2201602151,31.2126052166519,31.1800946202853,31.2235824901157
13.8925557972797,14.5287416851659,14.3034033144071,14.2358783651666,14.1852453594097,14.2685834294785,14.1938230040756,14.2881374995953,14.2607135190893,14.2614322646547,14.1619680936463,14.2058669831477,14.2418056382608,14.2160302954859,14.1932268208672,14.2321156943671,14.2087893061808,14.2082248006367,14.1374142044696,14.2642751666956,14.1895612045905,14.2196029126915,14.1924853506687
36.6422393456846,36.5872836526953,36.6152054990818,36.2301701515104,36.3059508923106,36.2435394049053,36.1732163859088,36.1092401500025,36.2138075558451,36.1778722710459,36.1300354708437,36.0791239010186,36.1472665713799,36.083322858621,36.1112383867581,36.1728442220854,36.0137699116903,36.0451446405623,36.0596956511517,36.0709146730513,36.0663010420518,36.1089321317747,36.0528462688684
36.8297968863108,34.6897035164302,35.3029618988429,34.7352205095247,34.6739739900696,34.2653431330054,34.5454979320456,34.4527928633169,34.4730093125607,34.5629196760458,34.5264640399676,34.4485556525716,34.4735581768741,34.3731232429202,34.3645641457346,34.3740498974616,34.4284596145708,34.3838689465722,34.2968041985632,34.3467934631217,34.3424614099246,34.354510037476,34.3492025354413
27.7716386287598,27.6538820265495,27.613821462036,28.0898219431774,28.2986223098502,28.4078509922365,28.1781676603676,28.1811191836574,28.1091847191957,28.2196091429443,28.3189051790104,28.2713487129145,28.2889142621632,28.1174252750058,27.979275349589,27.9969443592948,28.1025220201849,28.1102266800358,28.2578786490143,28.0429350976806,28.227091551998,28.1714871899406,28.1594963687025
25.3727965602444,25.3008094214437,24.550477946415,24.4391088943146,24.2458429311102,24.0972541321263,24.0345405847258,23.9991105978297,24.0629881814853,24.0155692701872,23.9468241057005,24.0183065277766,23.9046272195716,24.041578238975,24.0049295775716,23.9515545858584,23.942969432295,24.0459009492173,23.9969203814028,24.0153285917533,24.0051559368286,23.9296698073565,24.0082581040893
24.741438727358,23.3305067365145,23.5795534072812,23.3588936380526,23.2945780370899,23.4153835055614,23.447329081281,23.4795816409055,23.6016703231035,23.6136783021255,23.3004501618553,23.4238025880676,23.3130802617434,23.4287620206215,23.5079998123316,23.4669062031466,23.4121299829003,23.4208644550021,23.469232018815,23.4478396968159,23.4280474487891,23.4078966622833,23.4261915187756
29.5084210522417,28.9869055450234,28.7501777839237,28.9083390293943,28.3565671185718,28.5826917278159,28.4414475605742,28.4047992303578,28.3432574105424,28.1169484387276,28.2951299631577,28.4167389711856,28.3875237195229,28.3311007238939,28.3824114163883,28.2418693338146,28.2884944861805,28.3362957796246,28.3347503867783,28.3177647557234,28.3482832327594,28.323175155282,28.3320918253958
32.6740217250209,32.0286358885717,31.7905382815101,32.0580828484972,31.8548990270769,31.833943889394,31.6654834950953,31.8123650352563,31.9423825679699,31.8833546655403,31.7576504465707,31.8613335568028,31.8550970197115,31.8703873834528,31.8535489939583,31.8522815959496,31.8999073407211,31.8818341527338,31.8418244475152,31.8212716199735,31.8288297728769,31.8630255959514,31.8586121864532
27.4927614839875,26.8232154240126,26.7823374652999,26.7429420241529,26.6026273001295,26.603485457184,26.6395950768963,26.5955455940676,26.5561194113506,26.5491665007082,26.6073928377541,26.5464344189653,26.6294721325332,26.6233398219739,26.5839471888087,26.5617654101457,26.5895125093586,26.60092540159,26.5585205978888,26.5604102703547,26.5668207966558,26.5520370884186,26.5763589321876
21.1927375870496,21.750908482537,21.3144938529807,21.1937208455401,21.048311722182,21.0694930317279,21.0394029204677,21.0030236239291,21.0069445757058,20.9665369533984,21.0510566883466,20.9963019164458,20.9849301823387,21.01279700915,21.0474898548355,20.9793125533097,21.0230505332546,20.9721839469166,20.973326421951,21.0552078578768,21.0192559929645,21.0511936973779,21.0114596398065
46.1938929116831,46.0106402415869,46.224203643365,45.5866961804143,46.0006920174614,46.0470503581061,46.2227940324548,45.997207715545,46.0642579501358,46.4232741621664,46.3307490383386,46.3876577837476,46.2990379185926,46.3466884540618,46.230267283802,46.2413772754919,46.2612635184614,46.2571746236284,46.1387186945808,46.2642336993913,46.2628191829255,46.2609471512159,46.2816787867417
20.6580894586914,20.8097942325166,20.8949745298663,20.7931836685421,20.6927080472627,20.5948097707574,20.6433553141093,20.5226808707337,20.5277435477342,20.4848937480501,20.4849562453334,20.5437130729487,20.4791870238049,20.5259992141552,20.5787545472777,20.5559079127098,20.5372343838829,20.498329431369,20.4703250101064,20.4734387846304,20.482112206665,20.4408333961058,20.4758942112805
29.5929679670157,29.6521142475098,30.1647850446031,30.114750178139,30.1890248831787,30.2959886257563,30.0086303956442,30.1095041617762,30.0399763763241,29.9105814283943,30.1146295698833,30.1312161796323,30.0196275097467,30.1738830048626,30.1294711986329,30.1213778838677,30.115630210308,30.015871762538,30.0655022539932,30.0482924587124,30.1153815300326,30.0626373003354,30.068491060643
22.7445253140553,22.8889390865411,22.6747804034714,22.7080919724582,22.7227025794011,22.7100833360755,22.7433658771217,22.7657489392392,22.7493668656748,22.7292578042841,22.6940117645638,22.7302888399758,22.7528317161881,22.7864682234186,22.755432646496,22.7604784489186,22.7272621897227,22.7486149388968,22.7025191191174,22.729273435796,22.7322927485739,22.719557147828,22.7669616657303
29.5009474348642,29.2670372499793,29.1469586638985,28.9413673474444,28.8801164555736,28.8471293646594,28.8000105064093,28.8432477332252,28.8705568037955,28.8111889107413,28.7669509361958,28.8127558491231,28.7846279518128,28.7960306255098,28.8305544725655,28.80265350421,28.818269736985,28.8038225968279,28.8444975578596,28.8148049886617,28.7853560093764,28.7930919632867,28.8037250660115
34.6655272057999,33.7128962522424,33.5577704259613,33.1679805948692,33.3188449577869,32.9870304637826,33.0730145527924,33.0220149301178,32.9628641670944,33.0828620175557,32.986475189376,33.0090293735844,33.1416001317127,32.941238440076,32.9527774472604,32.9574186937034,33.0893005021413,33.0172622509153,33.0182144942926,32.9565355633877,32.9913547716591,32.966113346388,33.0511323741465
22.4969921819914,22.2904887131644,21.3857959418621,21.577792330572,21.4200998160316,21.7889539109852,21.6872944044807,21.758954247212,21.5497552194552,21.6624345925126,21.4745369992284,21.6474922409859,21.5002548374261,21.6407822985192,21.5472758143864,21.7173702700882,21.7370998191375,21.6329576255578,21.6134345893508,21.5905900277736,21.6549578304564,21.664153068908,21.6215825432994
26.994372946431,26.2021291685452,26.1875207420843,26.1657751757555,26.2314936692789,25.8853435198107,26.0346037725676,25.9555054509823,25.8940451384915,25.8553471939724,25.8525389746103,25.8739787749397,25.9277711090642,26.0151588024184,25.9118466252185,25.9230941144937,25.864374724078,25.8492885107046,25.8907288373664,25.9128194129123,25.9399951105468,25.9028196066334,25.8833215228159
31.6794211963259,31.163736189049,30.5616320234595,31.3322417851725,30.8922077736602,30.6518675007963,31.1903715178948,31.0687996505295,30.8082814316206,31.0457250219311,30.9691044248094,31.0061922223048,31.1207172589814,31.0551901086767,30.9634133489941,30.9091455834168,31.0623830619301,30.9417479410532,30.90432422906,30.9625588203355,31.021657060356,31.0275046002454,31.0268746991964
24.5552200451637,24.7257602736317,24.3349352798492,23.9599398383711,24.0497039530291,23.8473921766364,23.7587558890886,23.6139994059503,24.097874254849,24.0134919837341,23.7190336732364,23.8250217365544,23.5739424668791,23.9101836686624,23.9140184316997,23.6077921336389,23.7229202637678,23.5214771251621,23.6153657423078,23.7374314250289,23.7054986563641,23.6557343469124,23.717616156091
20.785834811529,22.2190458814472,21.6422379212495,21.2480696607143,21.0222773697563,21.0659316793089,20.7791174268737,20.8393037486446,20.970969333301,20.8668530832748,20.8654789317663,20.8198956162491,20.7102949985049,20.7864688469843,20.7413684424114,20.774480897435,20.7248444359862,20.7299560776554,20.8058544134611,20.7121301155113,20.7699442880987,20.7566340559049,20.7842538091334
30.9093106991615,30.6916301705192,30.9155605503944,30.9577334028839,30.7723751198719,30.5818735856187,30.7398303980321,30.6692905729668,30.6553245888826,30.8768513465278,30.7471044360016,30.7332778833676,30.6009013823587,30.8099385950771,30.6698404607235,30.7539026387575,30.6914250618547,30.70093430039,30.7517271321075,30.7660075416857,30.6738421937812,30.7505700380184,30.7051944092011
33.1731257314596,33.0886064820631,34.0364387095692,33.864578583232,33.3505853232149,33.4325266132457,34.0121514973274,34.0277504778398,33.9914678188927,33.9674113937842,33.9479682274375,33.7679304646531,33.900198568702,33.9204346641908,33.8714849375835,33.828210956395,33.7850010646159,33.8529516441362,33.9169579954964,33.9302323856522,33.8254973987626,33.9193885305295,33.8611401781182
18.7195801592865,18.7149155883009,18.5757700226721,18.5975891333347,18.4719581455139,18.4960915622754,18.4796288852528,18.4728178092843,18.4977012962251,18.4141814753683,18.4311855468866,18.4360982305732,18.4168900094229,18.4316907914446,18.4715757828018,18.4087249926134,18.4080884017282,18.4636502431374,18.4189326879354,18.439092208921,18.4297534589373,18.4600091710462,18.4386436634983
29.744536513865,30.4709583185308,30.5577707019805,30.7470156645148,30.4719598921513,30.474213443416,30.668910555116,30.4357105160017,30.5878569409447,30.7230982274226,30.5033026222259,30.6114735416897,30.5302496136813,30.6475085240691,30.6638587389985,30.5375625732249,30.6448526458771,30.7123688827562,30.6541005116877,30.6961464284492,30.6356273573024,30.6610655653333,30.6664816299253
17.5744158347886,17.6890940830312,17.3685455774027,17.2878754482402,17.2112458702846,17.2302514325735,17.0957270462258,17.1768135893205,17.1255588207973,17.0790805644699,17.1269849772525,17.0772911772872,17.1176070592182,17.122143412673,17.0642137935733,17.0950267207829,17.1256376619106,17.0945152332553,17.0736973870181,17.0565791998321,17.0963764480011,17.1337929058213,17.0766402448983
53.9384991156357,52.177184798044,52.1971005344574,51.5246292986792,50.976294977596,51.4134202134152,51.3578460940374,51.1212910555721,51.3624583768309,51.1950025342649,51.2097552403306,52.02887916618,51.3203959383066,51.4825366452341,51.4078675307865,51.3635444183218,51.377723207978,51.3034622552363,51.1215841693269,51.2637046534693,51.1581988551132,51.2648449919933,51.2574601870777
25.5821396779429,25.7676926373453,25.3199427668356,25.5876537768879,25.1944031633908,25.2981837512247,25.1913216699179,25.1707658384869,25.2493381751268,25.1984977573676,25.0817475456948,25.2058581315926,25.1746505785689,25.2234989582782,25.2190554776362,25.2042349132046,25.174501995684,25.196489118682,25.1783627291972,25.1921879044518,25.2007672955717,25.2609766559257,25.2191863312382
31.5294666587646,30.3324290392304,31.2888858185855,31.8146157906361,31.5636678734147,31.9324788519632,31.9382050785729,31.6593197310102,31.9178750253443,31.5781918655523,32.2082031752172,31.7231356762898,32.048151271924,31.9151170171472,31.9744268270158,31.8952195135287,32.2032572644563,31.8740209227013,32.0226427016166,31.968920213739,31.8485425575711,31.9171609345664,32.0169077871948
26.2209834083805,25.9070864490674,25.8064210235479,25.6820024327234,25.7345342303792,25.7335878797515,25.6313697174355,25.6220721517673,25.6911663000212,25.6526696403089,25.6644367905659,25.5960328719938,25.6504594281021,25.6361712825316,25.6429718865538,25.6459385370424,25.6256364035777,25.6037768922242,25.5989371232972,25.6112226118839,25.6343938208281,25.655893788053,25.600940692343
31.2052986354549,30.2926003377949,29.5594903839444,29.2962246716047,29.0734607375293,29.1922847597697,29.0511934654398,29.088931221348,29.1142482501961,28.9650354443514,28.9888199877401,29.1039198508906,29.0414976550861,29.1105286443596,29.0278605318826,29.0238246718023,29.0262430664914,28.9702496378526,28.9987885260328,29.0075532263603,29.0018802244095,29.0430925115162,29.0110685392957
22.7778271819642,23.3444956914569,23.7067713721942,23.5124080445521,23.61025713701,23.4507188608225,23.4150632036426,23.2774864449723,23.4502959061765,23.3428114408808,23.3554851409321,23.3554645066022,23.3087378383642,23.4213842793585,23.3077123965257,23.282774993764,23.3437569048341,23.328078859059,23.3179732583935,23.3063713655068,23.3750951261468,23.3414654014203,23.3030093752646
32.415283169927,33.1649959684757,33.3769758583452,33.2634765017846,33.2051520605844,33.1585160406276,33.4348425918287,33.3621349503632,33.1308009798408,33.1713841989505,33.2565023481705,33.0063440235878,33.1955276031941,33.234364115709,32.8397266937188,33.1185805250295,33.0963424250823,33.1510576882894,33.1695878229653,33.2742880700608,33.2561556893966,33.2095418517567,33.1363693239644
23.3139283228402,23.2972153102748,23.6399036094229,23.7030224870144,23.5070581176408,23.5389698951856,23.4345978701941,23.4564762914895,23.3202034701491,23.4486920404985,23.3674787354455,23.3492007455628,23.3306448729201,23.4567398302786,23.4024527013609,23.3757993201485,23.5402846373842,23.4512490078544,23.4867960168142,23.4251436219014,23.4034694114348,23.4876217019048,23.4688500873663
25.6177847487832,24.8918650131089,24.2152247882079,24.247303934617,24.3036191878939,24.2711176854441,24.2992811823391,24.1767926931837,24.2132053038166,24.289086821043,24.1538464827947,24.2127552374362,24.1062084792883,24.2192231397518,24.126701891672,24.2089467511887,24.1844745878705,24.1943229612692,24.1770779526688,24.1992719897195,24.179227045251,24.2532696508215,24.1797690296344
21.6926800244275,21.5120301947508,21.4671191965493,21.4564312286174,21.4031805304646,21.4504094408719,21.4367825373408,21.4275147455509,21.4464761809764,21.4331170710936,21.4196620971527,21.445341572335,21.4374763113363,21.4369379593852,21.4285962530096,21.4199749701546,21.4255461959141,21.4135735335882,21.4328116718442,21.4373824705125,21.4356862605625,21.4435815575506,21.4256960818059
43.1418567099211,43.4977533856558,44.0621288152947,43.9787321519342,43.9721019022226,44.1401711436307,43.6055623719121,44.1008320692631,43.9433625611152,43.9916118677401,43.8992792183041,43.8685943729458,43.793045228052,43.7032102373848,44.1123863859062,44.0711811562426,43.9773443457641,43.9849969345371,43.9465680911517,43.7947743486909,43.9088682775293,44.0169113520289,43.9842777603141
27.1280301275495,27.2581202090889,26.7981662748916,27.4783011436981,27.130514815474,27.1856593196502,27.1501446514356,27.1588238112129,27.3385589349916,27.1476832921833,27.3462847075387,27.5260487717599,27.1717458992581,27.270002492624,27.3220131661139,27.2906471505173,27.4009095543707,27.3808150764408,27.4320563855844,27.3381814654642,27.3866524835413,27.3517351821736,27.3728597328456
25.6787372806957,25.549354796801,25.5797161311928,25.4622782019804,25.5515865016508,25.6461609513859,25.559987302574,25.5672511300114,25.5775634161859,25.5177512513167,25.5550164004862,25.5585220942143,25.5897007693809,25.5359393452753,25.5234199871112,25.5715482889875,25.588404132777,25.619999261355,25.5376354460649,25.6063831674983,25.5652641893369,25.5670789999461,25.5654057385168
34.7269503318853,35.0024822073162,35.1932509130585,35.1928481781275,35.0914413755654,35.5264266049783,35.483531398327,35.2836516597059,35.3758606333041,35.4428412605866,35.3132634033568,35.3846972027931,35.3378897514049,35.3551531742551,35.4263450563192,35.3405450055312,35.4047585405734,35.4713426265293,35.4096843022189,35.3866765847932,35.4441779489017,35.426543429122,35.3794259168216
28.9821123119984,29.606128899057,29.582290681985,29.4947758320077,29.313067192865,29.4012791477522,29.2622991904855,29.2726234337132,29.2562810879483,29.3584831255395,29.2483695496661,29.2431573974781,29.3308507780531,29.2490224222197,29.2590493191328,29.2249708399282,29.2915725566953,29.285434792819,29.3070009352799,29.2460085154151,29.2926073490552,29.2855564946854,29.272977284165
23.4702518032617,23.5509353410337,23.2568464025053,23.3700805193603,23.4289148527197,23.2351735392976,23.226656424419,23.2564183372741,23.3080519924581,23.2498051770417,23.2885371985224,23.2307691882628,23.2953156966974,23.3063505685214,23.265339050266,23.2933768204092,23.2811085985993,23.2938813521008,23.2715629806286,23.2637253176952,23.2586927050807,23.2809084290547,23.2775150149876
22.9449414366298,23.5456604658064,23.871523983188,24.2499348025726,23.9317162403307,23.5706255879162,24.0778550223501,23.9574654297582,23.9280537458868,24.0443953520802,23.9247154379974,23.8657757988789,23.8749718808023,23.9955246438638,24.0860745137634,24.0813862941877,24.1749753076002,24.0550166088373,23.8976820541702,24.0081326535591,24.0832788521721,24.1198356130883,24.109608921364
35.3524268129685,36.6086024829823,37.2173190136222,37.0577498872241,36.961972986924,37.0558177220327,37.0365506559503,37.3226622066887,37.2899551732617,37.2215211801909,36.9546383857202,37.1266789976787,36.9809921203062,37.1570420441577,37.0906244651083,37.1290164551967,37.2448248743796,37.1071906851423,37.1174280767256,37.2406936485931,37.1981019396444,37.1977662226277,37.1620245031837
31.7227922756743,30.4606990729453,30.2656143085257,29.9748969719214,30.1042791081013,30.1241238999281,30.2908228840141,30.0077047304013,30.1455342871286,30.0946930406974,30.196921074766,30.3350896396905,30.2541442422647,30.0744036196436,30.1799714640101,30.055292219958,30.1263094249391,30.1582569062714,30.1394283076252,30.1945179361673,30.1718575894999,30.1873333634357,30.1897403253933
29.8204224513105,30.4781633377474,30.2156985965534,29.9653468143751,30.1399640955326,30.1840848814617,30.0540746483216,30.0262613414041,30.1442109103929,30.1982218132802,30.1884736917017,30.1691801289833,30.1268985891964,30.1625079975895,30.116527515439,30.1688551368811,30.1593672449384,30.1749102308284,30.1782633233193,30.1558547690033,30.2163920067429,30.1879946459228,30.2164739671947
30.2804686406954,30.4415803751484,30.5116339339628,30.5250072988985,30.3985032887099,30.4253364194513,30.3652167020999,30.399913287022,30.3565638880725,30.4294603812144,30.3854689984751,30.40732530618,30.4136302746142,30.3969249986502,30.4083282329455,30.344427862196,30.4041023144393,30.4005733269466,30.3762050590576,30.3999717955883,30.4198642628939,30.3811700163409,30.4579628442277
24.2182215183329,23.3223503081202,22.9552212392744,23.0222010967045,23.0563031132328,23.0044142987673,22.9340353588166,22.8527498385253,23.0111255533684,22.9413445747532,22.9570314883881,22.9052211927297,22.9349153679849,22.9195565268293,23.0003338406521,22.9954489997776,22.9640654574435,22.8759080222605,22.9913193416377,23.0074251249222,22.9834464905273,22.9653656235525,22.9777798975847
30.7930652053905,32.7438690056645,32.7765589815464,32.2834014259821,32.1788598982633,32.1253096642949,32.3406743286124,32.4911672611276,32.2017458015406,32.2675035471419,32.3595727309682,32.3530063892005,32.3466966758801,32.3579352589033,32.3866996218451,32.2851280306234,32.3465401200872,32.2748271729735,32.3260309182138,32.2349884097678,32.308223196117,32.3296517261147,32.3470519739419
29.9930906041555,30.1062755952821,30.6761056283174,30.530516732963,30.6702626568227,30.7023834678772,30.8005455623736,30.8961910802416,30.694866892171,30.8936965709173,30.8617944310494,30.8099411479348,30.725664640053,31.0140239088406,30.8559205559674,30.8699304131451,30.833520889578,30.9419956273335,30.9304838192955,30.9305267697686,30.9501381705737,30.9070234924486,30.807104726349
