"V1","V2","V3","V4","V5","V6","V7","V8","V9","V10","V11","V12","V13","V14","V15","V16","V17","V18","V19","V20","V21","V22","V23"
171.423799940224,142.50558001831,117.848822424806,121.818155511533,129.82721524755,136.025096787157,143.490973419363,143.644960620678,149.826627682126,154.977714476025,156.386098389293,155.957414944149,164.283974112537,166.54279686291,169.698278877553,169.586872947836,170.445573621224,170.246332246073,170.509098941461,170.436151070686,170.465148790796,170.437187369773,170.458481560495
313.173553734268,261.044044109079,248.432272073876,253.702128691259,263.068065306146,271.752272655989,272.174020525315,274.721311172833,280.064499139169,283.824505585682,283.851590831672,287.463391404598,297.585714358632,301.678511617149,305.963954774297,306.729307442279,309.367166649991,309.309429385066,309.382324020343,309.782176902719,310.127980940761,310.108957755625,310.155624417999
330.386747428517,335.736316987418,317.891140967971,321.163935413913,317.36886819115,319.141420928747,321.706931891858,318.90555379158,317.092690544318,322.488634292951,319.756647904167,322.815669995712,325.002537308473,327.492173300731,328.412566517709,328.854201809036,329.1726557626,329.141274777384,329.471742320525,329.496755956268,329.550819435351,329.583194387189,329.605502534721
465.155836144469,426.976363105231,427.27121078511,417.819447979008,408.525492728222,411.177304982115,409.299356061008,407.848959053229,417.39618880688,430.607100843597,432.448672751639,430.608209659814,447.079264330941,455.209323978157,459.443679106377,461.232393538029,462.519548063939,462.766474588216,463.812452707837,463.427006239119,463.834052676445,463.867770705595,463.934931447539
464.769655380637,464.350544038084,393.904723812542,387.479277612303,392.909199280691,406.672231411211,422.478244510958,430.648642553157,435.172755248809,441.986241192503,444.434349756203,446.258144036778,455.996897777107,459.10045622736,460.746459136986,460.736361084932,461.357237343736,461.929989691858,461.753606400994,461.957774483971,462.059294947738,462.226701966116,462.191457204274
375.449190489657,302.022047373537,250.023402232979,255.240135629206,280.796022939972,288.731079282859,299.228090994642,310.407183008439,323.271167489933,323.605520269994,331.191965109512,335.08566179502,353.892431639398,362.921519312913,369.841616594638,370.625924753531,371.367229597087,372.081620553077,372.384578401336,373.201281932961,373.194299353095,373.359781345351,373.286647514925
175.686218065428,163.566596567548,152.711532404452,148.800214116748,155.264781825442,154.246137424446,157.072106754754,158.396781805416,161.563288154103,161.685282282219,165.4553198243,165.411258425732,168.559419554869,170.347733968833,171.953094081994,172.525223376711,173.080456233562,173.025163265749,173.118558988304,173.036575768339,173.081103522195,172.947566650001,173.033169991929
505.901273451331,436.109936124014,390.422641915918,391.323073683589,419.005955856813,446.869426981478,458.716088702752,466.408277098172,477.389248729905,479.99786905474,485.155640224075,488.185562889654,494.267320487114,497.559120402672,498.885396429758,499.852574384742,501.542010709725,501.983082226189,501.095068823344,501.617195052889,502.032529354215,501.827036584318,501.83927197518
209.319699041676,194.368891192612,139.917503090549,136.244001832014,143.212349066175,152.859696884995,157.438746461816,162.729978649638,169.277555505202,171.969329990871,177.560746680599,180.154580280194,195.499187085347,200.696686264593,203.261668713419,205.180863633371,205.826751091718,206.301731014801,206.541255160088,206.952448409649,207.048211838305,207.100521197283,207.181128907503
557.942043002136,567.671395784368,568.661692706596,539.490252226671,531.404787858744,527.486429340584,515.313974181724,526.593069689417,529.058603207638,529.031445637223,537.023529257539,535.667187873168,539.338465728236,548.014024655625,548.888395024733,553.538981367928,555.014045018582,554.556272197013,555.731881653953,555.957095105518,556.149762843043,556.27951977403,556.349453576091
204.392549516104,218.815644889091,223.033347178201,224.072442993114,223.218150418963,218.623087534998,217.095902384683,218.735208925215,217.15153057421,216.757904664296,215.406166454759,214.380434567303,209.747959318686,207.071131714577,206.032607934207,204.809196104668,204.139134605176,204.234560777562,204.005845970508,204.054668766013,203.798005348153,203.804710093294,203.796996975989
246.989962991948,229.689103271606,167.333566982728,169.399535014187,184.310773656607,196.286980018295,203.696228966531,211.356908804799,216.569053940882,222.436840316862,224.502255515121,229.050116326798,234.230775799049,240.839079786822,243.405299931725,243.82757424361,244.395528365779,244.145462099635,244.771704154133,244.915692490626,245.049286131261,245.078743807618,245.109970700986
102.175478864124,91.6834289455474,86.0130870214053,84.4198969813384,84.6142855488013,88.8037093378367,92.5489949908748,94.4663025795107,96.2909751053143,97.522675146903,98.7743368015223,99.0266975651932,100.432089628857,100.133297400403,101.219870952983,101.176650604653,101.421217680412,101.43731176825,101.515133129515,101.55586919794,101.537439064468,101.537657287733,101.561594891277
340.258160469633,297.264102458793,236.221630463833,243.796126212859,250.559920350465,266.346009591938,284.891292109592,292.351322137288,297.166371292184,305.889940787203,312.046969288365,319.010218156817,328.168799621935,332.277889669504,334.887569360332,336.615997922078,336.941581833183,336.961452471334,336.938267245731,337.397638406309,337.474434665418,337.621097720605,337.588270642406
544.114662221595,549.401632022658,561.019081789509,549.155491747607,561.154902030389,559.422773998117,556.778731572571,547.565589247412,540.131499443219,541.21745356237,538.728986847542,539.442033365149,538.070093573579,544.550998629397,542.330263089843,541.605629775154,542.914462047368,542.966042465009,543.16436572726,543.378527013095,543.227144008431,543.27799543158,543.211833515525
191.477247813525,165.753350868152,132.974526778731,126.225912796874,144.114524553984,153.482915634137,167.828399238635,169.21781529806,181.95952664168,181.13801763944,177.874726511923,180.894477736334,190.449781405825,188.777590875173,191.025520026771,190.612323178223,191.065638306144,191.233942543394,191.542167480022,191.55117080467,191.507854806043,191.595800903089,191.598688966877
291.043434981595,269.86529934857,276.129124317883,255.621910613132,260.73771257067,264.596472314205,270.548496721152,273.682560797898,273.24383091006,277.113942991705,278.127837337218,280.149241611318,284.192252837459,286.66423261803,287.956855342453,289.166033432586,289.438947050829,289.604270256802,289.713276372905,289.617554717149,289.68616817223,289.665652868949,289.579177669071
709.767939158642,698.774139619884,693.113423025313,696.35187876092,699.481626480296,706.923778926737,712.868836032748,710.085870157549,717.45151428116,722.708386522019,720.161630431631,719.529569534112,715.733325398988,712.058929093656,710.055162715726,709.511529434023,709.253904896394,709.494796935697,709.239020539046,708.907670479933,709.201991078574,709.070257496362,709.089640259199
362.711662137711,322.361486423364,298.116348909244,301.880905754077,302.947409450666,304.1278686305,309.200620786887,314.069987221381,318.757738204674,317.204244522356,325.714867656612,335.862267429111,346.095882880173,353.601643548026,357.605134018991,359.172665732206,360.733971736296,361.255631481424,361.809937814379,361.715202685096,361.888560900104,361.927584417593,361.859440416011
155.105924130317,143.039458665165,146.74805667344,136.852969409225,139.774948501954,141.883075957547,146.827158199935,149.387331687018,150.182649364813,152.61621519038,154.730175287711,153.52426934403,154.147483034256,153.926376462441,153.445500137291,153.579241352215,153.408108686135,153.18327982142,153.371477822147,153.372710966107,153.346523989288,153.291376458118,153.27765099724
455.984341693779,414.074167062248,353.039528004206,346.930079674193,359.850270223102,382.56201327882,394.817587697677,404.727285664975,413.94362364707,427.829239785297,431.99104048919,434.82296463696,442.904622207717,449.925499357769,451.026882821333,451.650720966251,452.91939622954,452.987577543308,452.801445528032,453.231331219822,453.485896377684,453.449439485747,453.431629978858
236.356901799734,204.95996592648,163.961623847091,158.219891277365,156.207192013175,160.219021695639,171.164260374557,173.326229067748,182.249554557693,188.180205335413,194.38326358371,203.03650899079,217.102499804844,228.220890439695,229.586901385062,232.622094990189,233.059424092976,233.840787875691,233.957107865033,234.138167937233,234.34323153713,234.366400898714,234.393655579115
282.143846655767,278.307306431067,261.896332303128,260.655301210309,254.356715074218,255.350906677952,258.798310596059,262.091458658352,265.145996607577,266.589418631731,265.280675845163,270.933183674552,276.910799364641,277.006777140085,278.482922531266,279.678338817095,279.977901855833,280.499691058061,280.573741526495,280.667519943928,280.703447151363,280.846449038969,280.850791756347
296.179743540009,291.191952174501,251.821376141044,248.387881914271,260.755020168803,260.673336909262,272.975952918355,275.2861963611,280.579755552609,284.382944956989,278.865296093918,282.373574920498,287.82122905879,289.927374866479,292.42846439781,293.676219998001,294.619374995285,294.680117752701,294.594044498879,294.975101494043,294.869327096733,294.974905777247,294.972325625167
423.363655087178,381.918278720156,290.986687611978,293.762945267297,314.58362308498,335.645396270203,354.910813557844,362.842283747944,366.20896022525,375.759596140953,377.849788597755,384.657604564049,401.177341430603,409.451287069823,415.315468132893,417.372371602319,419.191803466466,419.076072966794,419.917782669849,419.933246504247,420.360039066183,420.599310934674,420.576646611089
212.841893307632,200.879515140422,166.627782364772,169.702640787607,173.162696144712,179.096124325533,187.50121321492,188.558603046155,193.706447888826,196.465525622255,200.322785970413,200.983275380639,208.078957109709,208.51340620265,210.007277112982,210.471410231089,211.675437890004,211.818366609828,211.679462877089,211.734589923187,211.827113048315,211.870705155547,211.857315830145
422.128688851855,384.393645407636,389.61722358777,395.866984984869,398.331768366057,401.986965880256,412.399005641187,417.574356665355,417.918714620621,424.190138956627,418.581816351142,419.380716955962,422.041724014521,419.776103309776,419.050558507503,420.460081567758,420.75215211767,419.708648166215,420.265673463794,420.040560708962,420.123364421502,420.131533276378,420.129515583584
253.262010907644,215.266819932054,181.333934649203,179.649987835069,180.988148268878,182.859666176276,192.13176227853,195.933535645275,200.010339258371,214.127045652263,213.871086592981,220.975528051012,236.663002873984,243.436912769782,248.41298765364,249.844427890371,250.162209307157,251.214870590571,251.35665980052,251.156377375894,251.723317928734,251.798051814336,251.749519843089
603.091949091805,574.391462197713,619.705117977544,617.54258732629,620.48622292898,600.282275787499,601.08777106092,602.794219039598,603.352384483364,604.084104647674,604.519251588322,604.389756391534,600.987258924005,602.182797865965,602.385977494031,603.312322518875,603.426335096857,603.159894150801,603.285420945094,602.830074832541,603.274237261073,603.274784029136,603.422427574879
476.892937735654,491.910671883403,443.648475291328,449.574867314204,444.066018341912,448.617142891022,446.494544314749,456.954467213054,454.830140476202,456.418115944168,456.534930008036,459.110542256449,465.745426162599,475.234707248359,473.750354573332,474.781042688467,475.47641655482,475.986199109355,476.154458614806,476.113391735873,476.270920592103,476.307822419037,476.283949710944
360.861241545858,368.730438119875,344.812308375007,349.728453557133,349.056465678945,351.156954906345,354.459701097094,356.179456225074,349.377429358473,358.640955961178,351.727645676724,355.319630977777,358.050330932804,357.651161518993,358.413986578461,358.771826965238,359.01062244944,359.693766188437,359.649615407994,359.615436793048,359.548498509164,359.55724877998,359.533310610253
383.705510215121,360.694805891641,260.452926118469,243.481218115772,260.252925251528,286.171549461577,297.824463540574,324.911966653873,327.505879167303,335.517115716591,339.90532033339,349.011706271315,367.881232085399,370.719237834695,376.456273180723,377.336942098417,378.062231310333,379.767212903708,380.114613391592,380.039795578646,380.28459351858,380.341478187751,380.339676661352
275.176658233459,255.001006731524,255.9549210518,254.367201438825,248.917573808123,259.103265331762,257.684411440248,265.83487896117,265.442094825965,268.180968141168,268.205537391436,267.661169161541,271.315110881493,270.482942605164,271.964943923806,273.15040332536,273.876048407333,273.605664074724,273.678096511294,273.476202941472,273.415254514862,273.397089490178,273.509739185062
234.645238533339,189.096749988114,145.571229001196,143.477220489341,158.726089318214,167.586990038639,173.123749029215,179.831571024432,180.320206533221,186.207247911932,189.884973516566,199.075084087079,212.386128779833,221.967435408485,227.580714132922,230.980920459343,231.835837381231,232.460989688505,232.958065762607,232.820025751413,233.402487065319,233.415740780203,233.46559945658
329.63232520333,270.834427424646,216.315420199982,222.956731265473,224.973136691565,241.640490375617,260.01917144696,279.520088272557,285.984962089452,302.530083952295,293.682435181393,299.005203279039,315.766355595358,323.04309161378,324.986257031739,325.523044574339,327.0000036761,327.274036886996,327.847979703285,327.899604292475,328.012819683606,328.169182014701,328.097974168952
305.782788591532,292.458624583986,275.81446484372,261.457609458365,274.182586437372,283.326251192284,296.472393670131,300.183686334397,300.116342697728,306.785639290565,304.957979929114,306.257513564007,305.971798704838,304.403772117112,303.339756947685,304.079962920899,303.228376199722,303.692352325954,303.892463289325,303.459900373591,303.493942210403,303.464260014614,303.482003814048
288.221832365658,254.013742013356,217.086551573222,203.610978577593,207.500396952432,210.542416616511,220.745573514741,226.269084353901,236.532602120901,238.227757853319,243.607039154735,245.209810524137,266.522627857552,276.998048216272,278.013824795456,283.358023715505,284.085417559978,284.224952288626,284.936631838823,285.495164406593,285.615548309439,285.597968986795,285.723244980391
280.640872102693,232.506797731946,170.179946865738,190.838560831424,212.57845207027,239.817656105322,247.085557865891,259.359587584836,262.050223106478,266.944406437977,272.231590049011,272.554956141314,275.667132930397,279.696324218103,277.733676827759,279.68393613571,280.08286082862,279.531089534,279.33571504544,279.752760231119,279.876892288405,279.915124147328,279.80100032202
452.053222149872,428.201389225049,419.443694226174,422.16390581,424.45625660124,428.610948840271,428.906196854149,432.169749241547,429.683554125726,426.886482019833,433.399087955026,432.229495761042,440.143765389592,445.87980514915,447.625348392027,449.658806826214,450.334055176026,449.882514142963,450.596680997849,450.726380353874,450.800795702285,450.83896400896,450.898384826801
357.105481434735,313.480740032516,283.044943451275,281.908824697995,291.326651051772,300.617853225863,302.992671165819,312.184400412043,310.662318446889,315.510814793508,323.380718583661,324.144788912019,341.732796303387,348.618976476642,350.297230656148,352.416501437526,354.440399266737,353.985574838251,354.186054057669,354.320306871168,354.33296791304,354.442977705707,354.431772929629
252.806939528465,250.47623543375,206.933155605538,195.927517235519,195.093690125277,216.265812473019,217.636254485873,227.589494125393,229.245502705743,236.767510477308,235.063629331176,233.605869414453,241.374390912844,245.895449721347,247.493745152395,248.999719039089,250.415506717709,250.428136560663,250.963416087932,251.135946311797,251.171962602565,251.165854210326,251.352791644672
762.022949782553,754.781474125313,783.250340360111,769.693808198634,766.590880791651,767.030050152705,770.316343990812,765.640183696854,770.982218731562,772.442349557903,771.280030679687,767.472399106159,765.420092290801,764.100386545196,761.335110638448,761.618209245516,761.411347926607,761.428119344842,761.533988236642,761.606239182672,761.53929888476,761.483990445182,761.616604200051
686.001197661272,675.084681164505,732.254804533686,750.769486179049,735.538645962759,731.472236174609,718.909772243057,712.475619759109,717.495679762754,703.256518142139,710.886078926906,697.931738034925,696.148028089113,687.707882838072,687.537757443444,686.854474608828,686.841987543596,685.969576427714,686.204490326001,685.988381293565,686.182669141035,686.167698613198,686.283351599982
323.433409765942,252.36178945993,201.330008796611,207.175578591025,219.533258070343,233.800069987221,238.864694469081,257.234813999835,256.161580950008,264.378562409659,268.878780001992,264.839902323465,290.348237521638,295.561430267685,302.279842380839,307.545088580855,309.181986435489,311.597517169769,309.927759393399,311.620631652749,312.271040053389,312.503837653283,312.6123557633
319.283034064009,337.699374478305,291.623498515335,291.351452219612,295.613183546136,298.895943418429,302.063743151224,303.271465084062,307.849541531245,310.358948550464,309.266540609462,309.519374365266,315.241139701473,316.091302194637,317.343197985872,317.944023758105,318.448836575491,318.731697191172,318.44728503531,318.455949710698,318.660033762738,318.718007179037,318.658926947851
229.982475386136,131.190010241278,91.1307589368268,96.456815966299,125.698445351242,146.596887402876,161.282720173042,177.250872592255,182.2939882766,188.040114775983,196.158180094988,203.68794154452,213.483591012771,220.979734629034,224.813198308845,224.285729420514,226.086256776664,227.12353210705,227.066683989516,227.066015016949,227.566414581362,227.636934630543,227.631734991626
530.273093520794,534.282655225355,515.705057271896,540.40639284445,537.815962936756,536.412697487569,533.555971318934,530.113803004816,522.391262198375,524.443920356474,525.869410584329,524.85807928904,524.24446253261,527.608843501901,528.534281644336,528.830075238063,529.383066175367,529.45258505012,529.459480252833,529.534530384428,529.670072648912,529.678721727922,529.773407092079
208.731832631787,197.765967559652,178.30609655763,163.790874498189,155.978468396629,158.109044225227,162.04290519342,165.834842224326,166.45170209803,174.111970281916,179.323607489999,182.325553387967,192.322658378195,199.574839703457,202.312330392818,204.799981034901,205.853328543499,206.253446665382,206.326152158322,206.609981311653,206.971658806969,206.996641787749,206.924715629312
252.587025928339,248.395416028026,225.152753589201,218.920405388421,219.246878952061,220.077713386908,219.470863809724,224.279691943583,226.012677178149,228.525850903673,233.495596738406,234.043359495305,240.332840198266,245.475286530403,247.748746521165,248.54726538166,249.405051554303,249.95115421502,250.114435203514,250.117971883536,250.280786583556,250.323890078642,250.333665277003
408.594064998704,355.827367152424,380.224577567315,375.437454429831,368.76792692169,374.156622051703,382.164466162436,383.007864561527,379.509185563351,395.415039741516,392.287048023449,389.082226722552,403.69248129886,404.11897105111,407.78091925356,405.69964858927,406.247584779995,407.488747059308,407.136607533809,407.418402436817,407.659497097085,407.831221944697,407.761316052636
267.67792447797,211.262707490207,144.284356341085,150.778919500595,153.601485465531,168.512625049947,178.371055957108,185.597758323484,197.484564885323,207.38815756705,216.950612341441,226.505177654627,250.937157812805,253.317245074957,260.329020384916,264.251936470193,264.526083396254,264.648867676049,265.87511656944,266.20652011759,266.680368810406,266.653357313799,266.732008263744
380.52583417869,288.757376816772,245.027607043178,237.562771411634,263.667906416256,274.402366340607,292.274272224721,304.447363012486,313.156328490688,323.424671141232,333.668215723978,336.360611949792,356.599182665475,367.625505622894,372.015565889148,374.54917706476,375.703690614166,376.920405874713,376.57039962296,377.764103995409,377.910027691361,378.062200661138,377.905573566448
388.385501571477,366.01083792773,295.620361879173,296.299196754399,305.977675651465,324.021805829786,336.48524937369,349.319561625305,350.694590518262,361.186958477676,363.178586298397,363.940259669732,376.189531697768,380.622000952778,383.951010369049,384.144786359922,385.935142597869,385.464822428909,385.761899192815,385.773688748828,386.031514481126,386.179077385524,386.226954247041
237.525363569584,233.734158067859,189.761605100695,187.338557829214,196.62717463464,202.264245581942,204.319674861094,216.785721068491,219.165269577517,223.930968998027,224.299683944329,226.169233684505,229.641559838931,233.216540518118,234.819443221072,236.705826049368,236.139023664496,236.414076540608,236.813066126549,236.582137312219,236.797666763273,236.860452337825,236.846937842287
433.502319548595,384.528394143422,276.794290490857,256.63624194667,271.186592183624,282.706976298535,302.455979483121,315.85718309372,337.441737779188,350.493800968163,351.654479934068,371.457002470621,398.083387298687,414.568618643654,415.061949314764,421.151665993717,421.932813502029,423.406123316672,423.576159554646,424.807627534955,425.249440392514,425.697379902575,425.666516209576
420.795704466942,404.887960159808,404.062832477639,399.756262290016,404.556195883867,404.460841837103,404.408536218338,407.18637337916,404.130854518342,407.284303940667,408.3669260163,403.712050182137,414.167553151717,416.395355001823,416.380621529894,419.092795445383,418.964247144701,420.254591651904,419.58745148577,419.623315755201,420.213899710024,420.222386197005,420.187228060486
327.738416066028,261.254954017224,219.868674490553,208.78876002467,218.840831143454,224.353792381122,237.125540966358,252.20937749937,252.406977262136,269.384217833703,273.8348254863,277.674037927667,306.823658367467,314.342744647324,322.192955922149,323.226301306201,323.654145547657,324.660873821485,325.447653001928,325.523459588147,325.92164679747,326.025726682214,325.892205445589
256.905102709616,213.129980215462,150.82567604839,137.735993544177,153.650422308579,170.558646367886,185.285125321988,195.159656888692,200.530369548229,214.598918342492,217.280574140282,222.012527117201,237.606153555596,245.321676134221,250.405268427242,251.064355519667,253.963258307695,253.660807962477,254.768935552543,254.642182083162,254.947814132129,254.988283300982,255.091889745604
547.35151197626,545.235458086084,468.010084922383,469.437200899076,469.766652219897,488.167033969821,485.964601275714,484.429691092055,499.591394377947,506.193438530985,519.240654794658,507.928558604066,527.688651891084,533.674680969647,542.585785278973,542.404027952542,543.381116716679,543.847316485332,544.832452292694,544.728797272301,544.977333897571,544.983462107514,545.125097062029
137.019393424835,130.533589682792,122.608323172505,121.288897675883,123.410753556634,124.837484167415,130.465122606105,129.99132152527,130.656025458513,132.065521111672,132.142896405463,133.045192661988,134.859889044724,135.162626170532,135.426882499237,135.610123158351,135.713322730125,135.661841919081,135.689118443211,135.832935704258,135.780348571825,135.773188908768,135.723432877127
477.461407256179,330.807371472432,367.598743202111,372.968419546809,407.252461854178,441.26520706811,454.514095855372,462.348492244716,465.196202111548,476.717895538307,474.263178250154,483.810076765217,477.568751474973,480.728161438494,478.360078025187,480.735994147263,478.795783124228,479.394178077733,479.07982917588,479.074414450528,478.969992602602,479.011371285531,478.998257795786
304.997499772497,304.786155573057,305.201801616652,295.310841852685,299.703004936818,291.29534882371,296.986312850108,301.944457815339,303.494511845263,302.08531568894,303.313210042366,301.018046827282,305.169886846211,304.035889815792,303.962876427646,304.085796682936,304.574569270646,304.502145504657,304.379650031788,304.101605516589,304.349812322682,304.369810213758,304.411743988492
405.448055998824,325.074415518446,352.660881420196,378.352139653296,388.934678936037,379.745644840654,384.1636977482,371.293029504194,380.467118594889,380.495418759186,383.762175713534,382.689100294593,387.960978128407,395.347279859484,399.638518395381,402.406672826159,402.697471746384,402.385877322293,402.447712507826,403.011971967518,403.317175797251,403.317817738307,403.361508436342
319.261558425118,257.355206025537,180.085443420416,179.921883366862,200.898684723956,218.002439123413,230.0314459286,235.998724798162,250.397926367483,258.946041684142,265.186155843175,274.614959880102,296.010468650338,302.969811799745,310.583042239081,313.500585561857,315.003513967226,315.756655683229,316.938972500527,316.928127184222,317.26515677386,317.293900398176,317.24926742264
302.292127322921,273.891310965706,266.070415286872,267.284615943999,263.418850704343,266.44225213464,264.047290906519,266.679429805229,274.276573327306,278.188492608635,277.552995982306,281.461097268737,288.729562057121,292.045268049043,294.914565089843,298.265650517393,299.761825060393,299.408202336579,299.991976170722,300.222666366824,300.283219652065,300.298109145087,300.268220790412
560.633422412236,540.679452466711,530.693655985707,532.752243142038,538.24930002415,543.508991847238,546.316542811309,553.486654633642,555.559153574392,546.394678349603,549.684213406188,550.05139147718,554.864528555742,556.529736415046,557.177729479096,558.889491059515,559.404655467026,559.254278736871,559.553706791002,559.607859345519,559.747002761426,559.728737140457,559.690849766149
199.498602222319,157.456096985587,127.283256311315,124.69170527227,121.065322251614,128.049211260759,140.719215664342,149.907624070791,158.502687479145,165.374903981639,171.511254101367,178.42001111789,186.069692427188,190.942919606266,193.566549563288,194.750941805338,195.467769685767,196.010327230686,196.709708554952,196.408941883267,196.627903338188,196.649871614596,196.685942530653
237.296947650113,208.009111903478,143.688141496599,131.138615220607,136.04451706269,146.117086418976,157.081682413926,169.776188663439,180.966114579437,186.04461434452,190.632802283972,197.245007336202,213.657595487532,223.091012712234,230.108014986217,231.753935993285,232.90580192629,234.487044878327,234.806480218887,234.634444345985,234.749089090039,234.921876783517,234.839483656914
328.896224321782,309.778909857336,279.420504314596,277.903664329151,292.91402780948,293.652737580694,286.039566045086,293.280005711118,300.655593106824,301.920524263059,308.453823490407,305.141492737391,318.577827647643,318.792096080823,322.273698423792,324.242212135716,324.731126133616,325.776164344533,325.695681472145,326.137983407295,326.432707715985,326.565823326093,326.551759486567
246.355669004555,189.205594180075,147.471253598525,144.107652980902,157.194986264753,180.525834167694,193.01721506893,200.279869743815,199.297536766225,212.507204341573,213.776925009521,218.723776616933,231.639266431735,237.825853822696,241.221883442004,243.086605600361,243.644492892883,244.242898990586,244.363431606186,244.534269611092,244.797527759856,244.869635204119,244.885291346741
219.264555194006,186.158450626204,139.487462181919,149.110386116181,163.000221538314,171.279677312274,175.250223303989,183.504788837272,188.659054470826,192.645958342427,195.197834575222,199.750163992439,205.912478777892,212.252612832023,215.861706360963,216.488191550038,217.748488479224,217.598935338669,218.000512162175,218.219370727098,218.231232011984,218.279693886189,218.322003014258
95.0000950711158,102.483181085919,104.341797380327,103.556250591744,103.159037490876,100.981379425245,101.208052118111,99.077332220067,98.3796154929795,98.5246731515679,96.5867991929994,96.217890536834,95.1572441627916,94.7113206601554,94.1094771033422,93.9240160285596,94.0083905090675,93.9609133169843,94.0540358141964,93.971310522341,93.9948109031559,93.9755747938527,93.9934075233383
316.392528409986,272.209753188107,219.047705920056,230.87757066621,253.128173142984,269.546777696904,281.970480823045,289.052208502823,292.64803624286,296.078114356008,301.193160989346,301.906950464325,307.443087964717,310.758346678721,312.5102164648,312.56692787852,312.266269651226,312.80906829213,313.051972728768,312.948653518674,313.026105670394,313.184452890551,313.12868454987
311.66464158108,332.914059669222,327.590431599269,329.915078446644,324.596179787644,323.543713893493,322.388640876474,314.497925752305,312.523574269794,311.327692805843,306.761542433633,306.704852928782,305.828374066107,308.334798392826,307.987035589476,309.70215149242,309.722466001778,310.367969007709,310.225522668246,310.401244192273,310.668519390351,310.676143128771,310.711776751949
291.033400032604,233.899916560708,169.198979744061,144.768725754399,173.848001563137,190.589293881673,206.448464232176,220.677847512505,229.07866497072,242.172618252099,249.298199578316,260.029095584797,273.641148214756,281.628181506266,284.351684929668,285.93320655807,286.992683623684,287.730106195149,288.088487242244,287.989854185712,288.307556761856,288.384550268745,288.48195066346
159.549998134413,157.201756606351,130.104262079886,134.932402771982,131.854876015903,137.484805946765,139.390825201552,141.729097176304,146.573946791854,148.890376959212,148.440906012993,148.536624214963,154.390923983101,154.85231444142,156.988187384194,157.379293419109,157.85960289939,158.173987547003,158.074872751974,158.245221325957,158.427642602535,158.433480314541,158.505722244505
309.983900259079,291.243540568962,255.867996266199,248.700280984026,260.558477760157,266.126072348666,270.040504948142,277.813477919064,287.815740469906,283.419939843092,295.425493999236,293.906452252731,298.598671738575,303.287689497235,303.026730073684,305.694425960404,306.047191535166,307.099565817708,306.992059331556,307.232958067548,307.517437693427,307.527992518921,307.568059159378
238.658031295942,223.350163483551,205.092783088241,194.108926835723,196.33411609765,203.43879283164,205.753784629092,207.684694950742,209.626334697503,211.552505295909,213.894817849124,216.647367018367,223.858772270829,231.732062174655,234.516850013568,235.550780785488,236.972732476578,237.43512256603,237.409313816322,237.623448041574,237.630107002551,237.664951836229,237.689516215669
421.901644996417,328.604031849815,239.946338376361,233.855799731236,252.660556126251,299.089460218589,314.437207983332,330.418949153754,337.439681561174,358.96699239451,362.734254814515,372.506124147127,391.926317245218,400.312521071442,405.245565975991,408.247804688719,410.287420532948,410.476535002708,410.87584914817,411.068843191998,411.781789828813,411.886925168403,411.952942229495
223.333659293153,179.007781714585,159.387797487046,154.884444158124,163.808565660844,166.408309799245,177.512485119325,187.836935650981,193.222570508386,202.433644581339,198.07544143771,203.865645965993,214.22153878921,217.432380967505,218.866586800934,219.540373148755,220.519764113642,220.637499342341,220.947664842374,221.044387258149,221.212301520864,221.243890136567,221.288233385982
262.627394475609,249.971967470532,201.89461101534,209.793643084936,203.013885429311,210.921171411493,221.445898394005,227.064438868966,236.528213782811,240.30905400902,245.366326380514,248.300196599681,254.298624660215,257.798513968082,259.090939471811,259.309452077156,259.797948123208,260.098512815153,260.318326959946,260.325102281794,260.54320851418,260.6184525594,260.601644088164
266.515549120526,234.623187910113,172.592835664577,164.253122439055,153.230685412152,166.242777861436,164.243975167201,176.344492841457,187.33304963911,194.90546891991,203.438245865357,205.688743345505,224.645736915085,248.149103069365,256.747136025546,261.075780997993,262.014568003387,263.242438871908,264.411017240067,264.591775963689,264.827797550858,264.939923103231,264.870812954086
241.174365002997,191.784671809113,189.688690448504,183.465021872887,192.336530214423,197.344320025659,192.202130941756,192.109294611048,201.294805309549,203.690243176925,201.952307880109,210.002210603455,219.003418187449,229.227029484891,233.599516522366,237.026269255998,238.210492188846,238.132049682078,238.863256644126,239.283501574383,239.475410975022,239.522334755023,239.515327589111
75.0652690319177,73.615802684405,68.8540792421147,68.9986118174877,68.516794042123,70.0787397251511,70.6596901652708,70.614839038126,70.9030373781283,71.2542922485649,71.7896968533449,72.5755437374659,73.4229426917974,74.0268332841341,74.1487506996305,74.3421044581309,74.3659267226356,74.4149975823375,74.4443533268019,74.4497489557122,74.4321088650371,74.4055663060355,74.3970790112438
456.615314258086,429.648744928389,382.926557237247,379.597060383496,374.133481838121,387.00112936243,399.990439694279,405.57290070088,411.337141651241,421.26883571832,426.951513415063,427.201174404703,440.415832970822,449.398382275257,450.491698702412,453.375701452196,453.180723786743,453.607728867284,453.422374103216,453.731384230494,453.902751432607,453.930952276869,453.931926100841
365.975778726607,250.229620744901,152.025746545912,143.569731492727,153.507835049675,181.254811827561,201.380770306281,211.488380350707,236.802531552448,250.268898383675,267.569053655518,277.686530485776,320.378513997907,338.254349119681,348.993929965338,358.237548522866,361.294003490183,362.678457717393,361.761196744378,362.225405072216,363.75487750739,363.858531992595,363.834212190139
592.691070347794,580.359367015263,597.566844253261,632.366048536497,638.422871754245,634.342297973893,633.71489134248,632.764212899998,620.650644142941,620.228380645755,613.541045017194,615.233476812357,602.296609070184,595.535376598848,595.296309171425,592.327234684318,591.24847474647,592.743193489488,591.842062764281,591.891920046448,591.613836221518,591.629351536465,591.688146839473
193.738034097012,169.914238239603,128.957725263424,129.891655283027,142.295017475733,158.649547595577,168.945560788337,171.331995158549,174.357598420182,176.637513919548,177.0922584294,180.662838873936,187.113100268175,190.034398543957,190.493996181104,191.876791170496,192.198804273416,192.262453568015,192.315348159337,192.585444346608,192.585511202521,192.608926808258,192.664653594954
377.872480800558,340.055406735088,316.005866988067,309.032092600295,328.890137412588,336.932681638478,347.111421104377,350.41718839929,352.270895813708,357.39290596876,362.40033695004,362.272045910203,372.712318490809,373.542091051507,374.862171879798,375.848551478762,376.827922564314,376.533574131197,376.607346064341,377.196401635413,377.222108080368,377.111960099069,377.108376065815
443.206433090113,438.777632683022,433.136973868764,428.923686870332,427.536473778574,443.782217021704,444.602702345534,452.872592896038,454.884127009581,453.141333531873,460.724572853085,459.532805737948,453.861716877761,450.555797779773,447.937620290423,444.364403179669,442.678174275946,443.895636206504,443.724396821823,444.122602552213,443.509273869858,443.39358601032,443.416330863879
412.144188533599,425.310915502538,422.286224233232,420.686455554537,416.597744806428,412.225980603181,412.230516780053,415.046124609318,406.387996188417,406.739451261956,407.017589383016,407.851336993263,406.82524658746,408.153040759528,411.040382265609,411.193511048528,410.699465926749,411.078594062308,410.753039836717,411.081508053976,411.094485861846,411.050931883114,411.063112696094
211.895757581914,211.288505079969,212.982562649561,205.192115010312,198.022898816638,198.454596191861,201.412287931451,204.157024863901,204.236396697751,208.077832532281,205.865030658728,210.438506369348,208.437849319357,210.445162441377,210.370125841859,210.408652742902,209.668752606835,210.287326311012,210.004535456075,210.029396478246,210.094759560241,209.972988958512,210.037416766179
180.86266427677,159.134359719452,142.708727511587,144.06540323385,143.776854631614,144.92616595844,151.391432880497,156.331138396701,155.926690373643,160.023922676719,161.268100047013,162.474593702463,169.602490014043,173.882444443361,177.619929643092,177.759006565284,178.788846660731,179.296515839019,179.314016563575,179.447609190205,179.645682908929,179.648054637375,179.670369323669
185.801930230591,178.618099354657,170.476861031006,175.058811189878,181.319798012168,179.262778583794,182.269227257234,181.347528505494,182.562965715634,182.004709740551,183.273760236242,182.404949285648,182.718807171788,183.314105616894,183.584365458461,183.805966252162,183.651627986557,183.819036893358,183.840334226778,183.781560756849,183.867316630499,183.763632834271,183.898883732333
613.955833821209,586.391284542498,546.253546312285,556.343434883456,539.472082700116,562.223427395809,582.961487794208,586.91794026146,585.478761777559,599.595900074771,593.124026663114,598.450601032848,606.020348958473,607.416018064685,607.978343332042,609.058362892083,609.427037636262,609.66615790656,609.876984748194,610.219674363974,610.413028169702,610.564001942864,610.618756947885
395.538262501684,381.004232596668,341.713600112535,345.385854192446,367.008265101264,383.981136569647,387.911133523653,392.469157676238,401.497607293406,403.578170034019,403.884659935961,401.727143335011,401.861774041299,399.021917600194,396.463714200029,397.324219011657,396.684325654667,395.037414340385,395.62253395654,395.594357703891,395.676997511254,395.507004834738,395.499109357801
602.554361560405,631.893821952719,615.804190294921,609.276144601785,617.578751596029,606.314365856922,607.356767001714,604.776624823332,601.964640982861,608.552958469646,605.347964335782,603.891977846362,599.229043235737,602.66306652198,601.115277252265,602.587002005769,601.681685231406,601.924148189725,601.922694198394,601.93842096253,601.98207880961,602.054214705934,602.053805671085
319.078397513823,290.083587094499,270.92221036914,289.265368592581,296.881868663064,297.2017734776,302.731407830556,305.02151757079,302.899197803285,306.446121857725,304.512095296743,306.470611577645,312.186202786641,314.29680461978,314.70053962466,315.571396050553,317.359693428563,317.386214385761,317.078739325136,317.795790162454,317.78015804399,317.751350697476,317.791007108789
423.654695275931,354.118272847041,292.262422352034,281.582498606993,303.823101371354,342.387232602315,366.587180373579,373.486823812945,386.344831362181,391.599036425047,394.492699934664,401.791341263805,411.188004440616,415.003824795087,417.628282253488,418.705154529863,418.812928177414,419.565531688241,419.047392459533,419.217653034176,419.687659210738,419.949635561237,419.937252035319
176.884111666013,164.711991839594,123.077936265635,131.752523032427,135.489999507835,146.959938593077,162.477590431844,168.432872739918,176.93180134393,177.275101034626,178.909911659316,179.31561260905,178.912954026704,177.0785445494,176.928428601004,174.93349478121,175.578438990741,175.620697489795,175.49291187312,175.299629623282,175.287598985968,175.250568367862,175.263793321599
