"V1","V2","V3","V4","V5","V6","V7","V8","V9","V10","V11","V12","V13","V14","V15","V16","V17","V18","V19","V20","V21","V22","V23"
488.233948042212,503.354077570346,496.779919851866,504.684947002947,487.968470908134,493.105068664785,483.987805195203,494.705579458234,497.697116322611,501.166337308465,495.338498555172,490.145723368449,494.628734857267,502.523356669878,498.582519512488,497.60859202389,499.587123268854,496.636807030356,496.91238616415,496.539118007632,494.647348011373,494.433790296196,493.988621909806
465.016304940343,469.891814820136,450.871518017642,451.964151432779,466.790246001471,459.763790315432,471.452270754166,467.744727989902,467.551324356802,460.45012569746,464.073963330838,462.533804358769,465.236243633238,462.141549153222,460.779726621234,458.81243269858,457.754397313955,461.555420137179,460.71421598751,461.169869423669,460.708814630259,462.438249984897,462.16339342576
250.324038624232,223.941179482433,242.590634510968,245.695850007567,243.513517551334,242.350738563809,251.738054307498,251.636205667678,251.004218874145,249.318739090884,253.317309696057,251.744378199458,256.432861274571,258.101693681295,261.271690165396,260.578381217538,263.59160207431,263.927134434238,263.665541979653,265.003448522013,266.925891942729,267.700336726274,268.798108318533
302.303169515487,281.838837257471,297.191734759589,285.952297497322,293.58509103351,288.035636603725,291.882580106535,297.897379988138,284.182574987208,294.617044103976,290.075037754643,299.987680111018,310.371373433747,319.679715721703,320.099758600465,321.44730460738,323.495999756958,321.987589693368,321.662935977342,321.917820014096,322.016786322268,322.707961326537,322.648250216692
236.971325475528,197.476065837107,164.861541785275,152.361333796416,157.359587954097,169.10335892815,143.283156493088,152.145220191225,168.240655586476,176.760858836658,174.136159149299,185.952740578945,212.589590367879,217.198609190212,223.79031115181,231.309927832883,234.694014740512,233.427922982803,236.821493962428,236.290719204953,240.563159966606,240.666791497898,241.285352892255
161.612997290657,159.709691404924,132.689249233231,139.753878227393,135.13957855677,135.425670345998,145.074071291701,152.75499573743,153.94253511914,166.020849955514,176.769319090226,179.507391899386,196.416780688029,203.473139349927,205.595733784834,204.411256068797,206.551703019999,208.865332042037,207.254044846132,207.350325122669,209.160444830563,209.444357260861,209.47611277979
396.742484919686,419.833294749357,393.185938395212,396.964343357433,374.402648007578,378.783761813862,382.507553902421,370.045092761695,378.713619728865,387.697381316952,372.039833998654,372.124459529492,378.582605907161,384.282751952025,385.837205358625,385.603967234988,388.998581496736,388.77128956899,388.259064582653,390.032917539264,389.835235623586,389.47849647608,389.009564789828
493.387296732919,499.211513738926,475.749513790683,476.267550574489,469.943509856804,480.577272642717,473.855024072706,482.296514219782,484.20572059651,483.12306601269,487.417740016669,477.62300549305,482.590593381009,483.822865021219,495.524629047772,488.781984241344,493.229169157677,493.494713364301,491.554458334261,493.327921640296,494.028619108921,494.847621845954,494.468763894338
186.189110148613,175.790395700186,162.586107748465,163.36414816499,168.213976702717,166.106988661518,170.994713118619,168.009276607683,170.731396860806,170.432214353383,168.304045405251,164.994674269052,164.270480750051,169.646384800474,173.245770655358,171.729854689604,173.137669397933,174.328110743824,173.781393598178,174.195494244051,174.359515836085,174.578723504908,174.380144215149
256.818668794886,242.141459357445,245.302221548466,237.84572199007,233.716941745334,250.645382587245,242.492937353979,245.969064481723,241.978606078324,243.774865556066,248.69402937812,250.83387719032,254.254281449339,265.65545424975,265.611508751006,266.147488851784,268.190549711533,268.278790153143,268.867870213204,268.031432579733,268.097970224584,269.713527113081,269.72251776097
187.926350882394,156.896871309941,152.698398963426,146.161445035247,146.71056328255,146.538158583297,150.44900003393,151.394566819275,152.50701435349,155.815611992629,155.856574653971,159.834367973092,165.590313405927,171.286758221453,176.2452779136,179.308674216823,179.108497392144,180.458393231154,181.012495460783,180.707183721778,181.65116835872,181.742113160034,181.918067097333
242.991212672514,246.098839323517,236.707098936614,229.741182794471,227.813981925271,236.209149192462,231.461113517553,243.835426249797,239.623112934324,245.170685435271,244.706873070322,251.267686334066,257.77002195274,256.602446578896,259.255748750071,259.685297440811,260.196030768633,259.869073810853,259.707411765867,258.372969112432,258.628901386413,256.934614478009,256.907831087705
202.110258484251,178.475066434248,179.572056960798,185.117736664117,191.393475650945,197.523890784656,206.854684439691,218.710562498507,219.578321294955,222.810657288224,237.253190166317,243.759505229908,264.194985969639,277.330195172371,281.064300292488,280.674341936352,282.56846891765,282.87251704777,286.732743662228,287.087492664064,285.676562932096,285.275829095289,286.069560955971
560.813374080717,566.158239431626,570.165864090935,575.60770799781,569.569795933787,573.378564599076,573.49779808021,569.379926856082,580.151487783316,573.148210425727,573.258770017639,580.164703020751,570.589316527024,569.239668241088,566.811037770838,565.336613813317,565.585570588848,563.590416140242,565.381392205957,563.518010273329,563.644901672215,564.114199509168,564.162730503914
217.717808381026,171.92219578155,175.237399648092,165.306796738256,165.583854730353,173.540530550065,174.358463299175,180.725570080322,186.192354000454,193.050560871709,190.990386366764,193.908771511565,203.277098082564,206.372443882902,210.912170793651,212.681123329023,211.609853885083,210.959225719964,210.58853430964,210.419950956424,210.210539850093,209.919396538111,210.67825135134
217.106099520016,207.066565760318,187.358899224054,193.196615228405,201.645121338662,207.455441913334,208.682723983626,209.856824329231,213.694206744435,209.239596473478,210.563012747904,207.899579480168,211.898076256176,212.301225789723,212.524348320835,214.767172991267,216.775715421404,217.228423530586,217.284476915514,218.244740556865,217.894530381001,217.829626381504,217.908194444003
275.250205902961,246.46218832688,226.848495036332,230.387758272618,226.581593535339,234.510338642355,232.905124165659,234.266244735347,238.696757356491,240.025701244392,242.534787787985,247.640171349693,251.133372498482,268.66097089467,269.333177987134,273.665577345953,273.072772427224,270.408103117831,273.100251005559,272.310865588065,272.805486710935,273.49203886411,273.10676302649
300.517182654555,273.310154734455,276.603407662117,261.768614009396,275.682839576886,282.178709942121,281.66408974306,293.174850198564,288.058534933198,301.038642447148,303.368258292705,300.213761864981,315.836048754158,322.360672899406,321.738933346321,322.366430835617,327.150805247942,327.232043057361,329.051221265846,327.752396032055,329.219341825042,329.918309165864,330.184796625111
215.532114070405,215.551710960975,193.78533563982,186.690923558718,174.630450925082,162.784214545592,176.950304073171,176.449144577709,189.746315937959,190.46995163377,192.644434975243,189.110097730058,204.924087757362,215.812491095548,217.924244283332,222.349760207217,219.476709715248,221.132811181419,222.857652556013,222.21741844005,224.450159849119,224.20864348192,223.91667249561
127.685597245907,127.328991705901,105.587526875314,111.396970529625,102.435137199996,103.219798728154,109.199704110098,116.254591333655,120.511422491532,128.139037749179,130.926903853952,136.860791587622,146.40749061662,161.739027707737,173.925084199917,178.846638954108,181.267278656222,180.880535876362,181.934983544397,184.17159080991,187.584514233028,189.56087577418,189.852999768002
382.912092971112,394.837167579129,381.698990810456,376.553806426355,371.126445189751,381.886208685728,376.251947110622,358.339343128133,373.114973231314,372.288182282147,383.308829853528,369.002964099719,363.3981478752,361.670271533432,358.016333231108,355.93333574457,356.526551104517,356.983218537112,356.842256508764,357.127007604318,357.571214405847,358.246629938147,358.411787349928
198.909421935068,181.765661698494,182.063959674944,186.749619823607,178.079234636853,185.886321669806,181.80275783091,177.555803379777,191.388864230705,196.148937526648,193.782665655123,195.009364380028,204.684232044011,207.931769245202,209.30032660674,211.252555590058,207.922263897817,208.694305776153,209.571005749951,209.478382602035,208.252804521663,207.872851006181,208.105732211184
205.192094372461,163.226692121832,136.85621994411,146.818101254952,128.62994477413,129.600332654187,158.164555042227,152.3181417509,156.190233478987,152.400734519201,159.301212949688,158.332535947558,160.205206086522,165.595798230561,173.970161753125,176.251209028275,181.532577916394,185.329995141632,182.823705572675,183.619427999257,186.327846739247,187.782556682034,187.39413607505
215.148396033972,191.769617020033,196.833078949283,178.140244315522,179.128665551581,185.568924219582,190.753625814813,187.340648669173,203.517067408407,214.938037277682,216.666996486243,211.484118444014,227.301668367427,240.292819688902,243.472272446248,246.200872185648,247.499884681555,246.615781505545,246.28130916716,244.872053032098,245.469696374779,244.780483297098,243.025214366491
340.55822972498,335.166765436716,327.623369817605,313.995269355458,316.545541497646,311.079505273543,313.811715201075,312.812214232,318.183117954144,322.549552459469,320.897672554694,320.911687609103,320.512355066847,325.646473449508,330.341670007742,333.485803656176,333.11642596575,334.004628103044,335.156706743288,335.543922086513,337.658858430059,337.244777563149,337.445811569358
397.144644670214,396.537291973594,393.929297080936,402.631229021007,408.146441788515,400.637822708452,409.923776454312,408.876375643723,406.761893694476,411.37282794811,420.406909263896,410.869472490847,410.374178693154,404.916203037789,408.642466080861,409.252866064111,406.42700235254,408.040893150991,408.289369078342,408.469792306237,408.218811115563,409.336677985399,409.214227250749
185.77865363194,153.365224417717,128.636409839951,139.613689048079,136.942963639441,144.411601808333,147.853543100919,152.805164509522,153.857071681952,172.161459756802,171.163002733895,172.848188294904,186.84525464744,194.981138693638,197.206988433,199.029399125105,199.040585339458,200.817223099298,201.303423200907,201.902772507324,201.009945490324,201.12635980763,201.479447420499
236.305864317884,263.172793617446,247.820006610852,254.962080981489,255.965337058529,257.152532377991,265.080549682816,271.001154799809,278.326828797349,279.773640091494,272.769497496171,278.953269776793,287.046681138509,286.921392540016,291.25780404384,290.058895749526,294.160089480456,290.23859440754,296.308778286714,298.692905763776,297.343480347455,298.364843485289,297.492929041561
471.973982014662,474.999883572625,469.683288013936,465.184452449838,461.689013764953,458.532901582679,460.382904953462,463.390958567373,462.53957737429,462.414620958724,457.535088632455,453.45532661153,446.720992693364,451.849478844477,443.239927417884,442.126857666655,443.636929021468,440.724532471755,440.593779749109,441.285136349983,440.520333618085,439.541559965936,440.311597854029
339.477059186283,344.067941184679,349.461025864241,343.434906567605,338.744257479051,341.414280043597,339.800996162179,340.83183841986,334.452788418036,339.22934231228,333.969664285998,330.215781056746,332.732820339289,330.386992242547,331.586555642655,327.103391645741,326.594315327927,328.837397715711,328.991579888635,331.812309685925,329.769605189172,330.312935253425,330.133541345577
330.573399937563,331.095958713043,324.561285623194,334.665961350948,331.200816845489,316.260724247173,314.535413507013,317.351480529016,314.310210946519,317.655032083029,312.218935983351,318.874513235412,312.38362184043,315.356304392484,322.101202369071,329.116713076961,328.582179988364,335.097598435143,334.585303973859,335.690090097662,338.838832630184,341.379459239992,341.452580392637
192.818537836576,168.88478582613,159.006835304166,158.94851828552,148.61404590733,148.907241253422,146.491525512186,145.423674960935,147.686453933535,148.698866504683,152.829699387458,155.650864701305,161.377026595677,166.376914065095,170.498938206773,172.87533667316,174.670817365589,174.783232009995,175.17656287234,175.789111090832,175.332743193408,175.674318053276,176.0485582893
340.960615067889,327.490649596576,304.588253260556,305.364887421453,308.651090732596,316.274465522029,305.91992741143,314.454943150656,316.072056935991,313.665451863986,320.615827609263,320.89121167687,326.190425376621,328.040421992688,335.310695036778,333.026499652835,335.432428823865,337.372569606786,339.389624856431,337.322223407124,337.637066803117,338.921851335334,337.957381196298
256.203773880156,257.308802614432,270.969554246176,267.165479586975,263.155046473616,271.769310002637,265.024782124946,272.395399656375,266.339079067636,268.146358200133,270.282049877635,271.741401826416,263.653990411883,260.136779297331,258.708946505322,257.89628652365,256.929943060528,256.760745252822,255.370415267909,254.842496886894,253.760596429142,253.726507116193,253.745317187997
732.150594447381,731.106438863703,750.235041884673,740.217493957221,753.850362786721,755.618328225133,759.19777406487,767.294474198078,768.674215300712,759.429636239593,749.462184824764,752.424496030962,751.016138421154,743.093804177107,737.215564001913,734.942467610432,732.795505278514,735.312458977416,729.101049363331,733.699214969262,734.159413669053,734.079070213661,734.293556609742
106.357592391075,93.7014022771799,91.7994150916139,92.5355118643681,95.2673323970315,91.0395399788243,93.2414027876263,95.1573410796066,98.4083815257243,97.9577542185331,97.867926422983,100.656428939233,105.734333402679,112.086085420188,110.881462794189,111.530549006893,113.558914106878,111.990486227739,112.516367248207,114.009396326041,113.534736556554,114.304559951699,113.776684151485
207.551458373277,123.316271609041,118.19282152489,115.310029732206,117.289097300116,114.068207916611,126.693367681216,123.180387325074,147.316852201327,150.789410586717,150.046157698891,152.590256383651,166.951928297662,176.576861232865,180.60597182491,185.669275128291,187.918560880797,190.213423300723,189.185170014979,188.973306229417,191.977647789773,192.02793661639,192.182022932677
278.819258077571,280.692520231739,273.403924230656,254.102202825021,248.978589659938,282.203822326903,276.36793267116,274.969288321748,276.96956532442,283.285309510938,289.516767411715,290.970619505756,288.835298033368,280.485103310834,286.16714151964,284.211567800433,281.51214519968,280.18298467211,281.064346187529,280.595544385777,281.239649313861,280.812647829179,281.309796800157
267.304664506592,219.146239660312,241.911174938834,231.65374990692,239.766530999241,236.561583756976,244.282341986368,233.863376026572,250.991441067716,257.074570165012,262.876743183068,262.812940665616,263.844879852955,283.92580106281,288.478226596942,291.087798729902,289.933620382353,289.891312999833,289.739664637402,292.908096208238,294.30792687078,294.453623268374,295.445342319954
431.447472918776,441.715596852254,429.052365853584,430.443251089695,431.732162066475,427.933894966681,438.294337374424,435.077084192267,439.385900894534,441.233857453064,435.927321244151,437.143273659049,441.618515858176,442.072339673521,439.27363094993,439.334215725563,438.385907510228,438.896022496552,438.696194932544,439.387429776108,436.622155060232,435.705649930743,435.075852048362
485.14254464736,488.601337225149,493.255515606896,484.918516459175,489.57001074283,491.73753584664,492.453585499216,482.570989815151,481.546302224295,483.086257359215,483.557352780017,469.453776761258,472.811075850151,470.16265977195,467.625365256535,463.088514620027,466.439212346438,466.197965665202,465.115505585035,464.593511539417,464.112157220597,464.982444758164,464.938323004788
242.38488800635,198.266042333653,193.581713742993,186.113942659846,180.833539286488,207.476069196484,194.315916016405,192.024182810412,193.463894111577,217.850730063007,208.731961594243,220.345830004319,220.385650064112,225.198161401361,225.689405890795,231.450085808582,231.980889448376,232.947782378645,233.486143077612,234.55346693036,234.324657051235,235.949814597266,235.525260164168
160.281435192534,147.537043319657,142.601965507757,137.029499333759,139.762290669717,138.515957718096,139.587863405405,140.783765948911,146.312249187692,148.680412347728,145.646992052881,147.201540972052,153.989175127028,164.2156687107,163.203602193484,163.800942675241,162.267120448277,162.268761434182,162.441102449117,162.095488153686,162.421758701998,160.989014291953,160.480650872721
296.771896011528,204.26969407739,196.501063929979,186.64855714149,157.425714855047,165.698080162044,183.721308853381,180.788663536749,179.59304308739,191.17363026745,204.658240183593,218.701752735192,258.1468271313,287.442675774433,305.168255941189,312.686956919363,316.839234796909,314.241697388549,318.317347439545,317.957355086548,320.217019233696,320.969512494743,321.112066494781
385.921183445879,386.362720792815,402.110694754861,397.410047655719,399.123500745935,393.482065740223,382.966006972131,372.86042524729,376.252533432957,383.213489264055,383.193631973382,385.463034175502,389.915454886731,401.722275639685,405.639524874529,407.182823621459,409.18010075099,409.680495585463,410.200554114452,410.691636734038,411.952501896062,410.414608496923,410.937980305643
222.756226508232,212.170220900769,215.391289342869,212.826308743571,215.277430199595,218.186709623963,221.519711126194,228.112930538512,227.779602254139,227.699918389828,229.410244670725,224.407064201885,226.540988567592,223.273671540271,222.125117507868,222.25419575091,220.909423145952,220.11194568522,220.675821398235,221.19133368908,221.641779082169,222.330866267044,222.568208367779
260.493677824642,258.463852582317,247.355748970684,240.398218832121,234.135717380749,236.252341293062,232.220057821595,235.690462101322,243.95508832287,241.682440125067,245.553316632568,249.742808742073,275.120725789063,280.152437937933,285.064999438495,282.6380040425,285.202491995894,289.486988145361,288.128332754573,288.694806577614,291.883165473694,293.077810627247,294.110700106447
444.192641959814,452.262688825858,447.054533694246,458.752511326111,441.120755467515,438.233169628375,438.099487094265,443.866827695711,436.855573688116,445.535425522681,439.492530259,441.155344161956,439.179143337138,435.519945768568,436.40059765711,432.535771932007,429.267269996236,431.135828676072,431.888919352573,429.747117665522,428.111166572705,427.791391524997,428.228876932656
284.755787951142,267.26790081498,263.986835454515,257.981825058045,258.490564025419,259.680138795013,264.673292088534,260.503594903872,266.807569469831,269.804551477054,271.063488616747,260.486738142397,258.781705577244,261.651228004863,267.10520704035,271.178319778693,273.81465313414,274.03394667739,274.556301492016,274.436433495511,276.393221147705,276.694411261851,276.771250658956
177.975701854998,149.417410163554,144.539962338118,140.189906311598,143.269970243384,141.140140505598,133.243270122788,138.041206701093,141.855336505395,154.239766640008,151.758148803608,152.99559476134,163.461633030196,171.857056610811,181.54189241858,180.110330981716,181.170464413435,181.235330402316,180.052455256571,182.289016784645,184.469757920686,185.268121277735,185.273577262436
442.552413772427,418.587408114445,438.427002818014,443.094030817929,437.650883742468,436.738075054854,436.612281784502,435.00376867138,440.576795284595,446.875966992328,447.527973079877,444.1079406453,458.436074412684,460.455806670076,468.725596791197,467.183137266906,467.907246626301,468.662657331735,470.039395013526,468.767166923097,470.400631865328,469.977538348047,469.451442184047
308.684615825659,299.925889593104,307.454612527351,314.905927326282,305.596825128289,311.567388005559,317.073318323038,318.856340207927,311.207986854014,310.393256871243,311.224123975665,320.778687821787,321.834937250894,321.252459091178,323.044194882254,322.24793883995,320.166921399929,322.550860428209,321.879963549221,323.750693305926,323.109451148398,323.75981469242,324.49065810021
297.744885213491,275.052254397693,271.336749065283,291.127424597974,279.257913226116,276.331452004651,281.276856361033,279.612386012038,280.889851176335,278.809020622755,276.784013649501,277.365979017204,280.020773474336,274.079851950104,277.675821528877,276.879145264814,280.088710954683,282.708527852588,283.660774497158,284.225584055558,285.693976919944,285.766140303627,285.853269724978
182.384459386705,163.267650369235,128.216613126571,132.306843370502,152.04538308276,157.100143921745,164.052448800737,170.226711249687,165.62001771988,175.269390885537,177.981904054015,175.183487389419,205.799146277605,201.078159958162,212.36777966047,216.83667628548,224.473165602684,223.542897986303,220.662039328897,224.294935181931,227.158698698944,227.96216608588,227.959478663323
506.22152873979,501.090804139153,487.819994801726,487.550889291395,497.178749686576,491.975901598734,488.904743134161,485.188863338051,487.942380255248,487.6164699015,486.439245653854,482.858334049967,496.059075233396,502.841469860755,507.151069564735,509.056470092741,511.991172386982,513.747201920812,514.543873379886,514.675786294377,514.256951066774,512.786517083858,512.870115379235
280.912256791311,261.393506261397,272.788477294295,271.638495928904,272.141360784209,275.036950121808,278.113950889288,275.008342629101,274.523879938729,274.147235173171,271.207047817586,271.377260520895,277.81720459901,277.452575293868,275.77760979133,277.453428401393,275.085047104158,273.874708948563,275.415846421982,274.70431364011,273.842837292185,272.504913957979,272.225782858791
317.148634619591,293.083970302655,302.432804317638,297.639525360171,312.312591087179,318.905373268104,323.752578896234,326.740920172775,321.897799916854,317.31242692459,314.38869936091,337.91144228142,333.162340162321,332.549310658858,335.705879614236,325.782547773241,329.067178566661,327.145653525868,328.446988969623,328.394601233604,327.661776659931,327.125631960827,327.080471457545
386.215822140691,376.932157755298,393.116636185573,386.705929434595,401.48109431923,385.992286714068,376.130616212139,384.396807789846,385.897000578268,388.414841672277,382.70955621803,393.122125192428,390.627988413639,392.001259792725,393.20086651561,398.020003278991,399.157365505095,399.794668935531,401.978554397153,399.733229782793,400.562782384604,402.151899432938,402.503675697352
131.3051353047,109.474920693076,111.126701731574,104.751627031242,111.230746979071,113.603975357407,108.998286271152,108.7783459003,112.388398831965,110.312300153739,108.6123164186,111.934746897832,113.040201920818,114.37502726449,113.820511608118,114.223620655787,115.933872857904,114.410133207909,114.541211359739,114.472446760442,114.510892999804,114.558646547579,114.814911894242
124.852395033048,103.376463770454,96.779661132966,91.14205306339,93.4981294547911,95.5728118454998,96.5619275073625,104.048985209534,109.157998545584,111.680661057462,109.963868236537,110.475536003165,116.29458687499,111.741861938444,116.321671439011,112.250559588289,110.363757361759,112.053679243456,110.428629867114,110.16147127878,110.854761928864,110.722417435347,110.655808134095
483.998971549299,511.682833480071,498.600785299891,488.636738282509,482.718979382479,486.664670306954,483.969844155527,490.105947426133,487.310835776323,493.045687919975,489.553813639052,493.357594188821,490.345780816778,498.325147069419,497.624281828973,502.39005531973,502.897354836109,503.798170292457,504.631653967499,504.401470188029,505.50539667149,505.454678155352,504.924675310995
96.6873581649169,91.3990315534585,82.6861473574436,83.2978936633875,74.6608111233943,81.2329145735295,82.7716103745212,77.94511292371,79.604029043746,75.5917156725434,78.2405032207023,69.4849004794411,91.6188354192675,97.7510590373471,102.998433865071,106.349540988702,106.358914202605,108.280354281012,109.324246258637,108.615234303042,110.641009352096,110.697702920448,112.132853211039
233.129347785849,211.740077519032,194.698504790345,185.986224486699,195.642287264959,189.9214473733,199.437468932097,198.97663120833,198.798558033547,203.052830811887,205.704214457308,200.735623125535,211.231228470515,214.301126098971,218.349520589977,225.939653934309,232.881003448706,234.221604484251,238.56209347353,235.841951932263,239.808747681912,242.358036306991,243.185265145181
184.842229339149,197.912595841527,195.083469907126,200.172480219868,202.90866754017,190.604406284896,192.408046812816,187.076542683268,187.235289072097,187.462568432243,186.695254658153,184.912452184457,183.49879382707,183.491905045666,185.935698275401,184.293961288146,184.932338527109,186.673186744992,186.447482909396,185.785300453323,184.613762386026,184.793966727939,183.695792155497
239.626842822328,219.357652209975,184.886626801044,201.975005974846,199.598311208232,192.267473849866,201.666315023154,198.384380068299,205.425892038255,209.790650126206,224.805720720586,215.869044767305,250.147891674172,250.437601137687,254.487246142754,255.038741463499,255.286082772574,256.026207359345,254.953838373009,255.474912649486,255.694401140891,255.347162810243,254.034334252309
464.435457834089,449.480042805958,443.925956354095,457.438151443385,463.723041370009,462.90171628851,473.776541398798,460.411440031308,467.868948041423,466.613656266747,471.04537336529,473.896790795603,470.438824801543,471.49166534989,470.445587924625,468.11539617,465.176615923129,460.797303244368,465.184267597145,461.992629705368,458.745611476649,458.666127422325,458.658939461994
331.175149283358,307.001029907247,294.701673898032,285.463905331487,307.199419640734,293.375629471508,289.350981649927,308.715164262404,311.644727484269,308.252235862896,320.28470916777,309.208414836576,315.409160522727,327.115447235926,336.757240691395,339.485993499656,345.239923435007,344.470873258327,344.312851021638,348.145521931833,350.246523317978,350.71286730939,351.211714070548
319.000913364319,335.603810683806,335.971749709714,336.301816285051,334.237752247908,315.48688834914,328.908205347061,327.822550510708,330.395770121283,314.839690109748,325.993723245293,319.225209022284,357.514392282523,367.215442662344,371.618670915797,378.207115713866,376.857600211587,379.632113246108,380.962517439315,378.927591874171,380.864963969026,381.254575074257,381.415630861815
167.680145110411,151.660700105315,122.361522120027,122.775032596316,123.055110386307,126.810049464866,131.459833674564,136.462193158484,152.656540087667,155.16252119813,152.430193510312,161.294965313167,176.128095851275,190.519689023788,200.764300529339,201.59504824034,200.302113149697,203.462850795362,204.615248536703,204.555426039027,204.108467738454,204.927043606764,205.122203125413
252.431751960445,217.231643585572,236.723414929852,240.979158213317,243.968463371002,237.139947623072,238.223524813948,250.796279638212,247.779650310013,252.177961033879,242.700999615227,249.19129040745,252.216165088121,253.348839495866,254.168560518855,255.649975381656,254.754588654701,255.562481059594,254.254529585395,254.701763945155,251.975265101106,252.646148813522,251.44298117409
144.921901627974,117.181817974142,110.881415250347,108.168396084485,112.04895080445,106.289697417479,110.79966581583,109.979382081398,109.519438659189,108.74366530999,112.378446221706,112.249015055201,124.82678443839,130.958031759552,135.673222872647,137.279886049713,137.180479543259,139.513357568582,140.265634373907,140.40540841937,141.08474974898,140.980014547868,141.419167645035
345.64705769654,358.73374613051,378.029976112154,366.227844262089,364.11441194439,362.735028801894,358.284357875766,358.160660424388,357.355684588073,353.896867179448,351.238219549807,353.093637314643,356.755481431612,360.776988644438,363.026338409848,365.829879184031,365.179498212368,366.501793664473,365.707378909925,367.18371305637,366.912969237803,367.113428741119,367.412959777174
454.651940737121,452.539940641582,446.729101654195,458.604880836677,457.22756673117,452.934910167816,453.532990032035,447.124457584778,457.759636900472,456.369819691178,458.248883862098,457.022287634947,456.755870657535,469.591042231716,464.876712589243,466.767538348629,465.664291673304,467.298610314533,465.903429649074,466.739514617813,468.105135022271,468.191525680891,468.524495514324
146.80417762853,116.930954944122,104.327379537846,109.678506974602,112.557183548325,111.517636988105,113.517915987841,119.3609744094,122.07009438861,122.484951570515,126.526042724131,128.708641091032,134.743512756372,136.99228710521,140.576171673279,140.963886313003,141.508440023742,141.877745154693,142.188271622238,142.703602691135,142.754061625352,142.523039262036,142.626429472315
342.230253651724,363.76107010538,346.619918977582,340.851518721304,337.052357020795,340.259393069926,336.126833965618,335.984822824543,334.214511590263,332.52680445392,330.87586465706,336.271136952737,336.804824563259,335.031013576457,333.472990230201,335.550263025994,336.226521474013,336.30421077926,336.729282545521,336.672465373277,336.661266822442,337.440732108088,337.084126475033
217.184842422696,202.533214696896,208.325105335356,206.971932663099,203.571231449341,201.197600951965,204.807055094052,205.291708562446,208.05438449136,210.236289051308,217.416917967265,214.348412117115,227.67192350183,226.001613123303,227.259255466127,230.675519488144,229.157665266863,233.190382807712,232.964364650591,233.431283776998,235.515778331523,235.568417712567,235.779876326805
235.042872080202,172.452228612618,148.650029758651,141.61340372366,146.936883362597,144.877224710654,151.251038053781,165.916235701957,176.555325880471,186.552719239087,188.127189883326,189.953828802207,216.267864836439,228.512645439738,224.815247322573,230.205639256512,232.972015245723,232.768297201016,237.113047976963,235.417399084397,235.654535243235,236.388383125865,235.929739895223
322.660729282518,313.315514459991,297.265383005501,298.456505580216,290.308469092273,286.204328977003,290.630329738061,294.410417408913,288.079105175471,293.063006862042,295.745389075345,300.246628282165,300.714015531864,305.418221389325,308.50896834128,309.304917251744,305.558751719118,307.475959194884,308.279836021877,308.471709473924,308.006741811773,307.541871462795,308.012658963907
223.607649308633,195.592875532301,181.916006287824,176.029421805667,177.828320073092,167.681378432205,184.863059968481,177.60318978631,173.195126691227,174.766893548432,175.719132183164,181.029413335429,189.66715583991,194.248082321256,200.748830373284,206.069156130613,207.145342760936,212.022748414935,213.601436045479,214.069315058681,215.134031199858,214.875964774969,215.581126078351
217.900396487962,154.496197494079,144.386287527723,137.324040263956,143.839798844913,143.007011265192,141.870350985417,156.139770345482,169.97430808413,157.628998091879,169.262341450869,170.299824288085,174.633366308401,179.066128810957,182.600438435407,185.582108047991,186.437194772703,188.583589039439,189.193027617248,188.947582663579,189.145217341256,187.786801997209,187.931438316502
739.702145195709,776.037896493429,774.787378977313,759.890339824008,730.129072204096,736.893558469165,721.430105671332,707.243506318718,723.492446068564,701.183081500519,707.436766218726,712.465970693157,727.036514859506,736.244549775078,746.840795974639,739.505518786303,745.36156220504,741.5168700118,745.614926324453,743.338479194562,747.002662036588,745.770186953717,747.651972883478
680.057264817418,703.948560730871,714.651357069293,714.391739448383,712.395046366213,695.977261119514,681.036734105997,682.582024396412,689.640030951408,686.647124961432,682.933773093281,673.691667401265,699.883330519985,692.424323473505,689.358629451858,685.21444072609,688.522040619733,684.168661119221,682.410050393986,684.489114740545,684.793767397292,684.725847799873,684.632978361463
196.537167583968,142.260282425508,130.769318401603,125.616846668111,114.309565968616,129.423590602442,130.747536574726,138.247748361227,140.871396056424,143.013424683813,147.387580169635,156.144762512518,178.006339999296,184.573657836185,188.368305380003,194.219591939777,193.454308940593,194.369831655809,195.505622175144,197.024628739009,198.744635216981,199.220545100342,199.518131703747
284.889471886596,266.001482851783,263.117398258217,256.126285292077,239.883167269487,244.82460657581,245.044053340304,252.791691162824,257.902995790758,257.136618076763,260.276041706844,270.262636314581,275.731332831006,279.345881472544,288.182383367083,287.485704943236,289.643539719413,286.984176326148,287.859270369892,288.178347837281,287.296484127507,286.273107947099,285.966254606762
439.0215899322,433.134005595343,428.607127563716,454.380523471428,443.567288234042,438.591786008685,431.958063107879,442.545171316219,427.62385035658,433.032093904418,432.873661983254,437.851086303573,433.699986495691,433.138162132864,431.596936670429,427.159200700324,429.900942529675,429.452370190178,430.726940142845,429.186779696914,428.956106606047,428.793144401428,428.922885381944
298.195778010933,246.978639634057,228.417062436589,234.312609966434,231.204730511177,241.534989581565,242.521723550728,243.498645622815,264.682737001116,267.279954617364,278.136877885806,278.119726065959,288.870002634552,310.060547268966,307.820027235107,315.663566412626,314.620502810903,315.740467951811,316.157007290899,317.890486157195,318.66341280208,317.812316810361,318.278699654921
204.117494012939,150.600481949989,124.278263214181,119.242319742321,118.597090190325,125.22903163267,126.787967580763,147.010957723685,153.443256360309,154.133720015743,161.507195805418,165.642631234282,183.162709843041,187.427513103902,192.826794517394,195.272073526796,198.591308611699,197.855966924981,197.086196204154,198.093176855204,195.490795217497,194.959774055993,194.919992236039
399.487365483309,394.593822207832,369.193015531895,385.195863794352,353.678069603934,365.58272010873,371.806476098839,378.164436845589,363.858098410801,371.324459156557,376.589663303494,384.790265517366,390.262928813113,403.525971142539,406.517660695842,411.190109777491,413.789444923393,412.250495970681,412.950378599913,412.962358871326,411.797344421616,413.813333549363,414.000998248709
237.387813973468,199.945500858941,181.102128631134,173.458745704051,182.66007307716,177.862434327287,183.998774131266,182.863790168022,186.602599593905,189.652621967125,190.530611656604,195.696545084761,192.968044650997,197.383919533509,199.340197687855,191.67058869351,193.357251755565,194.850571503533,196.694453535382,196.067206495494,198.255402939571,199.10530154517,199.141563596358
280.605043237897,292.596273191528,272.426583514981,273.167320900548,259.0916697126,260.728141548829,263.324980316425,266.419399818974,267.128385143496,271.071703514746,270.649822602039,270.834970365213,295.342484008499,310.32116546491,314.18406303012,320.034168794003,321.7620875633,321.021861887702,321.968738383587,323.133876482743,324.825478537595,325.652712210133,326.086363100519
289.6093232974,290.526203715854,294.064575029172,293.293466204859,298.385624923857,298.710350403393,300.151498106798,295.033101390253,300.604648647261,296.480361238651,301.977344329169,302.849927225343,302.964793647467,307.97506490072,307.358963366377,307.814947442635,310.347040136827,309.412308093902,311.163718816509,309.58625411138,310.771767445767,310.531049208615,310.794920328605
236.582613757203,206.357971640147,167.952330280344,173.500796203169,170.844429984615,154.068325905894,148.773070719448,153.500765409602,161.686826317086,161.906682962904,171.839794568427,183.856451850868,175.920701576036,184.519874231274,189.668872028554,196.040179715758,197.839649823901,196.173032782536,197.452711176381,198.401813525467,197.75979476951,197.739727462554,197.641511991072
267.134310355785,256.108947364905,252.265487801511,250.74352947535,243.915608560327,247.696898709163,248.769367736954,252.169377956156,252.545060191729,252.303807813852,254.806976607606,258.730584830835,264.743555631664,272.766381260383,271.349342110568,273.320607422464,273.043668566793,273.716353871578,273.259768452995,274.601875100307,273.774430144866,273.287951737804,273.684860015508
400.919329134166,411.847168332435,420.947618721159,423.273897923413,419.817612186564,424.01177589005,429.607150504296,424.668236415368,432.513152122294,427.779421564866,425.093912584798,427.370280263605,421.907242549621,425.456611915679,427.273775384636,431.827110351613,429.329454188057,429.464910443093,430.357594938959,429.262535162857,430.797841138486,429.399725578702,429.14527106826
295.043880459588,240.93139812421,232.137990823748,227.843083178034,228.870995085081,237.543011606646,241.329654545882,246.683984780101,254.58923766662,259.194569171865,271.841817355438,275.388982661177,289.280469763294,305.618889021583,307.643005431958,309.541269477725,323.663582326022,324.236533319056,324.729932362566,325.6194000374,329.847409015449,331.943796815569,332.20333586797
272.124023716145,281.687547863291,281.996926202107,276.704689763812,275.059680339814,277.268330234434,273.854080371094,278.870882401501,272.248448815688,275.973493436347,274.804697422258,272.927863025248,278.263711015818,284.009284516168,284.123224450074,283.743232565061,286.025777912666,285.890941139292,285.633790637216,285.304584734834,285.466192904395,285.43984506299,284.798008831883
475.247654147083,462.793823797574,452.090584977482,464.698268890487,458.996467732602,472.876648169458,463.709938288692,474.823595426893,465.500082989164,466.982712596608,467.195128166422,452.035723895315,480.022120148541,489.626917486961,490.145788531695,495.784380667442,494.711680776916,495.27761584581,494.500980294042,496.04128786829,495.78730177095,495.493569824144,495.254070952241
321.212832881936,300.357853945707,302.20349092566,287.038341847439,294.369705865976,292.255092073375,287.298816503066,286.328747742072,282.722748654135,294.761515778831,293.137571009441,290.672027842408,300.866726361922,306.278007167454,307.480612273783,306.479584490924,308.517322813032,307.530368271816,310.179666059022,308.23456025066,307.989777297497,306.57792325104,305.793693202554
221.847182397983,190.705576338413,185.041628592499,183.468809750321,182.297113489204,182.658122377984,196.378446030414,192.890617952624,196.318022242822,206.161212740148,207.490882333021,214.060821883917,213.689193261777,211.681677656818,218.426996595166,218.615574357405,218.043000457637,220.411447467415,219.646072945414,218.962120902212,220.479785890132,220.135977910702,221.297156952164
216.376957600582,191.122083357714,173.29065388598,172.034794213367,169.397763953683,176.934026982493,185.409105453161,180.035270203003,183.859249379065,187.224272239958,186.283026960731,186.884983146498,192.793257455666,194.834076848073,197.913175963615,198.402329755973,205.598032268538,205.743119500805,204.54109216374,205.819494713302,206.84365257257,205.86626422311,205.795933932302
