"V1","V2","V3","V4","V5","V6","V7","V8","V9","V10","V11","V12","V13","V14","V15","V16","V17","V18","V19","V20","V21","V22","V23"
23.775524389424,23.7468716304161,23.7226017529136,23.6899262883411,23.6568456454836,23.6613326233309,23.6394417388752,23.6598849337602,23.6335405849125,23.6400809742619,23.6363028554752,23.6477993238458,23.6567304821729,23.6524110612552,23.6557219449442,23.6628843591349,23.6487307202785,23.6530731929249,23.6606064509068,23.6480607233788,23.6536544569494,23.6524406272681,23.6500204204364
19.6316291482855,19.7510273672141,19.594195940537,19.5706138698496,19.5049998411781,19.5126083722628,19.4530499669241,19.4495289254238,19.4682396241531,19.4746854126779,19.4605651263113,19.4256643287609,19.4032070333923,19.4177401512235,19.4265693215502,19.3838418353977,19.4094596297458,19.395043104561,19.4292723709974,19.4146839520783,19.4189272015709,19.414352064888,19.3939289405805
37.5076039924256,38.6026049285454,38.5288466862483,37.9569811377834,38.2787873909567,38.0171328938491,37.686403964744,38.1902061039618,38.0525941278427,38.1151697905376,38.2235009853155,37.9751266355034,38.1253593612448,38.1476705929599,38.1139973608257,38.1078478650729,38.148353756686,38.1500108584214,38.0673201533823,38.0564392181085,38.1550230355734,38.1322618628177,38.1647885941557
13.1022323081949,13.2810379579486,13.1833525907614,13.1310648425004,13.1779643910544,13.0855486204938,13.1232393061128,13.1047554270872,13.082399908277,13.0787793305951,13.135909735776,13.0768696977173,13.1058157849345,13.082925008014,13.112110643299,13.09085790501,13.0815366893716,13.0896148513151,13.0578491281366,13.0691277505049,13.0731647297638,13.0722332598634,13.0814824157397
28.6290304243733,29.0410682720001,29.025181538143,29.1116460128718,29.0237048521698,28.9813057378428,28.8747324760738,28.9184295038173,28.9914079838785,28.7639217474664,28.9956836216016,28.9279103137152,28.8752821428348,28.8020579859646,28.882009803666,28.9116210215948,28.926908982347,28.8865687218549,28.8676021489719,28.9589930994334,28.8701328401421,28.8613213899121,28.8749460462903
29.4798070858962,29.4448975962664,29.5407307503732,29.2379462927827,29.4684014065367,29.2694879453039,29.1774772544953,29.0666718480981,29.1278645633705,28.9448745531647,29.1088395690527,29.0961819715992,28.844225198796,28.9925584181451,29.1374717034246,29.0256201963173,28.9161765226093,28.9325544603651,29.0845367938318,28.9807667929983,28.9632521151222,29.0024556046895,28.9478660071966
17.7878301770826,17.5175746634345,17.0516069492656,17.1689113220936,16.9871067510829,17.20501153431,16.9853797314336,16.968407805534,16.8748410254331,16.9313396724373,16.9162743870524,16.9795585845441,17.0340563246339,16.9778551078286,17.0390960053878,17.1092422028916,16.9902572383347,16.9717224147472,17.0032720878588,16.9813270450358,17.0320202644215,17.0286018987571,17.0436754940424
28.2495637145604,27.6757994301441,28.2033242699981,27.5961429189605,27.5174010220501,27.9412494168443,27.91617630874,27.6285376449982,27.7133018340691,27.5541703890496,27.4786201569197,27.4988626117907,27.6602299710821,27.5763252031879,27.5578953872975,27.5211380303385,27.7128975248716,27.5326921546899,27.5549281673446,27.545741563161,27.5678372540932,27.5454106520424,27.5547750787663
25.7825918383633,27.4183712992395,26.5879500863165,26.3080415627855,26.2980490556952,26.1338568577647,26.1071736706768,26.0588364541974,26.0721051434688,26.0664514105274,26.1865711718814,25.9506467886436,26.0377140545954,26.111703476883,26.1034586214653,26.1642928441817,26.1218788575155,26.0682136641204,26.1416750070264,26.090797371347,26.087886524301,26.0748196946292,26.1176061109544
25.8505880825462,26.505601671563,26.5417058270464,26.2130070157822,26.4189768874616,26.4221796271064,26.3574525859164,26.3560596438627,26.4183898462524,26.2314186148471,26.3345357167443,26.4054360407014,26.4574905253458,26.3581740937548,26.2917489678107,26.3622489204811,26.4005309096894,26.4140166423451,26.325751549986,26.3495177916858,26.4049608089453,26.3736211742673,26.3914652448318
22.3841559507693,22.1775859089234,21.3680856045737,21.121535186192,20.6112974057581,20.7771571944525,20.4106746805447,20.5239515613072,20.5861713514944,20.9683328177497,20.8123522756817,20.6120103557307,20.659268048629,20.3219198498422,20.3386726243488,20.3249434634792,20.3778883198517,20.4408783015362,20.410907362812,20.2965590780124,20.3669554518523,20.4064681726479,20.5226433300535
22.902424488399,22.8008395811624,22.4127040751392,22.1763238752001,22.1788038224424,22.131571063617,22.1917648930581,22.1132660626456,22.1930539343349,22.1635715065892,22.1328693948449,22.1812546650834,22.0965561853322,22.1784396459064,22.182593530415,22.2261266020418,22.2100466440823,22.2055814216298,22.2065036678703,22.1699835434147,22.1621874826611,22.1242636288967,22.1798872845431
18.8192389533019,19.7746715316116,19.8558726628785,19.2948407528691,18.8819591481701,18.7217548774525,18.7440815964543,18.7057276986039,18.7917724318067,18.7784729475514,18.6640671335817,18.4871053399932,18.55443800252,18.5929378231236,18.605574000817,18.5934597835939,18.5626285613577,18.5073810431882,18.6300561475453,18.5687904360788,18.5787184721668,18.5551571226758,18.5527348483441
33.4294903272699,32.8037254424057,32.7582336100086,32.8164589958885,32.8320255065766,32.8258611183795,32.8211249069864,32.7520270754222,32.809461728428,32.8346300657215,32.9140146142591,32.6965978888857,32.8097967079557,32.7890591555389,32.8355823386874,32.7823502642875,32.8369966736043,32.7881540512428,32.8580947046789,32.8025273218447,32.7748175344098,32.7672606520558,32.8290979328213
23.8995587356148,24.0577738220749,23.696919144572,23.4878772223772,23.6556848476241,23.5409137897794,23.7054647661989,23.5996860990327,23.6882637969294,23.6561657404557,23.4923175851712,23.6775652570618,23.5472132163721,23.5683088655397,23.5925356011398,23.6030517857463,23.5933268652248,23.5819574817347,23.5437289850327,23.5715753167232,23.5944278810747,23.5786721000391,23.5774320512504
20.2500724525411,21.5216947906874,21.2163996692289,21.6061262798513,21.4975729878378,21.4025988344772,21.4930530163792,21.459362149953,21.5908237823837,21.4692951119279,21.3862700223313,21.5462739403123,21.5235280499586,21.5312819434911,21.4702912932845,21.5073821598312,21.5595640985586,21.5139167214944,21.4731273151009,21.5629345810513,21.5229865960346,21.5429886647735,21.5471826713653
30.39488160025,30.2627428948984,30.2399143966056,30.2667970490408,30.2706604856059,30.257207702689,30.2924981005129,30.2723501575903,30.3356149770669,30.345524607984,30.3617303606847,30.2341089254378,30.3367265116795,30.3603829743232,30.3033877947171,30.330620509369,30.3053664731424,30.3716319368285,30.3239554654753,30.3713956022427,30.3684985939283,30.3678388807698,30.3258952919888
24.4114790164085,24.1483178287098,23.8817326936432,23.559344876384,23.058722803539,23.2085210812651,23.073521120858,23.1618542211004,22.9957235181234,22.9801634647475,23.019129679781,23.0985113588613,23.1715430070235,23.054126425323,23.1254410728427,23.1128630508444,23.0644338628677,23.1115297300197,23.0359324517726,23.1241496899066,23.0901458878484,23.1122544151717,23.0812548907232
27.7065960894831,27.9009359491843,27.696345841287,27.6175166192553,27.5846603140942,27.5459739778411,27.4853708471079,27.5363550824193,27.456609367407,27.5322024454408,27.4568071575657,27.4873938703507,27.5158357581766,27.5324322852458,27.5500977070111,27.4917614630706,27.5693697322703,27.5018399430617,27.5398247806934,27.5088093191722,27.4886782456596,27.5531410879726,27.5674036914108
27.6857488374829,27.990402395234,27.6486118523055,27.2579100070197,27.302889781563,27.05272351139,27.0502519014828,26.9766747351939,27.0374554682188,26.9860884170019,27.0189337291784,27.1482159518328,27.0213966975248,27.0106208593476,26.9311704946349,26.9342482330129,26.8485849956554,26.8772086644007,27.0638366214291,26.8915727664671,26.9540476404593,26.92251670756,26.9289837208827
25.8264114093184,25.1144510525405,24.6174948684114,24.5006128473719,24.345979408394,24.4597967718789,24.3307649032466,24.3211110972809,24.299414100142,24.24374710948,24.3104017377325,24.3332429073935,24.2713567139054,24.473580330159,24.3373085755993,24.3622149521339,24.3403142016906,24.4391253956538,24.3909094917005,24.4380970668977,24.3556662543055,24.3353004475536,24.473244882164
26.2336597422127,24.9210466130018,24.2692542290923,23.7529575274757,22.9581713306987,22.8145072501599,22.7083455176647,22.6015992911298,22.6515381478685,22.7223033618726,22.6796941152283,22.4731349641755,22.6560644354118,22.5823517442456,22.648573898826,22.6838524582178,22.7046669386888,22.6333539747603,22.5996806717709,22.7049503398574,22.6602328941101,22.6115136655886,22.644814563058
19.0525977872767,19.231886969487,19.1416543731436,19.0759020778457,19.1073930475698,19.0506704470266,19.0660388878599,19.010746783364,19.0495581078046,19.0383182365532,19.0347737132161,19.0192412027506,19.0136940329352,19.0264545300947,19.0391042123824,19.0310383771183,19.0123196074882,19.0068447375428,19.0398219399362,19.0335555354297,19.0239235512565,19.0073902695472,19.0321909035147
51.0075301383784,48.0352710509142,49.7738650878504,48.9353190986391,49.2146919344063,49.9457800503506,49.3118143872546,50.7963595719665,49.4410074548018,49.4714847968125,49.6789692481824,49.3142526959352,49.5264960111893,49.8003536542128,49.5225000298514,49.7672371362478,49.7629619210332,49.5512802808923,49.840534071197,49.7177154472926,49.6315890327089,49.7598381681838,49.7750304991367
24.0260401728478,24.448325751032,24.3635403664541,24.324843489693,24.2388247834077,24.3415787130206,24.187299181759,24.1870664625994,24.2851695970498,24.2208315902673,24.2835889403047,24.2198874091686,24.2428259797925,24.2934191397125,24.2386685905825,24.2203038269434,24.281963096094,24.2490451124443,24.2825635276367,24.2510020116597,24.2736810448097,24.2657017798285,24.2476130778702
28.1758687346057,28.4299789697308,28.3692830857963,28.4015724497099,28.4739978661341,28.5433231189143,28.4878528769037,28.4966952347034,28.4694829469721,28.4599561594818,28.4904742243378,28.4381640614347,28.4505644028704,28.5447115946302,28.5071658609716,28.5156227005949,28.5610440970434,28.5338384061444,28.5424559628693,28.527969221723,28.525059504655,28.5282635297759,28.5203175488579
29.0022938807246,29.2293908134494,29.253184625045,29.2324603159019,29.2637603595157,29.1954715874101,29.1937203680832,29.2180004339033,29.1730152699912,29.1729662195685,29.1766435726707,29.1731181283944,29.1688500157625,29.1926236198817,29.1922707943057,29.1710277370541,29.1817881054992,29.1520112477335,29.1479252024668,29.1438015053088,29.152606644297,29.1259172096767,29.1476268365875
26.3161690867009,26.7224519039183,26.6262721810368,26.5182984045901,26.7745752136295,26.6616176453067,26.475923508614,26.5522591378581,26.4584537127398,26.6096039773551,26.4063400610023,26.5348377182775,26.5397579223518,26.621393451239,26.5668862624305,26.5951636575715,26.5850630201209,26.5715489013167,26.5686036190098,26.5738436417965,26.5594171137606,26.5543717334197,26.585140983785
26.6358225501568,26.0373863409911,25.3951191686044,25.5032248692004,25.5979936506564,25.659456452771,25.3842390029627,25.2268126427223,25.6274417096538,25.3813789482081,25.4723794208253,25.2886315619012,25.4646285213773,25.3854334600166,25.4420545090878,25.4094943651742,25.403092253117,25.4785157889671,25.4119656800589,25.4041180192169,25.4272996732215,25.4055206484997,25.3948719667846
21.8874705692285,21.783161518864,21.221138893402,21.2238105742057,21.0368231688896,21.0682751750652,21.1295507810187,21.0892524238073,21.0293959735909,21.1101486735111,21.1640856195802,21.0162348466717,21.0069729761604,21.0821458274695,20.9818340724138,21.0274875442375,20.9936349232797,20.987181047958,20.9932744500919,21.0330720051346,20.9913597460444,21.0060620001916,20.9939529481911
28.3890742441748,29.8573337150759,29.346369087925,29.3198854687398,29.3977811645317,29.0922035723178,28.9404246789197,28.944834040523,28.8580697749083,28.9518159279409,28.8735622223198,28.9693619598563,28.8763205284952,28.9560915467977,28.8934303594768,28.7871083123709,28.8961166682471,28.9293987484261,28.871759013693,28.9441227618517,28.925415980315,28.9441554936868,28.8964943771631
31.2996791873263,32.1486792133639,32.129221749757,32.0718930059603,31.937322588627,31.8441335035841,32.0819884158723,32.0165744212692,32.0851960622541,31.9605532029175,31.9241926705633,31.9667234222939,31.9806152471011,32.0184340050374,32.0196784164839,32.0387660705477,31.994088983574,32.0406373501415,31.9860810904764,32.002172555047,31.9963938077559,31.9919432186324,32.0307336459302
28.6417228418645,27.0450626693903,26.2752300273921,26.1331859297708,26.0581753957618,26.0626253378803,26.0559247764323,26.288282628242,26.0533780453336,25.9549544965049,25.9210497815822,26.050192455429,26.0088631415575,25.9776624099529,26.0346505591438,25.9564066632209,26.0990935423271,26.0436883162834,25.9002043963488,25.9513390687502,25.9446051217049,25.9664719536528,26.0238544820602
23.9118142984,24.149001792275,23.9174097775469,24.0326593037299,23.737609349171,23.7888086460718,23.8550456334525,23.8354281395172,23.7689716026736,23.7855039565026,23.8006783421753,23.7740535035198,23.7270823429704,23.7877867952337,23.6774630498178,23.7062279272292,23.7539678367601,23.711715964478,23.661304811193,23.6880179738002,23.7108605938661,23.6995037186931,23.7027900222933
26.8186002335768,26.655396339419,26.4972315983793,26.5792781128428,26.5879199167575,26.5257004013974,26.656653494911,26.6221844697478,26.6769370627872,26.5668163659642,26.6217211253936,26.5808888352288,26.4970809893506,26.5738090744852,26.6065773122308,26.5611715211819,26.5673937273612,26.5721984604722,26.5362479386891,26.5846636092122,26.55766502251,26.5417888766962,26.6070202001281
31.1543754829263,29.9473344036087,29.3338722707412,29.2375364116978,29.1771635505536,28.9079021241988,28.9646353061845,28.7276321728725,28.8960039933837,28.7163982801162,29.028207777395,28.8654437955688,28.8022789609896,28.7639022211736,28.8265784561433,28.9307138379269,28.7971726026375,28.9230493973206,28.8799745015041,28.8736270510159,28.8803529358689,28.7526873425671,28.8524084295834
32.0537563085338,32.4477418141402,31.6051651448566,31.6308027833036,31.5965218066422,31.1264875356564,31.2125392615637,31.2894962909161,31.1776275118883,31.2069244910267,31.093504882435,31.2281763655607,31.1058839892058,31.0959523115416,31.1444412122147,31.03766422571,31.0875281704827,31.053151770811,31.1372400992875,31.1737042299973,31.0418077518079,31.036281569729,31.0807156393005
19.5488983697406,20.1721526116607,19.692255452686,19.6285954671696,19.3674334164589,19.3356734764,19.3549536754576,19.1353516366889,19.1689274744624,19.1556884881912,19.1303292055619,19.2037243037448,19.1129343071469,19.123263022456,19.1703356367847,19.2368236427732,19.1924624480513,19.1955694396983,19.2210658584552,19.1848326612338,19.2259206391159,19.2191269311753,19.2247589698303
26.9846472157787,26.8047258436918,26.5855561438614,26.3964603525204,26.5147529969906,26.4151623900216,26.5118146872903,26.5286391561909,26.5210371369532,26.5109428309337,26.5198221869237,26.4450384601343,26.5039163699136,26.5718601458132,26.5037837224987,26.5110962090844,26.5148704521532,26.4838636765661,26.5186399028383,26.5072775020766,26.478113458324,26.5147221158794,26.5053689030963
22.2684425271945,21.8660231762616,21.702675976152,21.6659314384414,21.7131257702973,21.7322843053365,21.6683463056859,21.6913942807642,21.6603953891281,21.7036810570201,21.6643291483192,21.7262716741432,21.6371895528867,21.6450489382833,21.6678764692502,21.6736324623824,21.7077912737459,21.6792872921344,21.6579390518997,21.6503627107814,21.6519836640835,21.6774431236672,21.6810151897953
20.7293327596696,20.3659769386293,20.5379544576058,20.1902050477065,20.0294993484492,20.0548456797441,19.8832655436959,20.0347890209183,19.9627539022196,19.9212583657242,20.0124560479939,19.9502951705611,19.9582164524474,19.9306145793375,20.0029986223869,19.9764736463333,19.9974971028691,19.9468732465274,20.0127667822135,19.9987998458415,19.9827913633359,19.9852806004074,20.0109535999035
33.6987818896918,33.8145814895458,33.4130959691644,33.1458418059668,33.012947470963,33.0119406778978,32.9150581426115,32.9570844950312,32.9653462793985,32.9206671184562,32.7807692756962,32.7567015190555,32.9156688702936,32.8274947652781,32.7789854646806,32.900606870275,32.8374581136462,32.8966861964637,32.7940647710596,32.7885392639477,32.8511354369522,32.8603080892369,32.8146983928871
24.5134060186587,24.8372114070167,25.1039882759296,25.1132503457686,25.0834309279212,25.0604012359469,25.03453656159,25.1560634059023,25.1533030024434,25.1492902993525,25.1474244687589,25.1417029957219,25.160225847829,25.1898558831425,25.1476100969521,25.1791423376415,25.1098762392127,25.1543325384083,25.1535039621587,25.1205282574791,25.1266467569243,25.1573901933718,25.1579808923816
43.4371953237655,38.9921547123412,39.1347000797555,38.6782490145013,38.396667005595,37.9758412660639,38.88056183037,38.2941257495766,38.2525427287613,37.4211004045844,37.6242253428545,37.4393785666513,37.7724511640675,37.8654846115491,37.6057064698292,37.9403384126659,37.6339841932442,37.7027890239668,37.7164026716183,37.8027335641529,37.5006592981506,37.4454092094869,37.5313079426109
43.3212033258557,43.7765065518875,43.9492026038676,43.7043317137677,43.5830685698663,43.8230983240649,43.7062884636937,43.7560420543996,43.8298186796617,43.8174741342266,43.7112854037802,43.4996157754047,43.7946617995805,43.8953931501531,43.8146391058016,43.7673231805525,43.7840757916138,43.7091049468551,43.8950995298605,43.8938173272433,43.8376712849212,43.8940435579925,43.8474015345426
37.0091480062565,35.9352862439841,36.218770394842,35.7546211135377,35.203441828492,35.5585986057769,35.4204340432635,35.2878362002153,35.4750909512013,35.313452227786,35.1568429661506,35.2906649154444,35.3863141093236,35.3993954165398,35.546465699181,35.4523414810539,35.5798068446695,35.4930779028319,35.5653633983722,35.4020667922843,35.3930755779776,35.4514898388156,35.4395560140204
22.791649580692,22.4268863443752,22.1337231175912,22.1880795034911,22.226608547307,22.1231957127686,22.0688431277458,22.1069521956078,22.0452974488155,22.0322587750932,22.0449480088708,22.1192781062501,22.0864707440487,22.0871990528857,22.0644754446788,22.0187804765085,22.0448348098397,22.0561155639587,22.1029845506573,22.0458058623638,22.0263319258081,22.0445571710677,22.0739823690123
23.9861067203298,24.2740205866917,24.0663098789752,23.9791121765851,23.8119459072606,23.828676525971,23.8161009461396,23.7601140170238,23.7808035376064,23.7414834443921,23.8134755667188,23.7321732729596,23.8025397987203,23.765671640913,23.7924251467577,23.6992659392468,23.7500809703895,23.7706292467187,23.7721693329457,23.7778681229111,23.7633825525573,23.7413941827073,23.7755495122908
32.2642252559239,33.2429302380215,33.3626054949062,33.626765895068,33.4815584929724,33.087201358682,33.8579657988625,33.4264598535176,33.5513965824109,33.5764355224482,33.5649488913372,33.4337124427806,33.4963319938119,33.5828885460416,33.4601737349467,33.5396621670474,33.4966332294685,33.4674914829387,33.4626511682236,33.5724180624196,33.6147977869093,33.5991374943423,33.5362827948135
32.6650116296767,32.5094116895678,33.317450860222,32.5253802154929,33.3843439317311,33.148619467413,33.7514055998575,33.8440631040684,33.4181989477138,33.3671213481545,33.3617668496839,33.6275330722664,33.4345929617194,33.3069893433473,33.3796751605302,33.4908823330402,33.3922316889022,33.5457915682858,33.5510795956151,33.5040521957724,33.5346747063909,33.5743452698056,33.5688628294189
22.2927793915138,22.2880454406406,22.2772982580733,22.2751750186867,22.280263787755,22.2888271018165,22.2927873611603,22.2942098903762,22.2852900583372,22.2817096021274,22.2908394986916,22.288183308935,22.2892145668385,22.285679433694,22.2801035477469,22.2804676725181,22.2975177201276,22.2900759428549,22.2909639266093,22.2922777120323,22.2803427307235,22.2861850330472,22.2951367194308
27.1897953827253,27.0158667113524,27.0786725339702,26.8090362765597,26.7045358859073,26.7351461972843,26.6716479976743,26.7262777542048,26.7265252584137,26.7312150191098,26.518122043942,26.6565873720791,26.6089502240757,26.6783396324008,26.6050467772094,26.6333362842286,26.7032443430712,26.6174727962146,26.5980349928052,26.6925322442302,26.6749621951534,26.6650326947021,26.680094135401
26.7134995127687,26.4777120368142,26.555324723935,26.3433351661638,26.4405760185243,26.318043947741,26.3241893645002,26.2896413633524,26.3145934483535,26.3497679848428,26.2620801568725,26.282726683315,26.2198471743833,26.2444114658627,26.2714427119754,26.2559924543239,26.2196267870819,26.2912228122755,26.2096492635902,26.2713603104289,26.2373818249853,26.2728454990761,26.2600544936768
31.5456358199065,30.3575934795413,30.1717198920667,30.2290225879046,30.1895137485243,30.107446826616,30.2092129343644,30.1810277155765,30.1164264678521,30.17048880572,30.2414773413545,30.1766097560472,30.220240853794,30.1457838410551,30.1970335117875,30.1702326585301,30.2025638437239,30.2356078458446,30.2284916974773,30.1940295892701,30.2370774703402,30.2044491924187,30.2318624790234
28.6224947536782,28.248028819682,28.0273862238027,28.0870893248923,28.0077502890064,27.9647697443949,28.0140494316268,28.0452858701767,28.0100296188722,28.0645743649399,28.0179960723946,28.0572857146756,28.0023870404394,28.0101185775816,28.0584175904682,28.0177730321308,28.0057260546797,28.03612868939,27.9864065822352,28.0542125581274,28.0056464199716,27.9835137774927,28.0038844213342
26.095161622697,26.0155497686524,26.1851914154454,26.1343797053562,25.9610034101518,25.9681237198323,26.0366251225806,26.0193310879984,26.053722260282,26.013127987224,26.0077710663899,26.0020779455549,25.9759129063578,25.9733395134131,25.9833527876924,26.0134180034945,26.0112345802434,26.0027606955104,26.0232176653442,26.0007111770613,26.0034868435616,26.0021213953956,25.9907588483777
21.1073272395627,20.9325787387744,20.7429334691252,20.7596169623507,20.7939376591334,20.6810926004558,20.7909600685231,20.729676681891,20.821493102272,20.7179282510481,20.8257046372539,20.7114578192563,20.7625562497473,20.7619208719367,20.7672833685542,20.8194668757925,20.7763523156366,20.7798447441881,20.8323730376575,20.7600612281494,20.7992739608454,20.8042531972606,20.7437871768746
23.7302074659964,23.5827639495737,23.0177507935632,22.8385532143862,22.8965303813819,22.7326357138286,23.0309700126113,22.8215054438443,22.7088910579823,22.8383301761695,22.8687435652475,23.0383929398621,22.8353256669071,23.0319051600706,22.9957304219578,22.9075947707009,22.9516526396325,22.8804966286867,22.990745228305,23.0240647922666,22.9578005251221,22.9392761373064,22.9447585835436
37.3224328095894,36.0117075354248,35.9844102661405,36.6695936889149,36.5936515402883,36.1976837166283,36.0887850764164,36.4701222505957,36.185999734451,36.7085383530668,36.6749994071391,36.4669225270848,36.4302193594393,36.4582342728142,36.3506218829828,36.3269448356372,36.3185784740041,36.3729420948419,36.4717343646486,36.4085383590456,36.4061123804693,36.5151517270893,36.4079989637999
20.2535797282519,21.6371967397227,20.3718579047265,20.1272479507909,19.9159078342869,20.0800812363036,19.9794851245768,19.8551798681146,19.8260984064134,19.5659748581861,19.8092625090759,19.7864881599945,19.7993433681562,19.7853604414545,19.7312271075149,19.704972026998,19.7947621021824,19.7505527990074,19.7167074222511,19.7585796786321,19.7601245800487,19.8040853389687,19.7994711742103
20.4784656792482,20.6415340939704,20.8599932449395,20.6098846956537,20.4282500538672,20.3644004165237,20.5415199063832,20.3414665563493,20.2898883624197,20.3293286552333,20.3565699153137,20.3472176752327,20.3063915234184,20.3479599526319,20.3339346534337,20.3449949243797,20.2990536856145,20.3514942388633,20.3492813696133,20.3146086479403,20.3364546842304,20.3339547147187,20.3650070599973
38.0994200943129,37.518618167763,36.7800817890856,36.8136833130355,36.3476633299236,36.3659614155963,36.4842295742317,36.395859468129,36.5656630853207,36.4944511517882,36.5372618563608,36.4374334326379,36.5210261020414,36.4847998654793,36.5097342469963,36.3952976520274,36.3772410988397,36.461524020731,36.4959947059874,36.4689936667118,36.3461529444772,36.3932561632348,36.40744844129
25.3249723476995,24.5815562408987,24.4903373321366,24.341722008721,24.6159258357302,24.8557371699681,24.6559779375955,24.507483566863,24.4854960377144,24.6716770030686,24.6693155403989,24.6514013604827,24.6024415588544,24.5937206025924,24.6153114018456,24.694325914098,24.6581272916518,24.6284129298431,24.5976341998371,24.6953474996947,24.623073552657,24.6690203124774,24.6638701534166
32.9938060136045,32.7731059519072,32.0703979447657,32.2468028924965,32.0013559696737,31.9933908973863,31.8878501229361,32.0144909258414,31.8210819437977,31.8289350556327,31.8430275737135,31.8023702786971,31.7535232093196,31.7656293742122,31.8556203207713,31.8340479761454,31.7674440705705,31.8482620153585,31.783079657128,31.8089467212208,31.83460340026,31.7694694693461,31.7650431392392
17.7871777874682,17.9119040093758,17.844088745772,17.9305431645549,17.72808082577,17.8253807105126,17.781030444954,17.8255811026429,17.8801805294379,17.8367424762187,17.806293520777,17.8393247554834,17.8878066360252,17.8373026471721,17.8380995626465,17.8592816392766,17.8419544336005,17.8319293257657,17.8291455514057,17.8334655790539,17.8385194888639,17.8523654876031,17.820847435415
34.2591661867958,33.2576700256212,32.881321780865,32.9620203505201,32.6750414934849,32.477420534358,32.356831407775,32.2178645501163,32.4947016695138,32.3968042585926,32.5203570685058,32.5553863646401,32.3821845924055,32.261102454133,32.3995386076245,32.4245958037354,32.4814845931369,32.4160826688742,32.4414354920845,32.495754152696,32.4538599197432,32.4834452403394,32.4786831040946
19.6906208032221,19.7888685274884,19.7835421969518,19.7702471659498,19.7676563629094,19.779144412234,19.7504356508498,19.7827999920259,19.7782591850655,19.7626357772962,19.779739254143,19.7678104765875,19.7744112652487,19.7847194000814,19.7885135959461,19.7893735247283,19.7814449186928,19.7826088979022,19.7792529982875,19.7923133215453,19.7967668962916,19.785356082109,19.7842949050128
21.4291388452503,21.7125374496689,21.3016662364456,21.2176802367312,21.1364541102467,21.1055565437686,21.0697971442411,21.075209257154,21.0536006399806,21.0515542053526,21.0620314344104,21.0123225360552,21.0530754785414,21.0275228762066,21.0704565768794,21.0757216598687,21.0222794873181,21.0547281839707,21.0221986152329,20.9943591175088,21.0957191571989,21.0676442394645,21.0666540153108
31.3602978650643,32.0970392209207,31.9141232051203,32.4677495536159,32.2116817015986,32.0165605208155,32.2091181275132,32.4726807010058,32.1960267236185,32.0861298283718,32.3681429785512,32.3019421699795,32.3260362326621,32.3552893000297,32.0614822461497,32.4840470859051,32.3350825026618,32.3212498448813,32.3510827554588,32.2525714342889,32.3346262293978,32.313572735276,32.3584132946297
17.7739761476124,17.8900772068435,17.4425281683771,17.2970649762026,17.2799941845957,17.0543721124813,17.034664539863,16.9103050362701,16.9719742537642,16.9471503128112,16.9811818785612,16.9935124359335,16.9887329384734,16.9487155036545,16.9651553623587,16.923866954525,16.973921363734,16.9955465476755,16.9960001382516,16.9483702966904,17.0001994649166,16.9336799826601,16.987942765586
28.0496487832244,27.5105875863955,27.1325967733264,27.2678401633451,27.6724520248497,27.2634485712367,27.2637984828364,27.1425080659449,27.2135383977258,27.2307305389377,27.1584955311621,27.0731395043586,27.0958982006774,26.9416560614992,27.0474989154561,26.9747687148337,27.0228205108914,27.0719406806034,27.1079197607594,27.0840718498127,27.0593983915974,27.0238319420867,27.0199534072791
30.7162141165391,30.7530528788422,30.6435811513175,30.6767711382222,30.6692540296604,30.6146247137561,30.6437080061195,30.5785436250119,30.6170878294363,30.6003535326239,30.6095126441654,30.6104959981858,30.604105020974,30.6258022273024,30.6089518064464,30.616623014542,30.6333029510753,30.5806150821641,30.585672683105,30.5870118364761,30.5934192017848,30.5897517924631,30.5953520385729
29.3811040643617,30.9069497420049,30.6771065517796,30.5722761957307,30.5278561949055,30.6675527776319,30.5835322069129,30.6421070360678,30.3153947537776,30.4415330394139,30.450097861701,30.6273025047365,30.4830624114784,30.5042629825121,30.4557692035612,30.5891969683753,30.5541555551034,30.4840543886886,30.4677641172693,30.4348746214992,30.4908864094378,30.4999614111372,30.4923434960576
21.4265464862458,21.313709241922,21.0281324283383,21.0406899223669,20.365172820333,20.4829740236056,20.4503343383389,20.6199761882679,20.310307918502,20.4981833829971,20.4127159202403,20.387176346479,20.5376210392852,20.4355365762345,20.4823429750103,20.413709326526,20.3386054408689,20.3902207457448,20.4396764310281,20.3720090772351,20.5289517502425,20.5765951450536,20.5071905025339
29.9820670254023,29.0301560127897,29.074418093632,28.9671206114083,28.5284587563322,28.6936448527694,28.7562879643146,28.5528701438273,28.5536926664425,28.6356386184615,28.7015349915041,28.6291433619369,28.6927296154409,28.5577512424787,28.6694726101938,28.6334186403381,28.596463744041,28.6558242754349,28.5895263940579,28.6472716573117,28.6417437814737,28.6580650405,28.6502754224735
28.8743518489914,29.1451914789323,28.9149509929226,28.8265263209241,28.8136408816502,28.7965415362689,28.7591591925155,28.697327951623,28.6939662123327,28.6851574110591,28.7416051008157,28.7376851431277,28.7187166238745,28.6827603365276,28.7357606248253,28.7556908466839,28.7238044800803,28.7545636013231,28.7560315903042,28.7285370109483,28.6767357166819,28.7351135876343,28.7203014936853
26.6315919287164,27.6361230243032,24.2058774989552,23.8856153988914,22.8730803577029,23.0036866536004,22.8832683405495,22.7435050835113,22.6705230854629,22.7215361875291,22.6364956134721,22.5690372238639,22.5390640130761,22.5478803620424,22.7023574316782,22.7274412889377,22.5652093829497,22.646077067686,22.6110518502877,22.6548017882282,22.6686966309476,22.6317127694876,22.7092585725673
32.6059421851332,31.8315461727741,31.6451958059592,31.6630631847445,31.1103165709544,30.9790815432417,30.7069527187891,30.5676221425703,30.6762184958854,30.6626594446796,30.6466701872081,30.6532331857187,30.5557169257504,30.5896518026313,30.6169987367958,30.6495290695856,30.521132387473,30.6325873292253,30.6499612559545,30.6042535573724,30.6457070579223,30.6188000495001,30.6217337240156
29.2099292452822,28.3704811836858,27.8433461144009,28.0340857500692,27.7089012302404,27.7941688932394,28.0201539043501,27.5731220362205,27.5457405884955,27.5338848861119,27.7110218306414,27.6507082796373,27.6063555646556,27.5623306816489,27.8231838420728,27.8035603413547,27.6670136753079,27.6022962499287,27.7427580438344,27.8427061586403,27.6049535188621,27.6701619643579,27.7146630129649
18.3559611232089,18.5837854779482,18.546281509662,18.5480601379769,18.4994006714651,18.4869454984063,18.4830247188468,18.4737350514154,18.4755401631685,18.4379922383493,18.4751210544369,18.4555263544674,18.4584124304985,18.4598599241362,18.4403110711735,18.4576366390214,18.4406678771659,18.4439876591954,18.4532396982423,18.4440236317042,18.4512299560621,18.4637002275322,18.4529889380783
29.0825833389557,28.6940245729084,28.9756409625205,28.5745094308278,28.9750403557152,28.7555749811879,28.9480281254588,28.7168936300647,28.9814939772182,28.8695786154122,28.9027332820565,28.6728665224803,28.7911531308298,28.7726308991787,28.7341728913967,28.8052044913909,28.7055949401157,28.8572734041318,28.741626514891,28.7251093625849,28.8478284278811,28.8305731328023,28.7847355918465
40.9200023282362,41.4632585945482,41.4738946830748,40.7950693799159,40.9666520767842,41.2625148351558,40.7559429039862,40.9176374463373,40.9856541372726,40.9982713339573,41.0320686318889,41.1945058483293,41.2620316443159,41.04960781261,40.931973639228,41.1498311192368,41.085372811839,40.9961318505665,40.9747345471147,41.0611356581046,41.1018965637914,41.0861192667905,41.0942900649594
27.9049526438347,27.733781297606,27.1940014195427,26.8317902035282,26.7352015379614,26.6385326108815,26.6586542354873,26.6722981092217,26.7362546190192,26.6144810449285,26.5913673239131,26.5456710216533,26.6327840358843,26.5392283919155,26.6520407042676,26.5698254165039,26.6217384571942,26.518750320603,26.5579728251484,26.5064145356492,26.6026707047829,26.5454843549147,26.5790318058825
21.9169619788179,22.5196136100384,22.201313301225,22.1156138250765,22.1898049093318,22.0910477873306,22.1087382817935,22.081544014122,22.1462660921643,22.2604742667691,22.2616796716257,22.2019999240941,22.2413376440314,22.2485387990249,22.308304636105,22.3498903470605,22.2833872767978,22.2915817494676,22.2660315703554,22.3222795691641,22.313664119079,22.3457871067591,22.3114745861877
22.1089928439172,22.107654231669,22.1119823075404,22.1087130658969,22.112277686131,22.0982714519263,22.0904976090228,22.0666195735243,22.080337455224,22.1115595440822,22.0917006679207,22.1163623208876,22.1036966148457,22.0933641065049,22.1106593149384,22.120274333975,22.0890110375776,22.0799008231324,22.0735773929808,22.1006379188718,22.0701417110295,22.1162276840227,22.1003409728111
30.9211281437636,31.0860378449411,30.9961153096973,30.926638491926,30.7708394417524,30.8318458444796,30.7961456981229,30.7367303374943,30.7270170935039,30.7437838133253,30.7491647366228,30.7364990236797,30.7506018700391,30.7614883586108,30.7342509967643,30.7068447342329,30.699527555354,30.6712503463184,30.7107978480388,30.7368531639705,30.6793542158781,30.6910679459018,30.7141907518704
26.4534627036414,27.3075446231828,27.1467374321847,26.9640573987397,26.7702806813656,27.0345721325589,27.0022826743197,26.873522647678,26.8981889237054,26.6980918353701,26.8684626738452,27.0201162377231,26.785536846529,26.9349971342211,26.8511932145234,26.8202738434836,26.9332958270941,26.9214321924292,26.8976226714609,26.8430863373952,26.8922201266397,26.8926604158955,26.8979485650459
34.3908994499996,35.2032939959598,33.706095485531,35.0405584011948,33.989584723434,34.1949936602608,34.2493335397674,34.5354687937315,34.4439383432922,34.2840864256126,34.2483080160354,34.2599111864184,34.2309355470535,34.3024289234408,34.3937645530385,34.6639678819584,34.5241708259994,34.3540228373933,34.3663031465873,34.3094864599834,34.4104813202743,34.4000299263015,34.3608755815562
31.935040775396,32.9684812250228,33.5265497915527,33.2141746291114,33.2195570019738,32.4000916717928,32.9509982377488,32.79042183267,32.7860130433796,32.6077831403313,32.6123103999702,32.781041991395,32.4924239447494,32.7172007590133,32.5515055877656,32.6715643990005,32.5370575568258,32.6776556849519,32.5591639219399,32.6600584565626,32.6387210792136,32.6461150538756,32.5654462926991
24.2371834366268,25.0311430594123,24.6201301913107,23.8658582315058,23.5255683700401,23.1340182183468,23.2171379023627,23.2804720722096,23.2031581957587,23.2289032020982,23.1012618526452,23.1339766348233,23.1396370297058,23.2148045356719,23.0145189010324,23.165816726844,23.1430764112985,23.2088842809008,23.2213261203784,23.1420018750694,23.1755840948487,23.1815205637381,23.2087005203684
34.3513838548016,34.4635015337064,34.328917683538,34.2795074544677,34.1706514209027,33.9772959398659,34.1388436786186,34.1068905941006,34.1173449769845,34.0131595422517,34.0533385014676,34.030795503051,34.0538811474714,34.0241888315481,34.0489278118575,34.0338626318345,34.0574254517055,34.0360408711916,34.0756623687054,34.0547334642611,34.1160837512571,34.0778378555869,34.0965139513167
22.6654372998359,21.7471611985858,21.8836601076797,21.4269763120619,21.519208690104,21.5304880022981,21.6091652222204,21.5976018791008,21.5994273521444,21.6681083342894,21.3814290975738,21.5662114872979,21.5195931405038,21.4391916807665,21.4577586330915,21.5569347057337,21.5249913856515,21.4950511909061,21.5018764189762,21.4969271588376,21.4510361074626,21.4656249059777,21.4637867335658
21.5711811721985,21.7347481490225,21.3608590171445,20.8522391628982,20.5997614023321,20.6987593617085,20.6355118217421,20.6730380703566,20.6177908539882,20.6016637805277,20.6500836052407,20.5583255336567,20.6228100809979,20.6167923959164,20.6332681249855,20.560780906346,20.5751748770543,20.6031900152214,20.6006004869638,20.5386868451679,20.5297485162517,20.5434429234383,20.6029383702843
27.4682208606091,27.8805590904961,28.2842920465097,28.2050835263313,27.6390584863665,28.0891609541463,27.8471639815061,27.8057528926075,27.8354139028451,27.909460506271,27.9749527394748,27.8278889799902,27.8772527721086,27.8351487560555,27.9526894896326,28.0179155932362,27.9342511820306,27.9861589401837,28.0702123582309,27.8494665786174,27.9341904147376,27.9708010041815,27.9349664529419
27.6623654133904,28.1294506699753,27.6998043056711,27.2739991855703,27.3032853469228,27.3336428821168,27.431720521443,27.443266491691,27.4984787852975,27.3933181701362,27.4270942115936,27.4159020715266,27.447077301976,27.4722690703256,27.4589744623913,27.4145777193056,27.3741038917223,27.4172619166382,27.476179397439,27.4313770091615,27.3639922355243,27.4518151570511,27.4249458595859
26.3663793867331,26.7742029556408,26.2326232421061,26.4150575466565,26.4091118001222,26.2774380178411,26.3299754628082,26.1939131327465,26.1756666873759,26.1870899600249,26.3346743580257,26.2378256824797,26.3044991244043,26.2998427425078,26.2042611748008,26.3300836554083,26.2993050889199,26.2544900691412,26.3181463013767,26.285992850113,26.3075754338584,26.3085706057108,26.2494657848173
28.5698406376115,28.3902632181366,28.1971375757509,28.1754146610328,28.1255901487071,28.0663387900289,28.0642874129272,28.0617611629637,28.0363376442245,28.0052937994244,28.0628448438222,28.0625049407974,28.0050104890612,28.0332068147545,28.0780803072054,28.0644047760994,28.0308439204182,28.0428434284853,28.039972196262,28.0488030976183,28.0844667661666,28.0515903613889,28.0793323065177
26.16577593059,26.2977022223545,26.2302584816976,26.2056048488333,26.2155570462306,26.2098975453924,26.1550737377675,26.1665366385642,26.164448414204,26.1372785666662,26.1548812839254,26.1384423177416,26.1477648416522,26.1448982278273,26.1381997955939,26.1510506381953,26.1523455676129,26.1471431088139,26.1467044266104,26.1227214802867,26.1491789049703,26.14355911803,26.1340983088208
34.8066058068349,34.1269826106078,33.684561440033,33.8061723365014,33.1182372121672,33.1679638901167,33.2786834929174,33.2323527427804,33.0668456069445,33.3186931246865,33.2258045910314,33.1065564291808,33.0104409592752,33.0086099150448,33.0509441911006,33.017297109567,33.1121551196525,33.0376131211197,33.0137944679608,32.9640588762871,32.9728690672164,33.0069584135401,33.0044789506613
27.2090200988878,27.506726523564,27.9057752542657,28.015352441924,28.2024254083637,28.2727034570744,28.4037603287055,28.2486698293419,28.3986769674525,28.3098533958173,28.2984700292427,28.3072816853463,28.4065527848429,28.3029262544217,28.2345070161637,28.3160985699636,28.3232125112872,28.3485307193279,28.3484298696694,28.3163877965988,28.3264136732737,28.3133348587092,28.3151298441392
