"V1","V2","V3","V4","V5","V6","V7","V8","V9","V10","V11","V12","V13","V14","V15","V16","V17","V18","V19","V20","V21","V22","V23"
658.354711955625,695.637445094464,678.286333162876,642.224446596282,649.329706237916,645.038721175936,642.121348049044,657.114035369083,649.658801565759,661.163896129249,663.94789862502,662.629397176965,664.713129737848,667.594322157968,666.573572605384,673.72866762513,673.026073528091,672.255741601325,672.292881425278,672.22362917818,670.563813841834,672.095258709248,671.438807169323
630.379802699151,633.0554579583,605.689210724011,634.220233727439,625.297427137339,645.045366832725,643.151686176087,638.699078673444,637.20255492364,624.453572490284,647.611061900218,631.556742851845,633.345754376677,622.142776962399,615.552546019829,616.568989456225,617.946791549548,620.621676568884,616.289934056857,616.680185861476,623.473430752491,626.393283730136,628.738768158368
351.317036639765,316.073156560594,326.810038782252,352.605380945104,349.401194954032,353.122248455676,352.104029845988,358.185797177226,358.776267098335,376.74104554321,371.762885137158,359.554429378315,372.34627661229,375.089320708298,384.829500389551,383.953658184141,388.360294126288,390.813150234708,392.366153845877,396.215470940649,394.987957185663,396.627269505665,395.194079837333
402.916965348795,353.173841514549,389.242338277435,418.773556997645,382.332218710061,368.658482944198,386.072596390855,377.554525760287,378.304428458636,370.18937742992,377.844501076983,382.896994276262,411.554595479062,420.864266802964,424.612181084054,426.635516724698,426.147686731843,425.099989259872,427.429574221172,428.379299363661,430.208953305786,431.155926844898,431.529320625427
316.850986360797,272.70271212753,243.340472982622,218.783237591149,191.706604508229,188.072256172159,190.72237015855,207.085129297376,200.969892735102,213.08382007421,220.152364479233,219.202927619074,266.782425682298,284.7145782773,300.459523627145,303.691452773858,308.798892531623,309.176910089904,314.5497820497,312.852195601722,310.715869759306,310.424983480224,311.382425101056
222.279232263664,225.313179065657,192.422436178621,213.135476500834,194.316979329106,190.222903718807,196.714673176506,208.818841657545,207.4918854985,216.609333482661,228.539344647143,239.725146482172,245.60096466967,257.016324582222,264.382774992664,263.585123922809,266.019073192117,267.80052945897,270.958304607143,269.035608943105,272.607634221827,274.034213846044,275.062927738141
532.532367352444,559.029841264085,517.513189669969,508.160377634842,505.598873506036,528.298538861882,490.026100796954,489.16569321302,477.089195258935,499.54375908158,489.061662089368,475.0220006653,503.236220851545,512.169687459416,509.409729533624,517.357089620392,521.721414175222,526.927248876813,523.914068259703,525.282161511333,529.269621042403,530.607047855173,530.167409840336
660.716852408975,652.449685753886,629.437675421398,620.471736728419,614.710766676539,613.766866559673,635.139988695637,636.422587383666,618.524060028078,630.86819288968,636.655069203218,632.269529914569,644.615195926366,628.180104348774,640.280119595882,642.431502646705,649.45159141946,654.410259053904,651.176917181695,647.900990760588,653.348319207498,654.896013465133,655.600885401079
236.957688158052,213.677932178794,206.39881280006,209.297600459846,203.015001937875,200.907896190837,211.413726228254,211.104368644115,215.486171903052,203.247367267313,208.689539851202,205.357951950437,199.301623677297,205.834612009357,205.148578072727,209.124025710231,208.299347952245,211.896713506943,210.864863142886,212.490443665751,212.54962137856,213.056202372802,212.920371351662
356.467617878579,347.424029034993,369.912297271579,364.710528337358,351.351962195997,367.11505508965,364.147951504741,359.987854554224,368.821364339007,376.766566789982,383.779194077143,367.470417302503,381.508911342712,391.963716411645,390.885494831278,391.348005640021,390.141108321442,388.935939121742,389.096530834046,392.544868687134,390.279507476266,389.749938972259,390.705191893048
244.023824962033,194.831795857254,200.652817729728,180.427191119694,172.924382038998,176.997223177425,176.075657716827,179.274813516499,192.558704143046,192.556401532698,191.527899265589,194.607324050095,211.297977959935,218.544231938866,218.046300892686,224.03282454024,225.884691198183,226.918772888979,229.166896330015,228.420510215219,229.721999979889,231.395590745028,230.476388155869
349.830222170835,359.3693341192,338.958461169078,310.901027474397,331.465782195442,337.56005144063,355.950524742645,348.897420562101,355.001754617451,359.526019277629,365.639656630804,360.325715835112,370.55765387542,369.541069425462,363.816093012199,366.106575640126,362.180933453892,364.925681484507,362.528177198379,362.856213646646,360.598518913688,358.68332493869,357.642177385844
289.592552254525,274.131089972835,268.580087503167,253.236190900456,275.185552615537,270.914205255704,273.886540807349,298.915513331152,313.674688151882,316.213625339481,338.625326005463,347.988663854747,356.378935337092,374.734964993959,393.833300201843,394.62118682615,397.715303874162,400.618975129371,402.749362969272,398.664379009881,403.041753142758,401.937426608699,400.960645171816
732.804956246112,743.007361623192,750.711416044476,750.30448032618,742.914656818264,759.321636784886,753.765417266852,753.563154960497,752.965619546622,762.952558793663,767.526787785849,762.753458733524,750.872240758878,745.617702213863,746.804945806781,745.870650930524,743.662176784565,742.415278077605,743.2047786694,743.293959809336,743.245449993872,744.388018230365,745.173774159368
284.851746500252,239.938733469292,239.479577524625,216.752254224252,213.673513852573,221.031717717813,230.89960145354,248.46643722836,245.161010203617,254.574493611571,256.379311384667,255.889821502415,275.334725383429,279.386140222345,296.446473278014,297.805380976738,298.143003764787,302.418102728989,300.328617366375,301.518615001134,302.377834557529,302.124378239615,301.429236996891
305.605460870348,295.573338697109,249.680621842534,264.118649145818,282.650228420571,282.613988613256,284.208585834728,294.525098397345,286.388555208439,284.510256280213,293.390238642796,279.710915904731,282.248507771472,291.320135814963,291.13553908919,298.800600638646,296.566470535767,297.83260692874,298.577677328848,299.735522191902,299.684967528255,300.643872836477,301.633663563733
374.514236054053,335.202898495377,294.847465744465,294.635876715728,279.294515375055,289.925247374998,291.71129517294,299.255774435568,314.250075154344,306.963159124396,298.819297074686,315.587279231147,318.231338501659,338.976179326859,344.157351030139,348.013041814755,346.866255615811,346.084970607396,343.259167869089,342.291677784966,341.450016258148,342.254217967474,342.186146157264
391.38711751933,365.977736032191,363.02136700201,349.973428438528,343.209880349085,357.086361242969,370.598023983163,379.640058439901,397.045519125126,402.204702938571,400.048360519691,395.774736843291,416.122648250766,424.360320982711,433.503887885383,434.222530807825,440.164558989554,442.353408370742,446.005433603433,447.040411852543,449.243208483591,450.363847659808,449.492680283601
277.394894089456,292.146955576245,293.323110025991,246.938278296504,227.890750198363,235.197586543768,235.94334030312,254.005872211059,257.732103223962,261.899000678588,271.184982371254,260.733320835661,271.953968803149,276.576741881145,280.460200893794,281.711564016307,287.990562206043,285.55268331235,289.377646456046,288.311477505338,291.118664673283,291.736236518769,291.288461158803
155.897764391454,194.314393862362,157.501843913219,153.074922726273,151.996424526337,151.743550625763,153.468279061573,154.621246058269,169.788591539174,175.061119616524,180.89378781021,183.726187042625,218.448780362968,232.980582321167,244.024421407851,250.204561894713,259.640983764641,257.88193136557,261.179526266112,264.334597118803,267.698812425716,274.041255665869,275.879288462172
457.304160030772,458.030024410657,476.913186412453,460.839941222968,449.734358255145,440.165838948221,457.039951869462,437.576176268737,464.349554921773,442.805369320628,448.212223735979,433.932220025832,421.49386948617,427.20760037002,414.314628391217,417.150000083266,417.383179871524,418.149781905089,418.220781260331,420.098847572456,417.816082850056,419.240913944107,419.511681818533
287.713013704489,249.581952405655,270.796225432249,244.993123778489,225.073960656009,239.342786409722,244.76227897566,254.808241924033,245.934168242669,253.270718556381,250.313987838245,261.977030170912,276.743544426454,285.302738912195,286.365181792386,291.93185632685,292.112088617302,291.058813390418,294.333949889059,291.960033299964,295.457242968503,294.542724947276,295.641590761927
267.788751443352,210.358084012925,182.894938981385,194.489906443873,176.932288627235,174.718033213332,188.029726382076,189.432696235589,218.777313813183,194.373567396318,211.703933062864,224.157910011539,230.077148976537,231.976451374089,225.347936292585,232.819313367811,234.312587676354,237.266055530093,239.262744321195,240.348502256271,244.729897527492,247.169475210754,246.409214322972
310.05005249285,274.784920384559,276.298209138921,259.690117386517,242.905316388377,245.845738352467,256.710863161137,254.352571195489,249.272232950582,283.268946340151,277.126593904429,285.125516605386,296.610654401112,323.522455366546,325.763078665679,324.995576791225,329.483283635794,330.464625506523,327.72046899843,333.318230104538,330.253909026469,329.655577674364,325.45144463393
470.790641943221,459.750217850335,454.209162117362,428.355186280427,433.398314634622,419.09237605425,419.884868988087,416.845983335685,432.800444289334,441.358641365917,435.007749193799,432.777386996699,440.428412528964,450.848792008126,452.830195224335,453.225493046013,457.825978045333,455.942029369425,460.492091191821,460.110178027438,463.995049332725,464.582792363569,467.015231450691
536.076885052563,547.775810943096,538.939433472836,572.011459757311,574.259810968074,564.17157637671,568.611340518,567.143508760776,570.479660301312,572.124042692794,578.736463001194,577.310889559821,579.388104263576,576.306538997284,577.184714373298,572.080204961439,570.943724034331,572.932632887692,572.805457986723,574.230833789213,575.376997686139,577.522157031668,578.028454960542
252.49728541834,240.203889088729,198.84616219447,195.209491273499,200.48379995006,186.484816617454,204.061180483666,202.598450658165,212.641092528022,230.533288112585,230.2267147982,241.808886884899,266.356613213612,294.194947930071,294.144993068529,290.49615991819,295.311073379644,294.100895327228,296.282553560558,295.198867718729,294.738796785348,295.532751722006,295.498210640397
351.237562186745,364.492775666928,379.823004435645,365.328061344717,382.372861160025,361.677078451765,373.411185081722,375.991781694365,376.923485846356,396.291580749369,386.488177184641,391.106508739988,401.422596457676,395.017027918399,404.468685318531,410.967222443541,408.768837217737,413.133761748096,415.955836579809,416.842560429459,422.022780654857,422.769455789838,423.869639554869
586.817662287182,586.004509203889,572.353833766892,552.504620782018,558.911901178699,560.644218033102,570.552149011495,558.126955985603,560.708877903014,564.736072672392,552.780403165328,546.827107378641,546.787980218936,539.596394744306,538.457032408894,536.205895445078,536.399392301794,535.724608400867,535.57598495368,534.335658170031,535.403343058061,537.307464007792,535.350793422757
456.577088477268,456.994241946978,467.017709025152,467.487469217837,457.720293256692,468.008718148612,453.800945672202,460.264085166784,460.408655761739,450.752927805381,449.413302543708,454.566841932903,440.4958029923,451.197661307598,439.721980102648,450.114955583549,455.69941887687,460.978282472651,460.660880642003,462.479506228696,464.382809519771,467.543186295608,465.203124843836
455.589580877153,447.900444560189,444.546009185067,467.041857340321,461.184106882892,458.399426041408,440.261950231138,433.465193301724,427.417198218451,428.536745312886,418.089562157755,429.067815668704,422.709942203231,429.942213838971,436.193457438621,441.232722865353,446.1734227839,449.071153056247,447.474424179948,449.261201801557,452.587325361027,453.67244434429,453.869052724641
254.439761163663,211.371197680696,202.191790956266,199.313015841304,180.378104820781,174.507381944572,167.434167841165,174.182577113676,172.356004420854,175.011073168023,176.39393541728,177.632564161566,186.952372073769,195.837552205502,201.391847496331,206.576565072029,206.885113047362,207.693582995453,207.806543019895,207.440879532308,209.384153714664,208.5957563228,209.562023308051
433.228340525506,395.656140372715,379.962486860824,342.630592305205,339.735689734293,356.766445321438,365.392276194265,369.705538353371,379.415743292939,381.743328784026,378.9812751237,379.64849936387,403.2814438019,413.113166823616,419.761863046283,427.108835507221,425.467665306863,422.754572697681,429.369885292229,425.982972584633,427.620016849653,426.61608566955,427.415101919358
322.749682431703,340.574997686731,358.306858505179,353.488637951713,345.873621910215,345.062136738955,340.536309127569,357.36401331365,352.41907011915,350.04376796328,348.538326954433,341.615896034557,342.780455016616,327.185372185505,331.864360089332,328.992672323164,328.238006886968,328.935269733825,326.4619331533,326.19391250552,325.676139137337,325.499028537141,324.793529678782
965.598269647862,953.693465294933,1018.9990163203,1012.65125082382,1028.98565138092,1021.91190174887,1034.72438183797,1037.33425913434,1026.14972778024,1030.58985929225,1031.13735004071,1020.53284040711,1023.73514186663,1009.04005762597,992.765826235449,993.278575045035,984.976604848659,987.666968383037,990.575758029263,984.945613479827,992.165934816812,993.19228819099,994.070562323088
131.095807321553,126.397226462715,134.442576456243,126.364780939441,119.035038662311,117.246622588852,126.777048112556,126.003315170306,130.1158184933,133.494574519834,138.336330011612,134.151746885166,145.660565616293,154.275848695785,160.863281885272,163.328257021557,166.770430780184,167.913263085093,169.844520110673,171.029969413941,171.839608535487,171.607085523359,171.790484644643
254.865093295777,159.518493108558,141.283295179931,164.142847351845,144.145088046251,145.176341004647,142.011049602434,155.775976204142,169.417205443644,175.466028399663,187.674529545525,198.557730523395,213.368675773366,237.672203866795,237.580765751794,242.775501553733,248.210671235309,245.899777883578,248.287072153463,250.894841259831,250.305762142179,250.051433126472,251.359581735533
416.092870216654,403.788188548106,391.884678737018,359.339119449649,369.057811694143,375.056187455173,375.568716159492,413.678981486859,408.662644153608,416.977934113023,426.505737405141,411.128569522561,421.27655190982,425.985818811173,420.668679152884,432.265547305778,432.286316988825,431.662631185604,430.358597190136,431.578440972308,433.957314435453,437.098097529665,436.776008771087
379.888482389437,353.001624423404,377.041921928914,399.928291483766,371.521743282958,363.379925487453,380.575579304465,362.229146276509,403.741300754997,380.447465964429,410.511209035269,398.092946277328,436.474811824089,444.961066414929,446.359385589269,448.579719314178,452.400178452392,453.275823243996,453.107469279831,455.211799808731,456.667315736477,457.006045127662,456.664308028752
539.907917311351,551.201753446364,538.621039812876,545.171984199285,540.32505514494,537.346135220896,555.280395070537,556.260731312955,548.042007176214,558.571020774064,554.309799592128,556.995934026237,560.563402670983,564.391624319263,565.532545768501,563.950522487648,561.709395168514,562.211134354357,563.355843110964,565.006435895721,565.232030228686,565.380566408123,565.718014302404
667.575746931585,668.450034423284,681.166132415441,679.590588096637,683.167964687085,682.186299869657,688.52210230112,689.628469143089,687.765069924081,677.620188503874,667.82487304685,674.390226607386,661.333058053664,652.962824256986,656.03454460441,653.971764531451,652.968607985175,659.927353915872,657.933230858111,654.10720184961,649.812513320909,649.826527546999,649.057250869434
340.957680144042,272.951956716352,241.888867106781,261.932251836411,280.846206728089,298.256497063066,294.46542369966,295.794248847844,298.875882633354,319.024671809981,294.340335222248,304.19326445978,321.409768962641,339.306523450337,350.254385217121,343.644482970465,349.039416053262,347.51621199022,348.238272791741,349.089234560216,352.985475254119,351.12852984791,349.915948097466
254.618129445591,245.368404637253,233.094944302024,232.788267653333,211.619624150603,217.888528551086,212.660209608353,222.021196451991,224.497514772751,229.625018768496,218.326438536592,232.821927558838,233.83723921926,241.167205345668,242.87370357907,241.576281333347,239.689719989279,239.836147553109,240.045994097765,239.42338728005,241.492549702579,240.590299521702,240.607559291603
417.56624716691,294.433357571166,283.378866095991,245.697279475175,215.169547635167,218.914146380855,203.167552735724,217.177742538971,248.262418216744,255.975332855357,251.588113402882,257.587348404997,329.644937419002,358.032860081017,374.341535122972,395.51761781152,396.310401578218,397.987302046434,401.818315328114,406.051786364537,406.655909450727,407.137248451647,406.858919212354
514.863299247021,517.2826390566,522.527868682334,575.999868117671,527.743836402204,519.809073479035,514.538430591811,518.747821844787,497.557760885287,513.494040784018,507.548473236391,514.89223770943,517.289301679358,534.046434496674,532.983947475154,536.54710802091,543.391641433658,542.427867863681,544.728488007876,543.194914959598,543.030347092598,541.875323698551,540.9893152915
310.794173046478,316.544117356594,309.405427803059,321.89580835654,324.165348225896,325.63684269984,325.870898705352,329.555002213201,320.124965703814,325.977282099407,332.353665015295,327.972686923376,325.507328356769,320.397118820227,318.167286780608,319.232933083051,320.682250409977,318.674428252086,320.202345710972,317.23896871113,319.468211652089,320.472827740312,320.677487435783
345.760960072652,376.344462421067,335.68360158946,313.792443951457,305.060952530678,305.796828198788,301.476574499191,307.536490260675,328.822828014101,323.029166965418,325.452158027544,329.477890866004,363.784281442792,377.877491983272,378.516375607712,382.269524827416,396.012819890107,399.08388910276,400.149347588717,397.096169419682,398.373371207453,398.294379070216,400.24238696354
591.964189446923,565.67978101345,565.08833936744,581.965613963371,573.156484621813,567.341012142702,567.35745620542,568.224953973027,568.713657817589,563.118549257882,558.883141896056,578.468456334823,575.675869868667,564.020328476223,553.568877709979,551.975180639838,547.002280833566,548.821380812169,547.754281372831,546.563963094389,544.227115314734,543.547615120837,543.192818855875
398.276192399978,361.003043415418,368.072459846847,343.940136797167,345.56140597627,353.07705878244,368.80261493375,364.227957964817,369.875816490345,360.823158983654,362.391531241998,364.385415628076,358.116220261256,357.978929566538,358.067060863057,361.673685951353,370.112392734037,360.198163275491,366.658265002498,363.332484115667,365.808022316158,366.914482956475,365.724064440096
241.181889567638,212.342009561784,193.148122537675,197.152736009294,194.635874251331,192.125177485672,186.810074073123,181.810384791938,196.077113918692,194.55181405131,204.662603789073,204.976982062056,221.814333259066,234.538582918611,236.06241086396,242.80494513971,245.899792825491,244.420021365321,247.035856727157,244.363870849325,245.710705369707,248.785246042987,250.627963937653
607.134624552756,546.48994104774,583.705504510474,578.033607853555,579.725348211058,577.338608238258,583.044269010957,591.444551961156,586.542346595328,586.941277400514,591.271440459907,613.759825105639,615.6923197206,623.594648419619,621.20716173168,625.538455963899,623.135041946569,625.03877266038,628.094529572705,624.915067929687,626.101570626594,623.19291072903,621.817871030385
392.309884924959,406.683367980943,450.774719702095,422.425173324369,447.789953163287,436.782151653076,424.399880992244,428.084407121414,424.566089119848,429.45098863381,433.798783876237,427.450825252112,422.462359956462,424.829543199557,427.638292528633,425.400386605873,427.576797432248,429.946321595112,428.462893393986,426.881558485684,427.423923754603,427.859571955244,427.033832266674
410.314004401732,367.167217282075,370.550314412723,371.129685780733,363.265854983538,379.33756623569,367.33775317337,372.634266541463,372.62211666318,373.198487079447,364.45914457307,362.690437740234,361.118402449404,365.160491282025,369.738509906642,377.852230816786,385.217538367232,393.27325260201,395.494683528119,396.476506325932,399.932086941954,400.190652110231,400.044519617937
260.794943155168,253.866168396515,219.862173668624,207.717119895144,218.232326216303,219.24008681673,236.354176534923,246.279286277828,247.401847519096,259.418801424363,257.857131625447,263.000349132918,283.528084701218,307.222423379409,322.863395291593,327.27801421377,337.742100800235,342.084411804148,345.728165620688,350.181434608681,356.312817607107,358.412139515108,360.620290604625
706.905666290951,711.007746859322,699.097416743196,679.01144012272,682.938293878002,691.174595982365,678.608520395294,690.068489398981,682.591938620125,692.302100058582,700.285090369724,696.942830876157,697.388419596479,708.806142589169,721.356310183352,719.269981770944,724.736617633563,726.742090502689,727.60521390237,729.042650933077,729.082273977659,728.048807209037,728.502803061722
352.45006549783,321.474000294757,335.388699366146,347.880600370346,341.52919490307,344.786031461925,349.671662833125,342.382029809599,352.471467106345,353.297797667028,352.883052276681,352.145105123947,353.537404446957,349.273388585114,340.152268815277,336.768844200137,343.564191240458,339.449923590849,342.677983132592,340.836043917171,337.286185424024,336.518588397911,336.141914690924
411.537441620731,384.899306739485,384.661242212204,397.451020948438,413.879110590964,406.402565162522,408.905227298612,418.705161394293,422.164923309031,421.916080869846,420.708893410688,417.794929280892,420.194952834008,431.278830103764,426.355750290946,434.191304443667,428.582055174743,432.834787069431,433.25057260505,434.3706374101,433.734268101154,433.791942024352,433.585516662773
545.713187666056,526.870563413945,538.317884803208,559.331356912354,549.70395146278,549.120226450429,533.115379059912,539.332777037203,550.06210686527,545.988369514669,549.265584138214,541.465114110068,548.417769129252,562.317521106898,566.391282928729,557.637980564803,570.079091828446,571.910436783526,571.798281216289,571.238452955371,574.812806253036,575.75726889614,576.588867959398
182.543896870914,141.404747667884,127.487995565853,137.789104910889,138.916327516335,139.660818826334,150.680276370805,146.927215191187,135.851389412876,139.959262179482,143.904189447888,146.322410365674,149.135509751939,145.897525201094,143.103927077363,147.159146589422,147.039249138102,145.427315900661,144.711716117083,147.236273117262,144.121666803665,144.6141525587,143.942818068113
172.069328543066,141.307952612087,106.987653634209,122.821172578213,114.632078936796,120.118184434441,116.485651094532,126.530148830996,128.025519214636,130.583807849183,150.763032225258,146.243875013785,154.381080842461,159.267167316735,167.294903862656,165.821091153458,171.872716469155,170.111706299305,172.542376716096,173.281776922206,173.501158623469,173.900616272418,174.627270932275
721.37323337728,767.305380745628,732.866781007207,757.051989287291,736.764160515415,755.726425551341,728.642126034361,747.398508369471,726.518183137998,729.730541663463,752.347507576595,755.634660411258,754.358813056743,766.520304868033,769.825500142917,767.281839991345,770.736987511927,770.043186112598,768.60789028317,771.251549718869,772.953598441325,770.92013760364,775.181898841465
158.703530412574,154.350836987204,116.793074148655,140.51564887019,120.833607993298,122.512722562597,118.798269770794,117.378124031611,108.774016098965,118.648663572326,114.844539534429,107.398725652758,132.388094346414,151.703498955683,153.091270570873,157.096879824556,160.288237559472,161.544476267697,161.491734382611,163.041932185888,162.820889849066,164.773891605986,163.850931044596
329.066316048122,307.757007497154,309.338431399239,268.034846834469,271.099942074506,272.008985139027,281.185563910062,285.965815971295,284.693948967224,273.254009923275,281.783152127205,287.131374384089,310.264992273402,323.602869947902,329.765703875866,326.766150625893,337.948251693929,345.162992564735,352.439988298146,348.457810090377,356.275925460328,357.773895838405,359.100193627973
241.61791523962,274.235827393598,283.053770485373,292.626155276169,285.549915036857,271.430813483146,263.441758138475,259.976724097261,253.952850954267,252.921172010915,246.448420906694,257.294441276085,257.926512494813,248.048033440467,250.622867816328,251.814112186669,252.63363540769,250.568248164138,250.657269019251,247.562656900278,247.833131957115,247.563528232861,247.777065603599
303.88105483426,281.670685912979,233.007468324487,253.901353560644,236.754487544761,226.684164116014,234.165204853263,242.757789315446,251.976926584234,259.344707753079,271.687586802823,277.574197714784,299.718617162912,310.082995216187,317.26979483357,312.581224254257,318.842501375559,314.102569696872,314.231365407027,315.147920590979,310.794371989685,308.86013099851,307.455548082587
659.269440786134,638.338023096048,658.629030686597,674.67745489043,678.503670511233,687.410484751093,692.221167609965,689.536556475107,692.601918071936,701.267336729402,694.273576134479,683.383962444888,689.811230576305,684.913948294826,684.167604970476,674.384060696137,674.853552192934,674.330412643061,671.288702449842,668.897000193595,667.086507635347,666.214613670042,666.050930092478
456.061554813558,433.162657390661,413.448294617381,410.853612983381,412.885636418409,413.062203591317,398.484889951926,415.055902749015,420.689832171029,424.209072026125,440.567001422222,421.868251930661,438.780416276988,447.644461444558,458.927207173368,465.507732759271,470.054578988515,481.057500928914,476.906932713853,479.385903806609,480.362523598531,483.499270239043,485.415779497947
427.988024502106,443.448769082811,430.4779177659,410.840393999973,425.8304467578,403.382953268546,397.085201977337,399.222444504483,408.832156155195,375.604568716455,407.325577137011,394.329361453093,442.293399857155,475.974673600114,480.348582381191,485.638078090556,482.940516487299,488.964432209213,490.582001401149,491.076536470204,493.912312132037,493.188679110601,494.392231201006
233.224166843097,217.354357232803,191.991187354363,169.71958800282,149.892906676376,153.376779038233,168.859427094606,176.834780948364,212.393801818755,203.603356586749,213.612010690703,228.229271794947,251.676556288705,277.221222851989,283.313455460787,278.499226455527,279.049384168671,283.650204011384,283.160874368483,284.676907751093,283.690508185114,284.711059631729,284.863256192976
330.121187248544,285.311167301964,320.6298641655,325.797903244047,320.472936382025,318.006098562369,324.407468413945,310.426887743646,327.094140907161,323.179994386589,322.249364906299,331.103715438306,332.546073570574,338.087482447007,346.454044128294,341.79897088075,342.888836595414,345.247714381123,344.874124421929,342.637851859752,342.519878738958,339.996970687103,341.499773235348
198.485017805075,145.489184380641,151.165590472998,137.189340439433,140.455685760647,136.244533335656,131.074888462097,135.852354812594,141.090122147059,149.480620198317,156.220153966833,154.856397312615,175.182395240946,180.460545942233,183.983668552445,181.872447741313,189.877616365044,190.043859090867,186.040422047909,190.613676903206,190.243809594804,187.843958276101,188.440693030536
505.197464085178,514.173520714518,529.083775757498,533.113728936965,519.913015634871,518.147264261122,520.738993558282,521.988499049512,510.400017750283,498.103059186262,511.313863472001,512.14872578086,512.312859910438,523.779418740872,529.116709043813,532.923266663169,535.171462127695,538.993342270572,539.387356395605,537.922231441098,540.034386831615,541.219852888129,540.976660261162
633.924698258367,622.365103629045,605.869588611272,632.588830279031,623.931054830813,645.258280822476,657.326508590449,621.866922679005,628.347613686622,629.176813331143,626.085011757643,643.306316533856,645.578698297524,655.494983366589,655.589682827999,658.026685768294,660.966204074649,656.429812449484,657.292850693661,661.62469201482,660.421977293234,662.757726300212,664.292543204815
194.344113700861,159.150106745101,141.158463258243,132.995808773494,119.441076651195,124.325546757575,114.494490065081,132.179236387813,133.061839814126,132.218236531086,138.567954051125,149.053290789715,166.541692537068,170.55496333536,175.162697693514,176.699409294081,180.001842503744,182.005808208176,182.070626296379,182.442617361198,184.700290925745,185.411527111845,185.92074744526
455.081547906989,486.46454964783,459.168359310107,464.542941642251,457.815636055757,450.331451487168,455.716784195739,448.449523568272,444.149399677479,442.505585456609,440.976503391733,444.686298741851,440.911354241514,445.385379703748,453.449263134588,453.112321455754,452.945684567375,452.97501456329,452.688380689713,454.68258499825,453.11563191886,453.119746625962,453.45151460715
294.251155941782,283.321484757187,283.946810919762,281.519078317727,279.388659875118,273.62445087368,273.290582407052,277.063147062876,269.59659949106,290.308654972953,280.76766543694,287.192170936258,298.353459120308,301.907176708231,308.701958060024,316.420700813565,321.397848375848,318.917585825276,318.220081469914,319.961210044434,323.306862709476,325.723133967045,326.658857830893
301.68494002479,204.82431130553,189.080636801732,193.796019470546,185.864518205863,189.021016239755,203.835559502164,201.540536070003,227.031691032371,243.630433687163,245.313802549568,251.574323937544,284.068690810563,296.409484592217,306.840682592356,319.424214118466,330.759822181619,331.677859000807,332.878991274141,333.615755413199,337.337114306518,337.956433369255,337.750811904105
466.39794923189,463.465042540901,451.011821613655,422.117618274101,415.306974027837,406.662842229605,406.713055663913,402.69414169426,405.867689426193,405.61047643686,414.027082869566,417.882343625522,427.485817380969,437.800472836993,439.880528228553,439.964452059414,439.683098566611,443.665275051312,443.708637733314,447.571766067889,448.783302856985,448.847076581546,449.305089818209
313.004452549826,281.120386824862,267.219209656271,261.370220122227,242.426415625442,248.826855129055,239.220372130978,251.702655116425,245.8655497535,246.527389587128,244.457065577843,262.384038109238,262.082863294737,268.947030544861,283.257269415682,281.922037610619,284.456796104158,285.130174228793,285.797156788918,284.736863120079,287.898470668498,291.902380154302,291.96416523215
295.03872600172,213.545334798838,189.749366903614,185.414532483068,170.255452640427,168.469853769729,175.377350850928,189.112920919045,199.424579105912,203.662543664084,208.843388214444,213.652413287729,213.300615605126,212.632563347472,222.751969845054,217.020222642869,218.218968765146,218.92747637043,222.463503328921,221.116076306647,220.823389528255,217.900065198934,218.583545299077
1068.29587616842,1057.68502641315,1070.20734862133,1032.10116508818,996.319618996314,972.847337280888,964.93484155783,956.043716622498,983.024724431801,977.992024464414,967.308532012739,962.888607253836,994.0804027717,1006.74941724514,996.805289406832,1009.92811008573,1008.67124293947,1010.83603345944,1011.56057185777,1019.46278879126,1017.41913122023,1018.49076134752,1018.37297979596
850.808306794161,871.476763939435,882.850781595515,882.69190650202,852.327147032937,852.999612597566,853.953143700038,829.235989758222,834.314945033055,830.356045325243,840.457712312084,842.359281566545,840.784153887441,838.408210557447,852.655736055766,835.445913658583,840.167938137108,844.725550163023,844.941870862804,844.06201281125,848.007005333036,846.319481613815,847.931132538861
295.542554666271,206.111119830736,208.062551121382,181.76264387896,173.221739348566,177.560758133229,183.099680436073,191.874108922603,192.482431925949,196.740290156868,208.226848227469,215.48983280287,233.842673939956,246.98453287682,258.913149785125,257.448688627707,259.954171941438,262.083100855749,264.033781389319,267.770453555532,267.63328089064,267.543341299684,268.021300875658
333.849788827437,300.069495080713,269.182427252774,250.564825176413,250.523534910941,257.399170883381,258.425077476147,287.375509561609,277.261525228952,283.560786442943,288.605340670447,300.588683872093,302.641698731248,300.176131615082,297.560815254083,299.025427724907,303.152717900475,301.106585954292,301.853909642368,302.593793886954,298.718887930506,296.758469317165,295.47465406303
588.460533248277,585.480978199167,580.908761128502,616.080367663062,604.301428325646,594.908294411873,593.762617369738,578.362130492097,587.443598946516,577.576033252046,582.973105627832,576.715940934821,582.917280600432,583.140906742127,575.917514944166,573.641047701362,573.435621784336,574.942283384865,572.334227675689,574.653139527801,573.013843790438,571.78336857551,571.44138831375
425.049276427719,348.742649367019,306.65336451165,289.003232814962,303.405361155608,320.920874014654,313.802002710355,312.654769112551,330.300104201956,349.878751515243,354.113383783824,366.110338457781,402.181678309882,420.795345334791,460.468154358969,495.867503837734,504.872124436309,512.397155355303,520.143876311208,522.021789560362,534.056943597346,535.911860760939,538.21771103305
310.58494923352,196.681825794445,192.4127268073,176.061168483251,163.960892450567,183.85451979606,190.101457053995,196.083609189436,206.229833480219,226.952137770557,243.806851379517,241.971922098154,261.940780886534,276.025302812081,286.226577259403,286.887025690134,287.639586675805,291.540096827227,290.43149415068,290.359910661145,292.059731921141,291.668088132706,291.79646500693
524.07747572436,515.33338444739,507.32036974634,534.010939755534,494.250812619817,497.86404000503,505.85514524161,519.113666404833,503.381201583505,507.18124623741,519.786099359686,504.314091629508,514.504099624635,518.498244969147,523.55771495789,526.721812912442,531.343405584671,528.313270477838,535.685376477373,536.10911308077,536.479654979424,536.855946444402,537.990894260438
316.3145039299,256.809186087551,247.084695497246,229.091965867746,237.518192809886,237.513672204136,222.785178924209,233.387648122177,249.189606735751,246.109845279579,241.43394007792,235.922233167562,248.18497787862,247.633893425951,242.689124696298,240.127941474002,239.380899126546,239.922134609423,236.502213961516,238.992967114029,237.787174447678,241.391488103048,242.152723975898
430.670346846043,421.862952058001,411.199750024855,416.308572886129,363.522826772414,382.109398892504,383.142287414574,395.797932915825,389.312043086495,394.066671247523,395.802565906286,391.095528942726,430.15735701914,445.533300732832,461.119892192219,467.649487628774,477.594608840227,475.82866255312,476.353641944267,477.113422297529,480.096268579961,482.149517547136,483.013053941215
353.994312881803,354.820029234366,370.692393577842,372.944765493182,382.345391616175,373.425082108001,385.76090671871,375.62093899763,374.725013057222,370.471985643667,381.268573357041,374.421010660916,385.39928740978,378.029156075849,383.609710753288,383.145250244521,386.560345012296,389.518488161475,388.150960169005,388.469665966837,388.110739489985,388.799615507327,388.503946747231
345.093224452971,301.35695126273,303.805801411718,274.071172665592,237.07868763587,237.472610491468,233.083932069955,239.740776266314,236.449201104449,236.454626236294,252.523928547202,257.103972240576,271.814866947316,253.752461639851,289.032389914683,279.265792523307,284.511629733819,293.310159409669,294.415273608133,294.822944073382,295.830017618736,297.65425773062,296.482081588837
367.943690629521,351.145372346777,331.149384090969,346.212833644113,341.431745019008,335.369060769591,347.057724691571,350.443380673901,342.399100926401,352.345854430288,351.241914454773,355.222947210964,369.608535164205,375.818484729752,377.781958177758,383.54498277106,384.073166433006,386.450323348438,387.862257474107,388.173228518547,387.135825693212,388.230593354016,386.000547400677
530.566495303408,543.045560436369,581.74958768642,576.694948986793,591.10999431136,580.094977567092,597.850286759278,588.084069995257,584.253585563379,582.568894772498,588.617788837754,583.047772988655,582.517579398875,592.682321382778,588.748147285316,587.222431699009,586.246917008777,590.125885654482,591.080638883961,590.310753618072,592.287509848198,589.577703083699,590.558614101011
392.490011113024,314.865413466255,340.73748016446,320.076907930054,293.949542682247,311.687971577446,303.013512432435,316.814763031349,322.76835377073,332.134232403835,315.965107714256,334.853252172573,381.741450341658,420.828460644023,433.08561550035,471.735550274286,486.982331531306,494.114391252719,499.957805741216,513.911145882399,525.801948754767,529.892975829239,531.043370690472
336.520647433292,351.593147594292,368.388702622289,356.457010595923,359.362316714348,350.166546078504,352.694102604915,353.046633383924,345.782505553876,346.822034006027,345.757215553971,353.140438325992,357.617973860741,362.252998450149,372.268109568557,371.025298296362,375.19262424942,371.971483999475,375.986510261358,374.543590522407,376.469464087879,377.227410085708,377.292114339848
615.440800684842,599.719499371382,599.509140738611,632.593479628369,625.98199984435,601.60337270166,617.197094134823,613.545836369141,608.309131014121,605.337560401546,611.539221199921,595.304396099664,614.416215752133,627.181256306724,629.218865634823,638.866088523058,640.873042734239,636.109295686341,638.097169128686,636.677484482764,636.206974237648,634.81214670144,634.29249005232
438.360425850229,424.88476365049,416.41539818486,391.862617806624,398.302788591427,392.299337289837,391.366310520102,395.957917197039,390.371258954658,379.713872004598,384.923594117431,386.555720748484,401.870634352065,404.357763167264,414.86418495836,415.256521649089,417.237095997671,412.251369566004,411.765151041209,418.196044311251,412.458328893367,412.134713087336,411.623808859445
316.111018917188,259.202195109384,253.064323356454,249.002128387942,239.880173362054,260.821583267453,259.758952643947,258.81633142499,284.92562310147,278.542617973294,276.424540552128,283.944421133437,285.019156906986,292.976730664634,287.972384756366,291.964486107967,285.150453136642,289.081210808189,288.302597330709,286.590368139086,288.279509407564,287.996634176795,288.430515455751
309.870811515408,294.55536725712,258.336131155388,262.939520710546,263.43365108304,275.140134507757,265.422522153357,269.211026767552,286.558831116455,279.360162063573,276.634158200766,273.207898296234,277.940441310086,283.660569949709,294.698844938853,291.220805514354,292.150860077819,294.430569175543,294.618601076427,296.432073518739,295.141094891422,293.496243765502,293.652573228464
