"V1","V2","V3","V4","V5","V6","V7","V8","V9","V10","V11","V12","V13","V14","V15","V16","V17","V18","V19","V20","V21","V22","V23"
22.5053854026854,22.4800288588994,22.514816943134,22.514377624582,22.5461309713089,22.5373947558102,22.5426639394954,22.5539066423637,22.5510329309781,22.5320472697197,22.5520895294895,22.5561413397746,22.5436774796298,22.5435880401409,22.5433821143896,22.546038001369,22.5540478924182,22.5418024934444,22.5477411059882,22.5342838845935,22.5661914809586,22.5488905802351,22.5533995067085
29.6789148180043,29.6569396233737,29.6523045589916,29.64079371033,29.6492856748385,29.6426908415613,29.6296438092844,29.643633480604,29.6653598568576,29.6499178301736,29.6389951686482,29.6400743291249,29.6360363744265,29.6708108049384,29.6539802791817,29.6506003117861,29.6409420055433,29.6459382240965,29.6627865425723,29.6399574587929,29.6708074791501,29.6486825982492,29.6513008215766
24.2189056736137,24.3732915336593,24.3024133636325,24.3191455499938,24.3278693982198,24.3095709134377,24.3133530140611,24.3086663578394,24.3060320124674,24.2893404118619,24.3198162954009,24.3139140149283,24.3058327251189,24.3067739186604,24.3117676393262,24.3201802752762,24.3148142762306,24.3249959431744,24.3038257195702,24.3011119777517,24.3235318672161,24.309590403212,24.3014997966674
19.9955443376863,19.9774544219246,19.9916190846237,19.9822278997302,19.9971431754422,19.9942852504361,20.0113106657143,19.9912995103674,19.9994243713009,20.0033321060895,19.9904851362379,19.9933533438139,20.0072453927946,19.9939451480489,19.9953260651958,19.9909142010103,19.9873368987025,19.9892643857287,19.9914442695109,19.9861341169219,19.9989457488937,19.9921671613373,19.9952371199723
31.6983575230273,31.7515661764869,31.7131162313298,31.7027859985174,31.6970913330188,31.6814225908329,31.6794899853994,31.68892376996,31.6806930332976,31.6754480713243,31.6647307637025,31.6534025911125,31.6800528779589,31.6846676237495,31.6555468331152,31.6773182608726,31.6732405564317,31.6705798869298,31.6695168333496,31.6660247541923,31.6682230802753,31.681014630675,31.6659187888913
16.8979036889967,16.9521053059556,16.8527449297493,16.8788751017032,16.9094736108167,16.8753048637659,16.9076658088627,16.8805230924118,16.8986947249942,16.8823554063307,16.8774367906436,16.9178592384641,16.9636243795246,16.9187674634766,16.9099494182357,16.939212917733,16.9304561007597,16.9142430244645,16.9179677963882,16.9229720469069,16.9246832858763,16.9118682636396,16.9205223084416
30.3925369874419,30.364432879971,30.3855243418676,30.4047016768668,30.3842963206562,30.388243224507,30.3865337021011,30.4017858138492,30.401936410727,30.3984966357209,30.4010269009708,30.3924333376643,30.3895326040455,30.3904616564613,30.3958698471651,30.3981021404653,30.3768630520425,30.3915433295881,30.382808303894,30.3957429155085,30.3849621773693,30.3830111988796,30.3876550452639
26.4350601314337,26.2374410295557,26.2002789412076,26.1573597941843,26.1468107565139,26.105779434591,26.1280749733774,26.1394055835204,26.1282631951365,26.1211419655305,26.139503297887,26.1311958327994,26.1170827728868,26.108526669937,26.1116020886517,26.1226863651584,26.1325003020891,26.1260288263425,26.1154250869187,26.11644359765,26.1106421753474,26.0979308877546,26.1077682832782
20.3514836093719,20.2292375376157,20.1893287829264,20.2011625974962,20.2087575390444,20.1880469841931,20.1971486092978,20.1699529430116,20.2014373536712,20.1651947576436,20.1910248448685,20.1731362582994,20.1731809269164,20.1990863968358,20.17803113961,20.1689468817739,20.1687091973267,20.1772632816346,20.1543747101253,20.1838722255282,20.1846120755891,20.1851177955504,20.182241630159
24.2332265781423,24.1062170439031,24.0485905241611,24.0363017087162,24.0293581408765,23.9995999122577,24.0092622914438,24.019392938589,24.0161111488331,24.0062156000853,24.0097224968862,24.034130117484,23.9946849293276,24.0428972684091,23.9995292563896,23.9891211342587,24.0083791818102,23.9999731323762,24.021664158987,24.0303317591987,24.0189941771912,24.0219559803473,24.0114636987386
26.0570146440446,26.2669179476303,26.2493538167625,26.2510687633207,26.2677817705007,26.2829442142766,26.286695261144,26.2765614042615,26.3019060936405,26.2929271242158,26.2896039865135,26.2726423423761,26.2808238746345,26.2901229623963,26.3095634594377,26.3002434419161,26.2940472364888,26.3055971298183,26.3065765293283,26.3066724874392,26.2921009715382,26.2929544823772,26.2820278448611
17.7484541915329,17.7806751976018,17.7722411470928,17.7616370941522,17.7645771723981,17.7687197108132,17.7727928650645,17.7593947136609,17.7602249355261,17.7681730732351,17.7726565118997,17.7751947585831,17.7739903502741,17.7683733229096,17.7663166185149,17.7636701418141,17.7654384508551,17.7699903310032,17.7670073999653,17.7652699949405,17.7715269978646,17.7669467014237,17.7672378078222
14.9713734940596,14.924263853314,14.9280020724436,14.9083389640865,14.868654615378,14.8396529514076,14.8185805144559,14.8333680984155,14.813565460872,14.8039402651518,14.8182953624488,14.809884159503,14.7950191352149,14.7973001462957,14.788237256289,14.81172664249,14.7924020409093,14.8055166813475,14.7948815740644,14.8035371956674,14.7948186028254,14.8056167291726,14.7997098973269
31.0439902631338,30.7881367753985,30.6878082832525,30.5533067886753,30.6291324195574,30.5834856159403,30.5395561281547,30.5629073728621,30.5308616534228,30.5619106618425,30.5602186085593,30.5317633525263,30.5305357051366,30.5376787588809,30.5232528687886,30.5253127814625,30.5158087300008,30.5086470635496,30.5311400272204,30.5272951088199,30.5270697718065,30.5107452869649,30.5084920457381
23.4805345289971,23.6099232158484,23.5840286995934,23.5540260689468,23.5179185366834,23.5434305326331,23.5688768874404,23.5495347026291,23.523942738191,23.5390158585565,23.5347766417063,23.5324902680095,23.5357392973029,23.531509619117,23.5304874423557,23.531021062482,23.5427948736336,23.5257131130942,23.5304818583315,23.5364701657009,23.5255927349265,23.5275200569982,23.5116939483629
15.4103195069166,15.5064289021428,15.4782315183554,15.4607146390942,15.4425959898553,15.4533339858658,15.4489642900251,15.4711936331765,15.4506040154632,15.4595783324949,15.4486613399625,15.4559494302696,15.4517814984491,15.4624077921097,15.4655660739826,15.459672879983,15.4641339672026,15.4603822378721,15.4605588161931,15.4706825455886,15.4667659946206,15.461842837534,15.4674324990291
27.0566683644892,27.1462078019416,27.1252907479765,27.1606725748877,27.1531588572252,27.1535123806275,27.1381326968291,27.1409603148002,27.1556954087576,27.1447268226464,27.1455642750513,27.1387979252961,27.1531004963049,27.1426016615733,27.1368370410706,27.1424226435201,27.1510152942202,27.1491517834895,27.134786453643,27.13813387842,27.140684062155,27.1355490494836,27.1303783514118
31.4497016170636,31.5105632673284,31.5226289498251,31.5056996025128,31.4801855126334,31.5030571812451,31.4902022976595,31.5273856277272,31.5070367344001,31.5170267680259,31.5205085725411,31.5003936148956,31.5170039545034,31.5211956127442,31.5159822895547,31.5043748158506,31.52168347184,31.519264859157,31.5142272191743,31.5190106277013,31.5143594043047,31.5147203819335,31.5259053023968
23.6142496538199,23.5466572108733,23.5579285802956,23.5537054787504,23.5528237907524,23.5130444459317,23.5794436570007,23.5412019143533,23.5552531644381,23.5466608382843,23.5411077214799,23.5671913972542,23.5466930222039,23.5305456649258,23.5695667952027,23.5523307121605,23.5648052926443,23.5452479153773,23.5649364552835,23.5759265810944,23.5527770174594,23.541784776295,23.5449370580971
15.427723207298,15.422181242289,15.3076221312386,15.3433402414361,15.2675510977068,15.2170385074108,15.272983373201,15.3115358950245,15.2994480237306,15.2652886737624,15.2764696795309,15.2937305637386,15.2819900254756,15.2713140099356,15.3092282598323,15.2775292646366,15.2659795394894,15.2993465704527,15.2881133190863,15.2975356238732,15.3056344903077,15.2989397776473,15.3052947362041
16.3692471136799,16.4159157786786,16.4286076574684,16.3158282484238,16.3271885058488,16.3510301772223,16.3306854016048,16.311341842904,16.3521970345301,16.3163432684444,16.2870979920127,16.2897785271974,16.3319686367037,16.3373594047681,16.3432682995113,16.3485575522998,16.3299244110053,16.3459080601026,16.3192216288808,16.3379185152427,16.3509471925747,16.3224329335126,16.3356628451045
18.4256711469003,18.5112735643877,18.4543648508769,18.467694046292,18.4389153177874,18.466543562513,18.3917745318496,18.4123604180606,18.4388603180933,18.4021645728066,18.4416313464936,18.4637608645696,18.4261957694744,18.4276090106145,18.4321994542106,18.4349965388858,18.4151975125702,18.4287101608315,18.4227899815977,18.4450452109919,18.4194594682356,18.4293528599206,18.4532037624159
29.5157329746406,29.5758933596449,29.6068891081428,29.618516608063,29.6076945231741,29.6270189088296,29.6389490798318,29.6471939138713,29.6487166500467,29.6095687392174,29.6103658320434,29.6320793253368,29.6262707725073,29.6502586418107,29.6149640125708,29.6225724144679,29.6318343409652,29.616216051657,29.6157125009618,29.6226006095992,29.6334903509853,29.6270339316968,29.6258608584405
21.243930771615,21.2127226453888,21.1534496994467,21.1713172904903,21.1593015977701,21.1551247957397,21.1250794621935,21.1485554734045,21.1317204543123,21.140243161738,21.1363990404447,21.1502134876405,21.1473588259781,21.1472658936106,21.1266206336972,21.1541952012353,21.1314779122547,21.1328005141743,21.139916885578,21.1406341247428,21.1303683360289,21.1419453423089,21.1337529277666
21.2962726539371,21.2184420853724,21.1376218257878,21.1767191055277,21.158891760542,21.2739077295932,21.1931818606007,21.2303456844364,21.1792538712207,21.2001740054913,21.2118882170627,21.2114283816239,21.2359669970999,21.2258872561166,21.2284256310316,21.2314999934994,21.2207119802461,21.2274612155606,21.236214803529,21.1994750059201,21.2238468611175,21.2313662714071,21.220920277173
21.6312644572679,21.6706994696257,21.6050573524255,21.5708970767788,21.5747797744732,21.5601450548981,21.5562824938552,21.5513635939146,21.5368431168882,21.5425876254531,21.5494392298151,21.5502893467929,21.5330654559259,21.5286692791648,21.5355093340525,21.5511895136602,21.5372113087251,21.5530558004137,21.5429256595202,21.5291397287554,21.5266397913608,21.5310335782802,21.5287568704624
19.5789497502981,19.619859347302,19.5637579584954,19.5470542923248,19.5094003430728,19.5045435496979,19.5136446152507,19.522507969781,19.4712997743172,19.492521246576,19.5007465103009,19.4955336854532,19.4867242395688,19.4738514321323,19.4945080607058,19.4817767009508,19.4670741636514,19.4969812394722,19.469382686213,19.4755460409072,19.4763741210648,19.4813135951617,19.4757457473156
24.6631151214588,24.6692659190584,24.6642293541902,24.6540162372296,24.6492131946529,24.6564695715418,24.6430361363584,24.6453582182187,24.6428462840813,24.6424556296085,24.6407744416341,24.6372632095158,24.6389645017044,24.6413830903116,24.6412187740203,24.6399923737805,24.6421221499486,24.6407034718226,24.6370605962378,24.6381956904435,24.6397600207306,24.6384040411511,24.6433104115032
18.152319665112,18.1323344525768,18.1536301129237,18.1460535873815,18.1777244333808,18.1511349727938,18.1599364188371,18.1683849250681,18.1681585318212,18.1767536018772,18.1542437653912,18.1387504361825,18.1656314726348,18.1826622377967,18.1706524487612,18.1591295323743,18.1735339649295,18.1668209148821,18.1739207745062,18.1725370456495,18.1684966459572,18.1754845265443,18.1695881783245
17.7210178832911,17.6397812744148,17.6450426228037,17.6657222706962,17.6487790076153,17.6724857503098,17.6494537237551,17.6549144842084,17.6675655146219,17.6723525071869,17.6723264647549,17.6589837455611,17.681283282792,17.6728254293016,17.665949280343,17.6737415315119,17.6708644338388,17.6756757444994,17.6910342190874,17.683103038652,17.6769234461565,17.6733176779044,17.6905184359707
19.4933233991324,19.58975518722,19.5311892563214,19.4944385771412,19.4919605978343,19.4993114784844,19.5001798094781,19.4835034066768,19.4978264058146,19.4791046585313,19.5006389253553,19.4810228746565,19.4861810397382,19.4639485002579,19.4745830975029,19.476994444077,19.4863511902954,19.4700252442253,19.4938990064797,19.492888385412,19.4895913811111,19.492080978179,19.4861415990397
22.7402706168979,22.6910800832473,22.6990685433449,22.6551770940242,22.631718537185,22.642336507307,22.6506385963344,22.6546033143745,22.6420292271804,22.6522918815263,22.6431526251717,22.6425566905363,22.6448382861652,22.6458377864733,22.6521530677129,22.6421480527655,22.6296371461343,22.6385923891988,22.6444445148768,22.6331096304416,22.6475627578967,22.6472404059426,22.6438296185345
23.87165137087,23.8474874422846,23.843523790971,23.8538720400391,23.8367603959439,23.8451597349106,23.846734679229,23.8437849186089,23.8378356069831,23.8485764157877,23.8424785347205,23.8480008868422,23.8486835458736,23.8462844837047,23.8484611486858,23.8456643262212,23.8389215719215,23.8705991937256,23.8457184629818,23.8433721631952,23.8478128223044,23.8374120949289,23.8539383623259
10.8143196904007,10.8262925524331,10.7528736064578,10.7374699122171,10.7127070203554,10.7003988793449,10.6976616290307,10.6868282342729,10.6718448111142,10.6744190171679,10.6810044818348,10.663957668682,10.6852713748119,10.6927655720495,10.6880096825563,10.6755826819768,10.6785044089886,10.6714329018198,10.6747216622922,10.6792153348048,10.679554558796,10.6758794407431,10.6800778076022
23.0573740725416,23.0473473302835,22.9826837006611,22.9703394606697,22.9560802857442,22.9162289524391,22.9355826819101,22.9076048230242,22.9141286645676,22.9194556722163,22.9067724615085,22.9091946603438,22.9159075505847,22.9080242781029,22.8981830592536,22.8895756781994,22.8965996880151,22.8842472532091,22.8921929414157,22.9032881645705,22.8998092930919,22.8975943914535,22.8989425478859
22.3398320581826,21.9823114751807,21.9081896332779,21.874914116824,21.8317746209919,21.8319667717877,21.8233885999565,21.8312068444816,21.8274954126666,21.8205636735332,21.8157955647355,21.8183547386269,21.8436671499314,21.8188397693056,21.8281397122078,21.8229068543797,21.7929585392701,21.8215666490566,21.8106390814062,21.8122481994855,21.8063693211041,21.8259478939755,21.8081811314001
25.0135030323055,25.0474174304316,25.0597814511707,25.043144292057,25.0543682425326,25.0412148388785,25.0483961522916,25.0368102957979,25.0345049286749,25.0332085320971,25.0279066066919,25.0297250060025,25.0223732970263,25.0365927920171,25.0200600392212,25.0273845266372,25.0330842065047,25.0274695510364,25.0401000088188,25.0236919002643,25.0124464137887,25.0376267213245,25.0419584414672
16.3126319391803,16.4149171916979,16.3503117812742,16.3324338077177,16.3347811353622,16.300294087228,16.3142483661935,16.3147149598976,16.3282538954771,16.3083165029234,16.3192254374869,16.2983009391024,16.3167223086165,16.3073652099621,16.3021743302012,16.3049509864202,16.3149439637264,16.3053287656224,16.3159534425108,16.3114651213582,16.3156267271464,16.3277180984551,16.3110263043818
24.223512634998,23.9847196211136,23.9836945547502,23.9634108900829,23.9943540278807,23.9899720474253,24.0439064667798,24.0118990878428,23.9614555055153,24.0256559849666,24.0177343378458,24.0086110594791,23.9900903699726,24.0111848695961,23.9998284468551,24.0032942724905,24.0075178791371,23.9979839325722,23.9977337326807,24.0274822326512,24.0257371410759,24.0180744517061,23.9705085264903
22.2719026483529,22.2699336789687,22.2304987231248,22.2061307823408,22.174439593463,22.1678330702063,22.1575884999948,22.1785209252876,22.1761990923443,22.1616824972814,22.1665048467812,22.1468972119607,22.1697184434382,22.1592992663862,22.1559499152759,22.163720272012,22.1607186735178,22.1679042024818,22.1621853165553,22.1623310395908,22.1595127086952,22.1592658074717,22.1642694365644
21.316371415893,21.3477383098501,21.3088014159633,21.2957676872282,21.2835844363336,21.2491742940622,21.2386066654923,21.266113323725,21.2634351580662,21.2644616323257,21.2382878796115,21.24368905785,21.2388481143594,21.2368419243223,21.2546477263354,21.2456573709864,21.2278587109632,21.2310339215526,21.2426296833306,21.2528703573124,21.234235435142,21.2406505529066,21.2382975392069
25.0286652492543,24.845194135371,24.8131660770694,24.7684425895959,24.7432167606039,24.6982540710232,24.6879486989311,24.7706954284245,24.735497829643,24.7419303438165,24.7274339640937,24.7111997025229,24.7453964663656,24.7499512037806,24.750488265507,24.7609199621454,24.7306664442442,24.7153359421514,24.7334653336244,24.7405597960871,24.7541484199092,24.7424851883604,24.7288594995512
12.1855049328783,12.0960901866653,12.0981949449404,12.0735798631465,12.0691653845373,12.089118023284,12.0526766570652,12.0602081607887,12.0664449705089,12.0499334586469,12.071617411532,12.0462773666764,12.0561648493641,12.0431777184462,12.0557777698117,12.0538565740791,12.0483685741204,12.0397372988624,12.0343662361271,12.0426227631301,12.0470767273087,12.0492594974376,12.0454895179782
31.2746653653877,31.0906114635409,31.0202589916544,30.9709573924036,30.9741937170227,30.9620676419855,30.9487960458709,30.9336257555711,30.9230413952324,30.9345297781762,30.9251246654322,30.9096922088593,30.9197913618717,30.9336911297327,30.9004535470295,30.9210530513796,30.9094363979173,30.9276603599514,30.9329403648139,30.9119664440469,30.9375245689151,30.9264867523091,30.9369453913896
25.0700567672357,24.9966183297602,24.968658412359,24.9746970101955,24.968968451283,24.9605054425708,24.9731725161806,24.9632726373362,24.9596866851993,24.9625066792012,24.9688307824565,24.9696591431832,24.9616224063089,24.9563557518509,24.9655106179403,24.9567340443277,24.9631435296309,24.9713929468693,24.9610244413644,24.9629458993783,24.9684521779597,24.9556175558818,24.960626179832
17.0544246802921,17.1725200480621,17.0086841371734,17.1130225784768,17.0184234321436,17.0173216706217,17.0036698345327,16.9704443909714,16.9988517098135,16.990097592494,16.9544530526638,16.9961674234211,16.9728953027799,16.9806647838171,16.9440900214901,16.9478696400441,16.9849585491141,16.9555079412215,16.9608805482773,16.9470413057062,16.9668585907796,16.9662910983653,16.9407031900677
15.4349315587718,15.6338332970139,15.620240558818,15.6248757801556,15.6012086320845,15.6087531642784,15.5950135097616,15.6126161422191,15.6019115956178,15.5948517446096,15.6092103666786,15.6150458011886,15.6190983782459,15.6171397508579,15.5926193550778,15.6029321962013,15.6034448891701,15.6144060442732,15.6054052891495,15.6122667475901,15.6076085298075,15.620747229685,15.6014810955057
17.6981409584885,17.5469649740558,17.7007452182359,17.6348937652235,17.6075255001763,17.6039902272293,17.5725547686361,17.5317582643264,17.5255024160892,17.5507974685633,17.5397877840156,17.5199271094788,17.5017787710218,17.5524608255105,17.5371769873141,17.5086144070841,17.509192547075,17.5291773477489,17.5775273250039,17.4742943603208,17.5044857927599,17.5196041255459,17.4947795910494
25.9199981939632,26.0169109197903,26.0044972654687,25.9838768245862,25.9631932253546,25.9694293991597,25.9543522233411,25.9723139800347,25.9558014549662,25.9522715137872,25.9537019209194,25.9590030472121,25.9556271382246,25.9465208967318,25.9435425879152,25.9546008486691,25.950928672716,25.9429946063042,25.9449932133354,25.9498250757905,25.9428731844181,25.942970819826,25.9349852334438
19.2870813887016,19.3669160427244,19.2766576413863,19.2614628701198,19.25184152173,19.2376447986309,19.2498828423764,19.2455561612173,19.2294811571835,19.2392253575107,19.2717007544638,19.2281891981713,19.2706270072698,19.2325869017544,19.2354401619554,19.2388367966574,19.2452373868496,19.2267993163748,19.2410304289691,19.2401465338547,19.2567825066128,19.2358438650179,19.2533577148533
16.3759716182177,16.5371549220814,16.4786587527663,16.4562142491235,16.4550221265583,16.4416177949675,16.4358282210626,16.440373095672,16.4488728008216,16.4312347615348,16.4408865521331,16.4261812825949,16.4245894002756,16.4312988855594,16.418922418442,16.4321245008907,16.4235921566847,16.4242551911821,16.4392093953883,16.4450798957785,16.4347267734356,16.4280465942717,16.4220105753891
28.8689501017631,28.8812888615979,28.8402275294596,28.8253115022126,28.8225206360688,28.7918392650173,28.8098438300764,28.8192854749539,28.7921883653546,28.7939894909684,28.7980597991791,28.8016787847307,28.8104775802165,28.7960333227916,28.79948380669,28.8008011060192,28.7880085384399,28.7903480896276,28.7932330650217,28.7839013782235,28.7978740909515,28.7897835880039,28.8114505954155
14.5890828162574,14.5760367996964,14.5652995830114,14.5390861737454,14.531460758014,14.524896526291,14.5362013863859,14.5324831348763,14.5238856242285,14.5191027086637,14.5172165894565,14.5289549749608,14.5241280519172,14.5212229333456,14.5162278258909,14.5201386174811,14.5174953064416,14.5195327509117,14.5131697835481,14.5189241516492,14.5110928641373,14.5158724343661,14.5197926927539
17.5468153494229,17.5562563492364,17.5238299757762,17.5075970430045,17.510870533512,17.4988121208754,17.5025294776614,17.5025769317715,17.4944329416199,17.4977133716957,17.4986381048466,17.4953184951124,17.5042690947751,17.5114342146509,17.4972393759804,17.4903376697591,17.4977108493772,17.495828545757,17.4984537119261,17.4891063862666,17.4967334504359,17.4834778906354,17.4895758665517
23.2987989303841,23.2830731163185,23.2647779320767,23.2565121747122,23.2206025773162,23.2246565480288,23.2398499682827,23.2191179624132,23.2363132413899,23.2303284935583,23.2154965308864,23.2422032538251,23.2256783670293,23.2086759917725,23.2283238076983,23.2144256911717,23.2277905003389,23.2234699473732,23.2307379403005,23.1974565114862,23.2102554092537,23.2141356799727,23.2056255458184
26.831593977201,26.7567830612406,26.7540493746682,26.7535383158796,26.7915400090744,26.7953971925955,26.7840772774405,26.7952539393395,26.8047944955591,26.7955397635694,26.7846067025255,26.788429185233,26.7758837739224,26.7828647718636,26.7969320346966,26.7756435775576,26.7779197586266,26.783257282427,26.8000870773972,26.7862540702216,26.7780737251234,26.7662906245885,26.7877085673294
31.7978879730724,31.897981057623,31.8908066421911,31.8795904488767,31.8730327526912,31.871788323844,31.8697805444231,31.8592790897681,31.8505067700555,31.8463052379711,31.8517074951202,31.8470028939313,31.8473282909079,31.8639478544584,31.8487646269316,31.8418899447986,31.857353391299,31.8384501867359,31.8400129447691,31.8461970012514,31.8488763621741,31.8525429661265,31.8511808412945
22.3751788070735,22.2817438412162,22.2113984043418,22.1844503681317,22.1738489857278,22.172843987364,22.2050526518239,22.1958549084072,22.1777941290968,22.1786334541246,22.1658711784838,22.1692197763395,22.1860495969908,22.1917007900153,22.1769218449688,22.1825895572899,22.1673804252473,22.1845697429631,22.1908052756523,22.1666302341013,22.1843290848662,22.1780930280936,22.1700144863495
21.0543642991572,20.5006626980622,20.4094044616615,20.3709567737875,20.3710642030161,20.3623351123779,20.3826133646249,20.3515985897745,20.3828652695489,20.3826312140197,20.3487472163518,20.3819723315461,20.397511532797,20.3770541946035,20.3879147289383,20.3903648365187,20.3593759024071,20.3894677108499,20.3833310772351,20.3946540444002,20.3893966328291,20.3860495370172,20.3724296833253
18.3382148640386,18.1632394430728,18.1825247146287,18.1644565693516,18.2331853569135,18.2304097672248,18.2155740762097,18.2358032892495,18.2206840457626,18.1919906616978,18.1879147370765,18.231130391204,18.2491640521485,18.2017255488926,18.1939381358746,18.2260425095448,18.1985641833193,18.2193011417353,18.2212256240508,18.211744600873,18.2194257605751,18.2143153771393,18.2233590368082
23.5937881407474,23.555187221785,23.4748020670682,23.4691361527506,23.4590354397209,23.4296648301089,23.4592447477108,23.4611459013543,23.4424421594892,23.4553367352646,23.4419398422869,23.4332360906898,23.4376758814505,23.4351521638884,23.4328434788532,23.4451867831161,23.4164851775317,23.4370152374219,23.4268919878513,23.4499328853572,23.4466890662641,23.4559013425121,23.4576773531935
8.82324067657208,8.91559799793248,8.82466002831026,8.82838342927499,8.81236080243901,8.83406557056986,8.80530785072964,8.79686325067791,8.81890166689193,8.81980115663099,8.82448224121996,8.8111112879313,8.82338379342658,8.81323841519139,8.82037717109418,8.81043631181053,8.80375337085748,8.81473251705274,8.82137617090318,8.80881405749943,8.8056793977538,8.80893153488963,8.80464386039701
26.6289808491151,26.7191241325963,26.6572012726395,26.6286787955866,26.6029763236298,26.604738361376,26.6006778877151,26.6318564215163,26.6097709484649,26.605222803153,26.6209051085592,26.6234614701304,26.6116191411148,26.6123626862284,26.6187710446601,26.6230136120188,26.6151281238883,26.6162475757321,26.6158446699696,26.627053691226,26.628696926081,26.6265833395449,26.6101311987056
27.7709283077523,27.8418271774676,27.8236909375896,27.8221362043515,27.8110946020423,27.8012153309934,27.8132774073222,27.8128519948175,27.8101220701048,27.8125926567435,27.8238431070448,27.80908970667,27.8088517098428,27.8032253590559,27.7976308174011,27.7996754295264,27.7995283379098,27.8125706306961,27.8168846762032,27.7931284666359,27.8110528281188,27.8008756694796,27.8079204477121
22.5391416371324,22.5321918410493,22.520309764756,22.5052249731198,22.5199060279737,22.5264283603367,22.5013517481476,22.4983710933585,22.5012426172729,22.5095806914365,22.5096927049097,22.4993576764993,22.5045329737894,22.5174386699987,22.4978668744646,22.4897167014619,22.5060765136524,22.5008365011619,22.5057526423119,22.5077889675735,22.5156411209683,22.5045829679662,22.501160619149
20.3439816245601,20.1288206601364,20.1114434382871,20.1071590050945,20.0967207536148,20.0928584693424,20.0967139285259,20.0900942322371,20.0898113577353,20.0779846041124,20.0726194594221,20.073166703895,20.0820152871413,20.0621040540843,20.0762841002339,20.0899818988021,20.0726308633117,20.0831448099813,20.0734411268562,20.0611855094986,20.0670965630035,20.0665951636991,20.0787246393832
20.2084763095194,20.2908512955121,20.2957134125942,20.2854854808194,20.2532638020077,20.2617539756971,20.2683992673489,20.2379559106697,20.253688072695,20.2297450687902,20.2599443199657,20.2736185854521,20.2458390951222,20.2513558277901,20.2388312079789,20.2456356228503,20.2456255580132,20.2624142262132,20.2328037381261,20.2432021639472,20.2428050046315,20.2518039345216,20.2484783082698
23.8529718021319,23.8230280515013,23.8222478601083,23.8260695836964,23.8097110555405,23.8285611189206,23.8324996658127,23.8338879429743,23.8278234902341,23.8173601271049,23.8325248803024,23.8260784679725,23.8330915837531,23.8393753871596,23.8355678771864,23.8216346070464,23.8423446070372,23.8361223218315,23.8301948178135,23.8400774498327,23.8246497134898,23.828294378375,23.8441756541978
23.2243954391866,23.2250295235335,23.1689232001712,23.1787323730503,23.1869320188437,23.1849214545346,23.1663036694643,23.1698787829487,23.1805718089594,23.1693176046009,23.1493338589699,23.1606429255961,23.1656138735899,23.1614727700861,23.1586922139695,23.1660430499104,23.1555483502145,23.1588434681621,23.1566437273786,23.1730796598793,23.1633142621239,23.1515591444523,23.1615774341988
19.3161054966644,19.25329499137,19.1901035602593,19.1739855445436,19.1469926076474,19.1663049275352,19.1394723725527,19.149211299426,19.1485204520097,19.1563620230499,19.1505236946264,19.1372486500653,19.1452723161993,19.1396180655398,19.1455183608327,19.1276621772766,19.1356035123974,19.1498993530993,19.1422993598083,19.1388416713267,19.1388327059296,19.1367538899038,19.1416519448227
19.2468039768189,19.0976710469398,18.9807026292721,18.9954511631162,18.9716590067798,18.9865049986034,19.0014232776051,18.96538655678,19.0047328165689,18.9862855581976,18.975971787697,18.962163524378,18.9316889228891,18.9900611157266,18.9812700684353,18.9913509838584,18.997921057344,18.9938696794431,18.9684593409064,18.9915903949209,18.9636180883193,18.9951827334286,18.9735760725933
17.3107322967778,17.3238304097099,17.2804623889503,17.2981550261907,17.264350533023,17.2588802399529,17.2589004138196,17.2625181201696,17.2551113516587,17.27296495448,17.2495144609206,17.2676358234782,17.2741374885651,17.2636513638055,17.2590861588692,17.2601768548683,17.259977428756,17.2652678450114,17.2653583945487,17.2657592395345,17.2625929316918,17.2506169122755,17.2667019606933
23.2342881526733,23.245867856928,23.2114473650895,23.2296248688617,23.1976308597792,23.2100304312062,23.2210701480736,23.224165719115,23.222352452792,23.2196369081617,23.2172771802077,23.2224596345863,23.2017859943735,23.2133193358234,23.1891053640728,23.2002681200692,23.2194825783845,23.205376005039,23.2110596183058,23.1986536018131,23.2045357673066,23.1912874162736,23.2070554343443
21.3081077604469,21.1800829183054,21.1187064254592,21.1037545536107,21.0773436354471,21.0314519650942,21.0662580059304,21.05241923388,21.0543485307994,21.0558615008371,21.0566706402407,21.030049120705,21.0666995860687,21.0462747092767,21.0485525730289,21.0355467497579,21.0365839808465,21.0383147264666,21.0439742647493,21.0476893119474,21.0446755900327,21.0417660907021,21.0407505556745
23.7627504163423,23.6979961983785,23.6409082026643,23.676260555105,23.6637841882855,23.6591087432636,23.6466962864484,23.613078391878,23.6546797258758,23.6705974940424,23.6498215442667,23.6294291956417,23.6509348191544,23.6438820294851,23.6277935984974,23.6554890760037,23.6641180186014,23.6575588638745,23.6631540059003,23.6595114672699,23.6624345994738,23.6587894581868,23.6699992816861
29.4584059191155,29.4580729913457,29.6072258822625,29.6031216551455,29.6724029632409,29.6279275372334,29.6696550132037,29.7087691680284,29.6761438333107,29.6176285069087,29.6174896540703,29.6162322321794,29.6194251517515,29.6622329995616,29.6573589970849,29.6340715695496,29.6366331611965,29.6629477488582,29.6544459615516,29.6211124287455,29.6521781093259,29.6396704224012,29.6185342398672
30.098232180638,30.1213475577371,30.0893951268011,30.0656257409828,30.0794516800762,30.064008325017,30.0588265099659,30.0639409613245,30.050310773074,30.0557491335957,30.0550733382446,30.0505041547008,30.0659398143952,30.03689616218,30.0563870394819,30.0454949262021,30.0576127841357,30.0648123451542,30.0471147810421,30.0501680926029,30.0504864805125,30.0419683832376,30.0300419424108
34.1643322529593,34.2272375928954,34.224911405748,34.2298742181171,34.24122956697,34.2426106144426,34.2485745817769,34.2406946409268,34.2371048188406,34.2338771399443,34.2356359578106,34.2369317429031,34.2427787078237,34.2341372113475,34.2425607204298,34.2509103533145,34.2321275479187,34.2414612702679,34.2537578483762,34.240522830544,34.2333495076318,34.2420834231101,34.2373576912905
23.796738721451,23.9342959145271,23.9177312256463,23.930071452192,23.9059225504382,23.9063895288985,23.9217045182014,23.9053672469119,23.9214169360334,23.907706591652,23.9220213297193,23.9131221698118,23.914197685066,23.9223791313163,23.9090985219416,23.9166140599461,23.9143171176057,23.9154174296487,23.9122059591517,23.913244656271,23.9138199690786,23.9135281936808,23.9043241336477
28.7627952365045,28.8728352218146,28.8778939856265,28.8834322609041,28.9146447981765,28.9345004831942,28.8688206518323,28.9046924291956,28.93584422289,28.9692123406055,28.9494615341339,28.9363102463949,28.9462954164342,28.9495975055377,28.9122656120525,28.9280966302429,28.9318976110887,28.9322152887499,28.9298055855773,28.9556035596423,28.9384425173425,28.9329962289104,28.9336465331991
23.4806955710229,23.4273440518622,23.423171895297,23.4177391117088,23.4326948026863,23.4382770037213,23.4299312634264,23.4495694993138,23.4335975541328,23.4464356758551,23.4442822121182,23.457236381261,23.4695599657425,23.4404966051353,23.4454929774333,23.4382420211762,23.4690904144968,23.4624573656297,23.4580736042685,23.4545405932858,23.4419997970494,23.4475578887512,23.4477720679335
27.6653244741599,27.9495907287177,27.8524189518919,27.8353623409688,27.8249886918313,27.8363974948181,27.8183464841622,27.8266699157606,27.826147381828,27.8106212310616,27.8105638710801,27.8164806465382,27.8146373237311,27.8185372178745,27.8061623653986,27.805581738186,27.8069845192318,27.8315966567833,27.8114846664977,27.8116119312465,27.8234249569824,27.8145498304765,27.8118382254322
23.5652257600257,23.0324056865296,22.9165662762989,22.870849676828,22.8989157671089,22.9524008944068,22.9536487126865,22.921103134222,22.9115626972005,22.9098941368413,22.9188460704309,22.9020994106268,22.8675268068035,22.8968004871122,22.8822433359183,22.8699158319886,22.8784279006392,22.8760550903948,22.9032718518456,22.9012790017533,22.8775687119721,22.8830518350278,22.8667250505557
20.9427661247822,21.0202966568428,21.0002635614685,20.974815901191,20.9595337938321,20.954185833109,20.9541532901808,20.942377048604,20.9527864630043,20.9498073604874,20.9518536958,20.94970158526,20.9562871261628,20.9521556175608,20.9455297273438,20.9470491828864,20.9590067168401,20.9454847304083,20.9494037723605,20.9334923328002,20.9475513208699,20.9417387680317,20.9445626749647
16.5865851220839,16.4616899250181,16.3516942171575,16.335988680757,16.2888138549187,16.2864347453185,16.3114886236328,16.2332743601132,16.2727295507255,16.2618121470896,16.2890561457199,16.235417598679,16.2311096484331,16.2897897699117,16.2670533393938,16.2630269803625,16.2671466019391,16.2515176005804,16.2757956662545,16.2454906407995,16.2341196543372,16.2747264489695,16.2516611082699
24.8488447783773,24.9198723939358,24.8917532185372,24.8704730765535,24.8651015229916,24.8398516617717,24.8410682287111,24.8387898687973,24.8216682326924,24.8141979564544,24.8231862793857,24.8208564604702,24.8202372507268,24.8237164455189,24.8198444671294,24.8216503971316,24.8142798621023,24.8163350301702,24.8270336375249,24.8220023932689,24.821507258386,24.8154674209668,24.8160666003283
27.6823822488536,27.7712239367443,27.7001783358522,27.7093964242654,27.6869155041711,27.6513830950816,27.6607408165499,27.6413892384283,27.6580056475389,27.6735349566346,27.6610794125395,27.6900254404815,27.6780881909039,27.6709845086048,27.6861569719329,27.6573413538772,27.6848436803223,27.6750981267691,27.668428242077,27.672356031798,27.6582111179638,27.6780425005917,27.6739097135141
33.5383309735091,33.2028298489694,33.1675385548729,33.1591435518818,33.1645466969258,33.2153257314704,33.1764742082734,33.1917419365115,33.1816339914417,33.221257932171,33.1700820945135,33.198418295221,33.199941401101,33.1760382333032,33.1711830482492,33.2132710906418,33.1696088196854,33.1900377838724,33.1765472280611,33.1766141082667,33.1905551920143,33.1903087387771,33.1664456326715
27.8364812172523,27.8346210671479,27.8360166241501,27.8346941014883,27.8099096752364,27.7992825858581,27.8381730022417,27.8314156710254,27.8174259689932,27.8138025458439,27.8364484000627,27.8162472894598,27.7949697489842,27.8196086911851,27.8188664431583,27.8293941473569,27.8190591548408,27.8205636485525,27.7978884743849,27.8014682694751,27.8147104072909,27.8031719239044,27.8283329866434
18.0376876041662,17.9958275526341,17.9415064027361,17.8948502532457,17.9045080242352,17.8690071020765,17.9075987892148,17.8390645532031,17.8590724222892,17.8840684098945,17.8731925863761,17.8798539379146,17.8694907256406,17.8714602228151,17.8656062485659,17.8751728541409,17.8747110407891,17.8839769107709,17.8803979859492,17.8801442915708,17.8862646481517,17.883792638334,17.8713907095796
17.4696669062325,17.6540855793047,17.5459504012728,17.5025943079013,17.6073686732031,17.6408713722188,17.5670519672223,17.5645986016261,17.5794482478313,17.5521229787443,17.5756763243247,17.5580327240222,17.6034396283555,17.5843482823331,17.5606875922459,17.5832713996211,17.5520772385831,17.5603839799955,17.5887297106532,17.5808479828729,17.5753198655474,17.5808347182719,17.5842946429005
24.7703642495283,24.8038445932935,24.7770305064709,24.7483842964307,24.7799735394679,24.7636739464363,24.7490256101281,24.7544530805002,24.745375840685,24.781572172946,24.7582032988344,24.7744835788996,24.7514090808759,24.7733671158458,24.7347737061316,24.7757181059943,24.7496262730743,24.7659426503103,24.7529744000212,24.755760616221,24.7682221541454,24.7805592572751,24.7563226193204
19.1775563521547,19.4245148582646,19.5242361372866,19.4895747440387,19.4977051189023,19.5760353699722,19.5251021073912,19.5137099202203,19.5140699174663,19.5049609778002,19.487225724197,19.5490346347025,19.5388725648882,19.4980428860918,19.5343335747209,19.5216278806825,19.5221941897368,19.5315246741051,19.5618631732215,19.5291445031279,19.5401181587998,19.5331931996151,19.5324502830726
31.1538983404543,31.1178756352408,31.1228558003816,31.1181750546869,31.1027548700034,31.1175708774847,31.1186517632815,31.097091701975,31.1138040906518,31.1171610156217,31.1259600050373,31.129326855579,31.1169197809532,31.1111225560513,31.1043024416769,31.1189214607188,31.1262524467001,31.1128381834067,31.1176933480028,31.1266857327266,31.1087755936079,31.1158957212645,31.1236038418314
25.8749181912429,25.8872310788498,25.8531466332178,25.8196811077593,25.7984939452003,25.8147180686244,25.8051732335979,25.7873925975652,25.7983888652823,25.803710112333,25.7802982289424,25.7884809965627,25.7846292776076,25.7725799374621,25.7875732458701,25.7820089054133,25.7892324663459,25.7813306688722,25.7819662166561,25.7887888501373,25.7792345690702,25.7931466041856,25.7963302357089
19.3972024941039,19.4060651914701,19.3557733971835,19.4178559886566,19.3772863317573,19.4009784540138,19.3733073988761,19.3747518679187,19.3616995418922,19.3738191915313,19.3613568441509,19.3904585611355,19.3662895432369,19.3631743493158,19.3728040280222,19.3739921719572,19.3657033314689,19.3742489953914,19.3695775622229,19.3777293998676,19.3694582143064,19.3632366718359,19.3790780539749
29.9982033766866,29.886784643334,29.8001729947249,29.8504449489412,29.8148222147965,29.8491924342094,29.8145925576011,29.8183678027035,29.798216384292,29.832159693584,29.852529910748,29.8001279925385,29.8228667379858,29.793915327143,29.8217709206164,29.8049810756622,29.8164360180797,29.8042870281353,29.8244047573542,29.8106519523249,29.8089467803156,29.7856151189403,29.7995417622673
23.8805990672204,23.6590537926937,23.631461513422,23.6159553743907,23.5717243662939,23.5794237908342,23.5301892306487,23.5628788833991,23.5752412657027,23.5616879022133,23.5458901864207,23.5685983029409,23.5669747567116,23.5809618909481,23.5792847169818,23.5550052042277,23.5772572487877,23.5569979814389,23.5712677544,23.5527071614286,23.5663253389974,23.5555290937821,23.560569848147
18.1737955411233,18.2748550539528,18.1167479098714,18.0870233239334,18.1255299195003,18.0732151314485,18.1063134628728,18.1329153845257,18.0799952123115,18.0821010138873,18.0802917321115,18.0906183785021,18.1008834849087,18.0776673189734,18.0925513181555,18.1019957958451,18.1094924789461,18.0876142559834,18.0817588931223,18.0766668072511,18.0897326394789,18.0835187546013,18.0912791076999
17.4364830605731,17.4662187701085,17.4347880960446,17.4341830235816,17.4183344960817,17.4220140895355,17.4249499821747,17.4255048264565,17.428816483452,17.4234934585993,17.4301173594065,17.4288480133419,17.4196386508678,17.4208542324933,17.4224969606351,17.4290449694256,17.4152241855527,17.4217853123273,17.4182942241845,17.4211496522333,17.4275236867334,17.4209670441451,17.4174546492679
