"","Mean","Weighted","Weighted Distance","OOB Error All Rows","OOB Elecs Merged","Within Bag Feats","Within Bag RMSE","Weighted Bag RMSE","Within Strap Feats","Withinstrap test error","Indiv Strap vs Test Elec Error","OOB test error","OOB Weighted","In bag elecs-OOB rows","Total Straps","Stacking"
"1",247.514231828924,252.239741872383,250.075153310457,385.509853912122,NA,23,129.137793768798,247.514231828924,23,1,279.449512611322,NA,NA,385.565980153261,151,207.636158574461
"2",335.775370160144,330.59671018883,332.052121566732,376.801262868043,NA,22,237.464151577392,335.775370160144,22,1,340.268827511552,NA,NA,376.397487501314,123,340.659481852421
"3",867.437362424187,865.342464545247,866.369193040645,297.839610701216,NA,49,531.264112569335,867.437362424187,49,1,870.688722804949,NA,NA,297.209972465257,130,895.852626868488
"4",351.231398619787,350.750363066021,350.91740797301,373.212515296616,NA,38,174.63148875626,351.231398619787,38,1,354.282925007193,NA,NA,373.005088854677,139,332.719019444334
"5",317.927555464088,324.889852176018,321.349625509521,377.175744413409,NA,48,177.616023993083,317.927555464088,48,1,330.946366283636,NA,NA,377.278868788501,130,278.193847984074
"6",402.05505007529,403.375547994381,402.846379216822,375.952119503508,NA,22,357.272992151853,402.05505007529,22,1,410.209545254953,NA,NA,369.775330470408,119,403.018879357589
"7",291.203122936973,278.462898602581,283.281260142774,389.024567928022,NA,22,150.495504363563,291.203122936973,22,1,303.504431214571,NA,NA,384.067098509093,138,296.225179701067
"8",329.386069526437,329.032223516873,329.140182556267,390.523702350384,NA,22,178.545715426933,329.386069526437,22,1,334.55103000643,NA,NA,378.425208922841,147,330.34886875187
"9",227.930896225878,219.919241155157,223.378190488554,383.3171345547,NA,23,117.940662843316,227.930896225878,23,1,237.434666076981,NA,NA,383.469162184183,139,334.41609783877
"10",351.202961192683,345.119964033528,347.777987830619,382.998425766754,NA,22,161.8822768044,351.202961192683,22,1,354.317141690196,NA,NA,380.786518798077,143,358.815277620905
"11",283.213327520218,282.281271478265,282.756514701903,380.576541533446,NA,22,193.887009927564,283.213327520218,22,1,285.612288791722,NA,NA,372.401438952885,145,269.458391174493
"12",287.999472104186,278.199593817188,282.662678361885,389.134884234602,NA,23,137.013790497804,287.999472104186,23,1,289.832560042572,NA,NA,381.554124752734,138,278.794052539144
"13",289.001065653339,285.625400508118,287.137216440041,388.084011703634,NA,49,114.018795427854,289.001065653339,49,1,295.473128340742,NA,NA,380.130763147748,142,315.087461363406
"14",255.883699555992,252.157023898252,252.71999156069,398.320980346712,NA,20,180.995633381709,255.883699555992,20,1,261.042037804974,NA,NA,386.730217908911,137,263.397698058853
"15",314.034680189239,312.960095556343,313.447350271294,391.021350643631,NA,22,277.227040800753,314.034680189239,22,1,317.942493790892,NA,NA,378.412784674515,136,321.734335280171
