"","Mean","Weighted","Weighted Distance","OOB Error All Rows","OOB Elecs Merged","Within Bag Feats","Within Bag RMSE","Weighted Bag RMSE","Within Strap Feats","Withinstrap test error","Indiv Strap vs Test Elec Error","OOB test error","OOB Weighted","In bag elecs-OOB rows","Total Straps"
"1",315.273277680148,356.129309259155,341.756233203216,508.016195036829,531.436201509983,21,124.589794200295,315.273277680148,21,1,414.617077690312,511.048663538876,305.884576747012,437.719997316682,21
"2",328.353991862734,311.12927673848,315.085649101388,430.31054347856,481.453555694944,31,224.493889026084,328.353991862734,31,1,374.579246253339,442.060572792984,329.303956903858,349.234328357515,15
"3",833.768299228058,827.104567555747,828.491853879714,451.427239145875,524.876171253452,35,534.85158038019,833.768299228058,35,1,961.218904652891,491.176437363544,837.950851339971,293.882141471793,18
"4",458.235183002494,502.187196902827,490.475010510798,476.049917209474,533.293715470478,33,179.930730267601,458.235183002494,33,1,475.682224723905,483.766913050887,452.252210699451,371.577390369188,20
"5",470.667979173507,545.381704531214,514.692932886464,505.097899539921,538.178447702846,23,197.959321295496,470.667979173507,23,1,555.624969378396,515.960591899743,466.707434941164,429.822075581278,16
"6",397.509303068679,390.152330420231,392.955413762906,531.963796248377,644.638757178465,31,348.907328368875,397.509303068679,31,1,476.484717370526,576.435044016535,393.964738158995,300.432515565568,11
"7",261.854243974135,243.439869777403,251.657536550374,578.669392692375,687.581735702874,29,147.499386532807,261.854243974135,29,1,407.153793410619,621.234941683161,264.64603807511,310.505412558943,16
"8",362.481938777256,391.076629856559,383.997057328951,646.122304732049,770.813625478199,23,183.025338743546,362.481938777256,23,1,392.52740970107,665.350934547328,355.983037154095,275.537243646408,16
"9",277.86511545644,283.541453788267,274.638840125713,493.67937603882,539.617880501331,23,119.317779845708,277.86511545644,23,1,380.51009839955,507.826356021098,282.178951204118,415.370631208749,16
"10",305.516602225291,288.206777023277,290.686231140449,507.441792626037,593.315828067257,23,157.216335970874,305.516602225291,23,1,336.948359679274,538.330672354743,311.917508315947,307.667031344702,16
"11",293.668842062644,293.346304842365,290.142237513401,480.504893941419,582.42030017817,23,195.196820873509,293.668842062644,23,1,321.867589641284,532.744215704996,291.165135171928,313.448984948761,18
"12",263.598634589291,262.813725574523,269.200145573362,858.794329532378,1084.96905615965,23,153.026829736377,263.598634589291,23,1,276.483715693296,918.971616755262,258.806809359196,296.411860413763,23
"13",394.653751730974,409.014832031739,400.744060636297,664.367264459145,790.202398637445,35,118.962121611605,394.653751730974,35,1,413.779448936047,679.992301954571,388.188656850075,294.470676227422,16
"14",237.779801509013,314.765494330932,281.970103414642,845.933089654616,1062.76683108937,21,157.291811558261,237.779801509013,21,1,268.103088996224,899.372123188845,219.998222113293,300.435206601916,13
"15",309.505545284488,313.825994551168,311.574365238449,739.08145822737,870.715014550623,35,354.620237466502,309.505545284488,35,1,348.899565737998,777.376761380211,309.785135048487,263.52351708277,14
