"","Mean","Weighted","Weighted Distance","OOB Error All Rows","OOB Elecs Merged","Within Bag Feats","Within Bag RMSE","Weighted Bag RMSE","Within Strap Feats","Withinstrap test error","Indiv Strap vs Test Elec Error","OOB test error","OOB Weighted","In bag elecs-OOB rows","Total Straps"
"1",193.321424069401,196.310794596647,194.847410129648,405.05199525843,NA,21,124.589794200295,193.321424069401,21,1,248.231619540197,NA,NA,402.643238464452,16
"2",346.487672201076,351.400214761001,351.247556115829,386.791583877391,NA,31,224.493889026084,346.487672201076,31,1,352.103140560629,NA,NA,380.671427535363,8
"3",871.3379060744,867.809218028425,869.429929743041,307.4121443374,NA,35,534.85158038019,871.3379060744,35,1,880.538196442445,NA,NA,304.962460685087,18
"4",364.225180844421,366.587609990785,365.740443660272,381.446017031609,NA,33,179.930730267601,364.225180844421,33,1,368.916339992076,NA,NA,379.593513187528,11
"5",350.883350435739,362.21926939523,358.161761227564,387.185008793893,NA,23,197.959321295496,350.883350435739,23,1,362.411699480634,NA,NA,389.431388543599,16
"6",420.377670922629,426.147039238609,423.213535706654,384.016128538673,NA,31,348.907328368875,420.377670922629,31,1,429.255084249006,NA,NA,368.25302888253,15
"7",306.980644587928,292.295270183281,297.574748542576,385.995729967202,NA,29,147.499386532807,306.980644587928,29,1,317.961278666563,NA,NA,392.652204691969,15
"8",334.001947073863,335.599293715534,334.769495334156,410.71350575566,NA,23,183.025338743546,334.001947073863,23,1,342.814255445936,NA,NA,369.303760037075,17
"9",208.850415339384,198.616675037396,202.58747992357,396.346148001746,NA,23,119.317779845708,208.850415339384,23,1,230.469944035594,NA,NA,391.054743230875,15
"10",343.541836231546,337.084738869341,340.321934569608,389.598701429633,NA,23,157.216335970874,343.541836231546,23,1,350.668478535407,NA,NA,387.337215841683,16
"11",292.508415948909,286.926954116182,286.51652717136,394.894152677603,NA,23,195.196820873509,292.508415948909,23,1,299.908440667968,NA,NA,358.797342866202,9
"12",286.970421338483,283.460325582757,284.744100778517,400.970097112759,NA,23,153.026829736377,286.970421338483,23,1,290.235853072642,NA,NA,380.532033384647,18
"13",284.573949019642,285.351929590563,284.439980857561,401.655060853522,NA,35,118.962121611605,284.573949019642,35,1,303.180582730522,NA,NA,394.527425138517,12
"14",266.628759202532,260.390956346575,261.537459550276,401.032586605401,NA,21,157.291811558261,266.628759202532,21,1,274.56855278419,NA,NA,383.089520152594,13
"15",310.158279615173,306.965699344274,308.370335889628,403.745619699811,NA,35,354.620237466502,310.158279615173,35,1,316.266733450634,NA,NA,381.222423478668,9
