"","Mean","Weighted","Weighted Distance","OOB Error All Rows","OOB Elecs Merged","Within Bag Feats","Within Bag RMSE","Weighted Bag RMSE","Within Strap Feats","Withinstrap test error","Indiv Strap vs Test Elec Error","OOB test error","OOB Weighted","In bag elecs-OOB rows","Total Straps"
"1",200.342035874829,205.389980076617,202.891961418843,403.014600672519,NA,21,124.589794200295,200.342035874829,21,1,253.172106278821,NA,NA,405.429286334236,14
"2",340.630105333972,341.757068356005,340.895453620298,382.67514499019,NA,31,224.493889026084,340.630105333972,31,1,345.173301155301,NA,NA,382.417568325159,12
"3",879.84845817951,876.671702891701,878.17589858196,303.287221765464,NA,35,534.85158038019,879.84845817951,35,1,884.990604757859,NA,NA,299.812767202994,14
"4",360.208106990064,364.563594705167,362.792443280345,380.474252522465,NA,33,179.930730267601,360.208106990064,33,1,366.469247379998,NA,NA,379.395577989351,11
"5",322.228576152998,327.440608400588,324.567963717448,386.70894360667,NA,23,197.959321295496,322.228576152998,23,1,332.494978860944,NA,NA,382.789670795938,14
"6",409.891570053684,412.827949692507,411.628488744526,379.377009727167,NA,31,348.907328368875,409.891570053684,31,1,419.853989256748,NA,NA,372.444379208759,11
"7",289.657437103552,285.014033778092,286.322304354204,392.992841288982,NA,29,147.499386532807,289.657437103552,29,1,308.126104033079,NA,NA,388.238186014411,18
"8",327.848207644725,327.898550620865,327.800645346733,402.032768004418,NA,23,183.025338743546,327.848207644725,23,1,334.923904310002,NA,NA,375.764555391646,17
"9",224.058275595962,215.417237697837,219.187444432483,388.93322765039,NA,23,119.317779845708,224.058275595962,23,1,238.199115374609,NA,NA,392.518215478191,17
"10",344.572356273486,338.946828413208,341.760930153286,388.308441973176,NA,23,157.216335970874,344.572356273486,23,1,349.56246520264,NA,NA,380.732993743218,14
"11",302.59489869664,298.869973558042,299.7573401182,386.214354542745,NA,23,195.196820873509,302.59489869664,23,1,306.028452754305,NA,NA,389.06879333381,11
"12",294.051946009784,284.954271905865,288.951333343041,392.293657069997,NA,23,153.026829736377,294.051946009784,23,1,297.025011519382,NA,NA,387.700189850527,13
"13",280.592548568938,278.087065266987,279.220675904672,390.043858206098,NA,35,118.962121611605,280.592548568938,35,1,292.036059993435,NA,NA,395.282277809225,17
"14",259.067440105211,255.037398914887,254.625179716801,401.271388888219,NA,21,157.291811558261,259.067440105211,21,1,266.823158994555,NA,NA,392.607108693553,17
"15",315.358411154497,314.566334005388,314.921964546977,389.342005465716,NA,35,354.620237466502,315.358411154497,35,1,320.75534108405,NA,NA,380.644200926537,23
