"","Mean","Weighted","Weighted Distance","OOB Error All Rows","OOB Elecs Merged","Within Bag Feats","Within Bag RMSE","Weighted Bag RMSE","Within Strap Feats","Withinstrap test error","Indiv Strap vs Test Elec Error","OOB test error","OOB Weighted","In bag elecs-OOB rows","Total Straps"
"1",284.27081123428,289.224836054457,286.919895197218,385.352147045198,NA,25,127.339026646639,284.27081123428,25,1,298.758187857333,NA,NA,385.299044721905,143
"2",339.185022483145,333.536595449015,335.424500063261,376.885882236124,NA,22,238.084461594804,339.185022483145,22,1,343.461202333641,NA,NA,375.985251975575,139
"3",863.833747658107,862.437905449975,863.112254526697,298.022390831295,NA,49,531.116438359135,863.833747658107,49,1,866.960897458197,NA,NA,297.888832268403,150
"4",352.12887596003,351.571797241594,351.752920364049,372.537225779594,NA,47,215.881420435864,352.12887596003,47,1,355.422073816429,NA,NA,372.687129165797,132
"5",316.376478914094,322.379178456288,319.327354410771,376.400864631837,NA,49,178.373593540866,316.376478914094,49,1,326.279144788364,NA,NA,376.484063264554,135
"6",403.261755926109,407.313470875667,405.720986230156,374.840961226803,NA,48,348.468004262129,403.261755926109,48,1,409.428241518181,NA,NA,362.842125582688,134
"7",295.079980657455,282.87163249435,287.571453457174,388.160357932493,NA,22,150.007141865119,295.079980657455,22,1,307.946010739118,NA,NA,385.461223398253,134
"8",328.522126528476,328.34228248237,328.346460588871,392.335517172099,NA,22,175.313370123064,328.522126528476,22,1,334.6603270355,NA,NA,381.423426547412,122
"9",220.957990317094,214.03048682719,217.095503411724,383.788525839059,NA,23,118.475312619478,220.957990317094,23,1,230.42567329266,NA,NA,384.518367175322,134
"10",354.481548908464,347.597373962082,350.535546227376,382.643169279187,NA,22,163.864308249642,354.481548908464,22,1,358.212744581746,NA,NA,381.579201352546,131
"11",282.742160006017,281.378327152555,281.953568324026,380.34969577255,NA,22,195.077915705868,282.742160006017,22,1,285.057983374487,NA,NA,375.640754980689,130
"12",290.224574246665,279.0270963748,284.082810299047,388.550268364605,NA,23,129.65101740857,290.224574246665,23,1,291.990572742239,NA,NA,374.20351216341,143
"13",286.734761457727,283.876588536897,285.111035759813,389.193311227218,NA,40,117.819701980111,286.734761457727,40,1,294.70746383255,NA,NA,380.057066266328,130
"14",198.258683516226,193.418380896218,194.591196066658,390.304837063742,NA,44,151.852809533088,198.258683516226,44,1,205.843531519534,NA,NA,378.286634519768,140
"15",313.646030837436,312.7871804064,313.187212551244,389.324462775784,NA,22,269.13671556407,313.646030837436,22,1,317.227811070224,NA,NA,382.856566558685,151
